SEED: 1778893788
NP: 50  F: 0.8  CR: 0.9
BOUNDS: tau=[0.1, 5.0]  K=[0.1, 1.0]  N=[1.0, 25.0]  Vmax=[0.1, 2.0]
GEN: 0
Individuo: 
[4.863324290953876, 1.2130810176071727, 4.402021437036329, 2.154650054538899, 1.8924637120857737, 0.22667750728954703, 0.33813392107786666, 0.8174412824509176, 0.6689924395293192, 0.5749239246219014, 0.1737002378437656, 0.3550797742652724, 20.539462367000525, 2.6070900668483237, 1.1678476019674413, 3.6984959945054845, 6.205093336093732, 22.724949078276428, 8.4291608430115, 1.9470228077565357, 0.7394611871003633, 1.4371542884877821, 1.9018727197797032, 0.673828768010888]
APTIDAO: 
100.61164534997832
GEN: 100
Individuo: 
[5.0, 3.0660943114682815, 0.7671955546382321, 0.1, 1.0433056432623617, 0.4791986018847567, 0.8251263423234688, 1.0, 1.0, 0.678097006740978, 1.0, 0.1655927641760444, 25.0, 3.094583831845264, 1.0, 3.7788102933664436, 1.0, 1.6301927684037887, 3.2913553411833134, 2.0, 2.0, 1.9338937365707158, 2.0, 1.5700512630722698]
APTIDAO: 
52.36484018308745
GEN: 200
Individuo: 
[2.6701763937860354, 1.5989350856635918, 0.5978925779215079, 1.9020386091658894, 2.001807516781648, 0.8563731906349532, 0.818266207665969, 0.9721749462876459, 1.0, 0.757734726353668, 0.8609930486008273, 0.21922284088935198, 25.0, 4.671283174946436, 1.0, 3.9564885318208023, 1.3535260664213253, 1.4033233717784248, 1.0, 1.1198490401941041, 1.949755930075214, 1.9183473287822095, 1.9711235394679942, 1.7132003513651617]
APTIDAO: 
43.47242761028374
GEN: 300
Individuo: 
[2.3014122994297894, 2.2791480685308736, 0.1, 2.5216308873327113, 1.6214460134253184, 0.5197076168554196, 0.9333462116422933, 0.8518744626182002, 0.9731436771933385, 0.8061877810829344, 0.8069615417485777, 0.5036214376393151, 19.008018279471266, 2.6128958542296385, 1.1113590180948612, 5.3691849840408725, 1.2828208531370606, 1.32265869742274, 1.0, 1.2469437462551736, 1.806052874732858, 2.0, 2.0, 1.8583850190625761]
APTIDAO: 
34.01745794280058
GEN: 400
Individuo: 
[2.3014122994297894, 2.2791480685308736, 0.1, 2.5216308873327113, 1.6214460134253184, 0.5197076168554196, 0.9333462116422933, 0.8518744626182002, 0.9731436771933385, 0.8061877810829344, 0.8069615417485777, 0.5036214376393151, 19.008018279471266, 2.6128958542296385, 1.1113590180948612, 5.3691849840408725, 1.2828208531370606, 1.32265869742274, 1.0, 1.2469437462551736, 1.806052874732858, 2.0, 2.0, 1.8583850190625761]
APTIDAO: 
34.01745794280058
GEN: 500
Individuo: 
[2.0747669171503214, 2.4886728498590083, 0.1, 3.7584608147596543, 1.5698486996827223, 0.7665581096896454, 0.8286742807331327, 0.8452580384312788, 0.9851295555591522, 1.0, 0.7694198740412986, 0.1, 20.20641462357701, 5.2421649134883825, 1.0, 3.4593973163484995, 1.2262566825096486, 1.258126957938192, 1.0, 1.163459332194562, 1.7325084665472785, 1.9462805945954063, 2.0, 1.5518437714279463]
APTIDAO: 
29.27438912086798
GEN: 600
Individuo: 
[2.0747669171503214, 2.4886728498590083, 0.1, 3.7584608147596543, 1.5698486996827223, 0.7665581096896454, 0.8286742807331327, 0.8452580384312788, 0.9851295555591522, 1.0, 0.7694198740412986, 0.1, 20.20641462357701, 5.2421649134883825, 1.0, 3.4593973163484995, 1.2262566825096486, 1.258126957938192, 1.0, 1.163459332194562, 1.7325084665472785, 1.9462805945954063, 2.0, 1.5518437714279463]
APTIDAO: 
29.27438912086798
GEN: 700
Individuo: 
[1.980124777982404, 2.3269390580797094, 0.1, 5.0, 1.538747236577426, 0.6961688332384695, 0.8326538717240475, 0.9189226543007514, 0.8795035819402455, 0.6241656140873204, 0.8455692333988621, 0.1, 19.774991939698943, 3.653750309593567, 1.3640490411714468, 4.538292056524713, 1.2835604834163856, 1.168406033961786, 2.4071240127003204, 1.0583727956010633, 1.8448422997862863, 1.9852234873382644, 2.0, 1.2576873779712892]
APTIDAO: 
27.878015685934226
GEN: 800
Individuo: 
[2.5395548774205294, 1.6121553516144498, 3.0936183576169674, 0.1, 2.381161671923556, 0.49796907035479515, 0.8056594631649086, 0.840308447444828, 1.0, 1.0, 1.0, 1.0, 25.0, 3.0795702140144092, 1.0, 2.6408688920328007, 1.0, 1.0, 1.0, 1.2805133278936305, 1.7988104130570965, 1.9584390897541568, 2.0, 2.0]
APTIDAO: 
27.272578747930496
GEN: 900
Individuo: 
[2.289112494516073, 2.0109561830718112, 0.18703788561076407, 3.978951295754484, 1.5575570296016465, 0.6406561432371217, 0.8371902418380324, 1.0, 0.8707039951385024, 0.9178213179669308, 0.7874471234931685, 0.13093719074969637, 18.304316939692622, 3.292181336850885, 1.6441553756171354, 6.3150625002329335, 1.5403138465577, 1.9587506413318494, 1.0, 1.2083716546438543, 1.9557281888427664, 1.887934122644465, 2.0, 1.4216492683585735]
APTIDAO: 
25.257424085948156
GEN: 1000
Individuo: 
[1.6779405702999912, 1.735202439985338, 0.13851317336994365, 4.744737823938621, 2.166811618078476, 0.6996959493206434, 0.9097073402679087, 0.9268829365016461, 0.8294280604674623, 0.6673277562826221, 0.7779912586086408, 0.18294289565238409, 18.091608242085325, 2.9329444888201226, 1.0, 8.652821257798255, 1.5984110781218377, 1.652086426662476, 1.0, 1.0817614486676397, 1.817991354214346, 1.9567078194198635, 1.8549306915781254, 1.3307295997309636]
APTIDAO: 
23.73487569860446
GEN: 1100
Individuo: 
[1.8914770427559449, 2.419721896488957, 1.5012987963008702, 2.571336345745759, 1.360644256639341, 0.739475430341013, 0.7534840349091405, 1.0, 0.9970799124233566, 1.0, 0.9786606323268437, 0.48230376243858564, 23.25140383422375, 4.814768814866184, 1.802707086441127, 2.8627892828480497, 1.0, 1.5565528698256155, 1.0, 1.0671064980629874, 1.699529429867508, 1.9507818449532413, 2.0, 1.9965686107183096]
APTIDAO: 
22.277698265519476
GEN: 1200
Individuo: 
[1.8914770427559449, 2.419721896488957, 1.5012987963008702, 2.571336345745759, 1.360644256639341, 0.739475430341013, 0.7534840349091405, 1.0, 0.9970799124233566, 1.0, 0.9786606323268437, 0.48230376243858564, 23.25140383422375, 4.814768814866184, 1.802707086441127, 2.8627892828480497, 1.0, 1.5565528698256155, 1.0, 1.0671064980629874, 1.699529429867508, 1.9507818449532413, 2.0, 1.9965686107183096]
APTIDAO: 
22.277698265519476
GEN: 1300
Individuo: 
[2.2048280401188762, 2.1133893905959447, 0.8619457477864487, 2.135273398949039, 1.9401437238061285, 0.6637568356863507, 0.6623487284096573, 0.8461603662450378, 1.0, 0.7293408302772895, 0.9946554956173147, 0.1, 23.286436684512534, 4.5970838869632376, 1.6378047004170853, 3.5690929374511358, 1.177719977014386, 1.1608194433208616, 1.0, 1.1392316395669608, 1.3633509616987183, 1.9545924131882944, 2.0, 1.3798704597685976]
APTIDAO: 
21.286559047805806
GEN: 1400
Individuo: 
[2.143114510993509, 1.5778309502134413, 1.5463095648048328, 3.1006735098052496, 1.621645528628208, 0.7147007793357422, 0.7769795889599391, 0.8933316625130066, 1.0, 0.8586709489590496, 0.8329621739475789, 0.14367905717156404, 21.63978062169703, 3.811106314522891, 1.1788118012656215, 3.721875576633045, 1.1681481273196488, 1.7929047007720373, 1.0, 1.139765283813929, 1.6403982851208678, 1.9980652750526997, 1.97339593039824, 1.51039178813448]
APTIDAO: 
21.034492981764178
GEN: 1500
Individuo: 
[2.4773598453117835, 1.587863841080166, 1.7050144296206797, 1.653675243391259, 1.829947335617235, 0.5906362043275292, 0.7854644222464323, 0.997601814452174, 0.9449399685554356, 0.8492643263218389, 0.8461661095598121, 0.9992952341976367, 17.94082296895316, 3.0571462629929065, 1.8759117104183063, 3.526132389668611, 1.2271590492904705, 1.1286924258621114, 1.0, 1.194721226650794, 1.6817294808161976, 1.953397414324705, 2.0, 2.0]
APTIDAO: 
19.573028039613543
GEN: 1600
Individuo: 
[2.4773598453117835, 1.587863841080166, 1.7050144296206797, 1.653675243391259, 1.829947335617235, 0.5906362043275292, 0.7854644222464323, 0.997601814452174, 0.9449399685554356, 0.8492643263218389, 0.8461661095598121, 0.9992952341976367, 17.94082296895316, 3.0571462629929065, 1.8759117104183063, 3.526132389668611, 1.2271590492904705, 1.1286924258621114, 1.0, 1.194721226650794, 1.6817294808161976, 1.953397414324705, 2.0, 2.0]
APTIDAO: 
19.573028039613543
GEN: 1700
Individuo: 
[1.8589436051327095, 1.9097750712027093, 1.613949169909288, 2.695061263626384, 1.7918400873262577, 0.6708340779134937, 0.7848424549204495, 0.985670905964441, 1.0, 0.811034334415394, 0.9002766001422958, 0.7762841622976329, 25.0, 3.694906074263767, 1.5536338158709329, 2.8394146304535877, 1.8429199194814914, 1.1280246489060717, 1.0, 1.1118255882944534, 1.7029241868168083, 1.9427176068031082, 1.9667234744752178, 1.9458244395375226]
APTIDAO: 
18.097810864526807
GEN: 1800
Individuo: 
[1.7908124843730582, 1.9119221677342992, 1.4105267140512252, 2.2860396086689967, 1.9842555680130514, 0.701960239754515, 0.8189135472682532, 0.966854250516483, 1.0, 0.9872117028461649, 0.8270240249357644, 0.5558442673681186, 22.65686672461208, 3.2573769674802597, 1.6688486727449658, 2.7753587991549677, 1.6394059882783985, 1.0, 1.0, 1.078849156041758, 1.755674147711669, 1.9398419408545449, 1.911176154680997, 1.893315740629364]
APTIDAO: 
17.595996529295746
GEN: 1900
Individuo: 
[1.9411938996962799, 1.763836121145819, 1.799545341159807, 2.198237154808673, 1.8915967689047672, 0.6616648818971236, 0.8061569652315614, 0.9825612406087814, 0.9951877399032861, 0.828137471675029, 0.9307842970939338, 0.6372375084837957, 24.010365658753926, 3.277802696310461, 1.664813883924735, 2.5380794980018417, 1.164978107292033, 1.0, 1.0, 1.118587444463583, 1.686683220510955, 2.0, 1.8813886707666074, 1.9034218168508281]
APTIDAO: 
17.485725333400048
GEN: 2000
Individuo: 
[1.9118546762962252, 1.9775342493013193, 1.4024738065895785, 2.4075875478051545, 1.695372802124432, 0.6245294345457376, 0.729151307949421, 0.8933040412345326, 0.9324965211947349, 0.8425621299494932, 0.849281679930605, 0.9359057925587082, 11.858527031716308, 3.819319380004101, 1.5536338158709329, 3.3686100012255085, 1.6864270572344173, 1.4393515878840955, 1.0, 1.1180196305314842, 1.5864390644768633, 1.8280874594647918, 1.9669956929161307, 1.9458244395375226]
APTIDAO: 
17.202404952655332
GEN: 2100
Individuo: 
[2.0680431963206423, 1.7964966101668804, 1.5996177463694838, 1.9083911975047734, 1.9016483706010645, 0.6576278903877293, 0.8707785992956991, 0.9750191926543963, 0.9951794969832439, 0.9593957052303138, 0.868572696047461, 0.6901660979112149, 20.41184751680161, 3.2573769674802597, 1.6688486727449658, 2.7753587991549677, 1.0, 1.0, 1.0, 1.1238638352825345, 1.9435031778540564, 1.8951288474813257, 1.962733131368053, 1.9657423965541574]
APTIDAO: 
16.708457491090307
GEN: 2200
Individuo: 
[2.0832171071549026, 1.8792185326896742, 1.5664760054205895, 2.0846613342297267, 1.8194417939773615, 0.6486145438450062, 0.8246099153826402, 0.9831790110097287, 0.9840236367857522, 0.8903424691460136, 0.8901385712890358, 0.7957409915115269, 14.76262888770183, 3.4265642582831135, 1.2962165538116084, 2.76662201147523, 1.1497674831393934, 1.1201192062501373, 1.0, 1.1432486126941657, 1.80088889553996, 1.962717931459764, 1.933239380051646, 2.0]
APTIDAO: 
16.229356677839785
GEN: 2300
Individuo: 
[1.990767419070251, 1.8826098381288057, 1.5751251512658109, 2.1228844918663934, 1.8686498789840407, 0.662088819752334, 0.8095593090234223, 1.0, 0.980518236990614, 0.8442755943280835, 0.8677428918563722, 0.7684722175356196, 13.638423034093078, 3.978707477877255, 1.326207424438467, 2.57714033457199, 1.0, 1.0, 1.0, 1.1327377699000696, 1.7439025047486942, 1.9225282777276684, 1.8911285447415254, 1.9889498095469085]
APTIDAO: 
16.175283602089426
GEN: 2400
Individuo: 
[1.990767419070251, 1.8826098381288057, 1.5751251512658109, 2.1228844918663934, 1.8686498789840407, 0.662088819752334, 0.8095593090234223, 1.0, 0.980518236990614, 0.8442755943280835, 0.8677428918563722, 0.7684722175356196, 13.638423034093078, 3.978707477877255, 1.326207424438467, 2.57714033457199, 1.0, 1.0, 1.0, 1.1327377699000696, 1.7439025047486942, 1.9225282777276684, 1.8911285447415254, 1.9889498095469085]
APTIDAO: 
16.175283602089426
GEN: 2500
Individuo: 
[2.022256937297029, 1.8910806079088003, 1.6860598473381043, 1.8511245853448866, 1.9960396027901106, 0.6656808661711888, 0.8136574230642074, 1.0, 0.9741929042895536, 0.5725777170561097, 0.969055948081463, 1.0, 17.874869291426137, 3.5374988307366113, 1.0, 2.803874263439854, 1.4927943662738714, 1.3537047841081735, 1.0, 1.138748195878572, 1.7421255426942244, 1.9358953042021358, 2.0, 2.0]
APTIDAO: 
16.004129097023732
GEN: 2600
Individuo: 
[2.069483010364845, 1.8625382850900742, 1.7245472811595774, 1.9642536190395834, 1.8880203324241447, 0.6601511982707735, 0.8221332669813357, 0.9855241722690488, 0.9828278506658892, 0.6042929744295539, 0.9409563634502144, 0.9473904800475339, 14.752270102532469, 3.5708197879211605, 1.3544002573732419, 2.57138460839208, 1.1024232958574198, 1.0, 1.0, 1.141550783218042, 1.7748596111297017, 1.9045200443542976, 1.9732178630075106, 2.0]
APTIDAO: 
15.957758424742174
GEN: 2700
Individuo: 
[2.019788128581043, 1.9163633760875356, 1.7166743183458388, 1.7193263034714699, 1.947080655006496, 0.6589478059649032, 0.8088003500154565, 0.9717413355707034, 0.9694825806406349, 0.7744339231314132, 0.8977944187252441, 0.7866624788957971, 16.129745331009794, 3.649590283999341, 1.3844335423958616, 2.5444803971640035, 1.220865308602906, 1.3841237252200222, 1.0, 1.1290808727780668, 1.7610798778073875, 1.8896764975417397, 1.9379756841003832, 1.9467809281588744]
APTIDAO: 
15.933246316180254
GEN: 2800
Individuo: 
[2.011629043739607, 1.8581488412656366, 1.4736470400755066, 1.9668243655246602, 2.0336821898629442, 0.6698963775356644, 0.8032888493721444, 0.9946723409885821, 0.9954469056257599, 0.6883112699766676, 0.9281791935241136, 0.7895378115174212, 16.119751016140782, 3.887671593045391, 1.4638370796124638, 2.6739485415592705, 1.0, 1.0, 1.0, 1.1254441147417142, 1.7356335484871581, 1.9183391529722693, 1.996577777086166, 1.9631209340321034]
APTIDAO: 
15.827132599853673
GEN: 2900
Individuo: 
[1.98416537991943, 1.8969095308295358, 1.547752741967174, 1.8282798689370428, 2.042479374452925, 0.6628621188053159, 0.8106578121643895, 0.9937485450794259, 1.0, 0.6025550557337713, 0.9798897979919095, 0.8335861070228534, 16.413639442630405, 3.8490774260932046, 1.2604974836610854, 2.845117670900032, 1.0, 1.0, 1.0, 1.1211422978053032, 1.7529955716093388, 1.9349215853424153, 1.994643572601502, 1.9699086265705095]
APTIDAO: 
15.758046213686256
GEN: 3000
Individuo: 
[1.98416537991943, 1.8969095308295358, 1.547752741967174, 1.8282798689370428, 2.042479374452925, 0.6628621188053159, 0.8106578121643895, 0.9937485450794259, 1.0, 0.6025550557337713, 0.9798897979919095, 0.8335861070228534, 16.413639442630405, 3.8490774260932046, 1.2604974836610854, 2.845117670900032, 1.0, 1.0, 1.0, 1.1211422978053032, 1.7529955716093388, 1.9349215853424153, 1.994643572601502, 1.9699086265705095]
APTIDAO: 
15.758046213686256
GEN: 3100
Individuo: 
[1.9898655161193939, 1.9171253923373652, 1.5093082515351308, 1.8984094602890909, 2.0254341575173505, 0.6613538038960584, 0.8137942218917947, 0.9962234046096069, 1.0, 0.596800697488021, 0.916542530695916, 0.9280884270590022, 16.094344710636683, 3.1446798828052884, 1.2215161340900715, 2.824547003669249, 1.2982849123999205, 1.0, 1.0, 1.123326029953045, 1.7669869088163008, 1.9077242592929746, 1.9894956955823087, 1.9556689445034097]
APTIDAO: 
15.724164652866293
GEN: 3200
Individuo: 
[1.9898655161193939, 1.9171253923373652, 1.5093082515351308, 1.8984094602890909, 2.0254341575173505, 0.6613538038960584, 0.8137942218917947, 0.9962234046096069, 1.0, 0.596800697488021, 0.916542530695916, 0.9280884270590022, 16.094344710636683, 3.1446798828052884, 1.2215161340900715, 2.824547003669249, 1.2982849123999205, 1.0, 1.0, 1.123326029953045, 1.7669869088163008, 1.9077242592929746, 1.9894956955823087, 1.9556689445034097]
APTIDAO: 
15.724164652866293
GEN: 3300
Individuo: 
[2.00070631811905, 1.8646941184081998, 1.6630895148387927, 1.8671815111801966, 1.9833882677671273, 0.6639057164895397, 0.7974191946060714, 0.999127227381391, 0.9905659350727953, 0.593279052043628, 0.9782337164262931, 0.8338578894364593, 15.604125019637271, 3.590472139560461, 1.4770277160772265, 2.675843052232454, 1.2570851064387236, 1.6010260332054507, 1.0, 1.1268418247555596, 1.710108626402302, 1.9250738804904481, 1.9916701732925284, 1.954905598024012]
APTIDAO: 
15.67121236420631
GEN: 3400
Individuo: 
[2.00070631811905, 1.8646941184081998, 1.6630895148387927, 1.8671815111801966, 1.9833882677671273, 0.6639057164895397, 0.7974191946060714, 0.999127227381391, 0.9905659350727953, 0.593279052043628, 0.9782337164262931, 0.8338578894364593, 15.604125019637271, 3.590472139560461, 1.4770277160772265, 2.675843052232454, 1.2570851064387236, 1.6010260332054507, 1.0, 1.1268418247555596, 1.710108626402302, 1.9250738804904481, 1.9916701732925284, 1.954905598024012]
APTIDAO: 
15.67121236420631
GEN: 3500
Individuo: 
[2.00070631811905, 1.8646941184081998, 1.6630895148387927, 1.8671815111801966, 1.9833882677671273, 0.6639057164895397, 0.7974191946060714, 0.999127227381391, 0.9905659350727953, 0.593279052043628, 0.9782337164262931, 0.8338578894364593, 15.604125019637271, 3.590472139560461, 1.4770277160772265, 2.675843052232454, 1.2570851064387236, 1.6010260332054507, 1.0, 1.1268418247555596, 1.710108626402302, 1.9250738804904481, 1.9916701732925284, 1.954905598024012]
APTIDAO: 
15.67121236420631
GEN: 3600
Individuo: 
[1.9712020313886112, 1.9405381919791929, 1.638292373876618, 1.8787748073517654, 1.9249880105053654, 0.6643678583029309, 0.8240970534277802, 1.0, 0.9901308847098478, 0.6414283341288942, 0.9665504924151297, 0.8203117387352032, 15.773577693306878, 3.475779085977432, 1.0867254397155268, 2.9085377572942384, 1.0967021188195356, 1.3683249762813527, 1.0, 1.1207457517186965, 1.8070878997822786, 1.916976683622916, 1.9853881783457286, 1.973191690825477]
APTIDAO: 
15.661115208768674
GEN: 3700
Individuo: 
[2.0013479197226247, 1.8964170007406562, 1.6787260183334178, 1.778677641998269, 1.994174030986281, 0.6626584517785198, 0.8022546675829982, 0.9978654754966908, 0.9917030250252652, 0.5651263142612694, 0.9725560626233498, 0.8964695678875284, 16.542896756964105, 3.8118887732520332, 1.3131241681295505, 2.927750666322661, 1.0983306544314693, 1.9019891957728605, 1.0, 1.1253030954181462, 1.731710594135623, 1.9183465609686872, 2.0, 1.955682597800425]
APTIDAO: 
15.645932187681447
GEN: 3800
Individuo: 
[1.9915657412842374, 1.9052342153981159, 1.7053148826560847, 1.7910137784844093, 1.9756339274229493, 0.6633759771141869, 0.8138664063789919, 0.9989012277098223, 0.9906206514619706, 0.6034410216339771, 0.9698941217396436, 0.9137615094940306, 15.041259842433776, 3.6093835790941045, 1.4541513288797527, 2.762461375457676, 1.0, 1.6447638125850765, 1.0, 1.1233293607942378, 1.770291987838212, 1.9254841039857362, 1.9936002356611178, 2.0]
APTIDAO: 
15.62429059916326
GEN: 3900
Individuo: 
[1.9900214205797169, 1.888797643253422, 1.6880959917704332, 1.8184922384824032, 1.991742951867742, 0.662932242426169, 0.8133247839095801, 0.9997898222250898, 0.9919957957249783, 0.5561847718959886, 0.9907029339280984, 0.9293954051536731, 15.375855352133764, 3.6447790895805436, 1.1451226976669135, 2.411016911744726, 1.3959163907035652, 1.680698004022518, 1.0, 1.1238218262843762, 1.7628291734046095, 1.921705320533982, 2.0, 1.9909443885871445]
APTIDAO: 
15.602421560902597
GEN: 4000
Individuo: 
[1.9900214205797169, 1.888797643253422, 1.6880959917704332, 1.8184922384824032, 1.991742951867742, 0.662932242426169, 0.8133247839095801, 0.9997898222250898, 0.9919957957249783, 0.5561847718959886, 0.9907029339280984, 0.9293954051536731, 15.375855352133764, 3.6447790895805436, 1.1451226976669135, 2.411016911744726, 1.3959163907035652, 1.680698004022518, 1.0, 1.1238218262843762, 1.7628291734046095, 1.921705320533982, 2.0, 1.9909443885871445]
APTIDAO: 
15.602421560902597
GEN: 4100
Individuo: 
[1.9903159212204011, 1.90413757785104, 1.7021111523032573, 1.829717902913844, 1.965458080163323, 0.6612291084710056, 0.8227591455316572, 1.0, 0.9952211967631854, 0.5284875076919356, 1.0, 0.9583745851635647, 15.575794710936345, 3.546273652958928, 1.685694641477594, 2.6891488898162423, 1.6951085321886676, 1.8252321597515937, 1.0, 1.1240703014302198, 1.7922805637883634, 1.9321571821846046, 2.0, 1.9934545362676979]
APTIDAO: 
15.59804367606089
GEN: 4200
Individuo: 
[1.9723965786760544, 1.9095512229410796, 1.617214913701175, 1.941879386730248, 1.9572019284740378, 0.6641763192023183, 0.8133348714529871, 1.0, 0.993257588729191, 0.5417446958404203, 0.99924896036126, 0.9140775277842732, 15.665262700275813, 3.816919167685252, 1.3460933704424598, 2.1661124715594196, 1.1674346440302241, 1.5854886606505867, 1.0, 1.1205949419373031, 1.7677771836777236, 1.9148283404442077, 1.9972265533673235, 1.988946194308128]
APTIDAO: 
15.578042023338991
GEN: 4300
Individuo: 
[1.9723965786760544, 1.9095512229410796, 1.617214913701175, 1.941879386730248, 1.9572019284740378, 0.6641763192023183, 0.8133348714529871, 1.0, 0.993257588729191, 0.5417446958404203, 0.99924896036126, 0.9140775277842732, 15.665262700275813, 3.816919167685252, 1.3460933704424598, 2.1661124715594196, 1.1674346440302241, 1.5854886606505867, 1.0, 1.1205949419373031, 1.7677771836777236, 1.9148283404442077, 1.9972265533673235, 1.988946194308128]
APTIDAO: 
15.578042023338991
GEN: 4400
Individuo: 
[1.9753594422461405, 1.906981280213084, 1.6134640940553493, 1.946281147846837, 1.961385542379527, 0.663960408653027, 0.8128628961032215, 0.9999821811546832, 0.9914773264343306, 0.5370849612389106, 0.9990907423664687, 0.9335059291843378, 15.319004629453293, 3.891322429895975, 1.6427686896613984, 2.4911252286167036, 1.9899858114551388, 1.5806396309664876, 1.0, 1.121708651950114, 1.765015626116754, 1.9096376547003024, 1.9990512474010402, 1.9974329288361745]
APTIDAO: 
15.573674395632235
GEN: 4500
Individuo: 
[1.9817938303866236, 1.8958950398008003, 1.6183268737893515, 1.9484842728516705, 1.9665181561294958, 0.6651174331414271, 0.8157023771285676, 1.0, 0.9900262686776748, 0.5363478821377623, 1.0, 0.9413803554178144, 15.611292480231334, 3.978136326027143, 1.9967714509691732, 2.5345539628586633, 1.8126682321835363, 1.8256232159043868, 1.0, 1.1229633997980764, 1.7713515779260494, 1.9131246785474922, 1.9988118020260897, 2.0]
APTIDAO: 
15.57181645258989
GEN: 4600
Individuo: 
[1.968647064735367, 1.9052912969708544, 1.6407544394817974, 1.8750613692856155, 1.9780530520672395, 0.6653364659500987, 0.8102383529511175, 0.9999708178359664, 0.9963969438847654, 0.5550815852086396, 0.9991501358493818, 0.901278091640919, 15.210357074823555, 3.7886147523884364, 1.7184759477797205, 2.6473374956240687, 1.938188481321461, 1.5091070331308223, 1.0, 1.1199361642481156, 1.7537195685312477, 1.9168322437036946, 1.9975770696943649, 1.998781994041266]
APTIDAO: 
15.568699760301106
GEN: 4700
Individuo: 
[1.9818274731216006, 1.9014924257804913, 1.646763578850945, 1.8764811302179107, 1.9795293747636513, 0.6641654427608026, 0.8130333809932331, 0.9999766542687731, 0.9921737115230633, 0.5294279447563324, 0.9993987059287788, 0.9547342393441562, 15.589765980328902, 3.8615974944959026, 1.3147390340638734, 2.7818315945258303, 1.8642147129862825, 1.6241762847364483, 1.0, 1.1223026139825505, 1.7637326619730633, 1.9129254113241978, 1.9989377242306976, 2.0]
APTIDAO: 
15.567083102852243
GEN: 4800
Individuo: 
[1.9818274731216006, 1.9014924257804913, 1.646763578850945, 1.8764811302179107, 1.9795293747636513, 0.6641654427608026, 0.8130333809932331, 0.9999766542687731, 0.9921737115230633, 0.5294279447563324, 0.9993987059287788, 0.9547342393441562, 15.589765980328902, 3.8615974944959026, 1.3147390340638734, 2.7818315945258303, 1.8642147129862825, 1.6241762847364483, 1.0, 1.1223026139825505, 1.7637326619730633, 1.9129254113241978, 1.9989377242306976, 2.0]
APTIDAO: 
15.567083102852243
GEN: 4900
Individuo: 
[1.9779061266774332, 1.9015716861068477, 1.6295447771123626, 1.9404389492724003, 1.9514057626051333, 0.6642663940362128, 0.8091009307492583, 0.9999873585023393, 0.9953931646170139, 0.56271361639224, 0.998558742010822, 0.9004738439948222, 15.30279179789672, 3.328651922561766, 1.6268600930763022, 2.4532072857723604, 1.5773709886708716, 1.1737515375800642, 1.0, 1.1220843402292506, 1.7497565317726178, 1.9198449773626005, 1.9988284941883094, 2.0]
APTIDAO: 
15.56403062804339
GEN: 5000
Individuo: 
[1.9780723371629894, 1.8972379611589683, 1.653405234164414, 1.917509984970884, 1.9613015127374316, 0.6651438108362863, 0.8069183727258772, 1.0, 0.9938600867439824, 0.5435195324563136, 0.999140332566337, 0.9298955688282143, 15.985763877728257, 3.848110064546758, 1.1638323619497235, 2.9193123981232576, 1.535520449321027, 1.6130571723402425, 1.0, 1.1221325007387164, 1.7438631719561517, 1.9181380286929426, 1.9995465268513921, 1.998954497271925]
APTIDAO: 
15.559336615879186
GEN: 5100
Individuo: 
[1.9791370425755597, 1.902022170954873, 1.6473091518619563, 1.9068950074563966, 1.9581595718935951, 0.6646015684771185, 0.8082855136201426, 0.9999990865704429, 0.9941652249756894, 0.5554237823623714, 0.9985716409349183, 0.909478908096934, 15.414666142764194, 3.6005640672305255, 1.332340035225141, 2.7118623584403427, 1.168052758290347, 1.8819938693855316, 1.0, 1.1221926702306153, 1.749124114237979, 1.9166886142637822, 2.0, 1.9976306130647676]
APTIDAO: 
15.557942744699076
GEN: 5200
Individuo: 
[1.9791370425755597, 1.902022170954873, 1.6473091518619563, 1.9068950074563966, 1.9581595718935951, 0.6646015684771185, 0.8082855136201426, 0.9999990865704429, 0.9941652249756894, 0.5554237823623714, 0.9985716409349183, 0.909478908096934, 15.414666142764194, 3.6005640672305255, 1.332340035225141, 2.7118623584403427, 1.168052758290347, 1.8819938693855316, 1.0, 1.1221926702306153, 1.749124114237979, 1.9166886142637822, 2.0, 1.9976306130647676]
APTIDAO: 
15.557942744699076
GEN: 5300
Individuo: 
[1.9791370425755597, 1.902022170954873, 1.6473091518619563, 1.9068950074563966, 1.9581595718935951, 0.6646015684771185, 0.8082855136201426, 0.9999990865704429, 0.9941652249756894, 0.5554237823623714, 0.9985716409349183, 0.909478908096934, 15.414666142764194, 3.6005640672305255, 1.332340035225141, 2.7118623584403427, 1.168052758290347, 1.8819938693855316, 1.0, 1.1221926702306153, 1.749124114237979, 1.9166886142637822, 2.0, 1.9976306130647676]
APTIDAO: 
15.557942744699076
GEN: 5400
Individuo: 
[1.9791370425755597, 1.902022170954873, 1.6473091518619563, 1.9068950074563966, 1.9581595718935951, 0.6646015684771185, 0.8082855136201426, 0.9999990865704429, 0.9941652249756894, 0.5554237823623714, 0.9985716409349183, 0.909478908096934, 15.414666142764194, 3.6005640672305255, 1.332340035225141, 2.7118623584403427, 1.168052758290347, 1.8819938693855316, 1.0, 1.1221926702306153, 1.749124114237979, 1.9166886142637822, 2.0, 1.9976306130647676]
APTIDAO: 
15.557942744699076
GEN: 5500
Individuo: 
[1.979596413728528, 1.9008808648874185, 1.6498055411438606, 1.9063439461717928, 1.9583639592611473, 0.6649305661108391, 0.8079668374295698, 0.9999865646189275, 0.9952068680245848, 0.55418493634297, 1.0, 0.9112920441841093, 15.406353592903931, 3.626991191984823, 1.0, 2.4825384716024503, 1.2611255012153175, 1.4910901582589542, 1.0, 1.122120335898177, 1.7485140586564978, 1.9187039245820436, 1.9999294109634038, 1.9996026341001518]
APTIDAO: 
15.55706525703482
GEN: 5600
Individuo: 
[1.9771852446484908, 1.8999946187469452, 1.6642155672892105, 1.8941656934579056, 1.959016142538576, 0.6650599092570549, 0.8081002808269377, 0.9999888104587319, 0.9950026585896986, 0.5531566423033359, 1.0, 0.9102530763392711, 15.317991234205067, 3.470693701524399, 1.1461788745952377, 2.2745742325562404, 1.3154516477688305, 1.2173408159966075, 1.0, 1.1216357275184092, 1.7478419539970458, 1.9189797446512926, 2.0, 1.998343923189395]
APTIDAO: 
15.556083318935054
GEN: 5700
Individuo: 
[1.976778740063736, 1.9016711395532144, 1.6775160268957754, 1.8769997501653877, 1.9590340800229593, 0.6648448894323495, 0.8069508989990795, 1.0, 0.9960447705477603, 0.5513845012625295, 0.9997170556491777, 0.913335518097324, 15.914567209874477, 3.5750199245254133, 1.0, 2.2011833446940607, 1.9570411155405163, 1.5193415115516726, 1.0, 1.1214599656462394, 1.7452038580824012, 1.9189032339765102, 2.0, 1.9986384441235199]
APTIDAO: 
15.555916071564608
GEN: 5800
Individuo: 
[1.9766714443428348, 1.9020973301864583, 1.6540420011905852, 1.895978286807145, 1.9612625243034816, 0.6649657066113094, 0.8079996583733988, 1.0, 0.9958129463249413, 0.551900487314314, 1.0, 0.9120354059187573, 15.34768150650615, 3.4171244784713934, 1.0, 2.230407268259645, 1.595645335933338, 1.4499250275715405, 1.0, 1.1214475270784217, 1.7481883762447892, 1.9180491022111776, 1.999815157807762, 1.9995220020706732]
APTIDAO: 
15.555216381304286
GEN: 5900
Individuo: 
[1.9771836622629906, 1.900614020028106, 1.6558785922781665, 1.9165126974054518, 1.9514944348405996, 0.6646666835052351, 0.8069825678513276, 1.0, 0.9938579282405556, 0.5581269877237465, 1.0, 0.904511561398953, 15.046049637295516, 3.7219660187074393, 1.0, 2.4599381758462444, 1.740756497245002, 1.4499250275715405, 1.0, 1.1215095098859098, 1.7452926031369251, 1.9164204182228946, 1.9999721600531106, 1.9987778461988153]
APTIDAO: 
15.5549377985412
GEN: 6000
Individuo: 
[1.9779160887781835, 1.9002300902323648, 1.6476934545082742, 1.9325117412332584, 1.9496062253961082, 0.6645843644556566, 0.8072863943967479, 1.0, 0.9932621904089096, 0.5564637865642614, 1.0, 0.9095839157278334, 15.50206863178649, 3.6970989623466877, 1.0461515961054535, 2.4635471082796228, 1.9278458603505229, 1.5131846183476612, 1.0, 1.1216986576721362, 1.746197259482097, 1.9159916904066907, 2.0, 1.9998089645389603]
APTIDAO: 
15.554747892751967
GEN: 6100
Individuo: 
[1.9780128931296188, 1.9000583924533814, 1.653306650690481, 1.9176918369076112, 1.953664834974397, 0.6646142407642758, 0.8074335866307638, 1.0, 0.9938844944700955, 0.5561157664514593, 1.0, 0.9100428213558452, 15.311711764429637, 3.5455411022808465, 1.0, 2.5565089093977122, 1.9059794950568958, 1.6579797505677338, 1.0, 1.1218367318122782, 1.7460755878598344, 1.9174523705892066, 1.9999861693585579, 1.9996326110620666]
APTIDAO: 
15.554569715202817
GEN: 6200
Individuo: 
[1.9774997142760138, 1.900324679017802, 1.6511416861451575, 1.9156680652660587, 1.955105107865171, 0.6646240780534802, 0.8077703146637879, 1.0, 0.9943464653493269, 0.5566040806525454, 0.9997699949403065, 0.908919102150159, 15.559687949940763, 3.646346899572278, 1.0956307488574801, 2.584820093522433, 1.3852680235696464, 1.7426796593419152, 1.0, 1.121616975992333, 1.7474025531570916, 1.9172330564621538, 2.0, 1.999864570681693]
APTIDAO: 
15.55436561670886
GEN: 6300
Individuo: 
[1.9774586804861045, 1.8998501549210165, 1.6444749566538246, 1.9180304157502424, 1.957954536149332, 0.6647242070506202, 0.8072753299381887, 1.0, 0.9937557465280327, 0.5576688197901929, 0.9997557839840665, 0.9077840410416111, 15.969830255194598, 3.59138731043329, 1.0178152908182714, 2.133121701489323, 1.0, 1.7049178455413054, 1.0, 1.1215998709820458, 1.745584353851686, 1.916559647550132, 1.999988981338629, 2.0]
APTIDAO: 
15.554198416161961
GEN: 6400
Individuo: 
[1.9774016277386253, 1.9001176564277567, 1.6501866987713607, 1.91602569749475, 1.9554736310124365, 0.6645583994657169, 0.8075185559715202, 1.0, 0.9941290064857358, 0.5585808435911271, 0.9998264361342697, 0.9068601565154569, 15.860433981139394, 3.7305518219379117, 1.0851467181913652, 2.5222899098059557, 1.0271039800928952, 1.0052861150171633, 1.0, 1.1215847015863216, 1.746503223210753, 1.9174395240941282, 2.0, 1.9999411240212253]
APTIDAO: 
15.554076488366396
GEN: 6500
Individuo: 
[1.9781495109710205, 1.899994088481274, 1.659507314954712, 1.9025005467499894, 1.9546040631919408, 0.6645250640663786, 0.8077002808641751, 0.9999459680790044, 0.9945764568537532, 0.5619871045527403, 1.0, 0.9004542750716483, 15.434799423224426, 3.7200357396352843, 1.0318219906480295, 2.312091924762035, 1.4106210352740558, 1.2602192075897494, 1.0, 1.1217537047093586, 1.746985367708993, 1.9178077926785562, 2.0, 1.999901910890554]
APTIDAO: 
15.553928458325032
GEN: 6600
Individuo: 
[1.9781495109710205, 1.899994088481274, 1.659507314954712, 1.9025005467499894, 1.9546040631919408, 0.6645250640663786, 0.8077002808641751, 0.9999459680790044, 0.9945764568537532, 0.5619871045527403, 1.0, 0.9004542750716483, 15.434799423224426, 3.7200357396352843, 1.0318219906480295, 2.312091924762035, 1.4106210352740558, 1.2602192075897494, 1.0, 1.1217537047093586, 1.746985367708993, 1.9178077926785562, 2.0, 1.999901910890554]
APTIDAO: 
15.553928458325032
GEN: 6700
Individuo: 
[1.9780882739609957, 1.8999919313935891, 1.6572798781269633, 1.9107434625167063, 1.9530350450594751, 0.6645618240826333, 0.8071453769511411, 1.0, 0.9936452173282659, 0.560918580410995, 0.999940372999297, 0.9031831226199989, 15.745998997996093, 3.631026288373324, 1.144390237364297, 2.3321422233337286, 1.1147097715824517, 1.0759061532815797, 1.0, 1.1218213092025568, 1.7452059676762604, 1.9167681115931199, 1.9999806304730587, 2.0]
APTIDAO: 
15.553757259620356
GEN: 6800
Individuo: 
[1.9778567141304637, 1.9001231152441993, 1.6595527280771374, 1.9036626474577054, 1.9537886115318053, 0.6645072993175002, 0.8072328228853585, 1.0, 0.9938390140502498, 0.5635397501402634, 0.999940372999297, 0.898625783185295, 15.946892208781577, 3.9275663538046426, 1.1200415045302257, 2.4925968395898654, 1.1147097715824517, 1.0184400826896995, 1.0, 1.121720767113992, 1.7456354723916536, 1.916335979682755, 1.9999738240386107, 2.0]
APTIDAO: 
15.553530024052703
GEN: 6900
Individuo: 
[1.9775186911750708, 1.9005799847754574, 1.6537360314903737, 1.9087902194754487, 1.9563626212127503, 0.6647348983106207, 0.8073460417929474, 0.9999852789143749, 0.9929674144957295, 0.5583137659477211, 1.0, 0.9068449310012666, 15.707118530402422, 3.8395022711365074, 1.1101434811872133, 2.932749257261322, 1.4531895550573348, 1.9831709999378155, 1.0, 1.1216443310986433, 1.7460454566455899, 1.9153238025476862, 1.9999751384248563, 1.9999402645554063]
APTIDAO: 
15.55342769538328
GEN: 7000
Individuo: 
[1.9775186911750708, 1.9005799847754574, 1.6537360314903737, 1.9087902194754487, 1.9563626212127503, 0.6647348983106207, 0.8073460417929474, 0.9999852789143749, 0.9929674144957295, 0.5583137659477211, 1.0, 0.9068449310012666, 15.707118530402422, 3.8395022711365074, 1.1101434811872133, 2.932749257261322, 1.4531895550573348, 1.9831709999378155, 1.0, 1.1216443310986433, 1.7460454566455899, 1.9153238025476862, 1.9999751384248563, 1.9999402645554063]
APTIDAO: 
15.55342769538328
GEN: 7100
Individuo: 
[1.9775186911750708, 1.9005799847754574, 1.6537360314903737, 1.9087902194754487, 1.9563626212127503, 0.6647348983106207, 0.8073460417929474, 0.9999852789143749, 0.9929674144957295, 0.5583137659477211, 1.0, 0.9068449310012666, 15.707118530402422, 3.8395022711365074, 1.1101434811872133, 2.932749257261322, 1.4531895550573348, 1.9831709999378155, 1.0, 1.1216443310986433, 1.7460454566455899, 1.9153238025476862, 1.9999751384248563, 1.9999402645554063]
APTIDAO: 
15.55342769538328
GEN: 7200
Individuo: 
[1.977552849244919, 1.9004614740982033, 1.654612810530647, 1.9083323696708512, 1.9561093548011343, 0.6647050412254799, 0.8074488204617928, 0.9999945626702756, 0.9933163302530892, 0.5586761696104182, 0.9999280045183087, 0.9064288161602534, 15.346013840157937, 3.5622997183284744, 1.2696300942688536, 2.4769405815698464, 1.4714526363077376, 1.5544104424198175, 1.0, 1.121638420435992, 1.7463473505947782, 1.9160428296000331, 1.9999535463850264, 1.9999631479211952]
APTIDAO: 
15.553406469643614
GEN: 7300
Individuo: 
[1.977512090442976, 1.9000772134085757, 1.6605909913815409, 1.9028167974705847, 1.957442388547037, 0.6648206590517978, 0.8075849194514746, 1.0, 0.9932393720711475, 0.5552081621774124, 1.0, 0.9123178304287082, 15.416703939028565, 3.712284985868948, 1.4299960052845524, 2.484636008433381, 1.8582742946499908, 1.0, 1.0, 1.121640669885666, 1.7466397745336897, 1.916752049031496, 2.0, 1.999969185572953]
APTIDAO: 
15.553304274970856
GEN: 7400
Individuo: 
[1.9777655235200247, 1.900232286188806, 1.6601230187351799, 1.9031421818354886, 1.9558324505179774, 0.6646759851002703, 0.80749679440174, 1.0, 0.9932262421209243, 0.5586474538678651, 0.9998762113118745, 0.9069016943785349, 15.184264011679065, 3.799750810776541, 1.6617413917975195, 2.3212864270276863, 1.2280165631366706, 1.0, 1.0, 1.1216865115155192, 1.7464207364338717, 1.9161589885817545, 2.0, 1.999914970400639]
APTIDAO: 
15.553277026277042
GEN: 7500
Individuo: 
[1.9774924357373607, 1.900367835223534, 1.6575532844997725, 1.907269849194158, 1.9564116238005784, 0.6647896809081448, 0.8074566551636201, 0.9999918579661589, 0.9926412763380907, 0.5565295709375842, 0.9999931046892439, 0.9106189500234064, 15.293213905097598, 3.4695029338381027, 1.5344835327448831, 2.1332551301452973, 1.4597986541297812, 1.220931374761255, 1.0, 1.1216249973732209, 1.7463799607711807, 1.9157688127528083, 1.9999801551287895, 1.9999467291053477]
APTIDAO: 
15.553259428227141
GEN: 7600
Individuo: 
[1.9775318099655124, 1.9003449446294292, 1.6567955081642878, 1.907382119577623, 1.9567656826459154, 0.6648116716402581, 0.8074128744504584, 0.9999930616556355, 0.9928378177912307, 0.5561015443428964, 1.0, 0.910998425775833, 15.541789285533257, 3.8051799921226332, 1.5954242693473573, 2.2507701530038484, 1.7087059364139334, 1.7167132790705817, 1.0, 1.1216337429587084, 1.746214681724519, 1.9158892595631714, 1.9999754091494597, 1.999957176236608]
APTIDAO: 
15.553210565118663
GEN: 7700
Individuo: 
[1.9775318099655124, 1.9003449446294292, 1.6567955081642878, 1.907382119577623, 1.9567656826459154, 0.6648116716402581, 0.8074128744504584, 0.9999930616556355, 0.9928378177912307, 0.5561015443428964, 1.0, 0.910998425775833, 15.541789285533257, 3.8051799921226332, 1.5954242693473573, 2.2507701530038484, 1.7087059364139334, 1.7167132790705817, 1.0, 1.1216337429587084, 1.746214681724519, 1.9158892595631714, 1.9999754091494597, 1.999957176236608]
APTIDAO: 
15.553210565118663
GEN: 7800
Individuo: 
[1.977529866666598, 1.900429480532096, 1.6552967728648156, 1.908306270204344, 1.9564927676380028, 0.6647625538846971, 0.8074364530684329, 0.9999982900450586, 0.9928458966227164, 0.5574485889980109, 0.9999819904947774, 0.9088447570828195, 15.761331369956288, 3.1544319468042117, 1.6209038035183885, 2.17674418071497, 1.3059172978157674, 1.841805521669071, 1.0, 1.1216377097387864, 1.7462902751676341, 1.9157207771690867, 1.99997865083051, 1.999962554480824]
APTIDAO: 
15.55315972640998
GEN: 7900
Individuo: 
[1.9775684629329207, 1.9002035083245872, 1.6627079682523314, 1.90141277681442, 1.9573419347935146, 0.664836428980216, 0.8075056799314516, 0.9999949608264874, 0.9929968817566793, 0.554063266004368, 0.9999676166361071, 0.9143913652511113, 15.0576711769728, 3.3987937132201895, 1.7004113593477812, 2.3266772895512537, 1.1775686003182453, 1.1339856101740853, 1.0, 1.1216496661651514, 1.7464744832350587, 1.9164056482447482, 1.9999896920401437, 1.9999543248844698]
APTIDAO: 
15.553142440201015
GEN: 8000
Individuo: 
[1.9777082443482745, 1.9001080516731115, 1.6628456067606494, 1.901817744484831, 1.9566135216494773, 0.6647609152343738, 0.8075081522203732, 1.0, 0.9930470654143727, 0.5556764303679426, 0.9999415478785584, 0.9122275752069018, 15.02341008127085, 3.519975898300239, 1.5855025582002393, 2.2507701530038484, 1.0, 1.9913038985985265, 1.0, 1.1216837314595072, 1.7464527112010926, 1.9165832405045455, 1.9999980520170333, 1.9999897306643615]
APTIDAO: 
15.553134068648761
GEN: 8100
Individuo: 
[1.977585401671296, 1.9002507881812751, 1.6592142116312725, 1.9053784847168105, 1.9563803934015944, 0.6647617239186129, 0.8074330990817066, 0.9999957999874383, 0.9928856163232865, 0.5567222631599619, 0.9999823127431305, 0.9103811890128877, 15.453555834349025, 3.726973774231355, 1.0412166818073607, 2.754074461634867, 1.7064270143239253, 1.1091686169612451, 1.0, 1.121650045962343, 1.7462595273425345, 1.916120894124954, 1.999986918865586, 1.999993801371553]
APTIDAO: 
15.553100479649228
GEN: 8200
Individuo: 
[1.9774545005770046, 1.9003936816214275, 1.6569567752867114, 1.9083682944947704, 1.9556927515018792, 0.6647486259931805, 0.8074073506230426, 0.9999996014390711, 0.992562437298002, 0.5583453226952952, 0.9999966138182887, 0.9080799580487019, 15.938454497239912, 3.7223913037161855, 1.0923485103356403, 2.964833259337936, 1.887306580748501, 1.5120396161527798, 1.0, 1.121635233329762, 1.7462079620541557, 1.915644415104368, 2.0, 1.9999936063154307]
APTIDAO: 
15.553068713283434
GEN: 8300
Individuo: 
[1.977608167191046, 1.9003211312527488, 1.6572690355633843, 1.9072554106511164, 1.9553804605362486, 0.6646769057106516, 0.8073870479252008, 0.9999981142075296, 0.9926740802644609, 0.5599384597079723, 0.9999779070704194, 0.9056442009660582, 15.46883405405102, 3.4774200274552873, 1.2471904541898813, 2.4077137948131897, 1.6302256131223853, 1.4651999420868198, 1.0, 1.121659934574929, 1.7461536791130374, 1.9157146331523651, 1.9999946979205416, 1.9999944322260175]
APTIDAO: 
15.553067802485192
GEN: 8400
Individuo: 
[1.9776991060403004, 1.9002814626513544, 1.6587896531140964, 1.907203014164434, 1.9547898434047843, 0.6646391296914439, 0.8073705977508732, 1.0, 0.9925743924957386, 0.5599853577080521, 0.999992309824654, 0.9060325556550995, 15.778807133313908, 3.887994264150812, 1.0513507605442722, 2.457308656289657, 1.731292026034712, 1.417175755060833, 1.0, 1.121703144822804, 1.7460968356356787, 1.915831311881738, 2.0, 1.999989342995986]
APTIDAO: 
15.553027086187019
GEN: 8500
Individuo: 
[1.9776991060403004, 1.9002814626513544, 1.6587896531140964, 1.907203014164434, 1.9547898434047843, 0.6646391296914439, 0.8073705977508732, 1.0, 0.9925743924957386, 0.5599853577080521, 0.999992309824654, 0.9060325556550995, 15.778807133313908, 3.887994264150812, 1.0513507605442722, 2.457308656289657, 1.731292026034712, 1.417175755060833, 1.0, 1.121703144822804, 1.7460968356356787, 1.915831311881738, 2.0, 1.999989342995986]
APTIDAO: 
15.553027086187019
GEN: 8600
Individuo: 
[1.9777058150162512, 1.9003209863150097, 1.6570058705296933, 1.909149855020686, 1.9546665430574721, 0.664641741646786, 0.807386037438275, 0.9999987814871403, 0.9925066030352422, 0.5601889541322279, 0.9999936566443628, 0.9056268173660894, 15.88771936606833, 3.5699212158980353, 1.0, 2.389003972833051, 1.988311363679423, 1.7079849520433863, 1.0, 1.1217068399317607, 1.7461501780592898, 1.91563268736625, 2.0, 2.0]
APTIDAO: 
15.553011391484633
GEN: 8700
Individuo: 
[1.977706709601472, 1.90029226669768, 1.657996830941594, 1.9054565500372809, 1.9551568064480753, 0.664604134852861, 0.8074530199390357, 1.0, 0.9928567245334221, 0.5613960238969988, 0.9999840468541533, 0.9033086104299266, 15.768279013342637, 3.6014740153447766, 1.1412367863378958, 2.38466946324551, 1.0, 1.5673118052326989, 1.0, 1.1216788621295182, 1.7463494976392444, 1.9158350625594804, 2.0, 1.9999984897219811]
APTIDAO: 
15.553000020905253
GEN: 8800
Individuo: 
[1.9777200006958138, 1.9003109255282902, 1.6602712132775568, 1.9033874007732068, 1.955123551086703, 0.6646078336768446, 0.8074202123952642, 1.0, 0.9929146780001008, 0.5610281347082753, 0.9999885909165221, 0.9040988607108921, 15.421042270697116, 3.3335748541413537, 1.1169422258642696, 2.4606997782277436, 1.0, 1.0, 1.0, 1.1216866367524634, 1.7462518755974823, 1.9161274865676003, 2.0, 1.9999943447232162]
APTIDAO: 
15.552998708044539
GEN: 8900
Individuo: 
[1.9776779671487728, 1.9002977651348332, 1.6589719272693007, 1.9044466954227521, 1.955353171850148, 0.6646348455867118, 0.807439914346346, 0.9999999352888564, 0.9929157539398162, 0.5607450894158351, 0.9999682675426564, 0.904282315507883, 15.954750907301758, 3.6079414898535926, 1.218240871052643, 2.437301329488618, 1.0, 1.2149513305430428, 1.0, 1.1216680028916615, 1.7463148009522902, 1.9159605720247896, 2.0, 1.9999987313664642]
APTIDAO: 
15.552994614928002
GEN: 9000
Individuo: 
[1.9776362674504337, 1.9003457097311056, 1.6577638740748482, 1.9064941750058284, 1.9551187089592175, 0.6646343238569481, 0.8074339573205745, 0.9999983679313017, 0.9927290811744733, 0.5607520936207856, 0.9999913178161474, 0.9044025071548386, 15.83233105219642, 3.7267595695041535, 1.429578043722458, 2.4705391679279205, 1.0, 1.7579011172149248, 1.0, 1.121673946690141, 1.746294117574356, 1.9157524530732195, 2.0, 1.9999959850454883]
APTIDAO: 
15.552988129930792
GEN: 9100
Individuo: 
[1.9776899396740446, 1.900309210328179, 1.6595149330718038, 1.9065111257462493, 1.9547824571525243, 0.6646477497540872, 0.8073597770453597, 0.9999998534010048, 0.9925947069846991, 0.5598572571013379, 1.0, 0.9062962860850856, 15.871717020840151, 3.384899985751472, 1.0940415887200023, 2.07679207491037, 1.6266085973634015, 1.42564648821136, 1.0, 1.1217068285439944, 1.746064264907161, 1.9159417970925856, 2.0, 1.9999986707216004]
APTIDAO: 
15.552980459952034
GEN: 9200
Individuo: 
[1.9776899396740446, 1.900309210328179, 1.6595149330718038, 1.9065111257462493, 1.9547824571525243, 0.6646477497540872, 0.8073597770453597, 0.9999998534010048, 0.9925947069846991, 0.5598572571013379, 1.0, 0.9062962860850856, 15.871717020840151, 3.384899985751472, 1.0940415887200023, 2.07679207491037, 1.6266085973634015, 1.42564648821136, 1.0, 1.1217068285439944, 1.746064264907161, 1.9159417970925856, 2.0, 1.9999986707216004]
APTIDAO: 
15.552980459952034
GEN: 9300
Individuo: 
[1.9776654105499858, 1.9003099230652634, 1.6601164980859415, 1.903820209051752, 1.955539392866593, 0.6646659913738481, 0.8074509484972172, 0.9999999926304245, 0.9928452656438699, 0.5595917034659083, 0.9999840073373293, 0.9061969263885681, 15.89377926065508, 3.4648358252250535, 1.4730767956920534, 2.1760356541616397, 1.0, 1.9757976404216222, 1.0, 1.1216782056864227, 1.7463324530310003, 1.9160409940898733, 1.9999980957427932, 1.9999966398515612]
APTIDAO: 
15.552977278105013
GEN: 9400
Individuo: 
[1.977687141396356, 1.9003315957304918, 1.6593678142680763, 1.9037977038019616, 1.9553582332426225, 0.6646212961783726, 0.807463833538144, 0.9999998812600485, 0.9929111683906486, 0.5608858837912141, 0.9999853379893574, 0.9041016951941764, 15.87596836990539, 3.6421041479827583, 1.5685264252717714, 2.1889853713078367, 1.0, 1.8029725819445783, 1.0, 1.1216775547090438, 1.7463805615094858, 1.9159787311783207, 1.9999987990985453, 1.999995283201845]
APTIDAO: 
15.552976871314534
GEN: 9500
Individuo: 
[1.9776294229054696, 1.9003259163269093, 1.658506222303952, 1.9044532324685257, 1.9556614793695457, 0.6646459775977651, 0.807476579586501, 0.9999999023824266, 0.9928828685324274, 0.5604180044627464, 1.0, 0.9046444570251331, 15.132417671072778, 3.4880682791582274, 1.0, 2.001675073596957, 1.0, 1.7987031516000893, 1.0, 1.1216589397742323, 1.7464134375117242, 1.9158671442134565, 2.0, 1.9999951372652476]
APTIDAO: 
15.552967210990248
GEN: 9600
Individuo: 
[1.9776651348800636, 1.9003402559062004, 1.6584841185969796, 1.9047615147342836, 1.9553989265551002, 0.6646314772454482, 0.807469164255739, 0.999999787058372, 0.992844877428899, 0.5608043952070749, 0.9999916598616928, 0.9041669030184754, 15.748808706894764, 3.7187511584460875, 1.503346727691735, 2.1725219738654524, 1.0, 1.7911640299732698, 1.0, 1.1216728537729206, 1.7463973241628217, 1.9158383506782766, 1.9999985927919692, 1.99999801002376]
APTIDAO: 
15.552962845566858
GEN: 9700
Individuo: 
[1.977665506844768, 1.900329728321011, 1.6592056109686484, 1.9041331412851492, 1.9553494342861115, 0.6646289237838838, 0.8074489665071158, 1.0, 0.9928679269986603, 0.5608327732182935, 1.0, 0.904203261634606, 15.28721208548218, 3.792336112668937, 1.9276702160305645, 2.620179132027265, 1.2888435361386184, 1.8118612787443804, 1.0, 1.1216711644398372, 1.7463399050999704, 1.9159484008695533, 1.9999989109137764, 1.9999960280082076]
APTIDAO: 
15.552959688696475
GEN: 9800
Individuo: 
[1.977670188866907, 1.9003245679152772, 1.6592921156348353, 1.9037940488884355, 1.9555230481203039, 0.6646379258554085, 0.8074669346956916, 1.0, 0.992890656383156, 0.5605687193327149, 1.0, 0.9045404906136982, 15.958730887805366, 3.7358420693177474, 1.6923633265821199, 2.4757937243336485, 1.4763116085429513, 1.5537791092702882, 1.0, 1.121672951949703, 1.7463887545151, 1.9159625103925373, 2.0, 1.9999946590010438]
APTIDAO: 
15.552955450720306
GEN: 9900
Individuo: 
[1.977670188866907, 1.9003245679152772, 1.6592921156348353, 1.9037940488884355, 1.9555230481203039, 0.6646379258554085, 0.8074669346956916, 1.0, 0.992890656383156, 0.5605687193327149, 1.0, 0.9045404906136982, 15.958730887805366, 3.7358420693177474, 1.6923633265821199, 2.4757937243336485, 1.4763116085429513, 1.5537791092702882, 1.0, 1.121672951949703, 1.7463887545151, 1.9159625103925373, 2.0, 1.9999946590010438]
APTIDAO: 
15.552955450720306
GEN: 10000
Individuo: 
[1.977639595321288, 1.9003220122773121, 1.6591546916608528, 1.9036658515777705, 1.9558046518561036, 0.6646596185665206, 0.8074790818465264, 1.0, 0.9929183638750472, 0.5600510865110457, 0.9999973735651014, 0.9052006786103566, 15.729472469047927, 3.0169125486689747, 1.5995795412267921, 2.275232345056481, 1.1250014078891362, 1.4041031197407434, 1.0, 1.1216609536847362, 1.7464237370842353, 1.9159430213276125, 1.9999993557586921, 1.9999975777804786]
APTIDAO: 
15.552955083533341

--- RESULTADO FINAL ---
Erro (norma-1): 15.552955083533341
Parâmetros: [1.977639595321288, 1.9003220122773121, 1.6591546916608528, 1.9036658515777705, 1.9558046518561036, 0.6646596185665206, 0.8074790818465264, 1.0, 0.9929183638750472, 0.5600510865110457, 0.9999973735651014, 0.9052006786103566, 15.729472469047927, 3.0169125486689747, 1.5995795412267921, 2.275232345056481, 1.1250014078891362, 1.4041031197407434, 1.0, 1.1216609536847362, 1.7464237370842353, 1.9159430213276125, 1.9999993557586921, 1.9999975777804786]
Tempo total: 01h 15m 18s
