SEED: 1778981565
NP: 50  F: 0.8  CR: 0.9
BOUNDS: tau=[0.1, 5.0]  K=[0.1, 1.0]  N=[1.0, 25.0]  Vmax=[0.1, 2.0]
GEN: 0
Individuo: 
[1.3539358433201525, 4.217678625458443, 3.535362926965936, 3.542927285871014, 0.6013844431797506, 0.14081100725120382, 0.8367169080675919, 0.7812997969117997, 0.7255243860134819, 0.6716723928594504, 0.5904682939549951, 0.5771241639114655, 23.583177610826382, 10.031212201902576, 4.1810145011512665, 16.244533165824173, 23.602029088127033, 23.517848059549987, 11.509160384795013, 1.1181497592936762, 1.4664940314693256, 1.7741946792464394, 1.3251591937710858, 0.4376902061329623]
APTIDAO: 
113.40356370205242
GEN: 100
Individuo: 
[0.1, 4.197553884792992, 4.170957984028082, 0.1, 3.3833430984828263, 0.5392675625548673, 0.8186449204102475, 1.0, 0.6245498909376476, 0.6548090614269021, 0.7408570626019593, 1.0, 1.0, 18.283615703967477, 1.0, 13.237836809762022, 7.826426965893129, 25.0, 1.0, 1.2279825976538197, 2.0, 2.0, 0.7749194732120472, 1.6893858354098]
APTIDAO: 
66.50157388385152
GEN: 200
Individuo: 
[0.1, 4.197553884792992, 4.170957984028082, 0.1, 3.3833430984828263, 0.5392675625548673, 0.8186449204102475, 1.0, 0.6245498909376476, 0.6548090614269021, 0.7408570626019593, 1.0, 1.0, 18.283615703967477, 1.0, 13.237836809762022, 7.826426965893129, 25.0, 1.0, 1.2279825976538197, 2.0, 2.0, 0.7749194732120472, 1.6893858354098]
APTIDAO: 
66.50157388385152
GEN: 300
Individuo: 
[1.9887393394955297, 3.214890888781431, 0.4950379602164876, 0.1, 4.5282635654611845, 0.5298215653771281, 0.5269768810111184, 0.8451381366952766, 0.770807982021577, 0.7266926809466382, 0.44952899124371815, 1.0, 5.3678562048938065, 18.07138461991754, 1.0, 8.46250867453459, 2.951578584061137, 25.0, 25.0, 0.9662530487024655, 1.2672521558813994, 2.0, 0.971177200016611, 1.3900484449703896]
APTIDAO: 
56.61737717223978
GEN: 400
Individuo: 
[2.0089389239654123, 3.3674156889043085, 0.18317789723285394, 0.8902875193417041, 4.19043316368726, 0.5189634407643643, 0.836983342088751, 0.7305622651029866, 0.5667205292547737, 0.5079926396798865, 0.3881315596917304, 0.25089791438005216, 7.3279308943075145, 22.058543368091208, 1.0, 9.999326429294142, 19.910989706200873, 21.655575871069352, 25.0, 1.5851784242236964, 1.240041516411949, 1.6337880923570127, 1.055295707365551, 0.6360073639222942]
APTIDAO: 
46.633444307594985
GEN: 500
Individuo: 
[1.795682576065801, 3.0980146667110287, 0.35944492957174673, 0.1, 5.0, 0.3226317554279428, 0.4930950865116423, 0.6585610103500411, 1.0, 0.6445058400603005, 0.7815710673595331, 1.0, 3.8836592924968025, 20.424549925444577, 2.537493255532576, 1.263047531099276, 1.0, 25.0, 25.0, 2.0, 1.2187400473406609, 1.5737140689409879, 2.0, 1.8549486017068841]
APTIDAO: 
40.233905346186006
GEN: 600
Individuo: 
[1.795682576065801, 3.0980146667110287, 0.35944492957174673, 0.1, 5.0, 0.3226317554279428, 0.4930950865116423, 0.6585610103500411, 1.0, 0.6445058400603005, 0.7815710673595331, 1.0, 3.8836592924968025, 20.424549925444577, 2.537493255532576, 1.263047531099276, 1.0, 25.0, 25.0, 2.0, 1.2187400473406609, 1.5737140689409879, 2.0, 1.8549486017068841]
APTIDAO: 
40.233905346186006
GEN: 700
Individuo: 
[1.8575583749765479, 2.8860754486322486, 1.5888599405046542, 0.10000000000000007, 5.0, 0.37279140225033164, 0.505051508464752, 1.0, 0.8999083787631559, 0.8046155080642269, 0.1558809863917153, 1.0, 6.896719113760743, 18.140040914924796, 1.0, 3.834883389614885, 2.132946468206166, 17.49988766742795, 25.0, 2.0, 1.0709178016656222, 2.0, 1.8892904092972822, 1.614546426410672]
APTIDAO: 
39.684140597661
GEN: 800
Individuo: 
[1.8978289903365864, 2.5233019086356347, 1.4438598328061034, 0.1, 4.830174883566026, 0.47247274268578054, 0.5167971178994825, 0.6078428332937955, 0.9174908735277677, 0.7859393799311234, 0.5947701398494281, 0.9916610395304796, 4.664399636448489, 17.417045362158238, 1.0, 1.0, 2.951578584061137, 24.863967135645616, 25.0, 1.2947979913211065, 1.1505482766263848, 1.2682580370284051, 1.62962379200598, 1.7804174401893402]
APTIDAO: 
34.978368250516965
GEN: 900
Individuo: 
[1.8978289903365864, 2.5233019086356347, 1.4438598328061034, 0.1, 4.830174883566026, 0.47247274268578054, 0.5167971178994825, 0.6078428332937955, 0.9174908735277677, 0.7859393799311234, 0.5947701398494281, 0.9916610395304796, 4.664399636448489, 17.417045362158238, 1.0, 1.0, 2.951578584061137, 24.863967135645616, 25.0, 1.2947979913211065, 1.1505482766263848, 1.2682580370284051, 1.62962379200598, 1.7804174401893402]
APTIDAO: 
34.978368250516965
GEN: 1000
Individuo: 
[1.8978289903365864, 2.5233019086356347, 1.4438598328061034, 0.1, 4.830174883566026, 0.47247274268578054, 0.5167971178994825, 0.6078428332937955, 0.9174908735277677, 0.7859393799311234, 0.5947701398494281, 0.9916610395304796, 4.664399636448489, 17.417045362158238, 1.0, 1.0, 2.951578584061137, 24.863967135645616, 25.0, 1.2947979913211065, 1.1505482766263848, 1.2682580370284051, 1.62962379200598, 1.7804174401893402]
APTIDAO: 
34.978368250516965
GEN: 1100
Individuo: 
[2.22024485656273, 3.4876107240544068, 0.3893563794108127, 0.10000000000000009, 4.295887222398535, 0.5598087657697084, 0.6073776892551679, 1.0, 0.7522219828798048, 0.37951319466271116, 0.44470097071107195, 1.0, 11.41918718846356, 9.270234980390144, 1.0, 3.499437540947281, 4.239387423760232, 24.961256907005094, 17.685312778916938, 1.292219586966229, 1.2368789812976024, 1.7215614397864807, 1.6324332462747133, 1.051736433575127]
APTIDAO: 
31.332222255113738
GEN: 1200
Individuo: 
[2.22024485656273, 3.4876107240544068, 0.3893563794108127, 0.10000000000000009, 4.295887222398535, 0.5598087657697084, 0.6073776892551679, 1.0, 0.7522219828798048, 0.37951319466271116, 0.44470097071107195, 1.0, 11.41918718846356, 9.270234980390144, 1.0, 3.499437540947281, 4.239387423760232, 24.961256907005094, 17.685312778916938, 1.292219586966229, 1.2368789812976024, 1.7215614397864807, 1.6324332462747133, 1.051736433575127]
APTIDAO: 
31.332222255113738
GEN: 1300
Individuo: 
[2.4898208871639103, 2.5785569237585917, 1.1070376607521428, 0.10000000000000006, 5.0, 0.5247503147555064, 0.5756180808361474, 0.48863810224517795, 0.9682998886779329, 0.6339654530517582, 0.1088613673731635, 0.9956747736420091, 7.888861666944491, 22.878253687192238, 1.0, 2.454850196185183, 4.139430736847771, 16.0765091676884, 20.277454477622157, 1.333207609968321, 0.9711722607862865, 1.498500900012439, 1.733610778663786, 1.5382154809170574]
APTIDAO: 
29.94569837624036
GEN: 1400
Individuo: 
[2.4898208871639103, 2.5785569237585917, 1.1070376607521428, 0.10000000000000006, 5.0, 0.5247503147555064, 0.5756180808361474, 0.48863810224517795, 0.9682998886779329, 0.6339654530517582, 0.1088613673731635, 0.9956747736420091, 7.888861666944491, 22.878253687192238, 1.0, 2.454850196185183, 4.139430736847771, 16.0765091676884, 20.277454477622157, 1.333207609968321, 0.9711722607862865, 1.498500900012439, 1.733610778663786, 1.5382154809170574]
APTIDAO: 
29.94569837624036
GEN: 1500
Individuo: 
[2.4898208871639103, 2.5785569237585917, 1.1070376607521428, 0.10000000000000006, 5.0, 0.5247503147555064, 0.5756180808361474, 0.48863810224517795, 0.9682998886779329, 0.6339654530517582, 0.1088613673731635, 0.9956747736420091, 7.888861666944491, 22.878253687192238, 1.0, 2.454850196185183, 4.139430736847771, 16.0765091676884, 20.277454477622157, 1.333207609968321, 0.9711722607862865, 1.498500900012439, 1.733610778663786, 1.5382154809170574]
APTIDAO: 
29.94569837624036
GEN: 1600
Individuo: 
[2.4898208871639103, 2.5785569237585917, 1.1070376607521428, 0.10000000000000006, 5.0, 0.5247503147555064, 0.5756180808361474, 0.48863810224517795, 0.9682998886779329, 0.6339654530517582, 0.1088613673731635, 0.9956747736420091, 7.888861666944491, 22.878253687192238, 1.0, 2.454850196185183, 4.139430736847771, 16.0765091676884, 20.277454477622157, 1.333207609968321, 0.9711722607862865, 1.498500900012439, 1.733610778663786, 1.5382154809170574]
APTIDAO: 
29.94569837624036
GEN: 1700
Individuo: 
[1.2758806496085828, 2.6281496116900644, 2.4949795514361623, 0.10000000000000003, 4.918179923841524, 0.5481546887591048, 0.5569718190259263, 1.0, 0.6634068600707503, 0.5879558890981195, 0.5578496502092499, 1.0, 7.2511403060409165, 15.24920367147115, 1.4014410034471365, 3.209784042479538, 1.7160967443156134, 25.0, 19.22999185972995, 1.0781238398215818, 1.0309514938149036, 2.0, 1.1855899700591805, 1.716542692231819]
APTIDAO: 
27.5484669064068
GEN: 1800
Individuo: 
[1.2758806496085828, 2.6281496116900644, 2.4949795514361623, 0.10000000000000003, 4.918179923841524, 0.5481546887591048, 0.5569718190259263, 1.0, 0.6634068600707503, 0.5879558890981195, 0.5578496502092499, 1.0, 7.2511403060409165, 15.24920367147115, 1.4014410034471365, 3.209784042479538, 1.7160967443156134, 25.0, 19.22999185972995, 1.0781238398215818, 1.0309514938149036, 2.0, 1.1855899700591805, 1.716542692231819]
APTIDAO: 
27.5484669064068
GEN: 1900
Individuo: 
[1.2758806496085828, 2.6281496116900644, 2.4949795514361623, 0.10000000000000003, 4.918179923841524, 0.5481546887591048, 0.5569718190259263, 1.0, 0.6634068600707503, 0.5879558890981195, 0.5578496502092499, 1.0, 7.2511403060409165, 15.24920367147115, 1.4014410034471365, 3.209784042479538, 1.7160967443156134, 25.0, 19.22999185972995, 1.0781238398215818, 1.0309514938149036, 2.0, 1.1855899700591805, 1.716542692231819]
APTIDAO: 
27.5484669064068
GEN: 2000
Individuo: 
[1.2758806496085828, 2.6281496116900644, 2.4949795514361623, 0.10000000000000003, 4.918179923841524, 0.5481546887591048, 0.5569718190259263, 1.0, 0.6634068600707503, 0.5879558890981195, 0.5578496502092499, 1.0, 7.2511403060409165, 15.24920367147115, 1.4014410034471365, 3.209784042479538, 1.7160967443156134, 25.0, 19.22999185972995, 1.0781238398215818, 1.0309514938149036, 2.0, 1.1855899700591805, 1.716542692231819]
APTIDAO: 
27.5484669064068
GEN: 2100
Individuo: 
[1.2758806496085828, 2.6281496116900644, 2.4949795514361623, 0.10000000000000003, 4.918179923841524, 0.5481546887591048, 0.5569718190259263, 1.0, 0.6634068600707503, 0.5879558890981195, 0.5578496502092499, 1.0, 7.2511403060409165, 15.24920367147115, 1.4014410034471365, 3.209784042479538, 1.7160967443156134, 25.0, 19.22999185972995, 1.0781238398215818, 1.0309514938149036, 2.0, 1.1855899700591805, 1.716542692231819]
APTIDAO: 
27.5484669064068
GEN: 2200
Individuo: 
[1.2758806496085828, 2.6281496116900644, 2.4949795514361623, 0.10000000000000003, 4.918179923841524, 0.5481546887591048, 0.5569718190259263, 1.0, 0.6634068600707503, 0.5879558890981195, 0.5578496502092499, 1.0, 7.2511403060409165, 15.24920367147115, 1.4014410034471365, 3.209784042479538, 1.7160967443156134, 25.0, 19.22999185972995, 1.0781238398215818, 1.0309514938149036, 2.0, 1.1855899700591805, 1.716542692231819]
APTIDAO: 
27.5484669064068
GEN: 2300
Individuo: 
[1.8545782705753047, 2.6596698672100154, 2.144733506237717, 0.1, 4.783043692087236, 0.5800946098789789, 0.5648445189593793, 1.0, 0.6224161912049512, 0.47806220167923685, 0.521092442235379, 0.9965156227873988, 14.378386088317999, 20.733524850536, 1.3725372511989427, 2.269588648738989, 2.8138048497247015, 25.0, 21.88258038116037, 1.132302014841838, 1.0193347234495533, 1.8755690081685925, 1.1615736455062362, 1.3596534021881377]
APTIDAO: 
25.936095895344536
GEN: 2400
Individuo: 
[1.8212906101996593, 2.5941503798903476, 1.5791862687056644, 0.10000000000000002, 5.0, 0.5941426016839391, 0.5877884413002837, 0.9862887883901563, 0.5291214788973551, 0.48333811812033195, 0.5253332219364022, 1.0, 11.28716600531939, 23.551791944847174, 1.0, 2.1523530002848044, 1.496465868207646, 25.0, 23.517376181350514, 1.1377391618225352, 1.0806562768825545, 1.8181332095855127, 1.1144874337056985, 1.5516850724653746]
APTIDAO: 
25.61618182517413
GEN: 2500
Individuo: 
[1.810153704331583, 2.7094586164218657, 1.6737153095693416, 0.1000000000000001, 4.90035693129092, 0.5832509440144167, 0.5574282738607322, 0.9704089750717257, 0.5607160751324816, 0.574391478574844, 0.5654082794755031, 0.9974720345806339, 13.315089444253228, 24.728117496851883, 1.0, 2.2670114426455914, 1.201207787316966, 24.423862589670804, 25.0, 1.106773929040794, 1.0573101201844157, 1.8300316873568845, 1.128020599382837, 1.7382110269434154]
APTIDAO: 
25.424908060271868
GEN: 2600
Individuo: 
[1.8292563952063197, 2.7733967660382275, 1.6860199147951875, 0.10000000000000019, 4.737647341146113, 0.5358365659352068, 0.5882225433691954, 0.8078051446109016, 1.0, 0.6043680857428624, 0.496354081199454, 0.9897955137791765, 8.828014560452626, 19.980259346291383, 1.1164389689004202, 2.794807984108122, 2.188085435585137, 25.0, 19.665460071749283, 1.1606473603398741, 1.0848724393160125, 1.5944682828323833, 2.0, 1.6272665470711443]
APTIDAO: 
25.22950589247053
GEN: 2700
Individuo: 
[1.5902930157094857, 2.578750215960007, 2.118353084370667, 0.1, 5.0, 0.6171616234478182, 0.5949237068559567, 0.9498974369860639, 0.683560126806042, 0.5287916165267912, 0.5393820342440552, 1.0, 12.594537600355755, 18.34672356238436, 1.189367888884094, 2.771574981936134, 2.785392967886705, 24.864029175871934, 13.068060185028108, 1.0731842913044602, 1.0336343540576456, 1.791633501912674, 1.4025633754607592, 1.4015431163362702]
APTIDAO: 
24.366930836545734
GEN: 2800
Individuo: 
[1.5902930157094857, 2.578750215960007, 2.118353084370667, 0.1, 5.0, 0.6171616234478182, 0.5949237068559567, 0.9498974369860639, 0.683560126806042, 0.5287916165267912, 0.5393820342440552, 1.0, 12.594537600355755, 18.34672356238436, 1.189367888884094, 2.771574981936134, 2.785392967886705, 24.864029175871934, 13.068060185028108, 1.0731842913044602, 1.0336343540576456, 1.791633501912674, 1.4025633754607592, 1.4015431163362702]
APTIDAO: 
24.366930836545734
GEN: 2900
Individuo: 
[2.102190891312997, 2.3274357255736207, 2.1754028439846453, 0.10000000000000026, 4.920220356242929, 0.5992867279337987, 0.5618396940658004, 0.904810518723545, 0.969617868073623, 0.5708013852774235, 0.43235566472471143, 0.9916299533753932, 9.747258042808381, 19.964580223607015, 1.278879571759885, 2.490633214336159, 2.1017396929437684, 25.0, 22.794012134878336, 1.1826413834689253, 1.0596520804216973, 1.8961235160953105, 1.9385815669664017, 1.5129253279194677]
APTIDAO: 
23.558743551002827
GEN: 3000
Individuo: 
[2.102190891312997, 2.3274357255736207, 2.1754028439846453, 0.10000000000000026, 4.920220356242929, 0.5992867279337987, 0.5618396940658004, 0.904810518723545, 0.969617868073623, 0.5708013852774235, 0.43235566472471143, 0.9916299533753932, 9.747258042808381, 19.964580223607015, 1.278879571759885, 2.490633214336159, 2.1017396929437684, 25.0, 22.794012134878336, 1.1826413834689253, 1.0596520804216973, 1.8961235160953105, 1.9385815669664017, 1.5129253279194677]
APTIDAO: 
23.558743551002827
GEN: 3100
Individuo: 
[1.909411242274244, 2.612225245052149, 1.7152728000764585, 0.10000000000000019, 5.0, 0.6417089044457494, 0.568436300410466, 0.9749322121309636, 0.6909119124172463, 0.43028362278830334, 0.5745189380983391, 0.9963616077331346, 18.22780703554764, 21.477469544154363, 1.249336625583943, 2.2925106128955846, 3.1655618076507888, 20.706486829120948, 24.67182505156691, 1.113259797643547, 1.0631471580283294, 1.9933599914838407, 1.3103996047178503, 1.248353357349961]
APTIDAO: 
23.258566213866775
GEN: 3200
Individuo: 
[2.037812730819075, 2.5438940896913356, 2.016790824274563, 0.10000000000000021, 5.0, 0.6348026287480539, 0.5495070123550101, 0.940069333152568, 1.0, 0.5814019587826152, 0.3877929636285174, 0.9957992476105204, 20.820441375494703, 20.668226226932077, 1.0, 2.497634322175937, 2.3334677447879897, 22.148648169791198, 24.125603593066764, 1.1504429067381747, 0.9960757224693975, 1.844375979926887, 2.0, 1.6070521669622415]
APTIDAO: 
22.964208098633485
GEN: 3300
Individuo: 
[2.037812730819075, 2.5438940896913356, 2.016790824274563, 0.10000000000000021, 5.0, 0.6348026287480539, 0.5495070123550101, 0.940069333152568, 1.0, 0.5814019587826152, 0.3877929636285174, 0.9957992476105204, 20.820441375494703, 20.668226226932077, 1.0, 2.497634322175937, 2.3334677447879897, 22.148648169791198, 24.125603593066764, 1.1504429067381747, 0.9960757224693975, 1.844375979926887, 2.0, 1.6070521669622415]
APTIDAO: 
22.964208098633485
GEN: 3400
Individuo: 
[2.037812730819075, 2.5438940896913356, 2.016790824274563, 0.10000000000000021, 5.0, 0.6348026287480539, 0.5495070123550101, 0.940069333152568, 1.0, 0.5814019587826152, 0.3877929636285174, 0.9957992476105204, 20.820441375494703, 20.668226226932077, 1.0, 2.497634322175937, 2.3334677447879897, 22.148648169791198, 24.125603593066764, 1.1504429067381747, 0.9960757224693975, 1.844375979926887, 2.0, 1.6070521669622415]
APTIDAO: 
22.964208098633485
GEN: 3500
Individuo: 
[2.037812730819075, 2.5438940896913356, 2.016790824274563, 0.10000000000000021, 5.0, 0.6348026287480539, 0.5495070123550101, 0.940069333152568, 1.0, 0.5814019587826152, 0.3877929636285174, 0.9957992476105204, 20.820441375494703, 20.668226226932077, 1.0, 2.497634322175937, 2.3334677447879897, 22.148648169791198, 24.125603593066764, 1.1504429067381747, 0.9960757224693975, 1.844375979926887, 2.0, 1.6070521669622415]
APTIDAO: 
22.964208098633485
GEN: 3600
Individuo: 
[2.037812730819075, 2.5438940896913356, 2.016790824274563, 0.10000000000000021, 5.0, 0.6348026287480539, 0.5495070123550101, 0.940069333152568, 1.0, 0.5814019587826152, 0.3877929636285174, 0.9957992476105204, 20.820441375494703, 20.668226226932077, 1.0, 2.497634322175937, 2.3334677447879897, 22.148648169791198, 24.125603593066764, 1.1504429067381747, 0.9960757224693975, 1.844375979926887, 2.0, 1.6070521669622415]
APTIDAO: 
22.964208098633485
GEN: 3700
Individuo: 
[2.0579857143313385, 2.514977236133736, 1.8976149935385938, 0.1000000000000001, 5.0, 0.6311741556519926, 0.5896332079786294, 0.9518251688124227, 0.8998929854653724, 0.4004861568254707, 0.4215128176483284, 0.9984011861615202, 18.029038989177202, 14.857162986340494, 1.050930411024066, 2.0777908652206856, 3.572128413629886, 20.14088801998618, 22.598084056879433, 1.1789067474574617, 1.054684508833137, 1.8881968892808847, 1.6663576905363138, 1.1844584607451003]
APTIDAO: 
22.46324727708808
GEN: 3800
Individuo: 
[2.0579857143313385, 2.514977236133736, 1.8976149935385938, 0.1000000000000001, 5.0, 0.6311741556519926, 0.5896332079786294, 0.9518251688124227, 0.8998929854653724, 0.4004861568254707, 0.4215128176483284, 0.9984011861615202, 18.029038989177202, 14.857162986340494, 1.050930411024066, 2.0777908652206856, 3.572128413629886, 20.14088801998618, 22.598084056879433, 1.1789067474574617, 1.054684508833137, 1.8881968892808847, 1.6663576905363138, 1.1844584607451003]
APTIDAO: 
22.46324727708808
GEN: 3900
Individuo: 
[2.0579857143313385, 2.514977236133736, 1.8976149935385938, 0.1000000000000001, 5.0, 0.6311741556519926, 0.5896332079786294, 0.9518251688124227, 0.8998929854653724, 0.4004861568254707, 0.4215128176483284, 0.9984011861615202, 18.029038989177202, 14.857162986340494, 1.050930411024066, 2.0777908652206856, 3.572128413629886, 20.14088801998618, 22.598084056879433, 1.1789067474574617, 1.054684508833137, 1.8881968892808847, 1.6663576905363138, 1.1844584607451003]
APTIDAO: 
22.46324727708808
GEN: 4000
Individuo: 
[2.0515726503183225, 2.7557711191770444, 1.823815374140072, 0.10000000000000013, 5.0, 0.608246288506813, 0.6235960047098104, 0.9340886591696878, 1.0, 0.473378222768509, 0.41291213256782755, 1.0, 13.618494597436143, 14.913534488848214, 1.1924972114538233, 2.3051896361562543, 3.21250255281441, 20.001131618160283, 24.577428536793356, 1.1578017252213981, 1.165434746374273, 1.8757727031075349, 1.9276004865551535, 1.2759835365391334]
APTIDAO: 
22.37014720511701
GEN: 4100
Individuo: 
[2.086103550592641, 2.6540591867928436, 2.000937414955323, 0.10000000000000005, 4.917185302039667, 0.6179581085154338, 0.5881803407461206, 0.9710034723947849, 0.8360708786704695, 0.6085756859554141, 0.36504300878596563, 1.0, 20.315042210777882, 22.182329339140843, 1.2614645099419235, 2.4638787904257953, 2.792798472450775, 16.132667178201498, 18.475899747292765, 1.1587253520350638, 1.1042802195257138, 1.8821260771138502, 1.6722188388220285, 1.551950899038451]
APTIDAO: 
22.31501224401093
GEN: 4200
Individuo: 
[2.086103550592641, 2.6540591867928436, 2.000937414955323, 0.10000000000000005, 4.917185302039667, 0.6179581085154338, 0.5881803407461206, 0.9710034723947849, 0.8360708786704695, 0.6085756859554141, 0.36504300878596563, 1.0, 20.315042210777882, 22.182329339140843, 1.2614645099419235, 2.4638787904257953, 2.792798472450775, 16.132667178201498, 18.475899747292765, 1.1587253520350638, 1.1042802195257138, 1.8821260771138502, 1.6722188388220285, 1.551950899038451]
APTIDAO: 
22.31501224401093
GEN: 4300
Individuo: 
[2.086103550592641, 2.6540591867928436, 2.000937414955323, 0.10000000000000005, 4.917185302039667, 0.6179581085154338, 0.5881803407461206, 0.9710034723947849, 0.8360708786704695, 0.6085756859554141, 0.36504300878596563, 1.0, 20.315042210777882, 22.182329339140843, 1.2614645099419235, 2.4638787904257953, 2.792798472450775, 16.132667178201498, 18.475899747292765, 1.1587253520350638, 1.1042802195257138, 1.8821260771138502, 1.6722188388220285, 1.551950899038451]
APTIDAO: 
22.31501224401093
GEN: 4400
Individuo: 
[1.9747445443090506, 2.1585865115262166, 2.4135907546478523, 0.10000000000000002, 5.0, 0.6368205030686527, 0.5618768910983389, 0.9961308061055238, 1.0, 0.4621004207524479, 0.3987848461188511, 1.0, 12.719083462785344, 7.950833962943568, 1.157615320453528, 2.4292194291582208, 2.5190705911781013, 25.0, 22.298066696410007, 1.1563513038083535, 0.9938552684461097, 1.948410880870653, 2.0, 1.4119965796091931]
APTIDAO: 
22.02681742813223
GEN: 4500
Individuo: 
[1.9747445443090506, 2.1585865115262166, 2.4135907546478523, 0.10000000000000002, 5.0, 0.6368205030686527, 0.5618768910983389, 0.9961308061055238, 1.0, 0.4621004207524479, 0.3987848461188511, 1.0, 12.719083462785344, 7.950833962943568, 1.157615320453528, 2.4292194291582208, 2.5190705911781013, 25.0, 22.298066696410007, 1.1563513038083535, 0.9938552684461097, 1.948410880870653, 2.0, 1.4119965796091931]
APTIDAO: 
22.02681742813223
GEN: 4600
Individuo: 
[1.9747445443090506, 2.1585865115262166, 2.4135907546478523, 0.10000000000000002, 5.0, 0.6368205030686527, 0.5618768910983389, 0.9961308061055238, 1.0, 0.4621004207524479, 0.3987848461188511, 1.0, 12.719083462785344, 7.950833962943568, 1.157615320453528, 2.4292194291582208, 2.5190705911781013, 25.0, 22.298066696410007, 1.1563513038083535, 0.9938552684461097, 1.948410880870653, 2.0, 1.4119965796091931]
APTIDAO: 
22.02681742813223
GEN: 4700
Individuo: 
[2.1121999878502558, 2.428298217879045, 2.321901692671506, 0.10000000000000002, 5.0, 0.6345566216171843, 0.5931247019470469, 0.9866326123347884, 0.9117274689459189, 0.44911382878293454, 0.4123031149868917, 1.0, 17.890415763836998, 11.525495305054797, 1.2487223588267617, 2.189970916920431, 3.3205655148341484, 22.099649194115347, 21.061486300166738, 1.1700143319859282, 1.0678764372798377, 1.9582928485705533, 1.8623662858183592, 1.25361280740114]
APTIDAO: 
21.394954507740596
GEN: 4800
Individuo: 
[2.1121999878502558, 2.428298217879045, 2.321901692671506, 0.10000000000000002, 5.0, 0.6345566216171843, 0.5931247019470469, 0.9866326123347884, 0.9117274689459189, 0.44911382878293454, 0.4123031149868917, 1.0, 17.890415763836998, 11.525495305054797, 1.2487223588267617, 2.189970916920431, 3.3205655148341484, 22.099649194115347, 21.061486300166738, 1.1700143319859282, 1.0678764372798377, 1.9582928485705533, 1.8623662858183592, 1.25361280740114]
APTIDAO: 
21.394954507740596
GEN: 4900
Individuo: 
[2.1121999878502558, 2.428298217879045, 2.321901692671506, 0.10000000000000002, 5.0, 0.6345566216171843, 0.5931247019470469, 0.9866326123347884, 0.9117274689459189, 0.44911382878293454, 0.4123031149868917, 1.0, 17.890415763836998, 11.525495305054797, 1.2487223588267617, 2.189970916920431, 3.3205655148341484, 22.099649194115347, 21.061486300166738, 1.1700143319859282, 1.0678764372798377, 1.9582928485705533, 1.8623662858183592, 1.25361280740114]
APTIDAO: 
21.394954507740596
GEN: 5000
Individuo: 
[2.0366680481536252, 2.357117362845978, 2.2252952194262865, 0.1, 4.949776574503286, 0.6075582505880461, 0.627483756707926, 0.9209560530565823, 0.9409873847870044, 0.46418184673601603, 0.4242356079405743, 0.99862357781732, 15.813483578013582, 7.278133073220936, 1.5148770757592385, 2.2802299639590764, 3.5851708813684766, 22.27202735260566, 16.666996617661027, 1.1438560320159987, 1.1752135082925346, 1.9076055047691793, 1.7907980260483074, 1.240635072655304]
APTIDAO: 
20.87615393676691
GEN: 5100
Individuo: 
[1.8311486108037807, 2.4425702468543244, 2.110782884389036, 0.1, 4.984305179532277, 0.6543319487109255, 0.6115107940894905, 1.0, 0.7827194430440662, 0.49196725743271064, 0.4514103338662593, 0.9948020877904707, 22.452280920768086, 7.268271495269688, 1.1295240495614154, 2.445483401227987, 2.331528316312201, 15.675563410065534, 25.0, 1.1064591176982363, 1.1397024477702953, 2.0, 1.4543041143504856, 1.4741962270384386]
APTIDAO: 
20.863648402277718
GEN: 5200
Individuo: 
[1.9016272732894657, 2.421701081536124, 2.0911035374119566, 0.10000000000000002, 4.944126439134906, 0.6418789968545607, 0.615871681704813, 1.0, 0.8483071571099193, 0.4982900368616565, 0.4318788854752546, 0.9894525070202334, 21.640556095331963, 7.379936984488037, 1.4704491478281276, 2.4930360730308516, 2.6904227168537336, 14.864851145316742, 24.95317131986249, 1.1211628809935352, 1.1606728898660037, 1.990885430554778, 1.5864863766735535, 1.450431220796577]
APTIDAO: 
20.734739994599476
GEN: 5300
Individuo: 
[2.009559261600637, 2.2942024354659236, 2.171503266019178, 0.10000000000000003, 4.936948668614145, 0.6362204130575747, 0.615819502749442, 0.9939266599734976, 0.9539298752808203, 0.4016872670326092, 0.4080934996682105, 1.0, 17.03002761142802, 6.009139402307879, 1.7921328598772046, 2.683477617261091, 3.8587792980968545, 21.974582789302772, 23.859124380121102, 1.1432449942808243, 1.1629610549423735, 1.9627500140767495, 1.7750143388612436, 1.2014298720086947]
APTIDAO: 
20.67713030525893
GEN: 5400
Individuo: 
[2.049698449784898, 2.3630402873747096, 2.222650454576584, 0.1, 4.946430550572306, 0.6255131777585371, 0.6152442338085518, 1.0, 0.9901863748088808, 0.44062139791713284, 0.40119626902183264, 1.0, 15.002999265230754, 7.354749287812746, 1.7328619843559236, 2.737355665929251, 3.8129979803149205, 20.46315629947661, 23.32616459287505, 1.1501916057686459, 1.1667874411214132, 1.9577151161092174, 1.879007278282561, 1.2525899288234699]
APTIDAO: 
20.630336317688297
GEN: 5500
Individuo: 
[1.910087392614389, 2.3091536203969474, 2.1748812220317513, 0.10000000000000013, 4.900737355384626, 0.6458122499815144, 0.6199634578220912, 1.0, 0.8096570490245711, 0.4454905981927047, 0.45203872526382727, 0.9938396326034535, 15.70360604754062, 7.651516453921422, 1.6131484362222812, 2.881345403059235, 2.0446157376410823, 20.045197503134144, 25.0, 1.1263843869962031, 1.13702301942219, 2.0, 1.5382168323701202, 1.3865844294821303]
APTIDAO: 
20.466375811330675
GEN: 5600
Individuo: 
[1.910087392614389, 2.3091536203969474, 2.1748812220317513, 0.10000000000000013, 4.900737355384626, 0.6458122499815144, 0.6199634578220912, 1.0, 0.8096570490245711, 0.4454905981927047, 0.45203872526382727, 0.9938396326034535, 15.70360604754062, 7.651516453921422, 1.6131484362222812, 2.881345403059235, 2.0446157376410823, 20.045197503134144, 25.0, 1.1263843869962031, 1.13702301942219, 2.0, 1.5382168323701202, 1.3865844294821303]
APTIDAO: 
20.466375811330675
GEN: 5700
Individuo: 
[1.9016272732894657, 2.3577216027659205, 2.080349120603438, 0.10000000000000028, 4.856680336074975, 0.6529355738716628, 0.6099988041797753, 1.0, 0.8483071571099193, 0.48809675274652053, 0.4284033397258203, 0.9912268382006935, 15.591916747437942, 6.855763477727651, 1.495988606434346, 2.6881360321376686, 2.314134606207061, 19.222586433782585, 25.0, 1.1211628809935352, 1.1606728898660037, 2.0, 1.5864863766735535, 1.4323697765540297]
APTIDAO: 
20.395209998799558
GEN: 5800
Individuo: 
[1.9016272732894657, 2.3577216027659205, 2.080349120603438, 0.10000000000000028, 4.856680336074975, 0.6529355738716628, 0.6099988041797753, 1.0, 0.8483071571099193, 0.48809675274652053, 0.4284033397258203, 0.9912268382006935, 15.591916747437942, 6.855763477727651, 1.495988606434346, 2.6881360321376686, 2.314134606207061, 19.222586433782585, 25.0, 1.1211628809935352, 1.1606728898660037, 2.0, 1.5864863766735535, 1.4323697765540297]
APTIDAO: 
20.395209998799558
GEN: 5900
Individuo: 
[1.9016272732894657, 2.3577216027659205, 2.080349120603438, 0.10000000000000028, 4.856680336074975, 0.6529355738716628, 0.6099988041797753, 1.0, 0.8483071571099193, 0.48809675274652053, 0.4284033397258203, 0.9912268382006935, 15.591916747437942, 6.855763477727651, 1.495988606434346, 2.6881360321376686, 2.314134606207061, 19.222586433782585, 25.0, 1.1211628809935352, 1.1606728898660037, 2.0, 1.5864863766735535, 1.4323697765540297]
APTIDAO: 
20.395209998799558
GEN: 6000
Individuo: 
[1.950761488381934, 2.3349231110089814, 2.1336729057382997, 0.10000000000000031, 4.7808396177079935, 0.6366682525858868, 0.6189286814921471, 0.997091598264513, 0.8510873480149054, 0.508631313302201, 0.43533077771586387, 0.996046398418643, 15.332231319296277, 6.579082291079785, 1.374492643448525, 2.765803925853287, 2.631437407299115, 21.205996704677833, 21.00013063682547, 1.1224930901427708, 1.205034217039268, 1.970283586249984, 1.6502499193065443, 1.4302935020835006]
APTIDAO: 
20.33491145699066
GEN: 6100
Individuo: 
[1.950761488381934, 2.3349231110089814, 2.1336729057382997, 0.10000000000000031, 4.7808396177079935, 0.6366682525858868, 0.6189286814921471, 0.997091598264513, 0.8510873480149054, 0.508631313302201, 0.43533077771586387, 0.996046398418643, 15.332231319296277, 6.579082291079785, 1.374492643448525, 2.765803925853287, 2.631437407299115, 21.205996704677833, 21.00013063682547, 1.1224930901427708, 1.205034217039268, 1.970283586249984, 1.6502499193065443, 1.4302935020835006]
APTIDAO: 
20.33491145699066
GEN: 6200
Individuo: 
[1.950761488381934, 2.3349231110089814, 2.1336729057382997, 0.10000000000000031, 4.7808396177079935, 0.6366682525858868, 0.6189286814921471, 0.997091598264513, 0.8510873480149054, 0.508631313302201, 0.43533077771586387, 0.996046398418643, 15.332231319296277, 6.579082291079785, 1.374492643448525, 2.765803925853287, 2.631437407299115, 21.205996704677833, 21.00013063682547, 1.1224930901427708, 1.205034217039268, 1.970283586249984, 1.6502499193065443, 1.4302935020835006]
APTIDAO: 
20.33491145699066
GEN: 6300
Individuo: 
[1.9884262237694084, 2.36577331059529, 2.013761019616223, 0.10000000000000031, 4.837781783037601, 0.6277486741873081, 0.6223468914744518, 1.0, 0.9008671273155376, 0.5569788141040615, 0.4463413198745345, 0.9979325907010705, 15.430669239591705, 5.480443474071675, 1.0, 2.6460401576984904, 2.9732046496634466, 16.56629684508202, 24.03833150245234, 1.1381817360720936, 1.2495715278543567, 1.9464670132199935, 1.781995814406149, 1.5297672561185105]
APTIDAO: 
20.202358057186007
GEN: 6400
Individuo: 
[1.9480035049135396, 2.318356249708382, 2.1910691718235817, 0.10000000000000017, 4.953914621026268, 0.6319760029575351, 0.6301091546270203, 0.9936389863217946, 0.985170751643464, 0.5489775470825701, 0.4152742883155205, 0.9997467408232376, 14.288492736258867, 5.659427810299615, 1.3688368282387908, 2.85870966794052, 2.610595824200299, 20.214478046059483, 24.59181754094632, 1.141801239070778, 1.2431080685570404, 1.9729443241875468, 1.9361021630009818, 1.55035220799165]
APTIDAO: 
20.075086940706424
GEN: 6500
Individuo: 
[2.065210934669178, 2.250134664756792, 2.322359432038103, 0.10000000000000002, 5.0, 0.6219712362199263, 0.6257193065942279, 0.9916026141466948, 1.0, 0.5817437458340095, 0.4134240024666301, 1.0, 14.08198612079196, 5.2085529555760965, 1.0, 2.805089658142134, 2.391756760001009, 24.82068410255451, 25.0, 1.1533572565195287, 1.2527583374661657, 1.9931076668928105, 1.976942798342865, 1.597078788682743]
APTIDAO: 
19.96583482520458
GEN: 6600
Individuo: 
[2.0280247054071903, 2.221275226760765, 2.326692295247741, 0.1, 5.0, 0.6354316541403717, 0.6251724460982341, 1.0, 0.9192426954403883, 0.5304881936092366, 0.43681186910007336, 1.0, 16.273073766931073, 5.239517571917667, 1.0148978919529916, 2.518919017624235, 2.1638768488813067, 22.89373182313991, 25.0, 1.1424286376582435, 1.2273886655013073, 2.0, 1.84255674599206, 1.5176973599904746]
APTIDAO: 
19.881238409725945
GEN: 6700
Individuo: 
[2.0280247054071903, 2.221275226760765, 2.326692295247741, 0.1, 5.0, 0.6354316541403717, 0.6251724460982341, 1.0, 0.9192426954403883, 0.5304881936092366, 0.43681186910007336, 1.0, 16.273073766931073, 5.239517571917667, 1.0148978919529916, 2.518919017624235, 2.1638768488813067, 22.89373182313991, 25.0, 1.1424286376582435, 1.2273886655013073, 2.0, 1.84255674599206, 1.5176973599904746]
APTIDAO: 
19.881238409725945
GEN: 6800
Individuo: 
[2.111375426946899, 2.0313151677361234, 2.5785588690146066, 0.10000000000000016, 4.726942427948524, 0.6281831017993216, 0.6717778600796518, 0.9959289512459486, 1.0, 0.4563016916775907, 0.40664031160677466, 0.9958924858696144, 17.454503351319197, 4.726083200183846, 1.5141381062164496, 2.6281943496019995, 2.546103235481243, 25.0, 25.0, 1.1773954856510946, 1.3529745560420676, 2.0, 1.9254520523262153, 1.3818638834584926]
APTIDAO: 
19.756211623384324
GEN: 6900
Individuo: 
[2.111375426946899, 2.0313151677361234, 2.5785588690146066, 0.10000000000000016, 4.726942427948524, 0.6281831017993216, 0.6717778600796518, 0.9959289512459486, 1.0, 0.4563016916775907, 0.40664031160677466, 0.9958924858696144, 17.454503351319197, 4.726083200183846, 1.5141381062164496, 2.6281943496019995, 2.546103235481243, 25.0, 25.0, 1.1773954856510946, 1.3529745560420676, 2.0, 1.9254520523262153, 1.3818638834584926]
APTIDAO: 
19.756211623384324
GEN: 7000
Individuo: 
[2.111375426946899, 2.0313151677361234, 2.5785588690146066, 0.10000000000000016, 4.726942427948524, 0.6281831017993216, 0.6717778600796518, 0.9959289512459486, 1.0, 0.4563016916775907, 0.40664031160677466, 0.9958924858696144, 17.454503351319197, 4.726083200183846, 1.5141381062164496, 2.6281943496019995, 2.546103235481243, 25.0, 25.0, 1.1773954856510946, 1.3529745560420676, 2.0, 1.9254520523262153, 1.3818638834584926]
APTIDAO: 
19.756211623384324
GEN: 7100
Individuo: 
[2.0303811934427607, 2.0648704360463843, 2.394932873944058, 0.1, 4.663624682838296, 0.6298897979938561, 0.6669759199514144, 0.9753093584903236, 0.9840008291027116, 0.488773169961992, 0.44834100252534553, 0.9968986849404656, 14.144343031595819, 4.163576604151325, 1.4381746212968656, 2.167334127835184, 2.1121602956389895, 14.73863038634616, 23.916620752195968, 1.1434356176862541, 1.339602382107102, 1.976443512944406, 1.9521350995822426, 1.4361654639908836]
APTIDAO: 
19.663579557749987
GEN: 7200
Individuo: 
[1.9174640764687283, 2.1333723626319117, 2.363276501805473, 0.1000000000000004, 4.908643401870373, 0.6474821636923731, 0.6603674965076097, 0.9857017784946872, 1.0, 0.4924021003989031, 0.4498342717087167, 0.9964111749142253, 19.412484668263776, 4.695552767632314, 1.2398691095241057, 2.369082570923085, 2.9246232431211574, 12.674523087249758, 25.0, 1.125342807682222, 1.3215350300668816, 1.9846243504069072, 2.0, 1.4649924980322482]
APTIDAO: 
19.65290644497163
GEN: 7300
Individuo: 
[1.9174640764687283, 2.1333723626319117, 2.363276501805473, 0.1000000000000004, 4.908643401870373, 0.6474821636923731, 0.6603674965076097, 0.9857017784946872, 1.0, 0.4924021003989031, 0.4498342717087167, 0.9964111749142253, 19.412484668263776, 4.695552767632314, 1.2398691095241057, 2.369082570923085, 2.9246232431211574, 12.674523087249758, 25.0, 1.125342807682222, 1.3215350300668816, 1.9846243504069072, 2.0, 1.4649924980322482]
APTIDAO: 
19.65290644497163
GEN: 7400
Individuo: 
[1.9174640764687283, 2.1333723626319117, 2.363276501805473, 0.1000000000000004, 4.908643401870373, 0.6474821636923731, 0.6603674965076097, 0.9857017784946872, 1.0, 0.4924021003989031, 0.4498342717087167, 0.9964111749142253, 19.412484668263776, 4.695552767632314, 1.2398691095241057, 2.369082570923085, 2.9246232431211574, 12.674523087249758, 25.0, 1.125342807682222, 1.3215350300668816, 1.9846243504069072, 2.0, 1.4649924980322482]
APTIDAO: 
19.65290644497163
GEN: 7500
Individuo: 
[1.9153508465008227, 2.1279980842550095, 2.460198111411924, 0.10000000000000035, 4.7400872517051145, 0.6347896126549112, 0.6601778155249353, 0.9952985992282558, 0.9564446053238539, 0.49425301953613376, 0.44350703603888386, 0.9942003842537268, 17.743497637270913, 4.4474935405533484, 1.0, 2.974947513743931, 2.6446515841409752, 10.803604054057914, 24.390261020097597, 1.1290237544590642, 1.33370471454775, 1.9711387855291058, 1.855418974919051, 1.4541851028154154]
APTIDAO: 
19.538939574405468
GEN: 7600
Individuo: 
[1.9153508465008227, 2.1279980842550095, 2.460198111411924, 0.10000000000000035, 4.7400872517051145, 0.6347896126549112, 0.6601778155249353, 0.9952985992282558, 0.9564446053238539, 0.49425301953613376, 0.44350703603888386, 0.9942003842537268, 17.743497637270913, 4.4474935405533484, 1.0, 2.974947513743931, 2.6446515841409752, 10.803604054057914, 24.390261020097597, 1.1290237544590642, 1.33370471454775, 1.9711387855291058, 1.855418974919051, 1.4541851028154154]
APTIDAO: 
19.538939574405468
GEN: 7700
Individuo: 
[1.9153508465008227, 2.1279980842550095, 2.460198111411924, 0.10000000000000035, 4.7400872517051145, 0.6347896126549112, 0.6601778155249353, 0.9952985992282558, 0.9564446053238539, 0.49425301953613376, 0.44350703603888386, 0.9942003842537268, 17.743497637270913, 4.4474935405533484, 1.0, 2.974947513743931, 2.6446515841409752, 10.803604054057914, 24.390261020097597, 1.1290237544590642, 1.33370471454775, 1.9711387855291058, 1.855418974919051, 1.4541851028154154]
APTIDAO: 
19.538939574405468
GEN: 7800
Individuo: 
[1.953055280584766, 1.9962520717008747, 2.6165656020487984, 0.1000000000000003, 4.697447854067588, 0.6407201871075158, 0.669004682118219, 0.987281871736023, 0.9284205488676138, 0.4315745877224233, 0.44346616558683755, 0.9973705462105242, 14.903022998398251, 4.481775790410097, 1.228848206717906, 2.5518224217805265, 2.3092516747645075, 11.72583999906262, 24.6257747697751, 1.1359359616829796, 1.3429821405554456, 1.974466708168592, 1.8276327800988708, 1.3590453829527125]
APTIDAO: 
19.526071926895007
GEN: 7900
Individuo: 
[1.9975960530986947, 2.025610471833125, 2.624525174388365, 0.10000000000000003, 4.6527262416155555, 0.6277979079128218, 0.6727493963016762, 0.9951039713530574, 1.0, 0.4723531915679724, 0.4277506311684941, 1.0, 16.414813266577127, 4.68486912249052, 1.0, 2.571738217081851, 2.0084559358811465, 7.516829250771888, 25.0, 1.1374034144091514, 1.357212793709483, 2.0, 1.8889841928571156, 1.4402632071510746]
APTIDAO: 
19.37946707044103
GEN: 8000
Individuo: 
[1.9975960530986947, 2.025610471833125, 2.624525174388365, 0.10000000000000003, 4.6527262416155555, 0.6277979079128218, 0.6727493963016762, 0.9951039713530574, 1.0, 0.4723531915679724, 0.4277506311684941, 1.0, 16.414813266577127, 4.68486912249052, 1.0, 2.571738217081851, 2.0084559358811465, 7.516829250771888, 25.0, 1.1374034144091514, 1.357212793709483, 2.0, 1.8889841928571156, 1.4402632071510746]
APTIDAO: 
19.37946707044103
GEN: 8100
Individuo: 
[1.9975960530986947, 2.025610471833125, 2.624525174388365, 0.10000000000000003, 4.6527262416155555, 0.6277979079128218, 0.6727493963016762, 0.9951039713530574, 1.0, 0.4723531915679724, 0.4277506311684941, 1.0, 16.414813266577127, 4.68486912249052, 1.0, 2.571738217081851, 2.0084559358811465, 7.516829250771888, 25.0, 1.1374034144091514, 1.357212793709483, 2.0, 1.8889841928571156, 1.4402632071510746]
APTIDAO: 
19.37946707044103
GEN: 8200
Individuo: 
[2.0125011143042393, 2.0857226108333604, 2.5011769197182794, 0.10000000000000024, 4.567226210119353, 0.6273601307858093, 0.6620886407285946, 0.9935121362977307, 0.9948664163123215, 0.46758336878858486, 0.42516201593938974, 0.9962017099758306, 16.218940008016162, 4.485366064551377, 1.4663520460865285, 2.0798757498966727, 2.4084843865294037, 7.3673841036296, 25.0, 1.1510061793820587, 1.3286071535155075, 1.998066097468599, 1.9085467216722243, 1.4153179068121269]
APTIDAO: 
19.307085860311894
GEN: 8300
Individuo: 
[2.0125011143042393, 2.0857226108333604, 2.5011769197182794, 0.10000000000000024, 4.567226210119353, 0.6273601307858093, 0.6620886407285946, 0.9935121362977307, 0.9948664163123215, 0.46758336878858486, 0.42516201593938974, 0.9962017099758306, 16.218940008016162, 4.485366064551377, 1.4663520460865285, 2.0798757498966727, 2.4084843865294037, 7.3673841036296, 25.0, 1.1510061793820587, 1.3286071535155075, 1.998066097468599, 1.9085467216722243, 1.4153179068121269]
APTIDAO: 
19.307085860311894
GEN: 8400
Individuo: 
[2.0125011143042393, 2.0857226108333604, 2.5011769197182794, 0.10000000000000024, 4.567226210119353, 0.6273601307858093, 0.6620886407285946, 0.9935121362977307, 0.9948664163123215, 0.46758336878858486, 0.42516201593938974, 0.9962017099758306, 16.218940008016162, 4.485366064551377, 1.4663520460865285, 2.0798757498966727, 2.4084843865294037, 7.3673841036296, 25.0, 1.1510061793820587, 1.3286071535155075, 1.998066097468599, 1.9085467216722243, 1.4153179068121269]
APTIDAO: 
19.307085860311894
GEN: 8500
Individuo: 
[2.0125011143042393, 2.0857226108333604, 2.5011769197182794, 0.10000000000000024, 4.567226210119353, 0.6273601307858093, 0.6620886407285946, 0.9935121362977307, 0.9948664163123215, 0.46758336878858486, 0.42516201593938974, 0.9962017099758306, 16.218940008016162, 4.485366064551377, 1.4663520460865285, 2.0798757498966727, 2.4084843865294037, 7.3673841036296, 25.0, 1.1510061793820587, 1.3286071535155075, 1.998066097468599, 1.9085467216722243, 1.4153179068121269]
APTIDAO: 
19.307085860311894
GEN: 8600
Individuo: 
[1.914260464508286, 2.0405983449855016, 2.473331967878389, 0.10000000000000053, 4.739223253278362, 0.6345678424396131, 0.6899668249809242, 0.9650662649036452, 0.9715521494424744, 0.45809552967465356, 0.43898783810511405, 1.0, 14.501631288648738, 4.106934395895299, 1.0, 2.4807124011042614, 2.243045405132932, 4.425570441883337, 24.930192626651728, 1.116239532433649, 1.4004766264755877, 1.9537092849636304, 1.90252857993314, 1.5009338545618969]
APTIDAO: 
19.25683273828497
GEN: 8700
Individuo: 
[1.987329639611871, 2.0405983449855016, 2.473331967878389, 0.10000000000000199, 4.739223253278362, 0.632484183985537, 0.6695660485376074, 0.9867722352644605, 0.9751220726440964, 0.45809552967465356, 0.4240377256169841, 0.9991858332145219, 16.592430408540192, 4.106934395895299, 1.6299194875176588, 2.4807124011042614, 2.243045405132932, 5.815919956752506, 24.587096881063367, 1.1312040601587616, 1.3559881513031018, 1.9822259718691666, 1.90252857993314, 1.4378088544801961]
APTIDAO: 
19.17677587702952
GEN: 8800
Individuo: 
[1.9885711323169628, 2.0288777964711473, 2.4887812991030245, 0.10000000000000149, 4.785392825781827, 0.6349500320370012, 0.669715843274577, 0.9838198869400931, 0.9766783130811939, 0.4593774877578746, 0.41826589625802213, 0.9988177804579322, 16.447741869945784, 4.2237056449267225, 1.4509039993461166, 2.4422736349979566, 2.29341971780166, 5.380961246182486, 24.608623684903954, 1.132530887502085, 1.3559165364737085, 1.981799334134737, 1.9198707568592492, 1.4440525291107864]
APTIDAO: 
19.15296987296903
GEN: 8900
Individuo: 
[2.0166241992351703, 2.046414030165857, 2.546241833643281, 0.10000000000000044, 4.561133087872828, 0.6295960130141723, 0.6604701841202466, 0.9877433244338596, 0.9555852059335828, 0.4518339566942336, 0.41972471801169803, 0.9999277728736402, 15.240429796177565, 4.965268523631001, 1.278981282560605, 2.264145283739693, 2.5694568542261855, 5.065168623329966, 25.0, 1.1468318557541006, 1.338814942015022, 2.0, 1.8201688136121705, 1.4248570773838845]
APTIDAO: 
19.109726391502225
GEN: 9000
Individuo: 
[2.0166241992351703, 2.046414030165857, 2.546241833643281, 0.10000000000000044, 4.561133087872828, 0.6295960130141723, 0.6604701841202466, 0.9877433244338596, 0.9555852059335828, 0.4518339566942336, 0.41972471801169803, 0.9999277728736402, 15.240429796177565, 4.965268523631001, 1.278981282560605, 2.264145283739693, 2.5694568542261855, 5.065168623329966, 25.0, 1.1468318557541006, 1.338814942015022, 2.0, 1.8201688136121705, 1.4248570773838845]
APTIDAO: 
19.109726391502225
GEN: 9100
Individuo: 
[2.0166241992351703, 2.046414030165857, 2.546241833643281, 0.10000000000000044, 4.561133087872828, 0.6295960130141723, 0.6604701841202466, 0.9877433244338596, 0.9555852059335828, 0.4518339566942336, 0.41972471801169803, 0.9999277728736402, 15.240429796177565, 4.965268523631001, 1.278981282560605, 2.264145283739693, 2.5694568542261855, 5.065168623329966, 25.0, 1.1468318557541006, 1.338814942015022, 2.0, 1.8201688136121705, 1.4248570773838845]
APTIDAO: 
19.109726391502225
GEN: 9200
Individuo: 
[1.9740676942543285, 2.0392290539143882, 2.5617335361764435, 0.10000000000000182, 4.336751186241032, 0.6293563120936732, 0.6543150025786886, 0.9935931528627947, 0.9348067022519099, 0.42288110935052653, 0.43728940376093994, 1.0, 14.047229442290137, 4.903418032137854, 1.5315850017589816, 2.0995914005883356, 2.664072365014622, 4.88822753760718, 24.575820598901032, 1.1361495964787838, 1.3238179095660991, 1.9810404920949014, 1.8117435415567462, 1.4193407297493026]
APTIDAO: 
19.091807583418404
GEN: 9300
Individuo: 
[1.9630821542178283, 2.0387515439064394, 2.556860442633466, 0.1000000000000019, 4.441118157641866, 0.6316664986943292, 0.664820286683495, 0.989068715131774, 0.9465451364975205, 0.4242034969336179, 0.43635752519891885, 1.0, 15.179303934525736, 4.851894807292599, 1.0, 2.2429191466735685, 2.453547323635883, 4.894226168537855, 24.488291281176124, 1.1303451949200702, 1.3423207219380369, 1.9721498950030818, 1.862966485050538, 1.4270641759486646]
APTIDAO: 
19.035813942340845
GEN: 9400
Individuo: 
[1.9630821542178283, 2.0387515439064394, 2.556860442633466, 0.1000000000000019, 4.441118157641866, 0.6316664986943292, 0.664820286683495, 0.989068715131774, 0.9465451364975205, 0.4242034969336179, 0.43635752519891885, 1.0, 15.179303934525736, 4.851894807292599, 1.0, 2.2429191466735685, 2.453547323635883, 4.894226168537855, 24.488291281176124, 1.1303451949200702, 1.3423207219380369, 1.9721498950030818, 1.862966485050538, 1.4270641759486646]
APTIDAO: 
19.035813942340845
GEN: 9500
Individuo: 
[1.9630821542178283, 2.0387515439064394, 2.556860442633466, 0.1000000000000019, 4.441118157641866, 0.6316664986943292, 0.664820286683495, 0.989068715131774, 0.9465451364975205, 0.4242034969336179, 0.43635752519891885, 1.0, 15.179303934525736, 4.851894807292599, 1.0, 2.2429191466735685, 2.453547323635883, 4.894226168537855, 24.488291281176124, 1.1303451949200702, 1.3423207219380369, 1.9721498950030818, 1.862966485050538, 1.4270641759486646]
APTIDAO: 
19.035813942340845
GEN: 9600
Individuo: 
[1.9630821542178283, 2.0387515439064394, 2.556860442633466, 0.1000000000000019, 4.441118157641866, 0.6316664986943292, 0.664820286683495, 0.989068715131774, 0.9465451364975205, 0.4242034969336179, 0.43635752519891885, 1.0, 15.179303934525736, 4.851894807292599, 1.0, 2.2429191466735685, 2.453547323635883, 4.894226168537855, 24.488291281176124, 1.1303451949200702, 1.3423207219380369, 1.9721498950030818, 1.862966485050538, 1.4270641759486646]
APTIDAO: 
19.035813942340845
GEN: 9700
Individuo: 
[1.914871423004839, 2.0882102445321973, 2.3609610466809254, 0.1, 4.413410283421762, 0.643312073161376, 0.6684745645271252, 0.9753360257701051, 0.9636343424968238, 0.39544978630374533, 0.44122141229148865, 0.9989706748230196, 16.089265486059364, 4.572185208719973, 1.0348995655062345, 2.6825307439250357, 2.3257822562546604, 4.501489579091938, 25.0, 1.1173487175304297, 1.3507048490901818, 1.946175744584428, 1.9189368922046233, 1.386311998261435]
APTIDAO: 
19.01504810245834
GEN: 9800
Individuo: 
[1.914871423004839, 2.0882102445321973, 2.3609610466809254, 0.1, 4.413410283421762, 0.643312073161376, 0.6684745645271252, 0.9753360257701051, 0.9636343424968238, 0.39544978630374533, 0.44122141229148865, 0.9989706748230196, 16.089265486059364, 4.572185208719973, 1.0348995655062345, 2.6825307439250357, 2.3257822562546604, 4.501489579091938, 25.0, 1.1173487175304297, 1.3507048490901818, 1.946175744584428, 1.9189368922046233, 1.386311998261435]
APTIDAO: 
19.01504810245834
GEN: 9900
Individuo: 
[1.9489978957855643, 2.0293588145706765, 2.537824910003103, 0.10000000000000053, 4.3051153111461335, 0.6348984103669193, 0.6656140174468377, 0.9764906094275397, 0.9667913016047108, 0.3975378632666891, 0.44622293866422813, 0.9995555496812834, 15.608132047198255, 4.591416888598953, 1.1766344173711658, 2.5626997121213546, 2.6131944866338643, 4.544278910159894, 25.0, 1.121365549298785, 1.3447851034395144, 1.9589952486535342, 1.8936625333099986, 1.3957431314087734]
APTIDAO: 
19.01210211826396
GEN: 10000
Individuo: 
[1.9553869643646566, 2.052576561165352, 2.3970396336847397, 0.1, 4.429870877958569, 0.6396365313072986, 0.6599773908529639, 0.9697167488367573, 0.9585871121480156, 0.40932295877457275, 0.4376120630670547, 0.9991022867167937, 15.358310659676945, 4.62727071829058, 1.0, 2.874257798728552, 2.465049342145561, 4.737387697810925, 25.0, 1.127601281829219, 1.3380991298260536, 1.9455641105019619, 1.8859067346964298, 1.405184271154639]
APTIDAO: 
18.994832800766748

--- RESULTADO FINAL ---
Erro (norma-1): 18.994832800766748
Parâmetros: [1.9553869643646566, 2.052576561165352, 2.3970396336847397, 0.1, 4.429870877958569, 0.6396365313072986, 0.6599773908529639, 0.9697167488367573, 0.9585871121480156, 0.40932295877457275, 0.4376120630670547, 0.9991022867167937, 15.358310659676945, 4.62727071829058, 1.0, 2.874257798728552, 2.465049342145561, 4.737387697810925, 25.0, 1.127601281829219, 1.3380991298260536, 1.9455641105019619, 1.8859067346964298, 1.405184271154639]
Tempo total: 02h 31m 37s
