SEED: 1778837425
NP: 50  F: 0.8  CR: 0.9
BOUNDS: tau=[0.1, 5.0]  K=[0.1, 1.0]  N=[1.0, 25.0]  Vmax=[0.1, 2.0]
GEN: 0
Individuo: 
[3.3331958468943, 0.8644037618982557, 1.0989758388342614, 0.1, 2.6275877234094835, 0.1751907292793613, 0.6652784079835306, 0.8086381744673385, 0.7782509715373724, 0.6555930546556923, 0.1, 0.1, 8.356727960981766, 1.0, 18.394148051653694, 25.0, 21.125135368527516, 13.280480446088315, 7.474707649037953, 1.1394136183112171, 2.0, 0.9552582727634201, 0.4009144555265649, 1.5293562411513562]
APTIDAO: 
115.0379471248011
GEN: 100
Individuo: 
[2.05819158776116, 2.6886727841706923, 2.212200332327636, 0.2627658552704958, 5.0, 0.4541405770183425, 0.9890486214736065, 1.0, 0.9231757226281847, 1.0, 0.1, 1.0, 8.296654412886618, 9.42160018347699, 1.0, 1.0, 1.0, 1.0, 20.312428216627467, 1.6221329068363066, 2.0, 2.0, 1.5015391908812237, 2.0]
APTIDAO: 
48.31786447659755
GEN: 200
Individuo: 
[2.220183871395403, 3.150938227336554, 1.8678158854950864, 3.22546136386965, 1.248965235550835, 0.43694230245732, 0.6561265103104786, 0.6895586602304199, 1.0, 0.38339805879367406, 0.1, 0.97770127483423, 7.154408373822458, 16.11133052888621, 1.0, 6.139233313858953, 1.2292812724783055, 1.0, 16.55144389602704, 1.2088611362615258, 1.1718441183318988, 1.807080040875902, 2.0, 1.2362058483460152]
APTIDAO: 
40.90128652727809
GEN: 300
Individuo: 
[3.567715093947251, 2.2645354562280042, 1.3063675584754957, 0.23187316942307704, 3.4874048232886716, 0.43694230245732, 0.6561265103104786, 0.8615171672259954, 1.0, 0.38339805879367406, 0.14087321996814228, 1.0, 25.0, 9.139690204816908, 1.0, 3.913211808951736, 2.9967501532735143, 1.0, 22.90838564598628, 1.5457191684987404, 1.2836938188016056, 1.6920787309683987, 2.0, 1.17847644312425]
APTIDAO: 
37.60737844489485
GEN: 400
Individuo: 
[2.3200702914601727, 2.8133616112428466, 0.1, 2.909444018562592, 3.820935685588896, 0.5121387332788507, 0.6391731211714204, 1.0, 0.8581823584680999, 0.9134379860981044, 0.11380133552517548, 0.9886148894571606, 10.422853989113742, 14.163658883244409, 1.0, 2.2784596329060105, 1.9060510341052017, 2.396638998265418, 10.612316555388634, 1.2552235876949205, 1.117120135816878, 1.8727540631003348, 2.0, 1.7191977930960676]
APTIDAO: 
33.109720655963514
GEN: 500
Individuo: 
[2.7117144422508193, 2.310711980136378, 0.2624462884128371, 2.4024255514408015, 3.843494031251791, 0.5186884859437159, 0.7469293310268662, 0.7735993888806822, 0.922539036077909, 0.8409747041335678, 0.11566164832250639, 0.9762614779608159, 15.08923799269013, 6.5892176305029215, 1.1242989337376277, 3.2253584447426924, 1.0, 1.0, 16.4697088463593, 1.3499520706023607, 1.4845823481830196, 1.7534656924615815, 1.8112426002237199, 1.8193210646718858]
APTIDAO: 
31.47103655327473
GEN: 600
Individuo: 
[3.6165261803040356, 2.3527927481223787, 1.3838399059000108, 1.576070427931766, 4.198519078129254, 0.48863792815931156, 0.5522036258704639, 0.6333313332119842, 0.6067137514189378, 0.6420466725724108, 0.13361109001173288, 0.9929337930142123, 17.43846625454251, 20.11156280487964, 1.3308923339498224, 2.615311772464839, 3.1804946098487354, 1.0, 23.84388045143283, 1.464304645181217, 1.078066560394616, 1.3382800881515018, 1.431701559462077, 1.5999393831417388]
APTIDAO: 
31.36833293881792
GEN: 700
Individuo: 
[3.6165261803040356, 2.3527927481223787, 1.3838399059000108, 1.576070427931766, 4.198519078129254, 0.48863792815931156, 0.5522036258704639, 0.6333313332119842, 0.6067137514189378, 0.6420466725724108, 0.13361109001173288, 0.9929337930142123, 17.43846625454251, 20.11156280487964, 1.3308923339498224, 2.615311772464839, 3.1804946098487354, 1.0, 23.84388045143283, 1.464304645181217, 1.078066560394616, 1.3382800881515018, 1.431701559462077, 1.5999393831417388]
APTIDAO: 
31.36833293881792
GEN: 800
Individuo: 
[3.2496451102414423, 2.41792023912249, 1.8445825062312224, 1.2591888176390937, 3.8348159966017157, 0.48986079913320635, 0.604668980004507, 0.6864989455874705, 0.9084114628989663, 0.26832197012230613, 0.12454526903969451, 0.9962566695231455, 12.119117230285909, 17.476777226500733, 1.0, 2.8588075214465034, 3.284131766665859, 1.0, 21.303678528280805, 1.6309735245536627, 1.0726269516986096, 1.7537577760036887, 1.4864762965713263, 1.0982511527773429]
APTIDAO: 
30.630932402257653
GEN: 900
Individuo: 
[3.2496451102414423, 2.41792023912249, 1.8445825062312224, 1.2591888176390937, 3.8348159966017157, 0.48986079913320635, 0.604668980004507, 0.6864989455874705, 0.9084114628989663, 0.26832197012230613, 0.12454526903969451, 0.9962566695231455, 12.119117230285909, 17.476777226500733, 1.0, 2.8588075214465034, 3.284131766665859, 1.0, 21.303678528280805, 1.6309735245536627, 1.0726269516986096, 1.7537577760036887, 1.4864762965713263, 1.0982511527773429]
APTIDAO: 
30.630932402257653
GEN: 1000
Individuo: 
[1.9141539671872687, 2.2456697182799155, 0.1, 5.0, 4.573152684400962, 0.506508229026388, 0.5816745375504526, 0.779519420919631, 0.7833231110767483, 0.9019652701233766, 0.13048637893312545, 0.9766538715170998, 15.090810920194329, 6.805916180973631, 1.1922596243565433, 4.148417409088861, 1.2293151218250908, 1.0, 8.770892159997967, 1.169545894284147, 1.1614190293045055, 1.572547783133807, 1.812653375598828, 1.8116390410002223]
APTIDAO: 
29.76257332470524
GEN: 1100
Individuo: 
[2.643914093853944, 3.1296877024495484, 1.2614591416670744, 1.5748084991004223, 3.793625104892119, 0.47290843955929324, 0.6687057866761876, 0.7560001454818848, 0.73031847594788, 0.5412783213849759, 0.1174568132004388, 0.9917118222199763, 12.86744103420363, 9.243345521404715, 1.2098508895101463, 2.9926393489707643, 2.5306114137365014, 1.0476487975541642, 25.0, 1.4718983237026069, 1.3406690312063465, 1.7801243076945712, 1.3987552996879664, 1.624058590270174]
APTIDAO: 
29.56812026285741
GEN: 1200
Individuo: 
[2.643914093853944, 3.1296877024495484, 1.2614591416670744, 1.5748084991004223, 3.793625104892119, 0.47290843955929324, 0.6687057866761876, 0.7560001454818848, 0.73031847594788, 0.5412783213849759, 0.1174568132004388, 0.9917118222199763, 12.86744103420363, 9.243345521404715, 1.2098508895101463, 2.9926393489707643, 2.5306114137365014, 1.0476487975541642, 25.0, 1.4718983237026069, 1.3406690312063465, 1.7801243076945712, 1.3987552996879664, 1.624058590270174]
APTIDAO: 
29.56812026285741
GEN: 1300
Individuo: 
[2.678655223236194, 3.0585536490080836, 0.26590669498029496, 3.065134078818539, 3.865384209899773, 0.5119928917311032, 0.6499626582409589, 0.7219424831953051, 0.8034456062251191, 0.6104213945816427, 0.1, 0.9915123048396748, 10.731979860206213, 15.195409036641063, 1.1633899131062915, 3.4854080277686905, 2.022406049587838, 1.0, 25.0, 1.3661455240101936, 1.2733667329049074, 1.8195211733189074, 1.5032543688701012, 1.5843030968473202]
APTIDAO: 
28.688607414218293
GEN: 1400
Individuo: 
[2.678655223236194, 3.0585536490080836, 0.26590669498029496, 3.065134078818539, 3.865384209899773, 0.5119928917311032, 0.6499626582409589, 0.7219424831953051, 0.8034456062251191, 0.6104213945816427, 0.1, 0.9915123048396748, 10.731979860206213, 15.195409036641063, 1.1633899131062915, 3.4854080277686905, 2.022406049587838, 1.0, 25.0, 1.3661455240101936, 1.2733667329049074, 1.8195211733189074, 1.5032543688701012, 1.5843030968473202]
APTIDAO: 
28.688607414218293
GEN: 1500
Individuo: 
[2.515425307584817, 2.5558018319456197, 0.7757530822931675, 1.9597020161215244, 4.405805805349514, 0.6100643289426968, 0.5981976819481106, 0.8773917868752998, 0.7655579658872316, 0.5414377516952611, 0.11973161325731667, 0.9983176261345539, 15.684765710860535, 18.477879198153605, 1.0884117872358698, 3.1129341441083365, 2.8368407919606033, 3.415606113951719, 20.34091556207352, 1.3123816005014517, 1.1034087571760298, 1.6175765037567662, 1.6943036016657285, 1.353949622032182]
APTIDAO: 
26.720826192120786
GEN: 1600
Individuo: 
[3.185689184394634, 2.211143577305593, 1.9514622046282755, 1.0233947709333964, 3.898043303875415, 0.49654818276781426, 0.6106490509709523, 0.7736374890615314, 0.8724568738228503, 0.4822223525742586, 0.1330019504988859, 0.9952460463631781, 14.143439286375347, 11.747714553902352, 1.2385474220407637, 3.365614884201222, 2.8022930717694603, 1.0, 22.00827829428278, 1.4328136285478725, 1.1163971937229589, 1.8044636143032637, 1.7087232500964888, 1.473066042940589]
APTIDAO: 
25.275490499042608
GEN: 1700
Individuo: 
[2.031990981044468, 2.751165902433577, 0.6159518000857155, 2.671727084651776, 5.0, 0.613055871793101, 0.6448706257164697, 1.0, 0.6347570114566965, 0.4748526504525081, 0.11049678675572339, 1.0, 19.510497806726868, 14.800161278068375, 1.1393834713601996, 3.0030797359243224, 2.897879685479287, 1.0, 17.386861233527096, 1.1646610553510184, 1.1454046946805598, 2.0, 1.2240481924213156, 1.4604682715499555]
APTIDAO: 
23.884305772140564
GEN: 1800
Individuo: 
[2.031990981044468, 2.751165902433577, 0.6159518000857155, 2.671727084651776, 5.0, 0.613055871793101, 0.6448706257164697, 1.0, 0.6347570114566965, 0.4748526504525081, 0.11049678675572339, 1.0, 19.510497806726868, 14.800161278068375, 1.1393834713601996, 3.0030797359243224, 2.897879685479287, 1.0, 17.386861233527096, 1.1646610553510184, 1.1454046946805598, 2.0, 1.2240481924213156, 1.4604682715499555]
APTIDAO: 
23.884305772140564
GEN: 1900
Individuo: 
[2.031990981044468, 2.751165902433577, 0.6159518000857155, 2.671727084651776, 5.0, 0.613055871793101, 0.6448706257164697, 1.0, 0.6347570114566965, 0.4748526504525081, 0.11049678675572339, 1.0, 19.510497806726868, 14.800161278068375, 1.1393834713601996, 3.0030797359243224, 2.897879685479287, 1.0, 17.386861233527096, 1.1646610553510184, 1.1454046946805598, 2.0, 1.2240481924213156, 1.4604682715499555]
APTIDAO: 
23.884305772140564
GEN: 2000
Individuo: 
[2.054439590275933, 2.9200177433656176, 1.5525801259884817, 1.418546334743978, 4.9002267762240885, 0.5714891062449035, 0.660101467988522, 1.0, 0.6833487841087607, 0.5894417780346969, 0.1, 0.9956279332753143, 16.82154745537164, 6.438864678066569, 1.1015126382297138, 2.5278636120926774, 3.560223503356509, 1.0, 14.246242690719162, 1.1585642933573057, 1.3437405842474026, 1.993583612017075, 1.132850118872698, 1.5491756069439526]
APTIDAO: 
23.594085643797296
GEN: 2100
Individuo: 
[2.054439590275933, 2.9200177433656176, 1.5525801259884817, 1.418546334743978, 4.9002267762240885, 0.5714891062449035, 0.660101467988522, 1.0, 0.6833487841087607, 0.5894417780346969, 0.1, 0.9956279332753143, 16.82154745537164, 6.438864678066569, 1.1015126382297138, 2.5278636120926774, 3.560223503356509, 1.0, 14.246242690719162, 1.1585642933573057, 1.3437405842474026, 1.993583612017075, 1.132850118872698, 1.5491756069439526]
APTIDAO: 
23.594085643797296
GEN: 2200
Individuo: 
[2.054439590275933, 2.9200177433656176, 1.5525801259884817, 1.418546334743978, 4.9002267762240885, 0.5714891062449035, 0.660101467988522, 1.0, 0.6833487841087607, 0.5894417780346969, 0.1, 0.9956279332753143, 16.82154745537164, 6.438864678066569, 1.1015126382297138, 2.5278636120926774, 3.560223503356509, 1.0, 14.246242690719162, 1.1585642933573057, 1.3437405842474026, 1.993583612017075, 1.132850118872698, 1.5491756069439526]
APTIDAO: 
23.594085643797296
GEN: 2300
Individuo: 
[2.0565192751851495, 2.2524719937887925, 1.8994868696896523, 1.780355452002445, 4.736133983672403, 0.6279583224287523, 0.602070011767604, 1.0, 0.757369157810289, 0.4085435276483623, 0.1, 0.9963750014915801, 25.0, 15.384951096515788, 1.1960362659677324, 3.652478646509055, 2.4560361184695196, 1.0, 13.205318595328851, 1.093694343572101, 1.051221979523996, 2.0, 1.4127707685278326, 1.342288620043408]
APTIDAO: 
23.49405568118538
GEN: 2400
Individuo: 
[2.1688782984111294, 2.9742572039707547, 1.1130089161139751, 2.2677588623073617, 4.751947043729498, 0.5624250173128663, 0.5752291309799921, 1.0, 0.9374964648558528, 0.6032840895135284, 0.12498940229628878, 1.0, 20.69006012879625, 18.718915937193312, 1.2532807679175946, 3.640144825149249, 3.212039847076442, 1.0, 17.666056066415646, 1.2311359616781747, 1.0720282873825866, 2.0, 1.9367274121799771, 1.6072724889770913]
APTIDAO: 
22.899261613837083
GEN: 2500
Individuo: 
[2.1688782984111294, 2.9742572039707547, 1.1130089161139751, 2.2677588623073617, 4.751947043729498, 0.5624250173128663, 0.5752291309799921, 1.0, 0.9374964648558528, 0.6032840895135284, 0.12498940229628878, 1.0, 20.69006012879625, 18.718915937193312, 1.2532807679175946, 3.640144825149249, 3.212039847076442, 1.0, 17.666056066415646, 1.2311359616781747, 1.0720282873825866, 2.0, 1.9367274121799771, 1.6072724889770913]
APTIDAO: 
22.899261613837083
GEN: 2600
Individuo: 
[2.1688782984111294, 2.9742572039707547, 1.1130089161139751, 2.2677588623073617, 4.751947043729498, 0.5624250173128663, 0.5752291309799921, 1.0, 0.9374964648558528, 0.6032840895135284, 0.12498940229628878, 1.0, 20.69006012879625, 18.718915937193312, 1.2532807679175946, 3.640144825149249, 3.212039847076442, 1.0, 17.666056066415646, 1.2311359616781747, 1.0720282873825866, 2.0, 1.9367274121799771, 1.6072724889770913]
APTIDAO: 
22.899261613837083
GEN: 2700
Individuo: 
[2.0780136448544284, 2.435964467342027, 1.3700851126370102, 2.345221256982576, 4.118277627583783, 0.6028901010102049, 0.5669312292102956, 1.0, 0.91856144702145, 0.4440775035158561, 0.16833173614313973, 0.9931815215825225, 16.074509520226144, 8.388369118393824, 1.1428511905195429, 3.2847692782113462, 2.754890022573525, 1.6806091962012843, 21.212248796407675, 1.1801045293863635, 1.0497402718797075, 1.873823181121467, 2.0, 1.4999291522268525]
APTIDAO: 
21.68371148067509
GEN: 2800
Individuo: 
[2.0780136448544284, 2.435964467342027, 1.3700851126370102, 2.345221256982576, 4.118277627583783, 0.6028901010102049, 0.5669312292102956, 1.0, 0.91856144702145, 0.4440775035158561, 0.16833173614313973, 0.9931815215825225, 16.074509520226144, 8.388369118393824, 1.1428511905195429, 3.2847692782113462, 2.754890022573525, 1.6806091962012843, 21.212248796407675, 1.1801045293863635, 1.0497402718797075, 1.873823181121467, 2.0, 1.4999291522268525]
APTIDAO: 
21.68371148067509
GEN: 2900
Individuo: 
[2.0780136448544284, 2.435964467342027, 1.3700851126370102, 2.345221256982576, 4.118277627583783, 0.6028901010102049, 0.5669312292102956, 1.0, 0.91856144702145, 0.4440775035158561, 0.16833173614313973, 0.9931815215825225, 16.074509520226144, 8.388369118393824, 1.1428511905195429, 3.2847692782113462, 2.754890022573525, 1.6806091962012843, 21.212248796407675, 1.1801045293863635, 1.0497402718797075, 1.873823181121467, 2.0, 1.4999291522268525]
APTIDAO: 
21.68371148067509
GEN: 3000
Individuo: 
[2.0780136448544284, 2.435964467342027, 1.3700851126370102, 2.345221256982576, 4.118277627583783, 0.6028901010102049, 0.5669312292102956, 1.0, 0.91856144702145, 0.4440775035158561, 0.16833173614313973, 0.9931815215825225, 16.074509520226144, 8.388369118393824, 1.1428511905195429, 3.2847692782113462, 2.754890022573525, 1.6806091962012843, 21.212248796407675, 1.1801045293863635, 1.0497402718797075, 1.873823181121467, 2.0, 1.4999291522268525]
APTIDAO: 
21.68371148067509
GEN: 3100
Individuo: 
[2.0780136448544284, 2.435964467342027, 1.3700851126370102, 2.345221256982576, 4.118277627583783, 0.6028901010102049, 0.5669312292102956, 1.0, 0.91856144702145, 0.4440775035158561, 0.16833173614313973, 0.9931815215825225, 16.074509520226144, 8.388369118393824, 1.1428511905195429, 3.2847692782113462, 2.754890022573525, 1.6806091962012843, 21.212248796407675, 1.1801045293863635, 1.0497402718797075, 1.873823181121467, 2.0, 1.4999291522268525]
APTIDAO: 
21.68371148067509
GEN: 3200
Individuo: 
[2.0780136448544284, 2.435964467342027, 1.3700851126370102, 2.345221256982576, 4.118277627583783, 0.6028901010102049, 0.5669312292102956, 1.0, 0.91856144702145, 0.4440775035158561, 0.16833173614313973, 0.9931815215825225, 16.074509520226144, 8.388369118393824, 1.1428511905195429, 3.2847692782113462, 2.754890022573525, 1.6806091962012843, 21.212248796407675, 1.1801045293863635, 1.0497402718797075, 1.873823181121467, 2.0, 1.4999291522268525]
APTIDAO: 
21.68371148067509
GEN: 3300
Individuo: 
[2.0780136448544284, 2.435964467342027, 1.3700851126370102, 2.345221256982576, 4.118277627583783, 0.6028901010102049, 0.5669312292102956, 1.0, 0.91856144702145, 0.4440775035158561, 0.16833173614313973, 0.9931815215825225, 16.074509520226144, 8.388369118393824, 1.1428511905195429, 3.2847692782113462, 2.754890022573525, 1.6806091962012843, 21.212248796407675, 1.1801045293863635, 1.0497402718797075, 1.873823181121467, 2.0, 1.4999291522268525]
APTIDAO: 
21.68371148067509
GEN: 3400
Individuo: 
[2.0780136448544284, 2.435964467342027, 1.3700851126370102, 2.345221256982576, 4.118277627583783, 0.6028901010102049, 0.5669312292102956, 1.0, 0.91856144702145, 0.4440775035158561, 0.16833173614313973, 0.9931815215825225, 16.074509520226144, 8.388369118393824, 1.1428511905195429, 3.2847692782113462, 2.754890022573525, 1.6806091962012843, 21.212248796407675, 1.1801045293863635, 1.0497402718797075, 1.873823181121467, 2.0, 1.4999291522268525]
APTIDAO: 
21.68371148067509
GEN: 3500
Individuo: 
[2.0780136448544284, 2.435964467342027, 1.3700851126370102, 2.345221256982576, 4.118277627583783, 0.6028901010102049, 0.5669312292102956, 1.0, 0.91856144702145, 0.4440775035158561, 0.16833173614313973, 0.9931815215825225, 16.074509520226144, 8.388369118393824, 1.1428511905195429, 3.2847692782113462, 2.754890022573525, 1.6806091962012843, 21.212248796407675, 1.1801045293863635, 1.0497402718797075, 1.873823181121467, 2.0, 1.4999291522268525]
APTIDAO: 
21.68371148067509
GEN: 3600
Individuo: 
[2.05333197677942, 2.5064524877608094, 1.0710819879255409, 1.5875307888197683, 4.886161931397955, 0.6054319131633977, 0.5880112938854328, 0.945451087866501, 0.9924398061245967, 0.604635361324469, 0.13383169839590506, 0.981693528984961, 19.775628941647863, 9.378657291500609, 1.3236306030048766, 2.578553673160943, 4.234679862011472, 1.2437949993389545, 13.100701637774307, 1.1658241413690833, 1.023460708276076, 1.8473672130173224, 2.0, 1.557238621254987]
APTIDAO: 
21.145835437396308
GEN: 3700
Individuo: 
[2.05333197677942, 2.5064524877608094, 1.0710819879255409, 1.5875307888197683, 4.886161931397955, 0.6054319131633977, 0.5880112938854328, 0.945451087866501, 0.9924398061245967, 0.604635361324469, 0.13383169839590506, 0.981693528984961, 19.775628941647863, 9.378657291500609, 1.3236306030048766, 2.578553673160943, 4.234679862011472, 1.2437949993389545, 13.100701637774307, 1.1658241413690833, 1.023460708276076, 1.8473672130173224, 2.0, 1.557238621254987]
APTIDAO: 
21.145835437396308
GEN: 3800
Individuo: 
[2.05333197677942, 2.5064524877608094, 1.0710819879255409, 1.5875307888197683, 4.886161931397955, 0.6054319131633977, 0.5880112938854328, 0.945451087866501, 0.9924398061245967, 0.604635361324469, 0.13383169839590506, 0.981693528984961, 19.775628941647863, 9.378657291500609, 1.3236306030048766, 2.578553673160943, 4.234679862011472, 1.2437949993389545, 13.100701637774307, 1.1658241413690833, 1.023460708276076, 1.8473672130173224, 2.0, 1.557238621254987]
APTIDAO: 
21.145835437396308
GEN: 3900
Individuo: 
[2.2902704241281495, 2.5220306163336956, 1.213210753945416, 1.9209760934113478, 4.901974039402739, 0.5701227505332238, 0.6324028877765037, 0.9348305330904569, 0.9740618716975449, 0.540672525270286, 0.18744390573858788, 0.9953032901070022, 11.552492132021467, 9.082744205814944, 1.1845747859590285, 2.7938893844016004, 4.45146178661658, 1.0, 17.242419964684956, 1.2070564467016232, 1.1656250258288594, 1.8192748940610082, 1.999651377157771, 1.5538713729761575]
APTIDAO: 
20.908348741913215
GEN: 4000
Individuo: 
[1.9761786673851913, 2.70014647501837, 1.5479623149758295, 2.4699599697167174, 4.752304848268935, 0.5668082691228781, 0.5639329489707245, 0.9626753229545669, 0.865720104158743, 0.6634355575568497, 0.11975948412726439, 0.9862003969420094, 20.543912458897033, 23.194902898895975, 1.6777887078246474, 3.4336357126393713, 4.098320227677878, 1.2176939592801455, 12.679203523566311, 1.1255331604354193, 1.0627124984663592, 1.946772755406619, 1.7947899951135762, 1.6159734757651323]
APTIDAO: 
20.460760930157573
GEN: 4100
Individuo: 
[2.1002635759265336, 2.534234710849777, 1.2576956113123638, 2.1711151680178933, 4.833404508876264, 0.6023891736506493, 0.5883260002849693, 0.9524494001117018, 0.8294871153048409, 0.5317091592512609, 0.14581583508685253, 0.9970398329176055, 14.373160978364826, 11.413692493258477, 1.5191578419991096, 3.4073200573873708, 3.502396513075503, 1.6149958215378517, 18.713040252735958, 1.1624865327424039, 1.0836984419044733, 1.8734504034863466, 1.6814668269426902, 1.553724040128771]
APTIDAO: 
20.202877590531173
GEN: 4200
Individuo: 
[2.1002635759265336, 2.534234710849777, 1.2576956113123638, 2.1711151680178933, 4.833404508876264, 0.6023891736506493, 0.5883260002849693, 0.9524494001117018, 0.8294871153048409, 0.5317091592512609, 0.14581583508685253, 0.9970398329176055, 14.373160978364826, 11.413692493258477, 1.5191578419991096, 3.4073200573873708, 3.502396513075503, 1.6149958215378517, 18.713040252735958, 1.1624865327424039, 1.0836984419044733, 1.8734504034863466, 1.6814668269426902, 1.553724040128771]
APTIDAO: 
20.202877590531173
GEN: 4300
Individuo: 
[2.288242271965691, 2.591920025440106, 1.320330689464334, 1.976006969278527, 4.816521283442551, 0.5461196327602402, 0.6190682970523014, 0.9469425369986341, 1.0, 0.5643657111798992, 0.23139013718874651, 0.9993520283879935, 16.261841635118664, 10.908955741806377, 1.25381387645768, 2.5356519661837176, 5.257987398375767, 1.1038711365872127, 13.382048132524838, 1.2125844417798863, 1.1642655095203114, 1.892403996949078, 1.9639409086551216, 1.5761687358251586]
APTIDAO: 
19.429677477592023
GEN: 4400
Individuo: 
[2.288242271965691, 2.591920025440106, 1.320330689464334, 1.976006969278527, 4.816521283442551, 0.5461196327602402, 0.6190682970523014, 0.9469425369986341, 1.0, 0.5643657111798992, 0.23139013718874651, 0.9993520283879935, 16.261841635118664, 10.908955741806377, 1.25381387645768, 2.5356519661837176, 5.257987398375767, 1.1038711365872127, 13.382048132524838, 1.2125844417798863, 1.1642655095203114, 1.892403996949078, 1.9639409086551216, 1.5761687358251586]
APTIDAO: 
19.429677477592023
GEN: 4500
Individuo: 
[2.201729197920792, 2.3809883683947186, 1.4503919997548977, 2.152724448872624, 4.920483588988139, 0.5827009702831961, 0.601319172755502, 0.9528143361927112, 1.0, 0.6324765258084754, 0.12932862329175593, 0.9998918071721798, 19.611168580794413, 14.355289967254409, 1.3379972322189586, 2.1061080543445385, 4.752249407234601, 1.4863154806593697, 11.026726651429657, 1.1685922106301962, 1.0791035821257786, 1.910765422293566, 2.0, 1.5782016178013463]
APTIDAO: 
19.27351390490187
GEN: 4600
Individuo: 
[2.201729197920792, 2.3809883683947186, 1.4503919997548977, 2.152724448872624, 4.920483588988139, 0.5827009702831961, 0.601319172755502, 0.9528143361927112, 1.0, 0.6324765258084754, 0.12932862329175593, 0.9998918071721798, 19.611168580794413, 14.355289967254409, 1.3379972322189586, 2.1061080543445385, 4.752249407234601, 1.4863154806593697, 11.026726651429657, 1.1685922106301962, 1.0791035821257786, 1.910765422293566, 2.0, 1.5782016178013463]
APTIDAO: 
19.27351390490187
GEN: 4700
Individuo: 
[2.3315118218984847, 2.1203143759497336, 1.6704837096319254, 2.0610669953143286, 4.79574406249146, 0.5695905345627857, 0.6146041877652646, 0.9569768048703863, 0.9744275986176184, 0.6244873298528255, 0.17281585484705733, 0.9992654741257374, 17.083342808182138, 8.94809292162404, 1.429400118869474, 2.978483338593026, 5.1057183414979965, 1.0419796944298345, 11.624274042951072, 1.2138270835343226, 1.1180745881581036, 1.9752611766469323, 1.9950701141683558, 1.5552342227240243]
APTIDAO: 
19.070445590592392
GEN: 4800
Individuo: 
[2.183392638323195, 2.247781555866573, 1.5989843389961538, 1.9049473689250696, 4.832443884431885, 0.5632869988846493, 0.6098338615485103, 0.977017299302053, 0.9336930998258571, 0.6422160892650165, 0.15914135310479263, 0.9996077940229615, 17.13271185457767, 6.936333734417325, 1.152620323052665, 2.7313699573720327, 4.330612530448343, 1.3286656595174042, 10.299134634988317, 1.1632437198140781, 1.1706476038539269, 1.8862526781888471, 1.9404157402005697, 1.6193297833549174]
APTIDAO: 
18.91309235652933
GEN: 4900
Individuo: 
[2.215972141721041, 2.13395795619517, 1.7884721159569468, 1.8116425110350969, 4.7930935978207705, 0.5640983090970288, 0.6194468615002613, 0.9933439756633787, 0.9402962153477972, 0.6578894693507428, 0.163715255811235, 1.0, 18.022277378530077, 7.195886324880793, 1.2202953972270199, 2.697455978057903, 4.801665261345763, 1.0, 9.188582819532407, 1.1611668420819017, 1.1625362006409972, 1.9101142862788782, 1.9026627389358277, 1.634520828897382]
APTIDAO: 
18.891236256407492
GEN: 5000
Individuo: 
[2.215972141721041, 2.13395795619517, 1.7884721159569468, 1.8116425110350969, 4.7930935978207705, 0.5640983090970288, 0.6194468615002613, 0.9933439756633787, 0.9402962153477972, 0.6578894693507428, 0.163715255811235, 1.0, 18.022277378530077, 7.195886324880793, 1.2202953972270199, 2.697455978057903, 4.801665261345763, 1.0, 9.188582819532407, 1.1611668420819017, 1.1625362006409972, 1.9101142862788782, 1.9026627389358277, 1.634520828897382]
APTIDAO: 
18.891236256407492
GEN: 5100
Individuo: 
[2.215972141721041, 2.13395795619517, 1.7884721159569468, 1.8116425110350969, 4.7930935978207705, 0.5640983090970288, 0.6194468615002613, 0.9933439756633787, 0.9402962153477972, 0.6578894693507428, 0.163715255811235, 1.0, 18.022277378530077, 7.195886324880793, 1.2202953972270199, 2.697455978057903, 4.801665261345763, 1.0, 9.188582819532407, 1.1611668420819017, 1.1625362006409972, 1.9101142862788782, 1.9026627389358277, 1.634520828897382]
APTIDAO: 
18.891236256407492
GEN: 5200
Individuo: 
[2.207668335157592, 1.9539030880356707, 1.7794790904295619, 1.5429303522930635, 4.84318197705531, 0.6018023490593312, 0.5822001280435762, 1.0, 0.9694388497778283, 0.6004136985675239, 0.1556856647349966, 1.0, 19.821838125664225, 5.20726192495202, 1.73170466330013, 2.530086688563893, 5.334062668224576, 1.0, 8.045350441796348, 1.147259957197073, 1.133261738816671, 1.999702854967077, 1.847531638708792, 1.398303512781332]
APTIDAO: 
18.400814208402952
GEN: 5300
Individuo: 
[2.1182371835595033, 2.143294030439227, 1.7789520804122447, 1.8024360154424595, 4.856316218046657, 0.5833246651195209, 0.5817281029004595, 0.9820232842378418, 0.9570537451098043, 0.6301848933407869, 0.22063444964111623, 0.9916969579360405, 15.225287528732006, 6.483450422134479, 1.3476660984710045, 2.7969033552239977, 6.014555302252043, 1.2658767668478448, 10.012047552390527, 1.1370797671601414, 1.126541697708661, 1.9278971098928956, 1.9074810678426861, 1.5627918381494819]
APTIDAO: 
17.987404229347565
GEN: 5400
Individuo: 
[2.1182371835595033, 2.143294030439227, 1.7789520804122447, 1.8024360154424595, 4.856316218046657, 0.5833246651195209, 0.5817281029004595, 0.9820232842378418, 0.9570537451098043, 0.6301848933407869, 0.22063444964111623, 0.9916969579360405, 15.225287528732006, 6.483450422134479, 1.3476660984710045, 2.7969033552239977, 6.014555302252043, 1.2658767668478448, 10.012047552390527, 1.1370797671601414, 1.126541697708661, 1.9278971098928956, 1.9074810678426861, 1.5627918381494819]
APTIDAO: 
17.987404229347565
GEN: 5500
Individuo: 
[2.1182371835595033, 2.143294030439227, 1.7789520804122447, 1.8024360154424595, 4.856316218046657, 0.5833246651195209, 0.5817281029004595, 0.9820232842378418, 0.9570537451098043, 0.6301848933407869, 0.22063444964111623, 0.9916969579360405, 15.225287528732006, 6.483450422134479, 1.3476660984710045, 2.7969033552239977, 6.014555302252043, 1.2658767668478448, 10.012047552390527, 1.1370797671601414, 1.126541697708661, 1.9278971098928956, 1.9074810678426861, 1.5627918381494819]
APTIDAO: 
17.987404229347565
GEN: 5600
Individuo: 
[2.0680183441751545, 1.9393995323789666, 1.6895399996514866, 2.0339307565945215, 4.888198833820828, 0.6044158494216378, 0.5985691966543416, 1.0, 1.0, 0.6437699688813635, 0.17874062340206653, 0.9876391649521922, 18.48324707248117, 5.752613394387466, 1.332460572683506, 2.748395883873515, 7.726699325707405, 1.3220655695923267, 8.69942780885942, 1.117493781943993, 1.1569180187287644, 1.9387743630827423, 1.9318735432891023, 1.4621196710457847]
APTIDAO: 
17.685239944083712
GEN: 5700
Individuo: 
[2.0680183441751545, 1.9393995323789666, 1.6895399996514866, 2.0339307565945215, 4.888198833820828, 0.6044158494216378, 0.5985691966543416, 1.0, 1.0, 0.6437699688813635, 0.17874062340206653, 0.9876391649521922, 18.48324707248117, 5.752613394387466, 1.332460572683506, 2.748395883873515, 7.726699325707405, 1.3220655695923267, 8.69942780885942, 1.117493781943993, 1.1569180187287644, 1.9387743630827423, 1.9318735432891023, 1.4621196710457847]
APTIDAO: 
17.685239944083712
GEN: 5800
Individuo: 
[2.0680183441751545, 1.9393995323789666, 1.6895399996514866, 2.0339307565945215, 4.888198833820828, 0.6044158494216378, 0.5985691966543416, 1.0, 1.0, 0.6437699688813635, 0.17874062340206653, 0.9876391649521922, 18.48324707248117, 5.752613394387466, 1.332460572683506, 2.748395883873515, 7.726699325707405, 1.3220655695923267, 8.69942780885942, 1.117493781943993, 1.1569180187287644, 1.9387743630827423, 1.9318735432891023, 1.4621196710457847]
APTIDAO: 
17.685239944083712
GEN: 5900
Individuo: 
[1.93366579337528, 1.8192043156060882, 1.9120346917712157, 1.635816818344838, 4.731603503378478, 0.6234344359693849, 0.617530652862469, 1.0, 1.0, 0.6763383363011863, 0.12821941032723413, 0.9872211745871802, 21.875091472757664, 4.921219396588511, 1.0, 2.3536320083777964, 6.1644768764706175, 1.6292026417064611, 6.752360330288082, 1.0893096492273608, 1.2085804299649874, 1.925217899722779, 1.9789811856665864, 1.405272758863692]
APTIDAO: 
17.54865579748849
GEN: 6000
Individuo: 
[2.1040949708863317, 1.9507955054641946, 1.2296078146738865, 2.3957394969730896, 4.153329653959091, 0.5903575085186427, 0.6435500354535508, 0.9616880678714396, 0.980311273444147, 0.6482613922016819, 0.16358502524652851, 0.9850915664039577, 16.819188190315824, 4.056516825279315, 1.6806396082571828, 2.659564350854378, 5.690078961526354, 1.268700114994109, 9.444944839195369, 1.1458481535396015, 1.2738754931728773, 1.8481668785382628, 2.0, 1.5083160102310003]
APTIDAO: 
17.504784186170216
GEN: 6100
Individuo: 
[2.0897894661631047, 1.8794802553876198, 1.505931902104307, 2.4580039979193193, 4.9938548718578115, 0.6049011268855942, 0.6541430870807008, 1.0, 1.0, 0.6306283729051291, 0.15079537244936603, 0.9986951889265129, 23.35458266950489, 4.342041872175451, 1.9599147372975336, 2.5778015589291408, 7.054247566066394, 1.790099637570922, 7.721984425391017, 1.1251113080737378, 1.3076754748483561, 2.0, 1.935311489977678, 1.4080261371313008]
APTIDAO: 
17.359955411495854
GEN: 6200
Individuo: 
[2.1131400842278953, 1.798064128894126, 1.6943892747464926, 1.920383130096579, 4.269882245815601, 0.628699927904292, 0.6563548840521836, 0.9451417898283514, 0.9916441668470467, 0.60236457976305, 0.14169151537872032, 0.9962945929731348, 18.39449936075479, 4.4251965378496125, 1.771189130101746, 2.1796913970227396, 5.194987383853831, 1.191952540111301, 8.174840871052965, 1.16209632705464, 1.2843848287043333, 1.942098075176365, 1.923639469749477, 1.3642077332325935]
APTIDAO: 
17.294674117804256
GEN: 6300
Individuo: 
[2.1686872377225583, 1.901840266464851, 1.5476060167029744, 1.6913448010868612, 4.226562999214249, 0.6018817500303182, 0.6193758430130782, 1.0, 1.0, 0.6265243095552334, 0.15519620002182516, 0.9983581859392189, 20.470557754421726, 5.433520637679674, 1.9962602079759888, 2.6390934593754483, 5.946428557225445, 1.3220655695923267, 6.632230490793627, 1.1369340794655944, 1.1696637077735237, 1.9841665480199935, 1.9716576200708116, 1.3587057195218633]
APTIDAO: 
17.169291451966938
GEN: 6400
Individuo: 
[2.1686872377225583, 1.901840266464851, 1.5476060167029744, 1.6913448010868612, 4.226562999214249, 0.6018817500303182, 0.6193758430130782, 1.0, 1.0, 0.6265243095552334, 0.15519620002182516, 0.9983581859392189, 20.470557754421726, 5.433520637679674, 1.9962602079759888, 2.6390934593754483, 5.946428557225445, 1.3220655695923267, 6.632230490793627, 1.1369340794655944, 1.1696637077735237, 1.9841665480199935, 1.9716576200708116, 1.3587057195218633]
APTIDAO: 
17.169291451966938
GEN: 6500
Individuo: 
[2.0422107467018913, 1.915383844841996, 1.5735346384620166, 1.9316504778183687, 4.45036034824246, 0.6209648268048045, 0.6297566180032379, 0.9870040603945904, 0.9812448495124665, 0.6292288420103608, 0.1478481907603323, 0.9914749640074361, 20.51279828037815, 4.913353224545363, 1.2118225545693222, 2.328718825085209, 5.170148712162838, 1.5729481373471412, 8.427019922819287, 1.1153073729508407, 1.2564501499854268, 1.9198202233079429, 1.9845782109852743, 1.4166243488308183]
APTIDAO: 
16.99763993013286
GEN: 6600
Individuo: 
[2.073208665073544, 1.8114122564866597, 1.6942300132748918, 2.1175349554656746, 4.445993062044765, 0.612853381686742, 0.629905130932505, 0.9899889926629628, 0.9698374289898742, 0.6429781605102388, 0.13130411657406493, 0.9866752575207612, 21.267544073842444, 4.960893749741429, 1.500509085582849, 2.8248477043615097, 7.10168260025702, 1.2766316503080026, 6.988225735451749, 1.1459111489029148, 1.2253609156615395, 1.8881769848035093, 1.9680516559297814, 1.3175058690268944]
APTIDAO: 
16.927184480157344
GEN: 6700
Individuo: 
[2.1207831577019625, 1.9043593973525503, 1.694828205824651, 2.0537137895569795, 4.728887550721437, 0.588171036850122, 0.6471374621055251, 1.0, 0.9871696675611599, 0.64225976751301, 0.20869757342991, 0.9990226196413821, 15.705960921482335, 4.492643034384018, 1.8352894829723574, 2.3799537575748237, 6.549461912410516, 1.3404617234298726, 8.24343039271384, 1.1454897384311062, 1.2881214547213373, 1.9555150199294107, 1.9692100606140226, 1.553573004460904]
APTIDAO: 
16.82196811153498
GEN: 6800
Individuo: 
[2.065220768456339, 1.9311551991784026, 1.2882417835332223, 2.4056719376593616, 4.321178524799887, 0.607851241216452, 0.6569635737052668, 0.9717942017258111, 0.9873653781724725, 0.6292143481735274, 0.14582600228290502, 0.991045518923151, 15.513503973196165, 4.287731642093068, 1.387626957426058, 2.466471934384951, 5.74665986961429, 1.5092271766286915, 8.543480321171792, 1.1402297914617738, 1.3034664167219638, 1.893982995034445, 2.0, 1.413922012846161]
APTIDAO: 
16.59749775610868
GEN: 6900
Individuo: 
[2.065220768456339, 1.9311551991784026, 1.2882417835332223, 2.4056719376593616, 4.321178524799887, 0.607851241216452, 0.6569635737052668, 0.9717942017258111, 0.9873653781724725, 0.6292143481735274, 0.14582600228290502, 0.991045518923151, 15.513503973196165, 4.287731642093068, 1.387626957426058, 2.466471934384951, 5.74665986961429, 1.5092271766286915, 8.543480321171792, 1.1402297914617738, 1.3034664167219638, 1.893982995034445, 2.0, 1.413922012846161]
APTIDAO: 
16.59749775610868
GEN: 7000
Individuo: 
[2.061101675528478, 1.8569839521638252, 1.4199461480828317, 2.0837952410403138, 4.409495039631058, 0.6206856098071837, 0.6436892467560414, 0.9939489504925633, 0.972358914563539, 0.6285897221059965, 0.10735373199997796, 0.9986317652383776, 13.798925526495852, 4.5168352855177, 1.8078150345151414, 2.394923360767454, 6.027749553625139, 1.283024975627951, 6.954499599984322, 1.1406912391919106, 1.2604810209112955, 1.9229300145180497, 1.9240599915281398, 1.280407965237992]
APTIDAO: 
16.43695566000938
GEN: 7100
Individuo: 
[2.061101675528478, 1.8569839521638252, 1.4199461480828317, 2.0837952410403138, 4.409495039631058, 0.6206856098071837, 0.6436892467560414, 0.9939489504925633, 0.972358914563539, 0.6285897221059965, 0.10735373199997796, 0.9986317652383776, 13.798925526495852, 4.5168352855177, 1.8078150345151414, 2.394923360767454, 6.027749553625139, 1.283024975627951, 6.954499599984322, 1.1406912391919106, 1.2604810209112955, 1.9229300145180497, 1.9240599915281398, 1.280407965237992]
APTIDAO: 
16.43695566000938
GEN: 7200
Individuo: 
[2.061101675528478, 1.8569839521638252, 1.4199461480828317, 2.0837952410403138, 4.409495039631058, 0.6206856098071837, 0.6436892467560414, 0.9939489504925633, 0.972358914563539, 0.6285897221059965, 0.10735373199997796, 0.9986317652383776, 13.798925526495852, 4.5168352855177, 1.8078150345151414, 2.394923360767454, 6.027749553625139, 1.283024975627951, 6.954499599984322, 1.1406912391919106, 1.2604810209112955, 1.9229300145180497, 1.9240599915281398, 1.280407965237992]
APTIDAO: 
16.43695566000938
GEN: 7300
Individuo: 
[2.061101675528478, 1.8569839521638252, 1.4199461480828317, 2.0837952410403138, 4.409495039631058, 0.6206856098071837, 0.6436892467560414, 0.9939489504925633, 0.972358914563539, 0.6285897221059965, 0.10735373199997796, 0.9986317652383776, 13.798925526495852, 4.5168352855177, 1.8078150345151414, 2.394923360767454, 6.027749553625139, 1.283024975627951, 6.954499599984322, 1.1406912391919106, 1.2604810209112955, 1.9229300145180497, 1.9240599915281398, 1.280407965237992]
APTIDAO: 
16.43695566000938
GEN: 7400
Individuo: 
[2.061101675528478, 1.8569839521638252, 1.4199461480828317, 2.0837952410403138, 4.409495039631058, 0.6206856098071837, 0.6436892467560414, 0.9939489504925633, 0.972358914563539, 0.6285897221059965, 0.10735373199997796, 0.9986317652383776, 13.798925526495852, 4.5168352855177, 1.8078150345151414, 2.394923360767454, 6.027749553625139, 1.283024975627951, 6.954499599984322, 1.1406912391919106, 1.2604810209112955, 1.9229300145180497, 1.9240599915281398, 1.280407965237992]
APTIDAO: 
16.43695566000938
GEN: 7500
Individuo: 
[2.061101675528478, 1.8569839521638252, 1.4199461480828317, 2.0837952410403138, 4.409495039631058, 0.6206856098071837, 0.6436892467560414, 0.9939489504925633, 0.972358914563539, 0.6285897221059965, 0.10735373199997796, 0.9986317652383776, 13.798925526495852, 4.5168352855177, 1.8078150345151414, 2.394923360767454, 6.027749553625139, 1.283024975627951, 6.954499599984322, 1.1406912391919106, 1.2604810209112955, 1.9229300145180497, 1.9240599915281398, 1.280407965237992]
APTIDAO: 
16.43695566000938
GEN: 7600
Individuo: 
[2.061101675528478, 1.8569839521638252, 1.4199461480828317, 2.0837952410403138, 4.409495039631058, 0.6206856098071837, 0.6436892467560414, 0.9939489504925633, 0.972358914563539, 0.6285897221059965, 0.10735373199997796, 0.9986317652383776, 13.798925526495852, 4.5168352855177, 1.8078150345151414, 2.394923360767454, 6.027749553625139, 1.283024975627951, 6.954499599984322, 1.1406912391919106, 1.2604810209112955, 1.9229300145180497, 1.9240599915281398, 1.280407965237992]
APTIDAO: 
16.43695566000938
GEN: 7700
Individuo: 
[1.9807301622205207, 1.8874112781857784, 1.6398590837809115, 2.078164165205631, 4.603990676762167, 0.6281523248540528, 0.6488690644397745, 0.9971597077038573, 0.9564088036946586, 0.617703608545381, 0.12046121073892008, 0.9868358959208179, 15.813263433324487, 4.749675246286171, 1.0, 2.7032194518205173, 6.136898227218029, 1.2357129962497166, 7.815174400927969, 1.122794498815735, 1.2826313484917895, 1.9015077202008237, 1.9448210298313644, 1.303361017449623]
APTIDAO: 
16.330339472162827
GEN: 7800
Individuo: 
[1.9807301622205207, 1.8874112781857784, 1.6398590837809115, 2.078164165205631, 4.603990676762167, 0.6281523248540528, 0.6488690644397745, 0.9971597077038573, 0.9564088036946586, 0.617703608545381, 0.12046121073892008, 0.9868358959208179, 15.813263433324487, 4.749675246286171, 1.0, 2.7032194518205173, 6.136898227218029, 1.2357129962497166, 7.815174400927969, 1.122794498815735, 1.2826313484917895, 1.9015077202008237, 1.9448210298313644, 1.303361017449623]
APTIDAO: 
16.330339472162827
GEN: 7900
Individuo: 
[1.9807301622205207, 1.8874112781857784, 1.6398590837809115, 2.078164165205631, 4.603990676762167, 0.6281523248540528, 0.6488690644397745, 0.9971597077038573, 0.9564088036946586, 0.617703608545381, 0.12046121073892008, 0.9868358959208179, 15.813263433324487, 4.749675246286171, 1.0, 2.7032194518205173, 6.136898227218029, 1.2357129962497166, 7.815174400927969, 1.122794498815735, 1.2826313484917895, 1.9015077202008237, 1.9448210298313644, 1.303361017449623]
APTIDAO: 
16.330339472162827
GEN: 8000
Individuo: 
[2.04699638925156, 1.8558553005841862, 1.5402923120449445, 2.3334747326748198, 4.644739349225075, 0.6301959010980722, 0.6508836912590417, 0.9867607193598568, 0.9800723707802764, 0.6034742493201549, 0.1022464686423625, 0.9953908054768401, 16.444887266407417, 4.555223367358006, 1.2193275932348813, 2.703624135868142, 7.103607754712895, 1.0416575396000456, 6.933714158607511, 1.133725999124661, 1.288131130209225, 1.8997059254163955, 1.9799416594652877, 1.2277366496019666]
APTIDAO: 
16.239761916411428
GEN: 8100
Individuo: 
[2.04699638925156, 1.8558553005841862, 1.5402923120449445, 2.3334747326748198, 4.644739349225075, 0.6301959010980722, 0.6508836912590417, 0.9867607193598568, 0.9800723707802764, 0.6034742493201549, 0.1022464686423625, 0.9953908054768401, 16.444887266407417, 4.555223367358006, 1.2193275932348813, 2.703624135868142, 7.103607754712895, 1.0416575396000456, 6.933714158607511, 1.133725999124661, 1.288131130209225, 1.8997059254163955, 1.9799416594652877, 1.2277366496019666]
APTIDAO: 
16.239761916411428
GEN: 8200
Individuo: 
[2.04699638925156, 1.8558553005841862, 1.5402923120449445, 2.3334747326748198, 4.644739349225075, 0.6301959010980722, 0.6508836912590417, 0.9867607193598568, 0.9800723707802764, 0.6034742493201549, 0.1022464686423625, 0.9953908054768401, 16.444887266407417, 4.555223367358006, 1.2193275932348813, 2.703624135868142, 7.103607754712895, 1.0416575396000456, 6.933714158607511, 1.133725999124661, 1.288131130209225, 1.8997059254163955, 1.9799416594652877, 1.2277366496019666]
APTIDAO: 
16.239761916411428
GEN: 8300
Individuo: 
[2.0367570538772615, 1.8951599410455209, 1.558955665644216, 1.981779481034393, 4.305513747832926, 0.6173225632604217, 0.6652620479825805, 0.9567340214885475, 0.9749912699228264, 0.6127095982701927, 0.10656920340241612, 0.9958939733433689, 14.252002070746025, 4.162561167072916, 1.0, 2.275006351324559, 6.584597126142566, 1.28608160523903, 5.928064719182852, 1.136657362737984, 1.3105492826650564, 1.8296340372019944, 1.988939410902913, 1.219816646737964]
APTIDAO: 
16.15450981936854
GEN: 8400
Individuo: 
[2.017646696775855, 1.8736704116350342, 1.620070896483399, 2.001209750647139, 4.294068930995048, 0.6226457547529696, 0.6527905757476153, 0.9705048471258133, 0.9950896192462154, 0.6178255762805843, 0.10090311999670483, 0.993957594141214, 14.843576304851522, 4.521591407599457, 1.3517122694058359, 2.2107930692077513, 6.835874070419415, 1.195188169825358, 5.911071600085351, 1.135022444597056, 1.282074910582152, 1.8732763807793826, 1.9969191883594268, 1.2167853485237914]
APTIDAO: 
16.120014432233113
GEN: 8500
Individuo: 
[2.017646696775855, 1.8736704116350342, 1.620070896483399, 2.001209750647139, 4.294068930995048, 0.6226457547529696, 0.6527905757476153, 0.9705048471258133, 0.9950896192462154, 0.6178255762805843, 0.10090311999670483, 0.993957594141214, 14.843576304851522, 4.521591407599457, 1.3517122694058359, 2.2107930692077513, 6.835874070419415, 1.195188169825358, 5.911071600085351, 1.135022444597056, 1.282074910582152, 1.8732763807793826, 1.9969191883594268, 1.2167853485237914]
APTIDAO: 
16.120014432233113
GEN: 8600
Individuo: 
[1.944376837675326, 1.9133667761968225, 1.455414904318386, 2.356173112526371, 4.152690953370458, 0.6379610480134467, 0.6796807799085404, 0.9992094518436222, 0.9776372364734325, 0.5948352697902491, 0.11383894593970796, 0.988964642642438, 14.862861113707357, 4.4855763811065685, 1.4410998420559928, 2.294356900344021, 6.953305087302599, 1.288943722252081, 5.831078070688041, 1.111924194972111, 1.3495901970464224, 1.9406293374330579, 1.9852821454836682, 1.1923448018541647]
APTIDAO: 
16.084677986741806
GEN: 8700
Individuo: 
[1.9976876461879847, 1.9157589442744039, 1.5754361922759792, 2.085138646614704, 3.9538990694715648, 0.6273448758926725, 0.670371848951706, 0.9599974694826262, 0.978919574525854, 0.6057359869114689, 0.10584670740505225, 0.9911393231556151, 14.128882702449301, 4.052228434041212, 1.2423687306161049, 2.216115994333771, 5.781580977723449, 1.1706572760712224, 5.842765202639816, 1.1230974627836139, 1.3308487340043431, 1.875022892368219, 1.9883305597132728, 1.2018173983068288]
APTIDAO: 
15.998487062937851
GEN: 8800
Individuo: 
[1.9976876461879847, 1.9157589442744039, 1.5754361922759792, 2.085138646614704, 3.9538990694715648, 0.6273448758926725, 0.670371848951706, 0.9599974694826262, 0.978919574525854, 0.6057359869114689, 0.10584670740505225, 0.9911393231556151, 14.128882702449301, 4.052228434041212, 1.2423687306161049, 2.216115994333771, 5.781580977723449, 1.1706572760712224, 5.842765202639816, 1.1230974627836139, 1.3308487340043431, 1.875022892368219, 1.9883305597132728, 1.2018173983068288]
APTIDAO: 
15.998487062937851
GEN: 8900
Individuo: 
[2.0308823112436794, 1.9077111638537674, 1.5962887131843997, 2.109877044365935, 3.9269469538111, 0.6220640823792782, 0.6681316284316801, 0.9837252119220319, 0.9725829922506622, 0.6061185152723725, 0.10686529966481921, 0.9946931175983533, 14.01324352805542, 4.075142208893986, 1.4101001788021603, 2.478395588621999, 5.8604470354182645, 1.1127261194453082, 5.893373950111478, 1.1310392502046698, 1.3253227535589132, 1.8798407922525466, 1.9769777184125263, 1.2116087941758145]
APTIDAO: 
15.941320937383484
GEN: 9000
Individuo: 
[2.012906945218248, 1.9209251343470737, 1.5552621672383067, 2.0657398153528677, 3.8960041039339135, 0.6274723403243607, 0.6698213397621952, 1.0, 0.979291880969586, 0.5977650519152428, 0.10605260435992783, 0.9904654182097117, 14.775193974328946, 4.455301011785198, 1.3999172038073433, 2.202205416313973, 5.536404757720689, 1.0, 5.874140946306698, 1.1265747932016883, 1.3341325170648182, 1.9319742920993253, 1.9715446990996492, 1.1914656096935523]
APTIDAO: 
15.93284661292314
GEN: 9100
Individuo: 
[2.0231642016289455, 1.9184492245249294, 1.6354343383708403, 1.9249394863073452, 3.8777403332181066, 0.622263995872692, 0.6727422932977755, 0.9996522167061734, 0.9699670297482629, 0.5838559509439799, 0.13452421068901574, 0.9954566866907489, 14.203723546594635, 4.941608561519892, 1.5679973225803523, 2.8681652291016966, 5.306666345560093, 1.0154244530671952, 4.859383565886285, 1.1230737874752652, 1.33440585959475, 1.939294026875662, 1.9743262913780395, 1.175910508629614]
APTIDAO: 
15.893279130797893
GEN: 9200
Individuo: 
[2.0231642016289455, 1.9184492245249294, 1.6354343383708403, 1.9249394863073452, 3.8777403332181066, 0.622263995872692, 0.6727422932977755, 0.9996522167061734, 0.9699670297482629, 0.5838559509439799, 0.13452421068901574, 0.9954566866907489, 14.203723546594635, 4.941608561519892, 1.5679973225803523, 2.8681652291016966, 5.306666345560093, 1.0154244530671952, 4.859383565886285, 1.1230737874752652, 1.33440585959475, 1.939294026875662, 1.9743262913780395, 1.175910508629614]
APTIDAO: 
15.893279130797893
GEN: 9300
Individuo: 
[1.9822388052047328, 1.9164484026277149, 1.5671281195065958, 2.1010047298640653, 3.872909168829594, 0.6313207847377882, 0.670919104058495, 0.99834502308776, 0.9926094104729554, 0.5884526084348923, 0.11931520726428274, 0.9912658240210146, 14.515516952239116, 4.403660518246854, 1.4227041533750644, 2.5485291256976637, 5.607747320246627, 1.0003133953981977, 4.594878316506624, 1.1157513474476168, 1.3342130146264342, 1.942726495400678, 2.0, 1.1631877136439943]
APTIDAO: 
15.838092260388775
GEN: 9400
Individuo: 
[1.955941390578869, 1.9476179316655526, 1.5854717485348788, 2.075000181178014, 3.853026548709606, 0.6273187287877244, 0.6818235938238366, 1.0, 0.9792123754325044, 0.5796884510570194, 0.132620313749948, 0.9867992100251667, 14.027046686185813, 4.096728700653471, 1.440325542117226, 2.523279986598385, 5.714322313454443, 1.1360211043400679, 4.6273960533305925, 1.1169358031076497, 1.362626101283527, 1.918890093920608, 1.9825422738354932, 1.1613556761967556]
APTIDAO: 
15.824690640420702
GEN: 9500
Individuo: 
[1.9912435878151968, 1.9325090577338833, 1.5603616203745807, 2.143871897758781, 3.837121457610484, 0.6204629670537403, 0.6656877639250912, 1.0, 0.9954045693379014, 0.5778229378535388, 0.14808520768070885, 0.9911520827932354, 14.55370226463033, 4.09702879080621, 1.9585491955901597, 2.66294017610457, 5.632289089968284, 1.0, 4.227863028347873, 1.1262446107479862, 1.3168242254301723, 1.9430183443807865, 2.0, 1.1835202154234492]
APTIDAO: 
15.792437241013735
GEN: 9600
Individuo: 
[2.03514640268891, 1.9595027261584133, 1.4792395611029137, 2.064297328807713, 3.8173041201483504, 0.6177524820900677, 0.6722437354670316, 0.9985286449074363, 0.9874363866285708, 0.5986288030805789, 0.11193625164806296, 0.9961255094699215, 14.810170656045676, 4.574633268849188, 1.5111750558660817, 2.7456501551571737, 5.298100292037581, 1.0, 4.693650474657151, 1.1273762206057054, 1.3499043909717114, 1.9306682148456948, 2.0, 1.1629202401003256]
APTIDAO: 
15.744417529713438
GEN: 9700
Individuo: 
[2.028744135243184, 1.946751727326516, 1.479363575901565, 2.1319229140920295, 3.851649665808585, 0.6187037820871825, 0.6732369734820024, 0.9979164712417756, 0.9786429991440571, 0.597355204656961, 0.11218774964093263, 0.9971125163834637, 14.217505194847035, 4.214388462322303, 1.4124934685498864, 2.938238184236149, 5.214210777664276, 1.019347053657756, 4.603450536121325, 1.1277924006373836, 1.3444633741992051, 1.9075749200472845, 2.0, 1.1670482543280782]
APTIDAO: 
15.72475798650055
GEN: 9800
Individuo: 
[1.9798342155414004, 1.985239154977414, 1.486817700299712, 2.1331677714572432, 3.8076810587866388, 0.6201313417391756, 0.6712244733133514, 1.0, 0.9889822155276459, 0.5978567943169547, 0.11672731680012916, 0.9901313876562472, 14.603655833008187, 4.69653215330683, 1.0, 2.385305158518124, 5.647508479356264, 1.0529382474901, 4.313137528069843, 1.1195133527498284, 1.3446108360574558, 1.9286204901139152, 1.9928355211312576, 1.164225627443285]
APTIDAO: 
15.687977387153666
GEN: 9900
Individuo: 
[1.9944250597419777, 2.019496327766595, 1.486726557581286, 2.056878095352653, 3.74321375236754, 0.6210303298448719, 0.6655747659832063, 0.9996993669912347, 0.9986198783767655, 0.5894432985366737, 0.11035482749991123, 0.9913173110559004, 15.256315941698952, 4.903498328719482, 1.871440425513856, 2.368556643563948, 5.814529896506175, 1.095222368503352, 4.47180076771156, 1.121962656583107, 1.3351519130318446, 1.9310680607745851, 1.9964079446824439, 1.1438552935565838]
APTIDAO: 
15.6647121344784
GEN: 10000
Individuo: 
[1.9944250597419777, 2.019496327766595, 1.486726557581286, 2.056878095352653, 3.74321375236754, 0.6210303298448719, 0.6655747659832063, 0.9996993669912347, 0.9986198783767655, 0.5894432985366737, 0.11035482749991123, 0.9913173110559004, 15.256315941698952, 4.903498328719482, 1.871440425513856, 2.368556643563948, 5.814529896506175, 1.095222368503352, 4.47180076771156, 1.121962656583107, 1.3351519130318446, 1.9310680607745851, 1.9964079446824439, 1.1438552935565838]
APTIDAO: 
15.6647121344784

--- RESULTADO FINAL ---
Erro (norma-1): 15.6647121344784
Parâmetros: [1.9944250597419777, 2.019496327766595, 1.486726557581286, 2.056878095352653, 3.74321375236754, 0.6210303298448719, 0.6655747659832063, 0.9996993669912347, 0.9986198783767655, 0.5894432985366737, 0.11035482749991123, 0.9913173110559004, 15.256315941698952, 4.903498328719482, 1.871440425513856, 2.368556643563948, 5.814529896506175, 1.095222368503352, 4.47180076771156, 1.121962656583107, 1.3351519130318446, 1.9310680607745851, 1.9964079446824439, 1.1438552935565838]
Tempo total: 01h 27m 34s
