SEED: 1778663936
NP: 50  F: 0.8  CR: 0.9
BOUNDS: tau=[0.1, 5.0]  K=[0.1, 1.0]  N=[1.0, 25.0]  Vmax=[0.1, 2.0]
GEN: 0
Individuo: 
[4.60965004153866, 1.5911898641648834, 0.6109969154843238, 2.177216608487801, 1.636016880155216, 0.20935449881371002, 0.7353810155174821, 0.4011478477750542, 0.46613205877108976, 0.45382838159404315, 0.7072905495409155, 0.838169116107843, 15.724352236430558, 20.732479265845296, 16.489299270686512, 7.923925563081101, 11.248205042555842, 13.841526116369671, 14.776218867421491, 1.7760457775179928, 1.678418384967205, 1.4810623152401114, 0.8422870896252066, 0.6405500659231498]
APTIDAO: 
120.77265166878085
GEN: 100
Individuo: 
[5.0, 2.4669267335895517, 0.1, 5.0, 0.1, 0.22742990081595832, 0.815140887919582, 1.0, 0.7476055469662557, 0.47877280209989526, 0.2208213816490019, 1.0, 3.415627590968184, 5.6792833430948395, 1.0, 25.0, 1.0, 12.949250763263645, 1.0, 2.0, 2.0, 2.0, 0.7766146012191375, 0.6695034567760362]
APTIDAO: 
55.547885625295145
GEN: 200
Individuo: 
[5.0, 2.4669267335895517, 0.1, 5.0, 0.1, 0.22742990081595832, 0.815140887919582, 1.0, 0.7476055469662557, 0.47877280209989526, 0.2208213816490019, 1.0, 3.415627590968184, 5.6792833430948395, 1.0, 25.0, 1.0, 12.949250763263645, 1.0, 2.0, 2.0, 2.0, 0.7766146012191375, 0.6695034567760362]
APTIDAO: 
55.547885625295145
GEN: 300
Individuo: 
[3.545409559646533, 1.973549031952135, 0.7253290142564678, 3.4650944242992447, 0.31973639951571864, 0.12126948357681373, 0.7259513055235826, 0.9061770076417474, 0.6589802806474807, 0.6980364875560348, 0.23093565877299152, 1.0, 4.798680584478148, 2.937239307872582, 3.1150608044286896, 25.0, 1.0, 16.594301041864306, 1.0, 1.594970876161267, 1.6491914975081166, 2.0, 1.1706931875978763, 0.7327561539268684]
APTIDAO: 
48.02003229391422
GEN: 400
Individuo: 
[3.545409559646533, 1.973549031952135, 0.7253290142564678, 3.4650944242992447, 0.31973639951571864, 0.12126948357681373, 0.7259513055235826, 0.9061770076417474, 0.6589802806474807, 0.6980364875560348, 0.23093565877299152, 1.0, 4.798680584478148, 2.937239307872582, 3.1150608044286896, 25.0, 1.0, 16.594301041864306, 1.0, 1.594970876161267, 1.6491914975081166, 2.0, 1.1706931875978763, 0.7327561539268684]
APTIDAO: 
48.02003229391422
GEN: 500
Individuo: 
[2.8600512737502912, 1.1379220115912134, 0.1, 4.300574227264679, 1.978975598390754, 0.5890062277833827, 0.8332237455957604, 0.9592835516432225, 0.5807863956690045, 0.1, 0.5173724281490986, 1.0, 19.89013907027511, 2.2711853304836414, 2.3536389148343617, 25.0, 2.340529978535475, 2.511789576796666, 1.8571441491505687, 1.3141101856953874, 2.0, 2.0, 1.1141492115076723, 0.9052544682311807]
APTIDAO: 
37.9573112150741
GEN: 600
Individuo: 
[2.342170860015383, 1.3438127513832154, 0.7398049814208265, 5.0, 0.798512542530561, 0.5552371413648545, 1.0, 1.0, 1.0, 0.1, 0.8737228608295206, 1.0, 19.61939291834454, 2.057775975304375, 1.0, 5.349917673219835, 25.0, 1.0, 1.5186907140551016, 1.3353771341021676, 1.8825986280492486, 2.0, 2.0, 1.2998237051738053]
APTIDAO: 
35.778150679225426
GEN: 700
Individuo: 
[2.5302090599258094, 2.0642873908825368, 0.8192380869878989, 4.272289366447143, 1.142427812926976, 0.570593533645595, 0.8240390941984344, 0.8817445199811972, 0.6868472373258362, 0.21407656098723088, 1.0, 1.0, 23.502911779840673, 4.459543192938158, 1.3898480074722963, 11.208326696312724, 19.99191065664438, 1.0, 1.604324511197921, 1.285507858143101, 1.8999292103198595, 1.926966782610641, 1.1144798179601474, 1.3927668437326812]
APTIDAO: 
26.045064767826617
GEN: 800
Individuo: 
[2.5302090599258094, 2.0642873908825368, 0.8192380869878989, 4.272289366447143, 1.142427812926976, 0.570593533645595, 0.8240390941984344, 0.8817445199811972, 0.6868472373258362, 0.21407656098723088, 1.0, 1.0, 23.502911779840673, 4.459543192938158, 1.3898480074722963, 11.208326696312724, 19.99191065664438, 1.0, 1.604324511197921, 1.285507858143101, 1.8999292103198595, 1.926966782610641, 1.1144798179601474, 1.3927668437326812]
APTIDAO: 
26.045064767826617
GEN: 900
Individuo: 
[2.5302090599258094, 2.0642873908825368, 0.8192380869878989, 4.272289366447143, 1.142427812926976, 0.570593533645595, 0.8240390941984344, 0.8817445199811972, 0.6868472373258362, 0.21407656098723088, 1.0, 1.0, 23.502911779840673, 4.459543192938158, 1.3898480074722963, 11.208326696312724, 19.99191065664438, 1.0, 1.604324511197921, 1.285507858143101, 1.8999292103198595, 1.926966782610641, 1.1144798179601474, 1.3927668437326812]
APTIDAO: 
26.045064767826617
GEN: 1000
Individuo: 
[1.7632254722894152, 1.4910009778177844, 1.1061194160496732, 3.693545836753223, 1.3173828073423721, 0.7369932746114471, 0.9896576337457017, 1.0, 0.5883532429922629, 0.18796848452625006, 0.6301492232526891, 0.9996059512442842, 24.389904585068205, 2.6395969760053077, 1.0, 9.070089100152579, 22.205163542681273, 1.0, 2.2319277070362635, 1.1389511554079317, 2.0, 1.9060837854244992, 0.8315231142585572, 1.2196316803407332]
APTIDAO: 
22.87942823648127
GEN: 1100
Individuo: 
[1.9207059072149102, 2.036064658134067, 0.6468421449416596, 4.735612958055906, 0.6493751646445103, 0.5720949718305911, 0.8354180635889263, 1.0, 0.7920185706645224, 0.1414530494702912, 0.9684168004658855, 0.9997840976614117, 20.37645882238082, 3.5820198530940526, 1.3777831646028247, 7.314655091869552, 25.0, 1.0, 2.243524196165624, 1.1188157582292475, 2.0, 1.8364517428404823, 1.6602870279505482, 1.2712289801230634]
APTIDAO: 
22.79826481064264
GEN: 1200
Individuo: 
[1.868479613386301, 1.9853026215882221, 0.623819052864162, 4.761582862694361, 0.6941387466255835, 0.7452021788993336, 0.8177670573547108, 0.8497006505555913, 0.8090513023130654, 0.1, 0.9679674756635828, 0.9995309521694169, 17.215390900748417, 3.0512357494125113, 1.270180729945921, 5.9959215398030965, 25.0, 1.0, 1.556834446499276, 1.1020573595520704, 1.8170082059880588, 1.8232793505079286, 1.5833710868209563, 1.3634650500196692]
APTIDAO: 
22.19211928537905
GEN: 1300
Individuo: 
[1.9365589817739555, 1.8567111983666909, 0.9898244812823289, 3.8887593696235188, 0.9974586676998424, 0.6387553552416299, 0.7876907688621001, 1.0, 0.6376094645315256, 0.19070240495652624, 0.858163887757716, 0.9992746207188807, 9.43886024845798, 3.3730721729633704, 1.6564266271799526, 6.488041944817178, 14.951346234209687, 1.0, 2.4604756221725843, 1.1053391187710824, 1.6835471559723194, 1.7406941082959624, 1.3366955808208112, 1.2851383259619886]
APTIDAO: 
19.566145070278164
GEN: 1400
Individuo: 
[1.9365589817739555, 1.8567111983666909, 0.9898244812823289, 3.8887593696235188, 0.9974586676998424, 0.6387553552416299, 0.7876907688621001, 1.0, 0.6376094645315256, 0.19070240495652624, 0.858163887757716, 0.9992746207188807, 9.43886024845798, 3.3730721729633704, 1.6564266271799526, 6.488041944817178, 14.951346234209687, 1.0, 2.4604756221725843, 1.1053391187710824, 1.6835471559723194, 1.7406941082959624, 1.3366955808208112, 1.2851383259619886]
APTIDAO: 
19.566145070278164
GEN: 1500
Individuo: 
[1.9365589817739555, 1.8567111983666909, 0.9898244812823289, 3.8887593696235188, 0.9974586676998424, 0.6387553552416299, 0.7876907688621001, 1.0, 0.6376094645315256, 0.19070240495652624, 0.858163887757716, 0.9992746207188807, 9.43886024845798, 3.3730721729633704, 1.6564266271799526, 6.488041944817178, 14.951346234209687, 1.0, 2.4604756221725843, 1.1053391187710824, 1.6835471559723194, 1.7406941082959624, 1.3366955808208112, 1.2851383259619886]
APTIDAO: 
19.566145070278164
GEN: 1600
Individuo: 
[1.542695090112052, 2.137639002779043, 0.6118176000734278, 3.204507746483137, 1.4398394105169108, 0.7193952668286516, 0.83920577428905, 0.9000036577500276, 0.7431801354555706, 0.1949836214201742, 0.7588046460349577, 1.0, 15.464641961992058, 3.8382118091906894, 1.354110602113534, 3.4675279812277098, 25.0, 1.0, 2.384711687004845, 1.0465866866354565, 1.8602567015044933, 1.8796933669649143, 1.4544816582675415, 1.2234193776767628]
APTIDAO: 
18.4532109717375
GEN: 1700
Individuo: 
[1.542695090112052, 2.137639002779043, 0.6118176000734278, 3.204507746483137, 1.4398394105169108, 0.7193952668286516, 0.83920577428905, 0.9000036577500276, 0.7431801354555706, 0.1949836214201742, 0.7588046460349577, 1.0, 15.464641961992058, 3.8382118091906894, 1.354110602113534, 3.4675279812277098, 25.0, 1.0, 2.384711687004845, 1.0465866866354565, 1.8602567015044933, 1.8796933669649143, 1.4544816582675415, 1.2234193776767628]
APTIDAO: 
18.4532109717375
GEN: 1800
Individuo: 
[1.542695090112052, 2.137639002779043, 0.6118176000734278, 3.204507746483137, 1.4398394105169108, 0.7193952668286516, 0.83920577428905, 0.9000036577500276, 0.7431801354555706, 0.1949836214201742, 0.7588046460349577, 1.0, 15.464641961992058, 3.8382118091906894, 1.354110602113534, 3.4675279812277098, 25.0, 1.0, 2.384711687004845, 1.0465866866354565, 1.8602567015044933, 1.8796933669649143, 1.4544816582675415, 1.2234193776767628]
APTIDAO: 
18.4532109717375
GEN: 1900
Individuo: 
[1.542695090112052, 2.137639002779043, 0.6118176000734278, 3.204507746483137, 1.4398394105169108, 0.7193952668286516, 0.83920577428905, 0.9000036577500276, 0.7431801354555706, 0.1949836214201742, 0.7588046460349577, 1.0, 15.464641961992058, 3.8382118091906894, 1.354110602113534, 3.4675279812277098, 25.0, 1.0, 2.384711687004845, 1.0465866866354565, 1.8602567015044933, 1.8796933669649143, 1.4544816582675415, 1.2234193776767628]
APTIDAO: 
18.4532109717375
GEN: 2000
Individuo: 
[1.7507865553305284, 1.9515264651170776, 0.640150931431782, 3.629245860147761, 1.3211469462531997, 0.6804332050636426, 0.8256724304683979, 0.9360023409600176, 0.6735435307872646, 0.18463994970230277, 0.7842838244376062, 0.9995357572600836, 12.95977485014156, 3.547272523308762, 1.451187947891255, 4.978313153638972, 25.0, 1.0, 2.4919900870155622, 1.096676569629316, 1.7737200713332855, 1.8206342163877371, 1.355663456724753, 1.2335737366914197]
APTIDAO: 
17.000684790261193
GEN: 2100
Individuo: 
[1.7507865553305284, 1.9515264651170776, 0.640150931431782, 3.629245860147761, 1.3211469462531997, 0.6804332050636426, 0.8256724304683979, 0.9360023409600176, 0.6735435307872646, 0.18463994970230277, 0.7842838244376062, 0.9995357572600836, 12.95977485014156, 3.547272523308762, 1.451187947891255, 4.978313153638972, 25.0, 1.0, 2.4919900870155622, 1.096676569629316, 1.7737200713332855, 1.8206342163877371, 1.355663456724753, 1.2335737366914197]
APTIDAO: 
17.000684790261193
GEN: 2200
Individuo: 
[1.7507865553305284, 1.9515264651170776, 0.640150931431782, 3.629245860147761, 1.3211469462531997, 0.6804332050636426, 0.8256724304683979, 0.9360023409600176, 0.6735435307872646, 0.18463994970230277, 0.7842838244376062, 0.9995357572600836, 12.95977485014156, 3.547272523308762, 1.451187947891255, 4.978313153638972, 25.0, 1.0, 2.4919900870155622, 1.096676569629316, 1.7737200713332855, 1.8206342163877371, 1.355663456724753, 1.2335737366914197]
APTIDAO: 
17.000684790261193
GEN: 2300
Individuo: 
[1.7507865553305284, 1.9515264651170776, 0.640150931431782, 3.629245860147761, 1.3211469462531997, 0.6804332050636426, 0.8256724304683979, 0.9360023409600176, 0.6735435307872646, 0.18463994970230277, 0.7842838244376062, 0.9995357572600836, 12.95977485014156, 3.547272523308762, 1.451187947891255, 4.978313153638972, 25.0, 1.0, 2.4919900870155622, 1.096676569629316, 1.7737200713332855, 1.8206342163877371, 1.355663456724753, 1.2335737366914197]
APTIDAO: 
17.000684790261193
GEN: 2400
Individuo: 
[1.929518084775999, 2.165004720656834, 0.6055976688049147, 3.419961365834488, 0.9618742279153596, 0.652032177821715, 0.7721405821798738, 1.0, 0.7723905231845126, 0.18687703959335233, 0.8761390741786609, 0.9992103152551515, 18.12649702623736, 3.317912189953771, 1.4305939896685271, 3.852327353792135, 14.951346234209687, 1.0, 2.4604756221725843, 1.1187550536489472, 1.6835471559723194, 1.8060082497547807, 1.6555648152635032, 1.2667810143126312]
APTIDAO: 
16.206048229386973
GEN: 2500
Individuo: 
[1.929518084775999, 2.165004720656834, 0.6055976688049147, 3.419961365834488, 0.9618742279153596, 0.652032177821715, 0.7721405821798738, 1.0, 0.7723905231845126, 0.18687703959335233, 0.8761390741786609, 0.9992103152551515, 18.12649702623736, 3.317912189953771, 1.4305939896685271, 3.852327353792135, 14.951346234209687, 1.0, 2.4604756221725843, 1.1187550536489472, 1.6835471559723194, 1.8060082497547807, 1.6555648152635032, 1.2667810143126312]
APTIDAO: 
16.206048229386973
GEN: 2600
Individuo: 
[1.929518084775999, 2.165004720656834, 0.6055976688049147, 3.419961365834488, 0.9618742279153596, 0.652032177821715, 0.7721405821798738, 1.0, 0.7723905231845126, 0.18687703959335233, 0.8761390741786609, 0.9992103152551515, 18.12649702623736, 3.317912189953771, 1.4305939896685271, 3.852327353792135, 14.951346234209687, 1.0, 2.4604756221725843, 1.1187550536489472, 1.6835471559723194, 1.8060082497547807, 1.6555648152635032, 1.2667810143126312]
APTIDAO: 
16.206048229386973
GEN: 2700
Individuo: 
[1.929518084775999, 2.165004720656834, 0.6055976688049147, 3.419961365834488, 0.9618742279153596, 0.652032177821715, 0.7721405821798738, 1.0, 0.7723905231845126, 0.18687703959335233, 0.8761390741786609, 0.9992103152551515, 18.12649702623736, 3.317912189953771, 1.4305939896685271, 3.852327353792135, 14.951346234209687, 1.0, 2.4604756221725843, 1.1187550536489472, 1.6835471559723194, 1.8060082497547807, 1.6555648152635032, 1.2667810143126312]
APTIDAO: 
16.206048229386973
GEN: 2800
Individuo: 
[1.5436440656878418, 2.157012242120979, 0.7475564703948941, 2.8428910037277952, 1.3651584410927105, 0.7304159330489632, 0.8059494450417128, 0.9828504867201434, 0.7784881589837788, 0.18943145676005146, 0.6745603362354924, 0.9998577253480804, 20.962116579728267, 3.3436718996474575, 1.1600259549316043, 3.6243559940265757, 20.074834666121493, 1.0, 2.2341157151197946, 1.0222504467420683, 1.7859080766881774, 1.8797456485672945, 1.6255888017278495, 1.148965417710881]
APTIDAO: 
16.175734393881335
GEN: 2900
Individuo: 
[1.7182971478983866, 2.118968322837513, 0.6188377748199352, 3.027867587773889, 1.1912007673109182, 0.6968806919177377, 0.8205264454877305, 0.9553597867822599, 0.8562988670794114, 0.18211332131895583, 0.7729263620020019, 1.0, 16.276851171240047, 3.349617284480644, 1.3203433887854061, 3.669147213016967, 23.34385691133972, 1.0, 2.024029539138911, 1.0605363329813813, 1.8201629680080436, 1.8672095292620807, 1.7847269405533923, 1.2139771615163926]
APTIDAO: 
15.720805845219385
GEN: 3000
Individuo: 
[1.7288753965599597, 2.023362523560458, 1.304265012027873, 2.500634725552548, 0.9403645502780723, 0.7141652412830318, 0.8217737134736828, 1.0, 0.8012849599583144, 0.1605282739820217, 0.5975700121775085, 0.9996066932287768, 25.0, 3.3188322812168023, 1.0, 3.934584853678898, 25.0, 1.0, 2.130501763260522, 1.0619666798479521, 1.7833934063017238, 1.8044974661886846, 1.8123874059656355, 1.0420236550736055]
APTIDAO: 
15.177894585278349
GEN: 3100
Individuo: 
[1.8136996783417922, 2.0911967266937035, 1.2009622065211008, 2.8232855218439954, 0.8666636149700676, 0.6961736056239695, 0.7999150599543027, 0.9539576269802383, 0.8221940786542179, 0.17242778724916435, 0.7795037081494465, 1.0, 17.92627647386862, 3.311840936158292, 1.1926266975516904, 3.937647183383901, 19.656407077758637, 1.0, 2.435150399037367, 1.0831150930753752, 1.7702108064015025, 1.831465821994427, 1.7849507842730912, 1.191894682181711]
APTIDAO: 
14.992349907446888
GEN: 3200
Individuo: 
[1.8136996783417922, 2.0911967266937035, 1.2009622065211008, 2.8232855218439954, 0.8666636149700676, 0.6961736056239695, 0.7999150599543027, 0.9539576269802383, 0.8221940786542179, 0.17242778724916435, 0.7795037081494465, 1.0, 17.92627647386862, 3.311840936158292, 1.1926266975516904, 3.937647183383901, 19.656407077758637, 1.0, 2.435150399037367, 1.0831150930753752, 1.7702108064015025, 1.831465821994427, 1.7849507842730912, 1.191894682181711]
APTIDAO: 
14.992349907446888
GEN: 3300
Individuo: 
[1.8302494974292451, 1.9873498343936302, 1.5000776753411234, 2.4380350353838844, 0.8615769067849339, 0.719357841579164, 0.7869434079548514, 0.963245570778589, 0.8727866636296784, 0.16352664461540112, 0.6194017267505435, 0.9998722379998498, 22.96941117277542, 3.1976909910065676, 1.5632633318674227, 3.6641577628088613, 19.355458971925348, 1.0, 2.8737324293475854, 1.0926999073918149, 1.6624270285483624, 1.8205162968534114, 1.9923702212834038, 1.0797415417710219]
APTIDAO: 
14.904000231899223
GEN: 3400
Individuo: 
[1.8519561337761572, 2.053404218437305, 1.234847732549684, 2.863798747362931, 0.8161949197933822, 0.6982510982127205, 0.8066158389396539, 0.9581587225955596, 0.8196655766351794, 0.1705136792950699, 0.7820235334672004, 0.9999572205783346, 18.346377710282656, 3.287283003173781, 1.0816951300772333, 3.923343887272899, 20.199192740069392, 1.0, 2.493052429913602, 1.0820501815107737, 1.7768309432408624, 1.8234931166181796, 1.7806767106117831, 1.199748708871744]
APTIDAO: 
14.730749675916789
GEN: 3500
Individuo: 
[1.8519561337761572, 2.053404218437305, 1.234847732549684, 2.863798747362931, 0.8161949197933822, 0.6982510982127205, 0.8066158389396539, 0.9581587225955596, 0.8196655766351794, 0.1705136792950699, 0.7820235334672004, 0.9999572205783346, 18.346377710282656, 3.287283003173781, 1.0816951300772333, 3.923343887272899, 20.199192740069392, 1.0, 2.493052429913602, 1.0820501815107737, 1.7768309432408624, 1.8234931166181796, 1.7806767106117831, 1.199748708871744]
APTIDAO: 
14.730749675916789
GEN: 3600
Individuo: 
[1.862469119309165, 1.9187633396852741, 1.2765643571038425, 2.7357040600351312, 0.884305709156146, 0.714872899840364, 0.7788852988126442, 0.9776671312984615, 0.8431955442166646, 0.16310085789958992, 0.6309031556845204, 0.9991322202492221, 24.332208394337457, 3.7795100328931452, 1.3882829011386413, 3.515426697060094, 25.0, 1.0, 2.1988610134243887, 1.0799669082929984, 1.658395378689261, 1.8408730406829032, 1.8718597747469807, 1.0817537614195314]
APTIDAO: 
14.595933943963775
GEN: 3700
Individuo: 
[1.862469119309165, 1.9187633396852741, 1.2765643571038425, 2.7357040600351312, 0.884305709156146, 0.714872899840364, 0.7788852988126442, 0.9776671312984615, 0.8431955442166646, 0.16310085789958992, 0.6309031556845204, 0.9991322202492221, 24.332208394337457, 3.7795100328931452, 1.3882829011386413, 3.515426697060094, 25.0, 1.0, 2.1988610134243887, 1.0799669082929984, 1.658395378689261, 1.8408730406829032, 1.8718597747469807, 1.0817537614195314]
APTIDAO: 
14.595933943963775
GEN: 3800
Individuo: 
[1.862469119309165, 1.9187633396852741, 1.2765643571038425, 2.7357040600351312, 0.884305709156146, 0.714872899840364, 0.7788852988126442, 0.9776671312984615, 0.8431955442166646, 0.16310085789958992, 0.6309031556845204, 0.9991322202492221, 24.332208394337457, 3.7795100328931452, 1.3882829011386413, 3.515426697060094, 25.0, 1.0, 2.1988610134243887, 1.0799669082929984, 1.658395378689261, 1.8408730406829032, 1.8718597747469807, 1.0817537614195314]
APTIDAO: 
14.595933943963775
GEN: 3900
Individuo: 
[1.8530672183216443, 1.906998686366507, 1.4320376443325171, 2.66124486912277, 0.838559782929946, 0.710228552759247, 0.7898754056103355, 0.9900761372031827, 0.8773154302552502, 0.15823188622988935, 0.6521584782691427, 0.9999912093197939, 21.809600748601436, 3.7855644614551656, 1.0, 3.836169932087723, 24.005502776751197, 1.0, 2.5700985146395867, 1.0785575031784513, 1.693828593944642, 1.889536488060757, 1.925371789330365, 1.1013098550306455]
APTIDAO: 
14.541622956117392
GEN: 4000
Individuo: 
[1.8557260577717072, 1.9008733028935458, 1.354595063226004, 2.7812002403354987, 0.8440089829442387, 0.716032662582376, 0.7908668354228974, 0.9904364569585893, 0.8725435101836375, 0.15888468734234648, 0.6591484171827356, 0.9996222411060768, 19.91760055677828, 3.636249449498263, 1.0, 3.9589961183148636, 24.198108054736586, 1.0, 2.5877486543882355, 1.0914625960400055, 1.665914122032089, 1.8788311241017694, 1.9324048994408545, 1.1148034992028195]
APTIDAO: 
14.516356290072345
GEN: 4100
Individuo: 
[1.8783162390652914, 1.8741256493187772, 1.235055735796778, 2.9500211419584317, 0.8563080801288988, 0.7103154885480224, 0.7923608465135127, 0.9966753801554691, 0.8674832368484858, 0.1571099547103269, 0.6069180943593762, 0.999581394442416, 23.236360958956457, 3.8769348928300733, 1.7674549901681587, 3.819189214928229, 23.13188988477093, 1.0, 2.6359229450731934, 1.089678241990191, 1.680864544785579, 1.878504458919751, 1.9304033578709026, 1.0661210985571645]
APTIDAO: 
14.512264103242995
GEN: 4200
Individuo: 
[1.8664601004934849, 1.8859862606386477, 1.3368107608658575, 2.776677582828645, 0.8624822509192828, 0.710198410476183, 0.7948927383133356, 1.0, 0.8636191799595109, 0.15768195457740267, 0.6655646861717635, 0.9999130993535528, 19.629263655197242, 3.682000811410415, 1.0899663469548035, 3.7706370012393093, 25.0, 1.0, 2.6743172880948367, 1.0904841906680254, 1.6904892849125392, 1.8910300328420513, 1.8879543180402267, 1.1183505781913705]
APTIDAO: 
14.474360556424612
GEN: 4300
Individuo: 
[1.883543559337772, 1.8939631719217491, 1.3091511528329394, 2.8001900083841034, 0.8486125906188492, 0.707310828312415, 0.7931574097059616, 1.0, 0.857596803491079, 0.15782626361092492, 0.6843741009974033, 1.0, 19.54204189998747, 3.643495207544624, 1.0899663469548035, 3.8146638654941825, 25.0, 1.0, 2.8234128613635847, 1.093474838696793, 1.6901496054940688, 1.888878067039211, 1.8736173670576144, 1.1278992905749876]
APTIDAO: 
14.47362946779353
GEN: 4400
Individuo: 
[1.8613097156617286, 1.9332255221878747, 1.2583693450317253, 2.825103070598513, 0.8583584101426397, 0.711674532846417, 0.7863932135658691, 0.9983359767111238, 0.8803052156834984, 0.16151871343318017, 0.6480598057834644, 1.0, 21.079018625661874, 3.9418957939517902, 1.0784292625733867, 3.8798916241355785, 24.87404319746691, 1.0, 2.54125990135221, 1.0902239715936701, 1.6676513533847304, 1.8838718813917643, 1.9577946779687474, 1.1039339433136188]
APTIDAO: 
14.443914199613111
GEN: 4500
Individuo: 
[1.8613097156617286, 1.9332255221878747, 1.2583693450317253, 2.825103070598513, 0.8583584101426397, 0.711674532846417, 0.7863932135658691, 0.9983359767111238, 0.8803052156834984, 0.16151871343318017, 0.6480598057834644, 1.0, 21.079018625661874, 3.9418957939517902, 1.0784292625733867, 3.8798916241355785, 24.87404319746691, 1.0, 2.54125990135221, 1.0902239715936701, 1.6676513533847304, 1.8838718813917643, 1.9577946779687474, 1.1039339433136188]
APTIDAO: 
14.443914199613111
GEN: 4600
Individuo: 
[1.8585510482804275, 1.8961228399593977, 1.3036529904652898, 2.8445305575288593, 0.8470780114257915, 0.7117029708568213, 0.7844487245469617, 0.9959966537412506, 0.8869556820018871, 0.1579569218139413, 0.6545390600059632, 0.9996810335683822, 21.42890141474969, 3.3246040444574567, 1.0, 3.5959183893322098, 25.0, 1.0, 2.469006631499013, 1.0887407159144942, 1.6570466851544978, 1.8921283135399558, 1.973440198818171, 1.1051247323334177]
APTIDAO: 
14.435267483615693
GEN: 4700
Individuo: 
[1.8585510482804275, 1.8961228399593977, 1.3036529904652898, 2.8445305575288593, 0.8470780114257915, 0.7117029708568213, 0.7844487245469617, 0.9959966537412506, 0.8869556820018871, 0.1579569218139413, 0.6545390600059632, 0.9996810335683822, 21.42890141474969, 3.3246040444574567, 1.0, 3.5959183893322098, 25.0, 1.0, 2.469006631499013, 1.0887407159144942, 1.6570466851544978, 1.8921283135399558, 1.973440198818171, 1.1051247323334177]
APTIDAO: 
14.435267483615693
GEN: 4800
Individuo: 
[1.852733948667411, 1.919019802945936, 1.2116659017093538, 2.907756116555964, 0.8733451742619891, 0.7103403832197485, 0.7775165258602025, 0.999482798111709, 0.8955100628740713, 0.1620152178800887, 0.6606006444242007, 0.9950224387405666, 20.502156332404436, 3.9055306526899094, 1.0, 3.7757868352412616, 25.0, 1.0, 2.7203612855265353, 1.0872167434486066, 1.650507733777848, 1.892841264153583, 1.9995934678276115, 1.1131376599289768]
APTIDAO: 
14.429408694707114
GEN: 4900
Individuo: 
[1.8667919913045503, 1.9289433510420824, 1.2189175136431953, 2.9029864104389924, 0.8531006435488339, 0.7067299334160437, 0.7823638336486223, 1.0, 0.881932174460148, 0.16091568607259113, 0.6929096581453784, 0.9987032388976217, 20.63193789597488, 3.5938520610392635, 1.1202919759994237, 3.7471410884128145, 24.54495330129289, 1.0, 2.634366991238509, 1.0908212121486478, 1.6606863100359246, 1.8869510015053834, 1.9661750232694135, 1.1358950356293185]
APTIDAO: 
14.427484684087172
GEN: 5000
Individuo: 
[1.8519280409325931, 1.8909197235317887, 1.2185061130664192, 2.9474185624263067, 0.8710855576080447, 0.7112651131098017, 0.7817827351875027, 1.0, 0.8878522653638153, 0.15901138576807594, 0.6512921449759147, 0.9995796613339677, 20.778950957063657, 3.4384919535010616, 1.0845450636434062, 3.8499924984181164, 25.0, 1.0, 2.533281947495502, 1.0862267759264324, 1.6548305479077556, 1.8899826762355922, 1.9868518851586563, 1.1041915963169209]
APTIDAO: 
14.42153056524305
GEN: 5100
Individuo: 
[1.8519280409325931, 1.8909197235317887, 1.2185061130664192, 2.9474185624263067, 0.8710855576080447, 0.7112651131098017, 0.7817827351875027, 1.0, 0.8878522653638153, 0.15901138576807594, 0.6512921449759147, 0.9995796613339677, 20.778950957063657, 3.4384919535010616, 1.0845450636434062, 3.8499924984181164, 25.0, 1.0, 2.533281947495502, 1.0862267759264324, 1.6548305479077556, 1.8899826762355922, 1.9868518851586563, 1.1041915963169209]
APTIDAO: 
14.42153056524305
GEN: 5200
Individuo: 
[1.8519280409325931, 1.8909197235317887, 1.2185061130664192, 2.9474185624263067, 0.8710855576080447, 0.7112651131098017, 0.7817827351875027, 1.0, 0.8878522653638153, 0.15901138576807594, 0.6512921449759147, 0.9995796613339677, 20.778950957063657, 3.4384919535010616, 1.0845450636434062, 3.8499924984181164, 25.0, 1.0, 2.533281947495502, 1.0862267759264324, 1.6548305479077556, 1.8899826762355922, 1.9868518851586563, 1.1041915963169209]
APTIDAO: 
14.42153056524305
GEN: 5300
Individuo: 
[1.8435527002681342, 1.9284121154733356, 1.1710306770569354, 2.949115593930921, 0.8772948294354411, 0.7098377843073326, 0.783134496923531, 1.0, 0.8887517262639624, 0.1614884589013187, 0.6561824808164916, 0.9987148337890626, 20.591283264044204, 3.427404981027393, 1.016396435666594, 3.7969268249480157, 25.0, 1.0, 2.3642258307906623, 1.086013818091356, 1.6646280563722944, 1.883689269603548, 1.9915532253003323, 1.1096253894244688]
APTIDAO: 
14.417991631400925
GEN: 5400
Individuo: 
[1.853774764034027, 1.9137516553684037, 1.2296737994521636, 2.8801828402056158, 0.8725884544273562, 0.7115779433752003, 0.7810378003664913, 1.0, 0.8877636508261315, 0.1611425998241668, 0.6510670258509363, 0.9987974574163735, 20.960972476394144, 3.628914264823457, 1.1477477296865566, 3.796417259073094, 25.0, 1.0, 2.6052400964197098, 1.0885777915946184, 1.6495323818790095, 1.887655753071417, 1.9859762524970117, 1.1055587586506652]
APTIDAO: 
14.41650379827483
GEN: 5500
Individuo: 
[1.852791501094429, 1.9195966288438904, 1.1689938725842135, 2.961867926162995, 0.8729563269813766, 0.7105204188863486, 0.782709736932066, 0.9983882255706094, 0.89122214894673, 0.16028100069431947, 0.6572861180657709, 0.9964515046105774, 20.420748953045088, 3.6554711192100444, 1.0804417909856174, 3.920719475828089, 25.0, 1.0, 2.599928280824801, 1.0893962009118372, 1.658543235615889, 1.884403843020674, 1.9978035390413176, 1.1110534824604346]
APTIDAO: 
14.414809509617774
GEN: 5600
Individuo: 
[1.8408990869023296, 1.9281916802913588, 1.204497537148208, 2.934472575407362, 0.8642818928841716, 0.7104156829281071, 0.7790256088392591, 0.9999619653962403, 0.8920193293934684, 0.16069466212016892, 0.6660175182246418, 0.9943147033686222, 20.26483176641226, 3.706439226503052, 1.2227528037866895, 3.9244233764827428, 25.0, 1.0, 2.458898266865378, 1.0875066566219682, 1.6494742086058134, 1.8873876194029962, 1.9975369487908967, 1.116588517340207]
APTIDAO: 
14.41372090166326
GEN: 5700
Individuo: 
[1.8371946220553599, 1.936660864539361, 1.2036643526165085, 2.9245451089636547, 0.8640518874218709, 0.7109834240023647, 0.7815460931833665, 0.9996220869386121, 0.8855000809026178, 0.16115253216172198, 0.6688856805692296, 0.9954184395419174, 20.418298601848182, 3.1995835820214995, 1.2910774012259227, 3.6119223521645, 25.0, 1.0, 2.7672107919818885, 1.0869128872985712, 1.657302787368394, 1.8825143165147005, 1.9849271652614113, 1.1180566006017914]
APTIDAO: 
14.412555068042943
GEN: 5800
Individuo: 
[1.8345161593245303, 1.9419916410231932, 1.186826334747413, 2.9521159848708254, 0.8636160866534446, 0.710614117940365, 0.7830347118256272, 0.9994430599129445, 0.8861545268944623, 0.16185688210286284, 0.6720329918641557, 0.9965004079880604, 20.140685170081312, 3.3781579219115403, 1.2643437609236308, 3.449801172052868, 25.0, 1.0, 2.560372084951216, 1.0867008837533643, 1.6613976045093086, 1.8799072802244279, 1.9915757827131408, 1.12125651386465]
APTIDAO: 
14.412269183413606
GEN: 5900
Individuo: 
[1.8421028220289817, 1.94825538574009, 1.1688186518007788, 2.942526420606403, 0.8671955162547061, 0.709379656525322, 0.7838450897755036, 0.998214883190382, 0.8860125929147065, 0.16193030197523486, 0.6782807087599299, 0.9992618728747111, 20.557670778436542, 3.4421846203270183, 1.2333893479459082, 3.6413394211003345, 25.0, 1.0, 2.215914429402201, 1.0877401953332408, 1.6651904150813615, 1.8784040118143357, 1.988965549477924, 1.1275704982478123]
APTIDAO: 
14.411254749340733
GEN: 6000
Individuo: 
[1.8401990828577328, 1.932920815676524, 1.2122110089298543, 2.9051613384560637, 0.867286995398214, 0.7107584576633982, 0.7819590335111429, 0.9992403148627601, 0.8888308243365427, 0.1610792335509686, 0.6663207580681841, 0.9971047306645408, 20.53729308426989, 3.4261355241235294, 1.0, 3.6331583760744075, 25.0, 1.0, 2.5703600496331824, 1.0871550073903427, 1.656830935724554, 1.886295691361039, 1.988820622536978, 1.1171941370162437]
APTIDAO: 
14.410087626287886
GEN: 6100
Individuo: 
[1.8421438109808546, 1.917886552407271, 1.2219120042413512, 2.9022466252754935, 0.8712334998351906, 0.7128831421144992, 0.7827055475502593, 0.9988862082713241, 0.8885737135249668, 0.16060398993195243, 0.6595149551040356, 0.9972991778197465, 20.770197461754847, 3.1357621078912805, 1.014048392532815, 3.7830538354903886, 25.0, 1.0, 2.2845614539965458, 1.0863615700913094, 1.6568263631024371, 1.885942157227392, 1.9891622346855413, 1.1128924452727393]
APTIDAO: 
14.409313628438385
GEN: 6200
Individuo: 
[1.839913829993731, 1.925817598766983, 1.2214105840382665, 2.897597198966563, 0.869328936954513, 0.7128714568862461, 0.7837186960165154, 0.9985887661529342, 0.889337511315294, 0.1611233148643336, 0.6567078674341286, 0.9976891849025941, 20.22779562941259, 3.3947962492080563, 1.0680831144708265, 3.53915877970719, 25.0, 1.0, 2.388242362331281, 1.0866671681029079, 1.6602651050225137, 1.8851746607415765, 1.992054114652081, 1.1106768570721444]
APTIDAO: 
14.409179594128913
GEN: 6300
Individuo: 
[1.840726500951576, 1.922953311264463, 1.1944222535520288, 2.9337630665843304, 0.8736285863444274, 0.7117230325495539, 0.7804359981899597, 0.9999339507585383, 0.8895154569288823, 0.16088281932920137, 0.6652508060376869, 0.9966822483895877, 20.274489686265927, 3.0253231853570326, 1.0, 3.9849491215332917, 25.0, 1.0, 2.8225884717708536, 1.0874044465123767, 1.6504744577370147, 1.8836754088894319, 1.995474333205984, 1.1177038385602835]
APTIDAO: 
14.407334943217482
GEN: 6400
Individuo: 
[1.8356764448614222, 1.93253988567975, 1.196797279828841, 2.923583604844866, 0.8731600877692484, 0.7116819709355163, 0.7832985036140689, 0.9991705382898088, 0.8889132924269783, 0.16152878028631118, 0.662707689566841, 0.9980064537315559, 20.90883208435345, 3.659040619832751, 1.1263205928067586, 3.769867930983099, 25.0, 1.0, 2.5250188414821153, 1.0862294733740039, 1.660593162067516, 1.8811456743167738, 1.9976557352167794, 1.115404301608992]
APTIDAO: 
14.407263284181113
GEN: 6500
Individuo: 
[1.8400294708432743, 1.9408786838923027, 1.1718268698634662, 2.9450697897551796, 0.8706436108917849, 0.7103221085254781, 0.7844056476896522, 0.9992024976469174, 0.8877349392648649, 0.1615980129841563, 0.668799432557976, 0.9987962201716435, 20.710783108456926, 3.3855744342232543, 1.0, 3.534799547596295, 25.0, 1.0, 2.8753631492820144, 1.0877764612402228, 1.6647807680601532, 1.8791685265786184, 1.9944857434013117, 1.1206336625728628]
APTIDAO: 
14.406764634686317
GEN: 6600
Individuo: 
[1.8396505194641575, 1.917722323377644, 1.1987725078482052, 2.9412833417076554, 0.8733009932983744, 0.7121816020961282, 0.7823935592633244, 0.9996416963604913, 0.8891154940029052, 0.16038919296374304, 0.6649558890380539, 0.9982719586578119, 20.599943883290866, 3.182124193782865, 1.0, 3.4204757993373325, 25.0, 1.0, 2.4034099646374556, 1.0874954517410456, 1.6540707198159141, 1.8831893570226395, 1.9970901866343709, 1.1181887419436742]
APTIDAO: 
14.40634267542858
GEN: 6700
Individuo: 
[1.841856227341252, 1.923119162329326, 1.1890129653267796, 2.9377625296554397, 0.8741876160591128, 0.7118151486870226, 0.7829741153410716, 0.9997095233827679, 0.8895611267495078, 0.16071354241116198, 0.6611072945534427, 0.9995747072110597, 20.63496684210325, 3.8483648198381406, 1.0366291752322359, 3.18831922915072, 25.0, 1.0, 2.9918658979275587, 1.088000697055309, 1.6569523616491109, 1.8822096977895042, 1.9985279400251867, 1.115400167754986]
APTIDAO: 
14.40491091346095
GEN: 6800
Individuo: 
[1.832820183223811, 1.9244274827574017, 1.1947403763325186, 2.9330300138865786, 0.8762288403630744, 0.713044919326332, 0.7833573007530092, 1.0, 0.8891676530443771, 0.1605403502833132, 0.6607765364021887, 0.9996794953296112, 20.90197288620331, 3.2678922780851622, 1.0272960668441806, 3.015296097759094, 25.0, 1.0, 2.972247674435723, 1.0862380059446595, 1.6570322867918366, 1.8820832535765557, 1.9995107431840573, 1.1153441118123666]
APTIDAO: 
14.404243304122831
GEN: 6900
Individuo: 
[1.838724797584775, 1.9133911780607442, 1.1857483306307643, 2.9461479556066346, 0.8808522489343923, 0.7129682641564073, 0.782766738578306, 1.0, 0.8893849204791142, 0.15998733212049066, 0.662469300046382, 1.0, 20.554903336318926, 3.7794302459134457, 1.0, 3.304644484389944, 25.0, 1.0, 2.388557419319333, 1.0872922252539083, 1.6538106905048702, 1.8817707906691135, 1.9989318907165305, 1.1178983258989972]
APTIDAO: 
14.403736642269246
GEN: 7000
Individuo: 
[1.8419901469589095, 1.9173818515149619, 1.1822304096637442, 2.946305848827611, 0.8783777678808227, 0.7126222920469267, 0.7829258076866296, 0.9999798266020321, 0.8893543956690164, 0.16053791809914444, 0.6592915507825841, 0.9999700997197137, 20.81505857114661, 3.380046076901961, 1.0174694827802757, 3.362353210237021, 25.0, 1.0, 2.578601442117121, 1.0876408576736414, 1.6553509872491574, 1.881877888900105, 1.9988293589917694, 1.1147437061909948]
APTIDAO: 
14.403560245222192
GEN: 7100
Individuo: 
[1.838212444132595, 1.918447203829839, 1.1825152982968805, 2.9487685492796123, 0.8789848925692764, 0.7126442921894702, 0.783114430233474, 0.9998972498340023, 0.8890346576873385, 0.16031667413993064, 0.6627474919578404, 0.9993646780136863, 20.838197584548055, 3.7317863028760194, 1.0225927055178319, 3.435792126811531, 25.0, 1.0, 2.575305244124238, 1.0872894107698117, 1.6558535344145142, 1.8817052885255536, 1.9975941556598669, 1.117622383553443]
APTIDAO: 
14.403008891019176
GEN: 7200
Individuo: 
[1.838212444132595, 1.918447203829839, 1.1825152982968805, 2.9487685492796123, 0.8789848925692764, 0.7126442921894702, 0.783114430233474, 0.9998972498340023, 0.8890346576873385, 0.16031667413993064, 0.6627474919578404, 0.9993646780136863, 20.838197584548055, 3.7317863028760194, 1.0225927055178319, 3.435792126811531, 25.0, 1.0, 2.575305244124238, 1.0872894107698117, 1.6558535344145142, 1.8817052885255536, 1.9975941556598669, 1.117622383553443]
APTIDAO: 
14.403008891019176
GEN: 7300
Individuo: 
[1.838212444132595, 1.918447203829839, 1.1825152982968805, 2.9487685492796123, 0.8789848925692764, 0.7126442921894702, 0.783114430233474, 0.9998972498340023, 0.8890346576873385, 0.16031667413993064, 0.6627474919578404, 0.9993646780136863, 20.838197584548055, 3.7317863028760194, 1.0225927055178319, 3.435792126811531, 25.0, 1.0, 2.575305244124238, 1.0872894107698117, 1.6558535344145142, 1.8817052885255536, 1.9975941556598669, 1.117622383553443]
APTIDAO: 
14.403008891019176
GEN: 7400
Individuo: 
[1.83650865654322, 1.9133387464527336, 1.1996014434717301, 2.938162201194785, 0.8776797446721512, 0.7129992316538111, 0.7817800062042982, 0.9998282969785466, 0.8900517151353429, 0.16008075642469577, 0.6638260188874895, 0.9985831768336924, 20.950711836972463, 3.9377053690554527, 1.0, 3.670998827113533, 25.0, 1.0, 2.4969175844144145, 1.0869510224469434, 1.6514467058915512, 1.882928788355035, 1.9995297208680334, 1.1180945887288825]
APTIDAO: 
14.402782171327823
GEN: 7500
Individuo: 
[1.8346707786422536, 1.9101847555356115, 1.1859493602243056, 2.9561602690443824, 0.8826076392384405, 0.7136160770770728, 0.7828484687159676, 0.9999966986591636, 0.8897038813630807, 0.15985914475114454, 0.661653162611308, 0.9995525230251776, 20.852136979788074, 3.6956228293626525, 1.1932073122053277, 3.1741216613152328, 25.0, 1.0, 2.4783385882237976, 1.0865542082125053, 1.6536645409321842, 1.8828594525424152, 1.9989507958125452, 1.1175749491849507]
APTIDAO: 
14.402389793520271
GEN: 7600
Individuo: 
[1.831774221076285, 1.9212182450534445, 1.179725050139765, 2.951738258400212, 0.8812091225522625, 0.7134862677821051, 0.7838667938541379, 0.9999695006189153, 0.8892155621594602, 0.16034044397401162, 0.6622065451040178, 1.0, 20.27705347984434, 3.6767229524087077, 1.0809588265479846, 3.299172801629782, 25.0, 1.0, 2.6606062452292694, 1.0864281916076226, 1.6575191489826402, 1.8822437330388972, 1.99687189360054, 1.1180711991036791]
APTIDAO: 
14.402309797806444
GEN: 7700
Individuo: 
[1.8341652479969162, 1.9194374279637842, 1.1801331605631655, 2.9496538576251776, 0.8809186874965199, 0.7133132413157031, 0.783409318137021, 0.9998873194220577, 0.8887082875349404, 0.16029092718583865, 0.6681445173598751, 1.0, 20.881929365354015, 3.877564472862816, 1.1946456014994828, 3.5556349851260194, 25.0, 1.0, 2.8913545075583817, 1.0863997140894726, 1.655931783768345, 1.8817912684287437, 1.9966598633097918, 1.1225528668098974]
APTIDAO: 
14.401877936749136
GEN: 7800
Individuo: 
[1.8344877843518983, 1.9302750298108013, 1.1846451296387024, 2.934502814210286, 0.8762997289602037, 0.7124589843284616, 0.7839636520289596, 0.9999232051845413, 0.8883199137361837, 0.16085598539465684, 0.6667801639999732, 0.9997049435573399, 20.643283044574627, 3.6861922190829675, 1.0, 3.6413426407888965, 25.0, 1.0, 2.174845310992557, 1.0867450661242437, 1.660141085376992, 1.8811911898096683, 1.9943737697924702, 1.1206960824480388]
APTIDAO: 
14.401670150937495
GEN: 7900
Individuo: 
[1.8349993431698135, 1.9283972546939752, 1.175868182818758, 2.9446600371145597, 0.8786562551972568, 0.7125417363202421, 0.7841549952323814, 0.9999922427597935, 0.8877912541014452, 0.16079288773626904, 0.6689911544203181, 0.9999480384488513, 20.061804013022805, 3.7535298438721587, 1.1796916549919696, 3.2877998437127705, 25.0, 1.0, 2.7394867811542873, 1.0868715208722686, 1.659934135800824, 1.8804953034992322, 1.9942771502257377, 1.1228109630746876]
APTIDAO: 
14.401379852384052
GEN: 8000
Individuo: 
[1.8346366193807462, 1.9273403137200515, 1.1809063267287563, 2.938686936132511, 0.8784747262105164, 0.712824866279176, 0.784762315669051, 0.9999154481273997, 0.8879086920995984, 0.1606349542373612, 0.6673180520203302, 0.9999622421357328, 20.50357075476363, 3.6585935433923704, 1.330219088925567, 3.0905670787678785, 25.0, 1.0, 2.284148334818565, 1.0867296162335671, 1.6614376703290457, 1.8810070913338603, 1.993495051661374, 1.1216232032335351]
APTIDAO: 
14.401369912417897
GEN: 8100
Individuo: 
[1.841529968653718, 1.924214181097101, 1.1771534007616216, 2.943354424186374, 0.8771124722287108, 0.7122961479047022, 0.7840703716489295, 0.9999513942805305, 0.8880405541583384, 0.16069053158594385, 0.6663566260032695, 0.9998313127569877, 20.47324766756046, 3.3911416653757773, 1.0443305645070156, 3.13947495170626, 25.0, 1.0, 2.3024325651881363, 1.087769340835612, 1.659485741173895, 1.8802151511757437, 1.995661235583446, 1.120504891365148]
APTIDAO: 
14.401207214800353
GEN: 8200
Individuo: 
[1.8391620182642532, 1.930457833906613, 1.1724110279512663, 2.943702033171685, 0.8766221212411822, 0.7119842768629917, 0.7843718306780334, 0.9999950190399935, 0.8886566589403635, 0.160967688626533, 0.6688546723893413, 0.9993193017027426, 20.386365404178854, 3.7059982510498313, 1.0, 3.2857773391404335, 25.0, 1.0, 2.671855920470287, 1.0874255875655048, 1.6614451308384761, 1.8803971898247118, 1.9969914178132702, 1.1222484329686717]
APTIDAO: 
14.40093858033601
GEN: 8300
Individuo: 
[1.8391620182642532, 1.930457833906613, 1.1724110279512663, 2.943702033171685, 0.8766221212411822, 0.7119842768629917, 0.7843718306780334, 0.9999950190399935, 0.8886566589403635, 0.160967688626533, 0.6688546723893413, 0.9993193017027426, 20.386365404178854, 3.7059982510498313, 1.0, 3.2857773391404335, 25.0, 1.0, 2.671855920470287, 1.0874255875655048, 1.6614451308384761, 1.8803971898247118, 1.9969914178132702, 1.1222484329686717]
APTIDAO: 
14.40093858033601
GEN: 8400
Individuo: 
[1.8436287944793288, 1.918736273289427, 1.1745237636026002, 2.947333251060739, 0.8794820395952463, 0.7125061804690193, 0.7843288116502475, 0.999886285635213, 0.888795085544451, 0.16044151704497414, 0.6656230893731895, 1.0, 20.62723033507328, 3.618449722549749, 1.0, 3.631459828032277, 25.0, 1.0, 2.340060185315595, 1.0880204144648147, 1.6590976858299982, 1.880575283782351, 1.9978655784301564, 1.120348419163369]
APTIDAO: 
14.400895469653442
GEN: 8500
Individuo: 
[1.8311830893180612, 1.9341893568980129, 1.1747377296174824, 2.9428347007696236, 0.8778850405422798, 0.712595386113176, 0.7854731951973586, 0.9999296727205289, 0.8886640691019965, 0.16089070874486883, 0.6668973060170769, 0.99988481601544, 20.931626870593746, 3.7016642474715944, 1.4179512747507794, 3.4599668840025393, 25.0, 1.0, 2.301683664320318, 1.086308907780291, 1.6645060572291477, 1.8806569961562336, 1.9967378442984078, 1.1210939042773835]
APTIDAO: 
14.400797010464911
GEN: 8600
Individuo: 
[1.8317335497348937, 1.9297601353460228, 1.172420132318807, 2.9506035544149096, 0.878931895926481, 0.712782556049401, 0.784937543312766, 0.9998376115038929, 0.8894850529523268, 0.16065574892176238, 0.6683989164956294, 0.9998870354590184, 20.517095822816987, 3.571630342809702, 1.3105278096321773, 3.571729322648136, 25.0, 1.0, 2.393829818381711, 1.086385392848485, 1.6621377315214765, 1.8813275060027093, 1.9987095203868037, 1.122490603777823]
APTIDAO: 
14.400495917566127
GEN: 8700
Individuo: 
[1.8317335497348937, 1.9297601353460228, 1.172420132318807, 2.9506035544149096, 0.878931895926481, 0.712782556049401, 0.784937543312766, 0.9998376115038929, 0.8894850529523268, 0.16065574892176238, 0.6683989164956294, 0.9998870354590184, 20.517095822816987, 3.571630342809702, 1.3105278096321773, 3.571729322648136, 25.0, 1.0, 2.393829818381711, 1.086385392848485, 1.6621377315214765, 1.8813275060027093, 1.9987095203868037, 1.122490603777823]
APTIDAO: 
14.400495917566127
GEN: 8800
Individuo: 
[1.8373571486896907, 1.9225652370087296, 1.1742445654022746, 2.9525032489397725, 0.879201587658575, 0.7125425004533898, 0.783725057473843, 0.9999436468115697, 0.8895750143252757, 0.16044981498927985, 0.6683522286916025, 0.999916968075921, 20.20198119874857, 3.961921634053239, 1.2169400820748417, 3.6850393521696017, 25.0, 1.0, 2.6736331774654145, 1.087176078732106, 1.6581993329117743, 1.8817264142760857, 1.9990435382181082, 1.122412846618072]
APTIDAO: 
14.400379017017665
GEN: 8900
Individuo: 
[1.8373571486896907, 1.9225652370087296, 1.1742445654022746, 2.9525032489397725, 0.879201587658575, 0.7125425004533898, 0.783725057473843, 0.9999436468115697, 0.8895750143252757, 0.16044981498927985, 0.6683522286916025, 0.999916968075921, 20.20198119874857, 3.961921634053239, 1.2169400820748417, 3.6850393521696017, 25.0, 1.0, 2.6736331774654145, 1.087176078732106, 1.6581993329117743, 1.8817264142760857, 1.9990435382181082, 1.122412846618072]
APTIDAO: 
14.400379017017665
GEN: 9000
Individuo: 
[1.8398312611083112, 1.9250843696254385, 1.1729890393143179, 2.948681245164681, 0.8777761130016974, 0.7123328286730888, 0.7841817543184666, 0.9999425368089945, 0.8894617303771815, 0.16062700302951607, 0.6681910796040553, 0.9998377434789879, 20.20198119874857, 3.961921634053239, 1.0, 3.9475899760525914, 25.0, 1.0, 2.6736331774654145, 1.087533671651431, 1.659895570320092, 1.8810003176771992, 1.9998114019865867, 1.122106566390372]
APTIDAO: 
14.400347723882316
GEN: 9100
Individuo: 
[1.8367368567868971, 1.926213060069098, 1.1707582617960706, 2.951639726261478, 0.8789481982433531, 0.7124921345122844, 0.7847634427587455, 0.9999503494443381, 0.88932698727831, 0.16057886243876168, 0.6687179099417185, 0.999897473359595, 20.03573803940012, 3.6257445957983863, 1.7777778115521579, 3.5407933299481797, 25.0, 1.0, 2.788030699352521, 1.0869312019634039, 1.661609305968257, 1.8819937808616494, 1.9974195162046422, 1.1226679152533585]
APTIDAO: 
14.400129944335882
GEN: 9200
Individuo: 
[1.8367368567868971, 1.926213060069098, 1.1707582617960706, 2.951639726261478, 0.8789481982433531, 0.7124921345122844, 0.7847634427587455, 0.9999503494443381, 0.88932698727831, 0.16057886243876168, 0.6687179099417185, 0.999897473359595, 20.03573803940012, 3.6257445957983863, 1.7777778115521579, 3.5407933299481797, 25.0, 1.0, 2.788030699352521, 1.0869312019634039, 1.661609305968257, 1.8819937808616494, 1.9974195162046422, 1.1226679152533585]
APTIDAO: 
14.400129944335882
GEN: 9300
Individuo: 
[1.8407913006976018, 1.924064272054491, 1.1661376757627444, 2.955292808258971, 0.8791328911503911, 0.7123075118016532, 0.7848332819004927, 0.9999488050579723, 0.8901764764513853, 0.16058481004918657, 0.6689545185581498, 0.9998053434764657, 20.425799972403983, 3.1534274676947334, 1.8413338321203447, 3.2639334351262983, 25.0, 1.0, 2.837098557396875, 1.0875693815910386, 1.6614529362419328, 1.8827010297338767, 1.9993750843970375, 1.1228646782847254]
APTIDAO: 
14.399898711518059
GEN: 9400
Individuo: 
[1.8376611634128708, 1.9306228913797716, 1.1672513261987763, 2.9511924319355307, 0.8774079587743793, 0.712137175506316, 0.7850366020381143, 0.9999650746575188, 0.8897353984315987, 0.16084270523242195, 0.6687881441774913, 0.9997438956155015, 20.03573803940012, 3.2373329024360595, 1.0, 3.4967701813886696, 25.0, 1.0, 2.473490530928553, 1.0872523480617897, 1.66300780847289, 1.8816075725633223, 1.9992426316380278, 1.1224506855298502]
APTIDAO: 
14.39960379971012
GEN: 9500
Individuo: 
[1.8376611634128708, 1.9306228913797716, 1.1672513261987763, 2.9511924319355307, 0.8774079587743793, 0.712137175506316, 0.7850366020381143, 0.9999650746575188, 0.8897353984315987, 0.16084270523242195, 0.6687881441774913, 0.9997438956155015, 20.03573803940012, 3.2373329024360595, 1.0, 3.4967701813886696, 25.0, 1.0, 2.473490530928553, 1.0872523480617897, 1.66300780847289, 1.8816075725633223, 1.9992426316380278, 1.1224506855298502]
APTIDAO: 
14.39960379971012
GEN: 9600
Individuo: 
[1.8376611634128708, 1.9306228913797716, 1.1672513261987763, 2.9511924319355307, 0.8774079587743793, 0.712137175506316, 0.7850366020381143, 0.9999650746575188, 0.8897353984315987, 0.16084270523242195, 0.6687881441774913, 0.9997438956155015, 20.03573803940012, 3.2373329024360595, 1.0, 3.4967701813886696, 25.0, 1.0, 2.473490530928553, 1.0872523480617897, 1.66300780847289, 1.8816075725633223, 1.9992426316380278, 1.1224506855298502]
APTIDAO: 
14.39960379971012
GEN: 9700
Individuo: 
[1.841373572277074, 1.9263220539654047, 1.1608028797591612, 2.9578990057253303, 0.8789152392375402, 0.7121919162876958, 0.7855091055527028, 0.9999428676776038, 0.8906624726519297, 0.16065487691870234, 0.6696246248049122, 0.9996175725802091, 20.713014296345538, 3.242556917300013, 1.750809073589709, 3.7942312589180913, 25.0, 1.0, 2.5412943601137976, 1.087640031053314, 1.6636241051518825, 1.8835503027263294, 1.999647274441553, 1.1232694494864317]
APTIDAO: 
14.3995378834379
GEN: 9800
Individuo: 
[1.841373572277074, 1.9263220539654047, 1.1608028797591612, 2.9578990057253303, 0.8789152392375402, 0.7121919162876958, 0.7855091055527028, 0.9999428676776038, 0.8906624726519297, 0.16065487691870234, 0.6696246248049122, 0.9996175725802091, 20.713014296345538, 3.242556917300013, 1.750809073589709, 3.7942312589180913, 25.0, 1.0, 2.5412943601137976, 1.087640031053314, 1.6636241051518825, 1.8835503027263294, 1.999647274441553, 1.1232694494864317]
APTIDAO: 
14.3995378834379
GEN: 9900
Individuo: 
[1.8391094910001657, 1.9295066970799333, 1.164721966411398, 2.953680818692154, 0.8777768461823021, 0.7120692726811126, 0.7851053070483766, 0.9999710447556974, 0.8901902360326513, 0.16080596533692762, 0.6693445004774027, 0.9998537598965206, 20.64886558236007, 3.528368724923534, 1.4881341430243114, 3.5093685398723853, 25.0, 1.0, 2.870249613949868, 1.0873892382395764, 1.663168587657233, 1.8824800833310238, 1.9994963748437675, 1.1229780221590238]
APTIDAO: 
14.399500685897824
GEN: 10000
Individuo: 
[1.8399577545394437, 1.9268586077667877, 1.1623029082412504, 2.9566081890606886, 0.8790766262899299, 0.71231291476464, 0.7855495569034797, 0.999993910567855, 0.8906826587512696, 0.1606616820705256, 0.6688323438375606, 0.9998417384465215, 20.546309010731854, 3.8873182037004677, 1.9851070231719794, 3.8458914235077084, 25.0, 1.0, 2.8428683932860253, 1.0874769959222104, 1.6637316097625043, 1.8835132632647584, 1.9998002756557547, 1.1227466839646905]
APTIDAO: 
14.39949330147268

--- RESULTADO FINAL ---
Erro (norma-1): 14.39949330147268
Parâmetros: [1.8399577545394437, 1.9268586077667877, 1.1623029082412504, 2.9566081890606886, 0.8790766262899299, 0.71231291476464, 0.7855495569034797, 0.999993910567855, 0.8906826587512696, 0.1606616820705256, 0.6688323438375606, 0.9998417384465215, 20.546309010731854, 3.8873182037004677, 1.9851070231719794, 3.8458914235077084, 25.0, 1.0, 2.8428683932860253, 1.0874769959222104, 1.6637316097625043, 1.8835132632647584, 1.9998002756557547, 1.1227466839646905]
Tempo total: 01h 38m 32s
