SEED: 1778434285
NP: 50  F: 0.8  CR: 0.9
BOUNDS: tau=[0.1, 5.0]  K=[0.1, 1.0]  N=[1.0, 25.0]  Vmax=[0.1, 2.0]
GEN: 0
Individuo: 
[1.2585573599888635, 4.061505366498381, 4.621331248355247, 1.4819437852233854, 0.2652578327616232, 0.19285825286885278, 0.1719610814570438, 0.7843770867494799, 0.6792493908733352, 0.5502557051077843, 0.20364449278324775, 0.8213212624141573, 17.815238137829155, 22.56335390997396, 11.39522361930098, 1.9121782708611246, 6.07618819663498, 16.532361347959878, 5.352341695223015, 0.8188697093329681, 1.768748934842346, 0.8513041306159697, 0.8576762413675773, 0.35215165008962757]
APTIDAO: 
138.48587654861822
GEN: 100
Individuo: 
[2.0903595109268034, 0.1, 3.3038195531445416, 1.4779444236864363, 3.763428882624421, 0.8466868253188915, 0.7890953979499535, 0.776336992189093, 1.0, 0.7993451378262622, 0.9750970518444765, 0.1, 3.4575999999999993, 2.265519481497409, 21.77422133155679, 2.691662149523329, 1.0, 2.2902009363138154, 25.0, 0.9271465786221402, 1.8231867622435824, 1.5650155900136726, 1.6048642733385226, 1.8380115595598046]
APTIDAO: 
68.29663391784985
GEN: 200
Individuo: 
[1.9260525761931286, 1.2786423550761392, 2.826296208435341, 3.3430422767955204, 1.9065891865460753, 0.6504507542988537, 0.7408121620440098, 0.34437952753064194, 1.0, 0.7156141305690854, 1.0, 0.1, 6.806080000000001, 2.265519481497409, 25.0, 4.527850063526401, 22.82170803425847, 2.8196001888455218, 17.12590230956434, 0.9807146315004136, 2.0, 1.0572297313264856, 2.0, 1.753623636427986]
APTIDAO: 
52.84629162589762
GEN: 300
Individuo: 
[1.9260525761931286, 1.2786423550761392, 2.826296208435341, 3.3430422767955204, 1.9065891865460753, 0.6504507542988537, 0.7408121620440098, 0.34437952753064194, 1.0, 0.7156141305690854, 1.0, 0.1, 6.806080000000001, 2.265519481497409, 25.0, 4.527850063526401, 22.82170803425847, 2.8196001888455218, 17.12590230956434, 0.9807146315004136, 2.0, 1.0572297313264856, 2.0, 1.753623636427986]
APTIDAO: 
52.84629162589762
GEN: 400
Individuo: 
[1.9260525761931286, 1.2786423550761392, 2.826296208435341, 3.3430422767955204, 1.9065891865460753, 0.6504507542988537, 0.7408121620440098, 0.34437952753064194, 1.0, 0.7156141305690854, 1.0, 0.1, 6.806080000000001, 2.265519481497409, 25.0, 4.527850063526401, 22.82170803425847, 2.8196001888455218, 17.12590230956434, 0.9807146315004136, 2.0, 1.0572297313264856, 2.0, 1.753623636427986]
APTIDAO: 
52.84629162589762
GEN: 500
Individuo: 
[1.3886503228172917, 3.615987837736789, 3.0453705496598946, 1.1591824378633357, 2.190486211586773, 0.6141655202463198, 0.5778562887003721, 0.6600043493205252, 0.6101482792442705, 0.8394477694750784, 0.7785298982933849, 0.13719741558064594, 16.71302172206183, 20.679094489966694, 25.0, 2.8585254208126907, 16.10896969542912, 8.661598194597854, 20.200000000000003, 0.908712828801109, 1.324309051682982, 1.152618876428806, 1.4766776167008615, 0.6736703142684887]
APTIDAO: 
48.45877240118343
GEN: 600
Individuo: 
[1.2846531730466548, 3.1656960209764575, 3.7847713080887, 0.9149491513174455, 1.834997134010476, 0.7766381614819111, 0.726372072675274, 0.3258377050990327, 0.6569735177475355, 0.7156141305690854, 0.5788770855980379, 0.3911484794816793, 14.75645900419249, 18.334616252037726, 24.43102256850106, 2.6856647066118184, 7.131771858580876, 2.521197225187529, 9.660919772651441, 1.0008908402734593, 1.5408465427461906, 1.0572297313264856, 1.20216061469065, 0.9883412182545173]
APTIDAO: 
47.36112857903611
GEN: 700
Individuo: 
[1.2846531730466548, 3.1656960209764575, 3.7847713080887, 0.9149491513174455, 1.834997134010476, 0.7766381614819111, 0.726372072675274, 0.3258377050990327, 0.6569735177475355, 0.7156141305690854, 0.5788770855980379, 0.3911484794816793, 14.75645900419249, 18.334616252037726, 24.43102256850106, 2.6856647066118184, 7.131771858580876, 2.521197225187529, 9.660919772651441, 1.0008908402734593, 1.5408465427461906, 1.0572297313264856, 1.20216061469065, 0.9883412182545173]
APTIDAO: 
47.36112857903611
GEN: 800
Individuo: 
[1.2846531730466548, 3.1656960209764575, 3.7847713080887, 0.9149491513174455, 1.834997134010476, 0.7766381614819111, 0.726372072675274, 0.3258377050990327, 0.6569735177475355, 0.7156141305690854, 0.5788770855980379, 0.3911484794816793, 14.75645900419249, 18.334616252037726, 24.43102256850106, 2.6856647066118184, 7.131771858580876, 2.521197225187529, 9.660919772651441, 1.0008908402734593, 1.5408465427461906, 1.0572297313264856, 1.20216061469065, 0.9883412182545173]
APTIDAO: 
47.36112857903611
GEN: 900
Individuo: 
[1.337260973991988, 3.0173109536070695, 5.0, 0.1, 2.50560752926199, 0.5486819372667477, 0.7964819412632058, 0.5293486239749187, 0.4235599878896361, 0.9625478797241516, 0.8479746926001627, 0.29279125667320904, 14.16713907817984, 8.654257725948874, 16.761519538432342, 4.062106837043335, 23.397884679029943, 3.3914986112430094, 1.0, 1.0000879284817472, 1.9013164132181128, 1.199908471508153, 0.8274375587024934, 1.8410876982602242]
APTIDAO: 
45.496383600064746
GEN: 1000
Individuo: 
[1.9513861309884004, 3.137401827110578, 4.016690533339991, 0.633387495234506, 1.9394038955846284, 0.4037985988287512, 0.5689790797952775, 0.7149818688578238, 0.7150338956705662, 0.6319501676234728, 1.0, 0.1, 23.195030252336974, 6.634514665887094, 10.396605281036859, 1.4933566946906827, 16.5175705038238, 1.4868140941690313, 1.8333118649565576, 1.1231520467122056, 1.4674289628026105, 0.9920215037271263, 1.9527134547409468, 0.9987903339786829]
APTIDAO: 
45.28805111930259
GEN: 1100
Individuo: 
[2.056486624775754, 1.3771220698224207, 4.006489633383044, 0.5686335241516804, 2.600565320308868, 0.56365006303565, 0.8793734117534229, 0.3911949755825212, 0.7516620681556282, 1.0, 0.8848153501265085, 0.1257652475941594, 15.581535329099315, 2.1095428298935346, 19.80610892481397, 2.2269597199946913, 17.916382905838816, 1.4822675789400706, 15.225027854064349, 1.466254969522126, 1.592754661570354, 1.0803918304495543, 1.440560674892022, 1.47793283595737]
APTIDAO: 
43.3316325415935
GEN: 1200
Individuo: 
[1.845664179688675, 2.8830125701634928, 1.3703465146078322, 4.814245930994748, 0.41374523452419143, 0.6909805439756384, 0.60038267965854, 0.5721882391877181, 0.5647950400270881, 0.335062290470659, 1.0, 0.175236898961405, 21.174062253522607, 6.208468041322186, 18.21120686308042, 2.819664123864112, 1.653907904122491, 2.4863963331094636, 2.462489209317582, 1.0150414104414334, 1.4882748797235998, 0.903363726778712, 1.47901500328088, 1.3504075990981776]
APTIDAO: 
42.008001989331895
GEN: 1300
Individuo: 
[1.845664179688675, 2.8830125701634928, 1.3703465146078322, 4.814245930994748, 0.41374523452419143, 0.6909805439756384, 0.60038267965854, 0.5721882391877181, 0.5647950400270881, 0.335062290470659, 1.0, 0.175236898961405, 21.174062253522607, 6.208468041322186, 18.21120686308042, 2.819664123864112, 1.653907904122491, 2.4863963331094636, 2.462489209317582, 1.0150414104414334, 1.4882748797235998, 0.903363726778712, 1.47901500328088, 1.3504075990981776]
APTIDAO: 
42.008001989331895
GEN: 1400
Individuo: 
[1.861588518915524, 1.8236083547138315, 5.0, 0.1, 2.0500406022709066, 0.4418781584691164, 0.8325855604871857, 0.38706486331541184, 0.670352875201436, 1.0, 0.9723194667845985, 0.20100214655556442, 25.0, 3.46463145123373, 11.218831765660585, 2.6577341031558106, 1.0, 2.9686639120495344, 1.0, 1.3558007555086005, 1.592754661570354, 1.1716591261122675, 1.3111656739400854, 2.0]
APTIDAO: 
41.49805813892251
GEN: 1500
Individuo: 
[1.2745932673667881, 2.7763145378204284, 2.8545511067103906, 1.7989792302769234, 2.449503229640581, 0.6920689169365163, 0.5587663987545602, 0.451469995772113, 0.524088260903293, 0.6731193033971836, 0.6631016684784303, 0.336131290840544, 17.04980313492007, 17.564558873545607, 25.0, 5.163118322345308, 14.444151651177076, 2.2169577801500235, 14.451711144448366, 0.9681025333260855, 1.1270929603552682, 0.931537191119369, 0.8953254310432329, 1.1906729746036138]
APTIDAO: 
40.213671656789444
GEN: 1600
Individuo: 
[2.520298024440566, 1.5892507875541673, 5.0, 0.5394888190215466, 2.1932705121670177, 0.6004768260911421, 0.6335700970305005, 0.4020159524476994, 0.47739130662474805, 0.5654958642979631, 0.9788134698618454, 0.18351494376367894, 24.495272018222842, 6.895939364737547, 25.0, 4.139271250390345, 24.76536561068578, 2.729280139510102, 7.724335394870043, 1.3209571640937443, 1.259034896900819, 0.9075857898605586, 0.905402352699469, 1.5348893537437556]
APTIDAO: 
39.38525086738123
GEN: 1700
Individuo: 
[0.8272764029692254, 2.4650313577557164, 2.1953011687020036, 4.697478389662852, 2.806987004448213, 0.6549806045656438, 0.4812806739666121, 0.4840950245969239, 0.3371907263837418, 0.5654958642979631, 0.5684127509188773, 0.36229667474890154, 8.38351439746394, 18.50146235439979, 25.0, 5.846214257305112, 25.0, 2.729280139510102, 17.633207096662243, 0.9344985860453976, 0.8954627063711764, 0.989232225255834, 0.8978324775761232, 0.8489164668382887]
APTIDAO: 
35.843841745999114
GEN: 1800
Individuo: 
[0.8272764029692254, 2.4650313577557164, 2.1953011687020036, 4.697478389662852, 2.806987004448213, 0.6549806045656438, 0.4812806739666121, 0.4840950245969239, 0.3371907263837418, 0.5654958642979631, 0.5684127509188773, 0.36229667474890154, 8.38351439746394, 18.50146235439979, 25.0, 5.846214257305112, 25.0, 2.729280139510102, 17.633207096662243, 0.9344985860453976, 0.8954627063711764, 0.989232225255834, 0.8978324775761232, 0.8489164668382887]
APTIDAO: 
35.843841745999114
GEN: 1900
Individuo: 
[0.8272764029692254, 2.4650313577557164, 2.1953011687020036, 4.697478389662852, 2.806987004448213, 0.6549806045656438, 0.4812806739666121, 0.4840950245969239, 0.3371907263837418, 0.5654958642979631, 0.5684127509188773, 0.36229667474890154, 8.38351439746394, 18.50146235439979, 25.0, 5.846214257305112, 25.0, 2.729280139510102, 17.633207096662243, 0.9344985860453976, 0.8954627063711764, 0.989232225255834, 0.8978324775761232, 0.8489164668382887]
APTIDAO: 
35.843841745999114
GEN: 2000
Individuo: 
[0.8272764029692254, 2.4650313577557164, 2.1953011687020036, 4.697478389662852, 2.806987004448213, 0.6549806045656438, 0.4812806739666121, 0.4840950245969239, 0.3371907263837418, 0.5654958642979631, 0.5684127509188773, 0.36229667474890154, 8.38351439746394, 18.50146235439979, 25.0, 5.846214257305112, 25.0, 2.729280139510102, 17.633207096662243, 0.9344985860453976, 0.8954627063711764, 0.989232225255834, 0.8978324775761232, 0.8489164668382887]
APTIDAO: 
35.843841745999114
GEN: 2100
Individuo: 
[2.1032608306532756, 1.0935428963653901, 5.0, 0.7152759095382456, 3.132522764492583, 0.6025396402796578, 0.9286323082431154, 0.7973399771286145, 1.0, 0.5885044763394331, 1.0, 0.2572219810669218, 8.361898204186438, 2.8757241838880967, 25.0, 1.5991280040979428, 24.039403806567744, 1.1447807062765052, 6.356921835793034, 1.283403066097226, 2.0, 1.5999377441409441, 1.7632006881074376, 1.1990322671829463]
APTIDAO: 
31.106078476948603
GEN: 2200
Individuo: 
[2.1032608306532756, 1.0935428963653901, 5.0, 0.7152759095382456, 3.132522764492583, 0.6025396402796578, 0.9286323082431154, 0.7973399771286145, 1.0, 0.5885044763394331, 1.0, 0.2572219810669218, 8.361898204186438, 2.8757241838880967, 25.0, 1.5991280040979428, 24.039403806567744, 1.1447807062765052, 6.356921835793034, 1.283403066097226, 2.0, 1.5999377441409441, 1.7632006881074376, 1.1990322671829463]
APTIDAO: 
31.106078476948603
GEN: 2300
Individuo: 
[2.1032608306532756, 1.0935428963653901, 5.0, 0.7152759095382456, 3.132522764492583, 0.6025396402796578, 0.9286323082431154, 0.7973399771286145, 1.0, 0.5885044763394331, 1.0, 0.2572219810669218, 8.361898204186438, 2.8757241838880967, 25.0, 1.5991280040979428, 24.039403806567744, 1.1447807062765052, 6.356921835793034, 1.283403066097226, 2.0, 1.5999377441409441, 1.7632006881074376, 1.1990322671829463]
APTIDAO: 
31.106078476948603
GEN: 2400
Individuo: 
[2.1032608306532756, 1.0935428963653901, 5.0, 0.7152759095382456, 3.132522764492583, 0.6025396402796578, 0.9286323082431154, 0.7973399771286145, 1.0, 0.5885044763394331, 1.0, 0.2572219810669218, 8.361898204186438, 2.8757241838880967, 25.0, 1.5991280040979428, 24.039403806567744, 1.1447807062765052, 6.356921835793034, 1.283403066097226, 2.0, 1.5999377441409441, 1.7632006881074376, 1.1990322671829463]
APTIDAO: 
31.106078476948603
GEN: 2500
Individuo: 
[2.1032608306532756, 1.0935428963653901, 5.0, 0.7152759095382456, 3.132522764492583, 0.6025396402796578, 0.9286323082431154, 0.7973399771286145, 1.0, 0.5885044763394331, 1.0, 0.2572219810669218, 8.361898204186438, 2.8757241838880967, 25.0, 1.5991280040979428, 24.039403806567744, 1.1447807062765052, 6.356921835793034, 1.283403066097226, 2.0, 1.5999377441409441, 1.7632006881074376, 1.1990322671829463]
APTIDAO: 
31.106078476948603
GEN: 2600
Individuo: 
[2.1032608306532756, 1.0935428963653901, 5.0, 0.7152759095382456, 3.132522764492583, 0.6025396402796578, 0.9286323082431154, 0.7973399771286145, 1.0, 0.5885044763394331, 1.0, 0.2572219810669218, 8.361898204186438, 2.8757241838880967, 25.0, 1.5991280040979428, 24.039403806567744, 1.1447807062765052, 6.356921835793034, 1.283403066097226, 2.0, 1.5999377441409441, 1.7632006881074376, 1.1990322671829463]
APTIDAO: 
31.106078476948603
GEN: 2700
Individuo: 
[2.1032608306532756, 1.0935428963653901, 5.0, 0.7152759095382456, 3.132522764492583, 0.6025396402796578, 0.9286323082431154, 0.7973399771286145, 1.0, 0.5885044763394331, 1.0, 0.2572219810669218, 8.361898204186438, 2.8757241838880967, 25.0, 1.5991280040979428, 24.039403806567744, 1.1447807062765052, 6.356921835793034, 1.283403066097226, 2.0, 1.5999377441409441, 1.7632006881074376, 1.1990322671829463]
APTIDAO: 
31.106078476948603
GEN: 2800
Individuo: 
[1.9554830749067285, 2.4300030466720486, 1.9620814257847805, 2.5800100253052722, 2.8118403357486184, 0.59711714420097, 0.5617499406651555, 0.4466041375211345, 0.5789637108177272, 0.6871842504106755, 1.0, 0.12499368861599475, 21.573400438006324, 4.571715187231884, 20.45092561134907, 1.0, 15.79477273736271, 1.7252420464766105, 11.74180239973901, 1.125724653386003, 1.1056364782087917, 0.836686272787731, 1.368569603119484, 1.2451804237558108]
APTIDAO: 
29.801625519453225
GEN: 2900
Individuo: 
[1.9554830749067285, 2.4300030466720486, 1.9620814257847805, 2.5800100253052722, 2.8118403357486184, 0.59711714420097, 0.5617499406651555, 0.4466041375211345, 0.5789637108177272, 0.6871842504106755, 1.0, 0.12499368861599475, 21.573400438006324, 4.571715187231884, 20.45092561134907, 1.0, 15.79477273736271, 1.7252420464766105, 11.74180239973901, 1.125724653386003, 1.1056364782087917, 0.836686272787731, 1.368569603119484, 1.2451804237558108]
APTIDAO: 
29.801625519453225
GEN: 3000
Individuo: 
[1.9554830749067285, 2.4300030466720486, 1.9620814257847805, 2.5800100253052722, 2.8118403357486184, 0.59711714420097, 0.5617499406651555, 0.4466041375211345, 0.5789637108177272, 0.6871842504106755, 1.0, 0.12499368861599475, 21.573400438006324, 4.571715187231884, 20.45092561134907, 1.0, 15.79477273736271, 1.7252420464766105, 11.74180239973901, 1.125724653386003, 1.1056364782087917, 0.836686272787731, 1.368569603119484, 1.2451804237558108]
APTIDAO: 
29.801625519453225
GEN: 3100
Individuo: 
[1.9554830749067285, 2.4300030466720486, 1.9620814257847805, 2.5800100253052722, 2.8118403357486184, 0.59711714420097, 0.5617499406651555, 0.4466041375211345, 0.5789637108177272, 0.6871842504106755, 1.0, 0.12499368861599475, 21.573400438006324, 4.571715187231884, 20.45092561134907, 1.0, 15.79477273736271, 1.7252420464766105, 11.74180239973901, 1.125724653386003, 1.1056364782087917, 0.836686272787731, 1.368569603119484, 1.2451804237558108]
APTIDAO: 
29.801625519453225
GEN: 3200
Individuo: 
[2.4527015132465877, 1.392113674594115, 3.48986641503427, 1.1672445563408034, 1.5992424768444076, 0.638346108202358, 0.6240977602908971, 0.4542835691626501, 0.9938825262863494, 0.809924053509959, 0.9652958397220908, 0.12227653646140602, 25.0, 3.9701831452755303, 16.65797545943032, 1.0, 1.8131457171264849, 2.2645604571792766, 18.920736885316238, 1.3198728942694102, 1.136931262859886, 0.8847686631206433, 1.5666912146623437, 1.9002149152122962]
APTIDAO: 
29.45095634104764
GEN: 3300
Individuo: 
[2.4527015132465877, 1.392113674594115, 3.48986641503427, 1.1672445563408034, 1.5992424768444076, 0.638346108202358, 0.6240977602908971, 0.4542835691626501, 0.9938825262863494, 0.809924053509959, 0.9652958397220908, 0.12227653646140602, 25.0, 3.9701831452755303, 16.65797545943032, 1.0, 1.8131457171264849, 2.2645604571792766, 18.920736885316238, 1.3198728942694102, 1.136931262859886, 0.8847686631206433, 1.5666912146623437, 1.9002149152122962]
APTIDAO: 
29.45095634104764
GEN: 3400
Individuo: 
[2.4527015132465877, 1.392113674594115, 3.48986641503427, 1.1672445563408034, 1.5992424768444076, 0.638346108202358, 0.6240977602908971, 0.4542835691626501, 0.9938825262863494, 0.809924053509959, 0.9652958397220908, 0.12227653646140602, 25.0, 3.9701831452755303, 16.65797545943032, 1.0, 1.8131457171264849, 2.2645604571792766, 18.920736885316238, 1.3198728942694102, 1.136931262859886, 0.8847686631206433, 1.5666912146623437, 1.9002149152122962]
APTIDAO: 
29.45095634104764
GEN: 3500
Individuo: 
[2.4527015132465877, 1.392113674594115, 3.48986641503427, 1.1672445563408034, 1.5992424768444076, 0.638346108202358, 0.6240977602908971, 0.4542835691626501, 0.9938825262863494, 0.809924053509959, 0.9652958397220908, 0.12227653646140602, 25.0, 3.9701831452755303, 16.65797545943032, 1.0, 1.8131457171264849, 2.2645604571792766, 18.920736885316238, 1.3198728942694102, 1.136931262859886, 0.8847686631206433, 1.5666912146623437, 1.9002149152122962]
APTIDAO: 
29.45095634104764
GEN: 3600
Individuo: 
[2.481319355846024, 1.6982479435901048, 4.171986235835518, 0.8623072831223707, 1.7687691872608684, 0.4716710915792932, 0.7786522110265619, 0.5583983586559143, 0.7482675360828008, 0.4062372827889083, 0.9964912759800123, 0.1, 25.0, 2.803109549350143, 23.830735156456488, 1.0, 25.0, 2.5885435425672023, 9.510400707917565, 1.3034600437538457, 1.7198661212173827, 1.1894789802549286, 1.2649795142695857, 1.322636953580782]
APTIDAO: 
28.465544133391333
GEN: 3700
Individuo: 
[2.481319355846024, 1.6982479435901048, 4.171986235835518, 0.8623072831223707, 1.7687691872608684, 0.4716710915792932, 0.7786522110265619, 0.5583983586559143, 0.7482675360828008, 0.4062372827889083, 0.9964912759800123, 0.1, 25.0, 2.803109549350143, 23.830735156456488, 1.0, 25.0, 2.5885435425672023, 9.510400707917565, 1.3034600437538457, 1.7198661212173827, 1.1894789802549286, 1.2649795142695857, 1.322636953580782]
APTIDAO: 
28.465544133391333
GEN: 3800
Individuo: 
[2.211875151407754, 1.6847087769200078, 3.8501134720087826, 0.9372167059390406, 3.184288149410456, 0.5804113348887526, 0.5422074561688397, 0.5221505199614115, 0.5736690711798238, 0.6985478625400642, 1.0, 0.134995203811715, 25.0, 5.997870029669876, 8.680585266255605, 1.3497328413987273, 17.385754490216716, 2.8540171209791203, 3.0508201713751006, 1.1342297649894286, 1.0570426226001535, 1.1020167340814448, 1.1529774068733993, 1.5642882785950876]
APTIDAO: 
27.40726997867915
GEN: 3900
Individuo: 
[2.211875151407754, 1.6847087769200078, 3.8501134720087826, 0.9372167059390406, 3.184288149410456, 0.5804113348887526, 0.5422074561688397, 0.5221505199614115, 0.5736690711798238, 0.6985478625400642, 1.0, 0.134995203811715, 25.0, 5.997870029669876, 8.680585266255605, 1.3497328413987273, 17.385754490216716, 2.8540171209791203, 3.0508201713751006, 1.1342297649894286, 1.0570426226001535, 1.1020167340814448, 1.1529774068733993, 1.5642882785950876]
APTIDAO: 
27.40726997867915
GEN: 4000
Individuo: 
[2.5731147053280083, 1.8460637044748565, 2.941208973351557, 1.4741621937463214, 2.254326299835548, 0.5580613268790118, 0.6331876019877032, 0.4115734608226734, 0.7481943009000076, 0.5449115102138593, 1.0, 0.1, 18.296801646548357, 4.260104210838108, 7.732087247287714, 1.322014178744181, 21.182026105807655, 2.985450979751789, 9.342150806177015, 1.277355966102964, 1.2743142140853225, 0.8759733232553615, 1.4324435895722347, 1.3975077543269494]
APTIDAO: 
26.15169467137702
GEN: 4100
Individuo: 
[2.2697710057354024, 1.7150881160561386, 3.7151846792776904, 1.2653467301676276, 2.7807072786565206, 0.5715463033848668, 0.5907305229211629, 0.5039182583614434, 0.5960426482988577, 0.6517471514337643, 1.0, 0.127996163049372, 19.16738362835525, 5.593682800928999, 6.074071644719803, 1.2797862731189817, 15.631992376936527, 2.895637138054886, 5.462646433939073, 1.1606538839577953, 1.1949750164728303, 1.105482395022652, 1.2628266145591902, 1.5038022473054027]
APTIDAO: 
25.657468851314146
GEN: 4200
Individuo: 
[2.2697710057354024, 1.7150881160561386, 3.7151846792776904, 1.2653467301676276, 2.7807072786565206, 0.5715463033848668, 0.5907305229211629, 0.5039182583614434, 0.5960426482988577, 0.6517471514337643, 1.0, 0.127996163049372, 19.16738362835525, 5.593682800928999, 6.074071644719803, 1.2797862731189817, 15.631992376936527, 2.895637138054886, 5.462646433939073, 1.1606538839577953, 1.1949750164728303, 1.105482395022652, 1.2628266145591902, 1.5038022473054027]
APTIDAO: 
25.657468851314146
GEN: 4300
Individuo: 
[2.2697710057354024, 1.7150881160561386, 3.7151846792776904, 1.2653467301676276, 2.7807072786565206, 0.5715463033848668, 0.5907305229211629, 0.5039182583614434, 0.5960426482988577, 0.6517471514337643, 1.0, 0.127996163049372, 19.16738362835525, 5.593682800928999, 6.074071644719803, 1.2797862731189817, 15.631992376936527, 2.895637138054886, 5.462646433939073, 1.1606538839577953, 1.1949750164728303, 1.105482395022652, 1.2628266145591902, 1.5038022473054027]
APTIDAO: 
25.657468851314146
GEN: 4400
Individuo: 
[2.2697710057354024, 1.7150881160561386, 3.7151846792776904, 1.2653467301676276, 2.7807072786565206, 0.5715463033848668, 0.5907305229211629, 0.5039182583614434, 0.5960426482988577, 0.6517471514337643, 1.0, 0.127996163049372, 19.16738362835525, 5.593682800928999, 6.074071644719803, 1.2797862731189817, 15.631992376936527, 2.895637138054886, 5.462646433939073, 1.1606538839577953, 1.1949750164728303, 1.105482395022652, 1.2628266145591902, 1.5038022473054027]
APTIDAO: 
25.657468851314146
GEN: 4500
Individuo: 
[2.2697710057354024, 1.7150881160561386, 3.7151846792776904, 1.2653467301676276, 2.7807072786565206, 0.5715463033848668, 0.5907305229211629, 0.5039182583614434, 0.5960426482988577, 0.6517471514337643, 1.0, 0.127996163049372, 19.16738362835525, 5.593682800928999, 6.074071644719803, 1.2797862731189817, 15.631992376936527, 2.895637138054886, 5.462646433939073, 1.1606538839577953, 1.1949750164728303, 1.105482395022652, 1.2628266145591902, 1.5038022473054027]
APTIDAO: 
25.657468851314146
GEN: 4600
Individuo: 
[1.9975558311232313, 1.7197033421118149, 4.72628865041323, 0.9906803861710265, 2.6522361215087145, 0.6600564495966539, 0.5129357016747922, 0.5363498026351525, 0.756322003777518, 0.7583008938052549, 0.9519572084763313, 0.1, 25.0, 6.247270175317025, 10.050279491793468, 1.9322933575582406, 7.849542269067035, 2.6396337761764572, 2.0447994730763437, 1.1192854222681132, 0.9945005145094723, 1.0735123001647624, 1.6028146719273044, 1.5325853325031968]
APTIDAO: 
25.45604189111893
GEN: 4700
Individuo: 
[1.9975558311232313, 1.7197033421118149, 4.72628865041323, 0.9906803861710265, 2.6522361215087145, 0.6600564495966539, 0.5129357016747922, 0.5363498026351525, 0.756322003777518, 0.7583008938052549, 0.9519572084763313, 0.1, 25.0, 6.247270175317025, 10.050279491793468, 1.9322933575582406, 7.849542269067035, 2.6396337761764572, 2.0447994730763437, 1.1192854222681132, 0.9945005145094723, 1.0735123001647624, 1.6028146719273044, 1.5325853325031968]
APTIDAO: 
25.45604189111893
GEN: 4800
Individuo: 
[1.9975558311232313, 1.7197033421118149, 4.72628865041323, 0.9906803861710265, 2.6522361215087145, 0.6600564495966539, 0.5129357016747922, 0.5363498026351525, 0.756322003777518, 0.7583008938052549, 0.9519572084763313, 0.1, 25.0, 6.247270175317025, 10.050279491793468, 1.9322933575582406, 7.849542269067035, 2.6396337761764572, 2.0447994730763437, 1.1192854222681132, 0.9945005145094723, 1.0735123001647624, 1.6028146719273044, 1.5325853325031968]
APTIDAO: 
25.45604189111893
GEN: 4900
Individuo: 
[2.5069923153481852, 1.7681491545304602, 4.165301331732134, 0.5069712515965242, 1.50507741600099, 0.47433923778793763, 0.709755021501406, 0.5419042513349075, 1.0, 0.41354953077208745, 0.9452430332768844, 0.20058328375283033, 21.65758935340206, 3.698055072226475, 23.31518366334215, 1.3947478184993476, 3.06953104987075, 2.084548093152093, 21.88536684842328, 1.23453990056462, 1.50479051608425, 1.1481080682783091, 1.7500592123777097, 1.2027680707999022]
APTIDAO: 
24.680630775421434
GEN: 5000
Individuo: 
[2.5205225080846656, 1.6869558173055366, 2.7932078172695363, 1.191643655706518, 2.5458152497224416, 0.5977696650439889, 0.5754382012511914, 0.4890660200914897, 0.6817289806831544, 0.5071148367901525, 1.0, 0.1, 18.802293816128756, 3.799006315730433, 6.904514805664618, 1.508600987024189, 16.455297631950458, 2.6562763177471194, 6.861054705151871, 1.2613322235238504, 1.1648213330654082, 0.968893756477063, 1.4031330353354414, 1.3896049342881096]
APTIDAO: 
22.905509353676056
GEN: 5100
Individuo: 
[2.5205225080846656, 1.6869558173055366, 2.7932078172695363, 1.191643655706518, 2.5458152497224416, 0.5977696650439889, 0.5754382012511914, 0.4890660200914897, 0.6817289806831544, 0.5071148367901525, 1.0, 0.1, 18.802293816128756, 3.799006315730433, 6.904514805664618, 1.508600987024189, 16.455297631950458, 2.6562763177471194, 6.861054705151871, 1.2613322235238504, 1.1648213330654082, 0.968893756477063, 1.4031330353354414, 1.3896049342881096]
APTIDAO: 
22.905509353676056
GEN: 5200
Individuo: 
[2.292832778636014, 1.7893481322253038, 2.8259909679102284, 0.7780072779404653, 2.4418006781847086, 0.5698434129944668, 0.5775493786125389, 0.5029997728919079, 0.9132369995847083, 0.5166104695508491, 0.9541516957335763, 0.22029118059380032, 21.363725358660943, 3.4803736452185587, 5.627565839694794, 1.7603012405407625, 18.30661628534407, 2.928989959825975, 20.660031172890456, 1.1881308439908462, 1.26457682219884, 1.0558373368929577, 1.4125111414534972, 1.476361399570972]
APTIDAO: 
22.507694181078374
GEN: 5300
Individuo: 
[2.292832778636014, 1.7893481322253038, 2.8259909679102284, 0.7780072779404653, 2.4418006781847086, 0.5698434129944668, 0.5775493786125389, 0.5029997728919079, 0.9132369995847083, 0.5166104695508491, 0.9541516957335763, 0.22029118059380032, 21.363725358660943, 3.4803736452185587, 5.627565839694794, 1.7603012405407625, 18.30661628534407, 2.928989959825975, 20.660031172890456, 1.1881308439908462, 1.26457682219884, 1.0558373368929577, 1.4125111414534972, 1.476361399570972]
APTIDAO: 
22.507694181078374
GEN: 5400
Individuo: 
[2.292832778636014, 1.7893481322253038, 2.8259909679102284, 0.7780072779404653, 2.4418006781847086, 0.5698434129944668, 0.5775493786125389, 0.5029997728919079, 0.9132369995847083, 0.5166104695508491, 0.9541516957335763, 0.22029118059380032, 21.363725358660943, 3.4803736452185587, 5.627565839694794, 1.7603012405407625, 18.30661628534407, 2.928989959825975, 20.660031172890456, 1.1881308439908462, 1.26457682219884, 1.0558373368929577, 1.4125111414534972, 1.476361399570972]
APTIDAO: 
22.507694181078374
GEN: 5500
Individuo: 
[2.2845547206665646, 1.8563467791313273, 2.548643462401685, 1.1055628949034373, 2.722114952087227, 0.6092708489009032, 0.6131453746823996, 0.46535005379640326, 0.8114933914695703, 0.5355560447605382, 1.0, 0.14316009189724288, 17.0496835305203, 3.5383142172490465, 7.238868913536189, 1.5350460258751075, 16.455297631950458, 2.5862292573247894, 11.340646062602879, 1.1956078395294596, 1.2838971208294367, 0.9566894088978978, 1.4372114480033606, 1.4859848142290444]
APTIDAO: 
22.336743455731078
GEN: 5600
Individuo: 
[2.0476679878991337, 1.9898904015810028, 3.6338448875382756, 0.4169382436914255, 2.8086473746838605, 0.6431398691151001, 0.7030535113602882, 0.47888341627842307, 0.8527981245228309, 0.4823081218556921, 0.9792538607429133, 0.10768730400395898, 15.661618795568067, 3.117217790751663, 8.633170008630994, 1.34471464729353, 14.773259481131145, 2.474489801982065, 21.071048739519615, 1.1418224470375438, 1.5254690059920646, 1.0172964271391467, 1.4812727188225479, 1.434846051677306]
APTIDAO: 
22.046118736723724
GEN: 5700
Individuo: 
[1.9863654083228202, 2.099541708706382, 3.037285748361392, 0.8352327489514979, 2.932126788946646, 0.6438868941556829, 0.6709419277294464, 0.4598903145153791, 0.9403250095442639, 0.5515275787089624, 0.9841555247012892, 0.127379195552437, 17.459616012136568, 3.8650302751036913, 6.270640410882025, 1.848581870940836, 17.818590546723595, 2.3867251345280884, 18.178374985676044, 1.1149124429088964, 1.4357066367646492, 1.044607413259083, 1.5066244805764348, 1.5578504398437705]
APTIDAO: 
21.015781517995233
GEN: 5800
Individuo: 
[1.8021024493621098, 1.9064783707901403, 2.3565674442064055, 1.2424819307559811, 3.245483298999141, 0.6638515228055311, 0.6273128543446709, 0.5373695714285324, 0.6628709607522637, 0.5242436455104729, 0.9966827809846268, 0.15270635848167063, 14.173653154268791, 3.811639663455542, 5.699754722487793, 1.7761730015845252, 12.66503371690551, 2.1201688820543065, 13.331157369302165, 1.0881154345087884, 1.315188418109257, 1.0931616047409618, 1.3507780582152782, 1.4648643060615165]
APTIDAO: 
20.55629233283687
GEN: 5900
Individuo: 
[1.8616248780630344, 1.989232057320595, 2.241354419534125, 1.2356641854752546, 2.885400312990195, 0.6267740952818609, 0.6449006080096144, 0.49542467807474383, 0.8137808820829284, 0.4141350602896736, 0.9804084304458408, 0.13298485230050905, 18.5293561320518, 3.807142323128437, 3.7633204885934335, 1.2698436700591273, 22.27637828633597, 2.215647577922957, 16.6526233878163, 1.0834175964107615, 1.3534386330055261, 1.1099806411045905, 1.4168291461399138, 1.3851844233882196]
APTIDAO: 
20.241537163826305
GEN: 6000
Individuo: 
[1.8616248780630344, 1.989232057320595, 2.241354419534125, 1.2356641854752546, 2.885400312990195, 0.6267740952818609, 0.6449006080096144, 0.49542467807474383, 0.8137808820829284, 0.4141350602896736, 0.9804084304458408, 0.13298485230050905, 18.5293561320518, 3.807142323128437, 3.7633204885934335, 1.2698436700591273, 22.27637828633597, 2.215647577922957, 16.6526233878163, 1.0834175964107615, 1.3534386330055261, 1.1099806411045905, 1.4168291461399138, 1.3851844233882196]
APTIDAO: 
20.241537163826305
GEN: 6100
Individuo: 
[1.7267837280043699, 2.19817599008911, 2.7079142810151158, 0.8888697995092822, 2.920379910047886, 0.6375004254946199, 0.6851006254230984, 0.5415152718422728, 0.8961530553714865, 0.45037668291066146, 0.9813622899742074, 0.13254360156192468, 14.877518214787498, 3.911099573662911, 3.1038757378751374, 1.0, 15.268494260983683, 2.147232094627957, 19.99458662732691, 1.0915243052173125, 1.4990674891178195, 1.2464648729628935, 1.5388846392315354, 1.3452497517766024]
APTIDAO: 
19.78180215059263
GEN: 6200
Individuo: 
[2.1425214555405834, 1.658224992961382, 2.9883804881036666, 0.9974764264429883, 2.4363019429102133, 0.6267740952818609, 0.663796996864198, 0.537486939395126, 0.9519913384014971, 0.35361243433098277, 0.981069335161255, 0.13619812593194383, 16.730721058287735, 3.7819267849226557, 3.9858806586940565, 1.4455461744952443, 19.28877564996933, 2.557654102718479, 23.5688948246857, 1.1640332060208483, 1.3364068354648724, 1.2249496198498713, 1.6145362380898332, 1.2941563661383952]
APTIDAO: 
19.750287451413712
GEN: 6300
Individuo: 
[1.7083049702689126, 2.137995087075954, 2.6258907435283967, 0.8697454944082311, 3.2137004733932426, 0.6503732302294111, 0.7534765599524618, 0.5493814257556281, 0.9714010678060255, 0.5082243081020092, 0.998831551707091, 0.13484556212818702, 13.612796904748086, 3.370338649380167, 3.1823962260334717, 1.4794818134697727, 18.22184900086331, 2.2926692147200596, 12.335930952756119, 1.0900183172449966, 1.6361925593960458, 1.2304080543681417, 1.6524271728071065, 1.4515047674922161]
APTIDAO: 
18.952492234102316
GEN: 6400
Individuo: 
[1.9484880199312902, 1.8870318487860007, 2.3162015422550764, 1.426118159113243, 2.825492960196299, 0.6393482430671031, 0.7040387888562303, 0.5595348361702434, 0.816335360210226, 0.48319076527153426, 1.0, 0.1007457416540026, 20.59437202730611, 3.3178196167341056, 3.5558065192077954, 1.0, 18.453354247980226, 2.7813007892908064, 8.265123062992766, 1.1055301621663751, 1.469746641144852, 1.227711917527707, 1.522068698327152, 1.3941968722162323]
APTIDAO: 
18.756135456933173
GEN: 6500
Individuo: 
[2.0504972247053064, 1.8313983693496703, 2.4895026837569914, 1.1769587667507493, 2.7998138141618076, 0.6389283685835622, 0.6926524337707257, 0.5323069508869881, 0.8709985089849045, 0.4464033481342489, 0.9997028935001241, 0.10152456178304868, 20.62658926811781, 3.1350130776066676, 3.1483244108498036, 1.0783546995128872, 18.284657431581955, 2.650470837809626, 25.0, 1.1346116621091986, 1.4496756316641382, 1.1978725630682967, 1.5606664518816276, 1.3801688131016987]
APTIDAO: 
18.590665826374472
GEN: 6600
Individuo: 
[2.056691480118211, 1.8606113243308633, 2.4836430428320058, 1.1662612236385224, 2.9268160450509355, 0.6415961048438367, 0.6987110425923844, 0.5390059714495302, 0.852226614497767, 0.4801730105603662, 0.9982555042039286, 0.10658526188961645, 20.42851213957579, 3.323963739680169, 3.284061461479727, 1.216036597417181, 17.361970819244128, 2.667994733980822, 19.0447411903026, 1.1349120424925427, 1.4784479639165655, 1.2180253057789479, 1.556968204916291, 1.4110688126891582]
APTIDAO: 
18.348681790908795
GEN: 6700
Individuo: 
[2.046042141662911, 1.8673663144753163, 2.3931047726797545, 1.1755744676966997, 3.024227403616143, 0.6410357251485052, 0.705814875936394, 0.5317076738496911, 0.857138681342181, 0.5031165723312174, 0.9922997313178505, 0.11904705644728264, 16.8113341588227, 3.4493181158015584, 3.4984563900821537, 1.2538789037908777, 11.845186142153514, 2.832548606537152, 18.383993112482095, 1.1369028958108587, 1.4790161673041864, 1.2090637056820925, 1.5337437504811082, 1.4306241794190495]
APTIDAO: 
18.11185986873936
GEN: 6800
Individuo: 
[2.0162079634565684, 1.8212516381505597, 2.3455710390852293, 1.2711292359239752, 3.183241301284096, 0.6384551763220948, 0.7124411232165371, 0.5370055910902701, 0.8404817014533962, 0.5312709160780871, 0.982707026721838, 0.12857753177201292, 15.702036328912339, 3.6708002889858595, 3.658951590885024, 1.4617578345113906, 15.796946095544795, 2.7928496549369766, 15.569632785760378, 1.1298687657214546, 1.484827296100964, 1.2000191014232429, 1.5528670227757457, 1.4109014273899405]
APTIDAO: 
18.06114035101943
GEN: 6900
Individuo: 
[2.0182238763755302, 1.8252680223321056, 2.2895089844899146, 1.3314113895499498, 3.0789226189960144, 0.6442125650648259, 0.7102480654383412, 0.5287011179174943, 0.8678989664668262, 0.5031271889423092, 0.9665953252325822, 0.13096134053081007, 17.553604775782595, 3.567930908916818, 3.4920162897097056, 1.4267884577742551, 14.684900685957333, 2.7172944752300427, 17.574753932191275, 1.1246946041159862, 1.4817744719310701, 1.1872499042226181, 1.5968546350472472, 1.3455075191241295]
APTIDAO: 
18.051037585898555
GEN: 7000
Individuo: 
[1.987463142384234, 1.9242727404671043, 2.4607826060818576, 0.9996022613044054, 3.2166182150535123, 0.6407950650836712, 0.7355885161224981, 0.5228701778727141, 0.9107913916647097, 0.5292348156940468, 0.9842287889703069, 0.15079205476683558, 18.330505455862077, 3.471237941345119, 3.611151572389688, 1.5117595337381302, 11.95591624922262, 2.5073109512239937, 16.988054880575877, 1.1155321678690384, 1.5710761692249955, 1.194701759328069, 1.6102799233077785, 1.4088332054060233]
APTIDAO: 
18.025401271755893
GEN: 7100
Individuo: 
[1.9972658197125297, 1.9223162784955892, 2.1052065481800164, 1.3018425226600128, 3.110356756146431, 0.6466328911057935, 0.7245550916052053, 0.5048500419026843, 0.9237581943905883, 0.5072025688876343, 0.9767265647110476, 0.13425173564018156, 18.234847576870944, 3.216096959742311, 3.1929181435060014, 1.4742856677980964, 9.93495179299414, 2.766200465981397, 22.947875734067985, 1.113732687538494, 1.5378819376921207, 1.1366470482906632, 1.6508240788550426, 1.365137994227235]
APTIDAO: 
17.969202887075348
GEN: 7200
Individuo: 
[1.9578474087889743, 1.8961290619047653, 2.367189281714565, 1.1468205580296367, 3.2107786570587398, 0.6464267140785898, 0.7072283780497024, 0.5240479496967863, 0.9591603062964095, 0.5213080853455053, 0.9239319294171119, 0.1423357826692431, 15.177465653574135, 3.5587001976994976, 3.4842108870311015, 1.582594805109272, 9.121753404381703, 2.3647280055168953, 25.0, 1.113293338655451, 1.4920932382755303, 1.175567412512049, 1.6923359046484767, 1.2897919469719465]
APTIDAO: 
17.887879782431785
GEN: 7300
Individuo: 
[1.9680091793044139, 1.9212613932075489, 2.375582216936394, 1.1527400826053162, 3.08556926357871, 0.6500431514462756, 0.7122341878775694, 0.5206833853261692, 0.9661315224145638, 0.49293747922342596, 0.890956957245958, 0.14207468344932506, 15.401634663226659, 3.3491862810130244, 3.524197496639699, 1.6249150609013534, 10.944665388373949, 2.198147835368416, 25.0, 1.117341063717977, 1.5082440297525614, 1.1800537646016185, 1.7007565383312189, 1.2119658411911174]
APTIDAO: 
17.87229115516026
GEN: 7400
Individuo: 
[1.9488274859499146, 1.9140009074903115, 2.2330258563966714, 1.2020174471935043, 3.3347692399390954, 0.6566084594178688, 0.7186394100901284, 0.5080148721873365, 0.9974691367387799, 0.5340455524485516, 0.8566914387451112, 0.1123862211899013, 16.033315884508553, 3.5421782169136455, 3.23720865833112, 1.5563862826028296, 10.365287843893848, 2.258605809190176, 19.48581215219637, 1.1150533896274246, 1.52270293759975, 1.1609896991456101, 1.7001423807034284, 1.2014205235543813]
APTIDAO: 
17.715407032526205
GEN: 7500
Individuo: 
[1.9488274859499146, 1.9140009074903115, 2.2330258563966714, 1.2020174471935043, 3.3347692399390954, 0.6566084594178688, 0.7186394100901284, 0.5080148721873365, 0.9974691367387799, 0.5340455524485516, 0.8566914387451112, 0.1123862211899013, 16.033315884508553, 3.5421782169136455, 3.23720865833112, 1.5563862826028296, 10.365287843893848, 2.258605809190176, 19.48581215219637, 1.1150533896274246, 1.52270293759975, 1.1609896991456101, 1.7001423807034284, 1.2014205235543813]
APTIDAO: 
17.715407032526205
GEN: 7600
Individuo: 
[1.9488274859499146, 1.9140009074903115, 2.2330258563966714, 1.2020174471935043, 3.3347692399390954, 0.6566084594178688, 0.7186394100901284, 0.5080148721873365, 0.9974691367387799, 0.5340455524485516, 0.8566914387451112, 0.1123862211899013, 16.033315884508553, 3.5421782169136455, 3.23720865833112, 1.5563862826028296, 10.365287843893848, 2.258605809190176, 19.48581215219637, 1.1150533896274246, 1.52270293759975, 1.1609896991456101, 1.7001423807034284, 1.2014205235543813]
APTIDAO: 
17.715407032526205
GEN: 7700
Individuo: 
[1.940382071756518, 1.8923934142951093, 2.2734402645853238, 1.2525669538037918, 3.33259623322998, 0.6565025208067142, 0.7099595400890711, 0.5124265831459733, 1.0, 0.5336300064613938, 0.8390996759600335, 0.10215317072676022, 17.127661049318515, 3.067508737997443, 3.1476301377432865, 1.3444432668550532, 11.042958616395042, 2.1586584445013153, 25.0, 1.11041321219285, 1.4952386365214565, 1.161864032387336, 1.710465481082623, 1.1761536677167947]
APTIDAO: 
17.713194255074548
GEN: 7800
Individuo: 
[1.9317212389952667, 1.9159160238104498, 2.275964316537831, 1.1708525710253823, 3.4050636868099664, 0.6612276897185082, 0.6984316861243756, 0.5398921780180959, 0.9996295371346887, 0.5464040379050168, 0.8114812353399398, 0.1, 17.05938771575474, 3.654091231054383, 3.6240519532092135, 1.816501591673319, 13.268633906364101, 2.7663351253949777, 25.0, 1.1091699569774578, 1.474082054152802, 1.1982473729307914, 1.7130193726708973, 1.1398100321430054]
APTIDAO: 
17.687207295420862
GEN: 7900
Individuo: 
[1.9227842737178815, 1.9324773242568702, 2.2901956276814817, 1.1304959522112432, 3.399260314924556, 0.6587515071215782, 0.7054923825727838, 0.5331216805224467, 0.9983682624641592, 0.5505869276951816, 0.8406981013151776, 0.10788541858728234, 15.393733460231449, 3.5924612884702856, 3.4003133711547044, 1.4333373821904312, 11.93769793828734, 2.541463525496562, 17.316005656806258, 1.1088117224227578, 1.4946752791136753, 1.1817895268830503, 1.7172735766225111, 1.18611892621419]
APTIDAO: 
17.645971869258993
GEN: 8000
Individuo: 
[1.927642030643882, 1.9125633663403996, 2.32997124966474, 1.1637860543806662, 3.3663246834780236, 0.6585145957563288, 0.7085325949108462, 0.5308113999871305, 0.9987979670808911, 0.5356822794606183, 0.7994076587413745, 0.10940629476840347, 16.411423284392114, 3.8195549916466236, 3.7907282559386757, 1.403070104824642, 11.971662278169525, 2.710092256426703, 25.0, 1.1100725200514927, 1.4966390409111932, 1.1896864314180804, 1.7145994409497816, 1.1090130554453426]
APTIDAO: 
17.64193836210357
GEN: 8100
Individuo: 
[1.9342364792734754, 1.8985770414604164, 2.362875768184433, 1.1894385318853413, 3.332968983904452, 0.6585528233638129, 0.7059508792815109, 0.5326735240283619, 0.9957265284226797, 0.5295664837543084, 0.7934354094624652, 0.13036325552255904, 16.47797060648681, 3.8327977044502606, 3.47447495111827, 1.1644741871989173, 13.298523019580403, 2.696669660069144, 18.622021461014057, 1.1116765519234324, 1.4908108645705682, 1.1959948007507164, 1.7136459171004415, 1.0970367754753976]
APTIDAO: 
17.632702619310425
GEN: 8200
Individuo: 
[1.9228933639090988, 1.8997317648614052, 2.3464562533449644, 1.1933284374008892, 3.3540140808185344, 0.6595231968303809, 0.7095572476602352, 0.5308303492378899, 0.9887711184678403, 0.5359620986896142, 0.8095130932672506, 0.14193594208787044, 16.046306771501754, 3.737607229701169, 3.2665936612672253, 1.658198649520976, 11.718801545992093, 2.545572095685179, 21.740422217967506, 1.1102914717793058, 1.4997705534804644, 1.185501165236518, 1.7198292624629592, 1.1243015665280556]
APTIDAO: 
17.623904339689176
GEN: 8300
Individuo: 
[1.932994611037923, 1.9036228502465797, 2.34784596908216, 1.19501967172685, 3.3029339249321414, 0.6555646858396721, 0.7083796881811062, 0.53370157084171, 1.0, 0.5485789947473413, 0.8446150634343902, 0.13962791425013482, 15.37756865990391, 3.7115547560558184, 3.232769562675591, 1.0, 10.893811661344479, 2.466634918342187, 14.584718955236411, 1.111688839284249, 1.4986914349353626, 1.1967048807536769, 1.7154257228737468, 1.189546574689748]
APTIDAO: 
17.596708202094693
GEN: 8400
Individuo: 
[1.932994611037923, 1.9036228502465797, 2.34784596908216, 1.19501967172685, 3.3029339249321414, 0.6555646858396721, 0.7083796881811062, 0.53370157084171, 1.0, 0.5485789947473413, 0.8446150634343902, 0.13962791425013482, 15.37756865990391, 3.7115547560558184, 3.232769562675591, 1.0, 10.893811661344479, 2.466634918342187, 14.584718955236411, 1.111688839284249, 1.4986914349353626, 1.1967048807536769, 1.7154257228737468, 1.189546574689748]
APTIDAO: 
17.596708202094693
GEN: 8500
Individuo: 
[1.9202061529582921, 1.9149036210748882, 2.331557455071681, 1.2985785491006725, 3.2360817605264796, 0.656904454776786, 0.7066098151383594, 0.5281507808291096, 1.0, 0.5525449335351229, 0.8301136982448226, 0.11150235662748104, 15.4121224590101, 3.786355783264026, 3.1984446245422182, 1.5808999767408194, 9.483530990440492, 2.180132598507978, 20.712363770845233, 1.1097814695144002, 1.4946288338876241, 1.187822087473463, 1.717307080658459, 1.1743044474229056]
APTIDAO: 
17.591500616865982
GEN: 8600
Individuo: 
[1.924495141928569, 1.911469543896382, 2.3620884191016414, 1.272266981453577, 3.2526644840241157, 0.6572703514639255, 0.7087282003966279, 0.5295186917833002, 1.0, 0.5443329329981743, 0.8081737997346709, 0.10947304421284781, 15.537341437628246, 3.877873803247357, 3.298742790355756, 1.4275358519623147, 10.87484258151548, 2.8273155066530236, 16.138842716144303, 1.110913214775758, 1.4986301856238644, 1.1905468413570481, 1.7146874197445328, 1.1324580734267389]
APTIDAO: 
17.58577872538972
GEN: 8700
Individuo: 
[1.9101906553075305, 1.9169784583631795, 2.361884080931916, 1.3162757185388787, 3.2071160293656598, 0.6579423979711702, 0.7103898449742341, 0.5343580052883451, 1.0, 0.5472812550638603, 0.8010376647611507, 0.13133035471296928, 15.508162943975929, 3.6717892508823597, 3.3179221968533943, 1.2021503336582486, 9.8936680368717, 2.6802498009822986, 16.781769068746332, 1.1079201143203667, 1.5056448663868218, 1.1974540846907553, 1.717550826254662, 1.124561499993334]
APTIDAO: 
17.582513909676678
GEN: 8800
Individuo: 
[1.9101906553075305, 1.9169784583631795, 2.361884080931916, 1.3162757185388787, 3.2071160293656598, 0.6579423979711702, 0.7103898449742341, 0.5343580052883451, 1.0, 0.5472812550638603, 0.8010376647611507, 0.13133035471296928, 15.508162943975929, 3.6717892508823597, 3.3179221968533943, 1.2021503336582486, 9.8936680368717, 2.6802498009822986, 16.781769068746332, 1.1079201143203667, 1.5056448663868218, 1.1974540846907553, 1.717550826254662, 1.124561499993334]
APTIDAO: 
17.582513909676678
GEN: 8900
Individuo: 
[1.9101906553075305, 1.9169784583631795, 2.361884080931916, 1.3162757185388787, 3.2071160293656598, 0.6579423979711702, 0.7103898449742341, 0.5343580052883451, 1.0, 0.5472812550638603, 0.8010376647611507, 0.13133035471296928, 15.508162943975929, 3.6717892508823597, 3.3179221968533943, 1.2021503336582486, 9.8936680368717, 2.6802498009822986, 16.781769068746332, 1.1079201143203667, 1.5056448663868218, 1.1974540846907553, 1.717550826254662, 1.124561499993334]
APTIDAO: 
17.582513909676678
GEN: 9000
Individuo: 
[1.9142695026680285, 1.9153877693090702, 2.353124446348572, 1.3182012732676118, 3.179201827344245, 0.6567850312460946, 0.7083477675831997, 0.5325463438412619, 1.0, 0.5487233496169848, 0.8159666796496681, 0.1, 15.958232209302327, 3.8376408788351246, 3.2238504532621834, 1.4207544289835097, 8.014406811975084, 2.641135143984452, 25.0, 1.108862717531725, 1.499914691509876, 1.1945709247523304, 1.7205230725476106, 1.1475564964292688]
APTIDAO: 
17.574039826831715
GEN: 9100
Individuo: 
[1.9050598557039273, 1.9216833917123324, 2.3584632366866107, 1.4137765109873321, 3.1171741411765894, 0.658335320570318, 0.7094183224836407, 0.535528328558761, 0.998555774278099, 0.5460801952170966, 0.7832373700399414, 0.12010696059763429, 15.817072815148341, 3.9118668498755755, 3.1801409037380424, 1.0239965904139419, 8.679407537244776, 2.965465434520328, 20.71657761311698, 1.1066736423134436, 1.5040978375295726, 1.1970599441976444, 1.7292837188967831, 1.0973879026150448]
APTIDAO: 
17.56910201063449
GEN: 9200
Individuo: 
[1.9050598557039273, 1.9216833917123324, 2.3584632366866107, 1.4137765109873321, 3.1171741411765894, 0.658335320570318, 0.7094183224836407, 0.535528328558761, 0.998555774278099, 0.5460801952170966, 0.7832373700399414, 0.12010696059763429, 15.817072815148341, 3.9118668498755755, 3.1801409037380424, 1.0239965904139419, 8.679407537244776, 2.965465434520328, 20.71657761311698, 1.1066736423134436, 1.5040978375295726, 1.1970599441976444, 1.7292837188967831, 1.0973879026150448]
APTIDAO: 
17.56910201063449
GEN: 9300
Individuo: 
[1.9265262820053137, 1.9057364346682084, 2.3743380078819896, 1.2981993570565284, 3.1888647001164965, 0.6573839449041388, 0.7090762238643946, 0.5375051347379025, 0.9970192001906295, 0.5442870503202191, 0.7900402403846826, 0.11867131606271436, 15.94395313957135, 3.759831418942747, 3.1628024172438756, 1.5096004924417104, 8.435938458623523, 2.418885688612423, 25.0, 1.111151843465129, 1.5016903445762702, 1.2027909721757641, 1.7246348949781642, 1.1033217867244232]
APTIDAO: 
17.568195427195285
GEN: 9400
Individuo: 
[1.9265262820053137, 1.9057364346682084, 2.3743380078819896, 1.2981993570565284, 3.1888647001164965, 0.6573839449041388, 0.7090762238643946, 0.5375051347379025, 0.9970192001906295, 0.5442870503202191, 0.7900402403846826, 0.11867131606271436, 15.94395313957135, 3.759831418942747, 3.1628024172438756, 1.5096004924417104, 8.435938458623523, 2.418885688612423, 25.0, 1.111151843465129, 1.5016903445762702, 1.2027909721757641, 1.7246348949781642, 1.1033217867244232]
APTIDAO: 
17.568195427195285
GEN: 9500
Individuo: 
[1.9171938928795402, 1.9167966555033307, 2.3449594936199865, 1.4065122741111484, 3.1120078424413014, 0.6569733079254331, 0.7113462585055429, 0.5336547295375358, 0.9983981481801122, 0.5434026272893377, 0.7893609046620063, 0.1235508700498599, 15.27087068842273, 3.639351692873183, 3.288123902422307, 1.2122459732444164, 8.986354635636234, 2.8530717350753534, 25.0, 1.10977781397116, 1.5065611076409793, 1.1919369844930574, 1.7328536593044421, 1.1019818000930914]
APTIDAO: 
17.566992254016263
GEN: 9600
Individuo: 
[1.9301291633868374, 1.9069281115427943, 2.3569397809769033, 1.3311110449465395, 3.193619059376922, 0.6566694411238022, 0.7074359765826711, 0.5382324813909866, 0.9997440631207093, 0.5500648556948721, 0.7943744344867483, 0.11821082005462967, 15.66203992511796, 3.533110206836545, 3.3371368191039616, 1.106498597995576, 9.674835595608572, 2.496905611867553, 23.59168752045475, 1.1113443120964015, 1.4982433242221203, 1.2018557840228339, 1.7275868660317255, 1.111127184182431]
APTIDAO: 
17.562770558731778
GEN: 9700
Individuo: 
[1.92817562342742, 1.907141306158619, 2.35576286739549, 1.3814502346212563, 3.144560981686987, 0.6583251420746427, 0.7060232213863671, 0.5436969768051959, 0.9984426161463166, 0.5453029815857434, 0.7563207708029238, 0.12160128173775933, 15.743134668092639, 3.1248103249013464, 3.4650556416594442, 1.0, 8.991377223033801, 2.6328196337317835, 25.0, 1.1116373719296355, 1.4912883203960856, 1.2115900151739085, 1.7288150810401481, 1.0567625934283924]
APTIDAO: 
17.55969927588742
GEN: 9800
Individuo: 
[1.92817562342742, 1.907141306158619, 2.35576286739549, 1.3814502346212563, 3.144560981686987, 0.6583251420746427, 0.7060232213863671, 0.5436969768051959, 0.9984426161463166, 0.5453029815857434, 0.7563207708029238, 0.12160128173775933, 15.743134668092639, 3.1248103249013464, 3.4650556416594442, 1.0, 8.991377223033801, 2.6328196337317835, 25.0, 1.1116373719296355, 1.4912883203960856, 1.2115900151739085, 1.7288150810401481, 1.0567625934283924]
APTIDAO: 
17.55969927588742
GEN: 9900
Individuo: 
[1.9163268807707445, 1.90889020399153, 2.361483561664647, 1.4538930702732602, 3.054630806573572, 0.6580840335825473, 0.7074552716215066, 0.5342031957833538, 0.9992017598642139, 0.5437698066674972, 0.7764695161278966, 0.1, 15.88252407310854, 3.915701745453492, 3.1620633525925665, 1.35807407529864, 7.475732661585527, 2.622561772534087, 24.298090881435495, 1.1093610488426642, 1.4959498444141954, 1.1954690383646394, 1.7350157315663999, 1.0846779582246187]
APTIDAO: 
17.55699943321783
GEN: 10000
Individuo: 
[1.9401848813579616, 1.8975204602717706, 2.371350310253522, 1.4090025377973894, 3.1153212346075625, 0.6568414958029571, 0.704478656254931, 0.5399520547928812, 0.9987105378171974, 0.5486847443070584, 0.7681200014701706, 0.11752851111201697, 15.484984176477939, 3.4185272217853417, 3.1436535092583964, 1.6002701404450796, 8.488678161903659, 2.9877781676451702, 25.0, 1.1138959170585232, 1.4896349259653983, 1.2052274816664332, 1.736604536451847, 1.069933976661499]
APTIDAO: 
17.556347520767392

--- RESULTADO FINAL ---
Erro (norma-1): 17.556347520767392
Parâmetros: [1.9401848813579616, 1.8975204602717706, 2.371350310253522, 1.4090025377973894, 3.1153212346075625, 0.6568414958029571, 0.704478656254931, 0.5399520547928812, 0.9987105378171974, 0.5486847443070584, 0.7681200014701706, 0.11752851111201697, 15.484984176477939, 3.4185272217853417, 3.1436535092583964, 1.6002701404450796, 8.488678161903659, 2.9877781676451702, 25.0, 1.1138959170585232, 1.4896349259653983, 1.2052274816664332, 1.736604536451847, 1.069933976661499]
Tempo total: 01h 55m 51s
