SEED: 1779633375
NP: 50  F: 0.8  CR: 0.9
BOUNDS: tau=[0.1, 5.0]  K=[0.1, 1.0]  N=[1.0, 25.0]  Vmax=[0.1, 2.0]
GEN: 0
Individuo: 
[0.4798855015100434, 3.783473764030092, 2.193860213949455, 1.705976534806742, 1.938023004110226, 0.5645359326166839, 0.6094518334628529, 0.5240117299601587, 0.26098841747118523, 0.581432230777791, 0.679668643160662, 0.4024538204229283, 9.68345967524747, 20.256897110007895, 5.7167794697198575, 11.57543868819258, 18.009105618965364, 12.429032151711908, 1.3993644317466734, 0.9360029338511245, 0.8583005180315812, 0.7139045976576491, 0.681411427802079, 1.5030651747795118]
APTIDAO: 
125.26336243521378
GEN: 100
Individuo: 
[2.4156235580789005, 1.150024139636095, 0.1, 2.209179948804143, 3.809297570522791, 0.5656735152664092, 0.6810775310385768, 0.7692047015586689, 0.2582592998701235, 0.1, 0.7400525582970587, 0.9329135153104472, 5.926712068672374, 11.158659569257349, 2.2588425825030383, 1.0, 23.113015266810432, 5.032025558824552, 25.0, 1.0549215013318625, 1.2694571535716122, 1.6710929015872673, 1.619970989443242, 0.9582116767082363]
APTIDAO: 
66.94102081395472
GEN: 200
Individuo: 
[2.1076195623862697, 0.1, 2.2598952183581815, 2.914593825161973, 5.0, 0.6359957017574212, 0.7014596321060849, 0.9993798612760014, 0.3762906037555942, 0.41176476042898347, 0.5927600729838112, 1.0, 13.10125208020824, 2.732096199800993, 4.379998879908186, 25.0, 1.0, 1.0, 1.0, 1.048489389112545, 2.0, 1.6147698225919807, 0.9716000385106476, 1.6353739951127717]
APTIDAO: 
58.18586042853331
GEN: 300
Individuo: 
[3.55480130966963, 2.3132787586114034, 0.1, 3.659588416041441, 1.4551447010524576, 0.6647199804486021, 0.7014596321060849, 0.7690322748835168, 0.1814904346856553, 0.7880271440046738, 0.2973182319637175, 0.9933205899971773, 25.0, 4.312717226927175, 2.8942266951533404, 23.277800976246887, 2.374665530955073, 1.0, 1.0, 1.2040492037349493, 1.610840456108665, 1.493315483048446, 0.36611276414318217, 1.9421031125446544]
APTIDAO: 
55.99252953202839
GEN: 400
Individuo: 
[3.55480130966963, 2.3132787586114034, 0.1, 3.659588416041441, 1.4551447010524576, 0.6647199804486021, 0.7014596321060849, 0.7690322748835168, 0.1814904346856553, 0.7880271440046738, 0.2973182319637175, 0.9933205899971773, 25.0, 4.312717226927175, 2.8942266951533404, 23.277800976246887, 2.374665530955073, 1.0, 1.0, 1.2040492037349493, 1.610840456108665, 1.493315483048446, 0.36611276414318217, 1.9421031125446544]
APTIDAO: 
55.99252953202839
GEN: 500
Individuo: 
[2.69808843899884, 0.38378351548650325, 5.0, 5.0, 0.2960431565311825, 0.5178793075824799, 0.3729948238376445, 0.5951195667141956, 0.6094723868746948, 1.0, 0.6949974247603632, 0.14604099025530004, 21.707718968583293, 2.405308889895667, 4.408338660436687, 25.0, 17.456471526542053, 1.0, 1.0, 1.2696471167023806, 1.0826706909611354, 1.363958879813726, 1.1549816675360245, 1.7096355671489125]
APTIDAO: 
50.628918094865284
GEN: 600
Individuo: 
[3.5194804429198476, 2.000556437916567, 0.481738640186417, 0.11326912079278273, 2.536867925500543, 0.43465284436502166, 0.6593253524812025, 0.7504430697853257, 0.7405896790293257, 0.1, 0.9595845142183194, 0.5417508206362222, 15.891388072440302, 20.310561517976808, 1.0, 1.0, 25.0, 8.776394222334384, 4.388521340435024, 1.6068578689262898, 0.9069387523485916, 1.4905759246769261, 2.0, 1.0394681812653144]
APTIDAO: 
48.315374515987784
GEN: 700
Individuo: 
[3.5194804429198476, 2.000556437916567, 0.481738640186417, 0.11326912079278273, 2.536867925500543, 0.43465284436502166, 0.6593253524812025, 0.7504430697853257, 0.7405896790293257, 0.1, 0.9595845142183194, 0.5417508206362222, 15.891388072440302, 20.310561517976808, 1.0, 1.0, 25.0, 8.776394222334384, 4.388521340435024, 1.6068578689262898, 0.9069387523485916, 1.4905759246769261, 2.0, 1.0394681812653144]
APTIDAO: 
48.315374515987784
GEN: 800
Individuo: 
[1.395278593567143, 1.8706230068891228, 0.2064419805412343, 5.0, 2.2488480305471468, 0.7562699704742053, 0.7089201229601291, 0.646124710074737, 0.526161811309702, 0.41486368358140857, 0.46348865674969975, 0.766811088994956, 3.765345359205602, 3.6501737815417403, 1.0, 22.338955378295733, 13.532202060531437, 3.847261039487904, 2.0898347982466774, 1.0024580317027367, 1.5239095378284686, 1.1683060267618068, 0.7480338169789145, 1.2537631662366626]
APTIDAO: 
45.00262862864476
GEN: 900
Individuo: 
[1.395278593567143, 1.8706230068891228, 0.2064419805412343, 5.0, 2.2488480305471468, 0.7562699704742053, 0.7089201229601291, 0.646124710074737, 0.526161811309702, 0.41486368358140857, 0.46348865674969975, 0.766811088994956, 3.765345359205602, 3.6501737815417403, 1.0, 22.338955378295733, 13.532202060531437, 3.847261039487904, 2.0898347982466774, 1.0024580317027367, 1.5239095378284686, 1.1683060267618068, 0.7480338169789145, 1.2537631662366626]
APTIDAO: 
45.00262862864476
GEN: 1000
Individuo: 
[1.395278593567143, 1.8706230068891228, 0.2064419805412343, 5.0, 2.2488480305471468, 0.7562699704742053, 0.7089201229601291, 0.646124710074737, 0.526161811309702, 0.41486368358140857, 0.46348865674969975, 0.766811088994956, 3.765345359205602, 3.6501737815417403, 1.0, 22.338955378295733, 13.532202060531437, 3.847261039487904, 2.0898347982466774, 1.0024580317027367, 1.5239095378284686, 1.1683060267618068, 0.7480338169789145, 1.2537631662366626]
APTIDAO: 
45.00262862864476
GEN: 1100
Individuo: 
[1.395278593567143, 1.8706230068891228, 0.2064419805412343, 5.0, 2.2488480305471468, 0.7562699704742053, 0.7089201229601291, 0.646124710074737, 0.526161811309702, 0.41486368358140857, 0.46348865674969975, 0.766811088994956, 3.765345359205602, 3.6501737815417403, 1.0, 22.338955378295733, 13.532202060531437, 3.847261039487904, 2.0898347982466774, 1.0024580317027367, 1.5239095378284686, 1.1683060267618068, 0.7480338169789145, 1.2537631662366626]
APTIDAO: 
45.00262862864476
GEN: 1200
Individuo: 
[1.395278593567143, 1.8706230068891228, 0.2064419805412343, 5.0, 2.2488480305471468, 0.7562699704742053, 0.7089201229601291, 0.646124710074737, 0.526161811309702, 0.41486368358140857, 0.46348865674969975, 0.766811088994956, 3.765345359205602, 3.6501737815417403, 1.0, 22.338955378295733, 13.532202060531437, 3.847261039487904, 2.0898347982466774, 1.0024580317027367, 1.5239095378284686, 1.1683060267618068, 0.7480338169789145, 1.2537631662366626]
APTIDAO: 
45.00262862864476
GEN: 1300
Individuo: 
[1.6713957943385882, 1.3842668022910614, 0.4532562816093728, 4.617448524406559, 2.206977528529939, 0.5732187706801448, 0.9316835001578498, 0.4145245021400137, 0.29506603108428525, 0.599494975533681, 0.7254416065245812, 0.9561651109856439, 20.86625684645967, 2.08776610672143, 9.80189699461031, 8.998669896853984, 1.9931654824408418, 5.291370708771028, 1.0, 1.24085775689529, 1.61966239850066, 0.6582298330881691, 1.0267496358532775, 1.3164947495701895]
APTIDAO: 
44.47693122812757
GEN: 1400
Individuo: 
[1.8715331504321977, 2.182787004195694, 5.0, 0.31794846482107086, 3.21978378348463, 0.6875706752218127, 0.8092117863959832, 0.5483861369951235, 0.9199891852047539, 0.4311384883232048, 1.0, 1.0, 25.0, 11.548207068613706, 4.902851206077499, 1.0, 22.34096043955671, 1.0, 1.0, 1.1213314120188373, 1.7496523889233844, 1.3692352494006546, 1.6935076224994208, 1.9870998080572884]
APTIDAO: 
38.193378328149315
GEN: 1500
Individuo: 
[1.8715331504321977, 2.182787004195694, 5.0, 0.31794846482107086, 3.21978378348463, 0.6875706752218127, 0.8092117863959832, 0.5483861369951235, 0.9199891852047539, 0.4311384883232048, 1.0, 1.0, 25.0, 11.548207068613706, 4.902851206077499, 1.0, 22.34096043955671, 1.0, 1.0, 1.1213314120188373, 1.7496523889233844, 1.3692352494006546, 1.6935076224994208, 1.9870998080572884]
APTIDAO: 
38.193378328149315
GEN: 1600
Individuo: 
[1.8715331504321977, 2.182787004195694, 5.0, 0.31794846482107086, 3.21978378348463, 0.6875706752218127, 0.8092117863959832, 0.5483861369951235, 0.9199891852047539, 0.4311384883232048, 1.0, 1.0, 25.0, 11.548207068613706, 4.902851206077499, 1.0, 22.34096043955671, 1.0, 1.0, 1.1213314120188373, 1.7496523889233844, 1.3692352494006546, 1.6935076224994208, 1.9870998080572884]
APTIDAO: 
38.193378328149315
GEN: 1700
Individuo: 
[1.8715331504321977, 2.182787004195694, 5.0, 0.31794846482107086, 3.21978378348463, 0.6875706752218127, 0.8092117863959832, 0.5483861369951235, 0.9199891852047539, 0.4311384883232048, 1.0, 1.0, 25.0, 11.548207068613706, 4.902851206077499, 1.0, 22.34096043955671, 1.0, 1.0, 1.1213314120188373, 1.7496523889233844, 1.3692352494006546, 1.6935076224994208, 1.9870998080572884]
APTIDAO: 
38.193378328149315
GEN: 1800
Individuo: 
[1.8715331504321977, 2.182787004195694, 5.0, 0.31794846482107086, 3.21978378348463, 0.6875706752218127, 0.8092117863959832, 0.5483861369951235, 0.9199891852047539, 0.4311384883232048, 1.0, 1.0, 25.0, 11.548207068613706, 4.902851206077499, 1.0, 22.34096043955671, 1.0, 1.0, 1.1213314120188373, 1.7496523889233844, 1.3692352494006546, 1.6935076224994208, 1.9870998080572884]
APTIDAO: 
38.193378328149315
GEN: 1900
Individuo: 
[1.8715331504321977, 2.182787004195694, 5.0, 0.31794846482107086, 3.21978378348463, 0.6875706752218127, 0.8092117863959832, 0.5483861369951235, 0.9199891852047539, 0.4311384883232048, 1.0, 1.0, 25.0, 11.548207068613706, 4.902851206077499, 1.0, 22.34096043955671, 1.0, 1.0, 1.1213314120188373, 1.7496523889233844, 1.3692352494006546, 1.6935076224994208, 1.9870998080572884]
APTIDAO: 
38.193378328149315
GEN: 2000
Individuo: 
[1.8715331504321977, 2.182787004195694, 5.0, 0.31794846482107086, 3.21978378348463, 0.6875706752218127, 0.8092117863959832, 0.5483861369951235, 0.9199891852047539, 0.4311384883232048, 1.0, 1.0, 25.0, 11.548207068613706, 4.902851206077499, 1.0, 22.34096043955671, 1.0, 1.0, 1.1213314120188373, 1.7496523889233844, 1.3692352494006546, 1.6935076224994208, 1.9870998080572884]
APTIDAO: 
38.193378328149315
GEN: 2100
Individuo: 
[1.8715331504321977, 2.182787004195694, 5.0, 0.31794846482107086, 3.21978378348463, 0.6875706752218127, 0.8092117863959832, 0.5483861369951235, 0.9199891852047539, 0.4311384883232048, 1.0, 1.0, 25.0, 11.548207068613706, 4.902851206077499, 1.0, 22.34096043955671, 1.0, 1.0, 1.1213314120188373, 1.7496523889233844, 1.3692352494006546, 1.6935076224994208, 1.9870998080572884]
APTIDAO: 
38.193378328149315
GEN: 2200
Individuo: 
[1.8715331504321977, 2.182787004195694, 5.0, 0.31794846482107086, 3.21978378348463, 0.6875706752218127, 0.8092117863959832, 0.5483861369951235, 0.9199891852047539, 0.4311384883232048, 1.0, 1.0, 25.0, 11.548207068613706, 4.902851206077499, 1.0, 22.34096043955671, 1.0, 1.0, 1.1213314120188373, 1.7496523889233844, 1.3692352494006546, 1.6935076224994208, 1.9870998080572884]
APTIDAO: 
38.193378328149315
GEN: 2300
Individuo: 
[2.9156303196189333, 2.6459906114653133, 0.1, 2.509774920326714, 1.7731513613557297, 0.4339252662049123, 0.7924300625034472, 0.7876486688091808, 0.3567251023303469, 0.4620542552848984, 0.6557644439576775, 0.279147841853153, 11.960413386524197, 3.8837464390355345, 1.4259628091214154, 25.0, 7.364708197890932, 3.994895425078495, 1.0, 1.4409908215158789, 1.7643813030275366, 1.4356332912353897, 0.8185358547897555, 0.9391174141795413]
APTIDAO: 
36.715160440820476
GEN: 2400
Individuo: 
[2.9156303196189333, 2.6459906114653133, 0.1, 2.509774920326714, 1.7731513613557297, 0.4339252662049123, 0.7924300625034472, 0.7876486688091808, 0.3567251023303469, 0.4620542552848984, 0.6557644439576775, 0.279147841853153, 11.960413386524197, 3.8837464390355345, 1.4259628091214154, 25.0, 7.364708197890932, 3.994895425078495, 1.0, 1.4409908215158789, 1.7643813030275366, 1.4356332912353897, 0.8185358547897555, 0.9391174141795413]
APTIDAO: 
36.715160440820476
GEN: 2500
Individuo: 
[2.9156303196189333, 2.6459906114653133, 0.1, 2.509774920326714, 1.7731513613557297, 0.4339252662049123, 0.7924300625034472, 0.7876486688091808, 0.3567251023303469, 0.4620542552848984, 0.6557644439576775, 0.279147841853153, 11.960413386524197, 3.8837464390355345, 1.4259628091214154, 25.0, 7.364708197890932, 3.994895425078495, 1.0, 1.4409908215158789, 1.7643813030275366, 1.4356332912353897, 0.8185358547897555, 0.9391174141795413]
APTIDAO: 
36.715160440820476
GEN: 2600
Individuo: 
[2.9156303196189333, 2.6459906114653133, 0.1, 2.509774920326714, 1.7731513613557297, 0.4339252662049123, 0.7924300625034472, 0.7876486688091808, 0.3567251023303469, 0.4620542552848984, 0.6557644439576775, 0.279147841853153, 11.960413386524197, 3.8837464390355345, 1.4259628091214154, 25.0, 7.364708197890932, 3.994895425078495, 1.0, 1.4409908215158789, 1.7643813030275366, 1.4356332912353897, 0.8185358547897555, 0.9391174141795413]
APTIDAO: 
36.715160440820476
GEN: 2700
Individuo: 
[2.071515276437097, 2.2368820506040725, 2.0494005349785915, 3.89166495933012, 1.8406441622154477, 0.5208358017393674, 0.665097931642542, 0.3081273303350275, 0.9817763065120397, 1.0, 0.9779813728256357, 0.42399999999999993, 23.94033547972641, 10.18909538356133, 8.266737833553595, 1.9602150119020334, 5.885040990163759, 1.0, 1.0, 1.2040733073273115, 1.363120475817429, 0.8795952671920422, 1.7037923431409148, 2.0]
APTIDAO: 
36.677114018250705
GEN: 2800
Individuo: 
[2.071515276437097, 2.2368820506040725, 2.0494005349785915, 3.89166495933012, 1.8406441622154477, 0.5208358017393674, 0.665097931642542, 0.3081273303350275, 0.9817763065120397, 1.0, 0.9779813728256357, 0.42399999999999993, 23.94033547972641, 10.18909538356133, 8.266737833553595, 1.9602150119020334, 5.885040990163759, 1.0, 1.0, 1.2040733073273115, 1.363120475817429, 0.8795952671920422, 1.7037923431409148, 2.0]
APTIDAO: 
36.677114018250705
GEN: 2900
Individuo: 
[2.071515276437097, 2.2368820506040725, 2.0494005349785915, 3.89166495933012, 1.8406441622154477, 0.5208358017393674, 0.665097931642542, 0.3081273303350275, 0.9817763065120397, 1.0, 0.9779813728256357, 0.42399999999999993, 23.94033547972641, 10.18909538356133, 8.266737833553595, 1.9602150119020334, 5.885040990163759, 1.0, 1.0, 1.2040733073273115, 1.363120475817429, 0.8795952671920422, 1.7037923431409148, 2.0]
APTIDAO: 
36.677114018250705
GEN: 3000
Individuo: 
[2.071515276437097, 2.2368820506040725, 2.0494005349785915, 3.89166495933012, 1.8406441622154477, 0.5208358017393674, 0.665097931642542, 0.3081273303350275, 0.9817763065120397, 1.0, 0.9779813728256357, 0.42399999999999993, 23.94033547972641, 10.18909538356133, 8.266737833553595, 1.9602150119020334, 5.885040990163759, 1.0, 1.0, 1.2040733073273115, 1.363120475817429, 0.8795952671920422, 1.7037923431409148, 2.0]
APTIDAO: 
36.677114018250705
GEN: 3100
Individuo: 
[2.071515276437097, 2.2368820506040725, 2.0494005349785915, 3.89166495933012, 1.8406441622154477, 0.5208358017393674, 0.665097931642542, 0.3081273303350275, 0.9817763065120397, 1.0, 0.9779813728256357, 0.42399999999999993, 23.94033547972641, 10.18909538356133, 8.266737833553595, 1.9602150119020334, 5.885040990163759, 1.0, 1.0, 1.2040733073273115, 1.363120475817429, 0.8795952671920422, 1.7037923431409148, 2.0]
APTIDAO: 
36.677114018250705
GEN: 3200
Individuo: 
[2.071515276437097, 2.2368820506040725, 2.0494005349785915, 3.89166495933012, 1.8406441622154477, 0.5208358017393674, 0.665097931642542, 0.3081273303350275, 0.9817763065120397, 1.0, 0.9779813728256357, 0.42399999999999993, 23.94033547972641, 10.18909538356133, 8.266737833553595, 1.9602150119020334, 5.885040990163759, 1.0, 1.0, 1.2040733073273115, 1.363120475817429, 0.8795952671920422, 1.7037923431409148, 2.0]
APTIDAO: 
36.677114018250705
GEN: 3300
Individuo: 
[2.1593616931226807, 1.1330107904534426, 2.7849737791756866, 0.1, 1.6567529474325622, 0.6397955471545813, 0.8218394285235169, 1.0, 0.7014600590947867, 1.0, 0.4311534611169006, 1.0, 25.0, 3.6419717767511024, 1.0, 1.0, 14.77596487490532, 5.994881929617218, 1.0, 1.0158464968555272, 1.7446878538163297, 2.0, 1.2280221716120003, 2.0]
APTIDAO: 
32.91992542780169
GEN: 3400
Individuo: 
[2.2844370745410116, 1.3027767258429757, 1.250698806285525, 2.715226264168081, 2.2803978252739947, 0.5855624577744666, 0.6107478276553211, 1.0, 0.6868218883534734, 0.6517907564892874, 0.377368758574003, 0.5178744969269155, 17.515115020808683, 3.6391470662130283, 1.0, 21.31839468245896, 1.0, 5.925381175945157, 1.0, 1.1200349636585627, 1.35785112403132, 2.0, 0.8813564400321285, 0.893187547629616]
APTIDAO: 
28.332486260830652
GEN: 3500
Individuo: 
[2.2844370745410116, 1.3027767258429757, 1.250698806285525, 2.715226264168081, 2.2803978252739947, 0.5855624577744666, 0.6107478276553211, 1.0, 0.6868218883534734, 0.6517907564892874, 0.377368758574003, 0.5178744969269155, 17.515115020808683, 3.6391470662130283, 1.0, 21.31839468245896, 1.0, 5.925381175945157, 1.0, 1.1200349636585627, 1.35785112403132, 2.0, 0.8813564400321285, 0.893187547629616]
APTIDAO: 
28.332486260830652
GEN: 3600
Individuo: 
[2.2844370745410116, 1.3027767258429757, 1.250698806285525, 2.715226264168081, 2.2803978252739947, 0.5855624577744666, 0.6107478276553211, 1.0, 0.6868218883534734, 0.6517907564892874, 0.377368758574003, 0.5178744969269155, 17.515115020808683, 3.6391470662130283, 1.0, 21.31839468245896, 1.0, 5.925381175945157, 1.0, 1.1200349636585627, 1.35785112403132, 2.0, 0.8813564400321285, 0.893187547629616]
APTIDAO: 
28.332486260830652
GEN: 3700
Individuo: 
[2.2844370745410116, 1.3027767258429757, 1.250698806285525, 2.715226264168081, 2.2803978252739947, 0.5855624577744666, 0.6107478276553211, 1.0, 0.6868218883534734, 0.6517907564892874, 0.377368758574003, 0.5178744969269155, 17.515115020808683, 3.6391470662130283, 1.0, 21.31839468245896, 1.0, 5.925381175945157, 1.0, 1.1200349636585627, 1.35785112403132, 2.0, 0.8813564400321285, 0.893187547629616]
APTIDAO: 
28.332486260830652
GEN: 3800
Individuo: 
[2.2844370745410116, 1.3027767258429757, 1.250698806285525, 2.715226264168081, 2.2803978252739947, 0.5855624577744666, 0.6107478276553211, 1.0, 0.6868218883534734, 0.6517907564892874, 0.377368758574003, 0.5178744969269155, 17.515115020808683, 3.6391470662130283, 1.0, 21.31839468245896, 1.0, 5.925381175945157, 1.0, 1.1200349636585627, 1.35785112403132, 2.0, 0.8813564400321285, 0.893187547629616]
APTIDAO: 
28.332486260830652
GEN: 3900
Individuo: 
[2.2844370745410116, 1.3027767258429757, 1.250698806285525, 2.715226264168081, 2.2803978252739947, 0.5855624577744666, 0.6107478276553211, 1.0, 0.6868218883534734, 0.6517907564892874, 0.377368758574003, 0.5178744969269155, 17.515115020808683, 3.6391470662130283, 1.0, 21.31839468245896, 1.0, 5.925381175945157, 1.0, 1.1200349636585627, 1.35785112403132, 2.0, 0.8813564400321285, 0.893187547629616]
APTIDAO: 
28.332486260830652
GEN: 4000
Individuo: 
[2.2844370745410116, 1.3027767258429757, 1.250698806285525, 2.715226264168081, 2.2803978252739947, 0.5855624577744666, 0.6107478276553211, 1.0, 0.6868218883534734, 0.6517907564892874, 0.377368758574003, 0.5178744969269155, 17.515115020808683, 3.6391470662130283, 1.0, 21.31839468245896, 1.0, 5.925381175945157, 1.0, 1.1200349636585627, 1.35785112403132, 2.0, 0.8813564400321285, 0.893187547629616]
APTIDAO: 
28.332486260830652
GEN: 4100
Individuo: 
[2.2844370745410116, 1.3027767258429757, 1.250698806285525, 2.715226264168081, 2.2803978252739947, 0.5855624577744666, 0.6107478276553211, 1.0, 0.6868218883534734, 0.6517907564892874, 0.377368758574003, 0.5178744969269155, 17.515115020808683, 3.6391470662130283, 1.0, 21.31839468245896, 1.0, 5.925381175945157, 1.0, 1.1200349636585627, 1.35785112403132, 2.0, 0.8813564400321285, 0.893187547629616]
APTIDAO: 
28.332486260830652
GEN: 4200
Individuo: 
[2.2844370745410116, 1.3027767258429757, 1.250698806285525, 2.715226264168081, 2.2803978252739947, 0.5855624577744666, 0.6107478276553211, 1.0, 0.6868218883534734, 0.6517907564892874, 0.377368758574003, 0.5178744969269155, 17.515115020808683, 3.6391470662130283, 1.0, 21.31839468245896, 1.0, 5.925381175945157, 1.0, 1.1200349636585627, 1.35785112403132, 2.0, 0.8813564400321285, 0.893187547629616]
APTIDAO: 
28.332486260830652
GEN: 4300
Individuo: 
[2.2844370745410116, 1.3027767258429757, 1.250698806285525, 2.715226264168081, 2.2803978252739947, 0.5855624577744666, 0.6107478276553211, 1.0, 0.6868218883534734, 0.6517907564892874, 0.377368758574003, 0.5178744969269155, 17.515115020808683, 3.6391470662130283, 1.0, 21.31839468245896, 1.0, 5.925381175945157, 1.0, 1.1200349636585627, 1.35785112403132, 2.0, 0.8813564400321285, 0.893187547629616]
APTIDAO: 
28.332486260830652
GEN: 4400
Individuo: 
[2.2844370745410116, 1.3027767258429757, 1.250698806285525, 2.715226264168081, 2.2803978252739947, 0.5855624577744666, 0.6107478276553211, 1.0, 0.6868218883534734, 0.6517907564892874, 0.377368758574003, 0.5178744969269155, 17.515115020808683, 3.6391470662130283, 1.0, 21.31839468245896, 1.0, 5.925381175945157, 1.0, 1.1200349636585627, 1.35785112403132, 2.0, 0.8813564400321285, 0.893187547629616]
APTIDAO: 
28.332486260830652
GEN: 4500
Individuo: 
[2.2844370745410116, 1.3027767258429757, 1.250698806285525, 2.715226264168081, 2.2803978252739947, 0.5855624577744666, 0.6107478276553211, 1.0, 0.6868218883534734, 0.6517907564892874, 0.377368758574003, 0.5178744969269155, 17.515115020808683, 3.6391470662130283, 1.0, 21.31839468245896, 1.0, 5.925381175945157, 1.0, 1.1200349636585627, 1.35785112403132, 2.0, 0.8813564400321285, 0.893187547629616]
APTIDAO: 
28.332486260830652
GEN: 4600
Individuo: 
[2.2844370745410116, 1.3027767258429757, 1.250698806285525, 2.715226264168081, 2.2803978252739947, 0.5855624577744666, 0.6107478276553211, 1.0, 0.6868218883534734, 0.6517907564892874, 0.377368758574003, 0.5178744969269155, 17.515115020808683, 3.6391470662130283, 1.0, 21.31839468245896, 1.0, 5.925381175945157, 1.0, 1.1200349636585627, 1.35785112403132, 2.0, 0.8813564400321285, 0.893187547629616]
APTIDAO: 
28.332486260830652
GEN: 4700
Individuo: 
[2.2844370745410116, 1.3027767258429757, 1.250698806285525, 2.715226264168081, 2.2803978252739947, 0.5855624577744666, 0.6107478276553211, 1.0, 0.6868218883534734, 0.6517907564892874, 0.377368758574003, 0.5178744969269155, 17.515115020808683, 3.6391470662130283, 1.0, 21.31839468245896, 1.0, 5.925381175945157, 1.0, 1.1200349636585627, 1.35785112403132, 2.0, 0.8813564400321285, 0.893187547629616]
APTIDAO: 
28.332486260830652
GEN: 4800
Individuo: 
[2.2844370745410116, 1.3027767258429757, 1.250698806285525, 2.715226264168081, 2.2803978252739947, 0.5855624577744666, 0.6107478276553211, 1.0, 0.6868218883534734, 0.6517907564892874, 0.377368758574003, 0.5178744969269155, 17.515115020808683, 3.6391470662130283, 1.0, 21.31839468245896, 1.0, 5.925381175945157, 1.0, 1.1200349636585627, 1.35785112403132, 2.0, 0.8813564400321285, 0.893187547629616]
APTIDAO: 
28.332486260830652
GEN: 4900
Individuo: 
[1.9995110679713881, 1.7437176373198195, 1.2018252913944265, 3.0046975020589386, 1.7683224222985723, 0.5604467044379132, 0.6398078509681778, 0.8977512685342646, 0.6133091202083585, 0.7502234080091803, 0.4839118505353687, 0.17204597786937792, 10.189205489705689, 3.767275857714281, 1.0, 21.355377984197496, 1.0, 5.966210009506322, 1.0, 1.1824324992887079, 1.330424616283689, 2.0, 0.7966627860199348, 0.7770648650231592]
APTIDAO: 
26.787763014515484
GEN: 5000
Individuo: 
[1.9420565349131393, 1.9680461183531919, 0.9061091752126309, 1.6415840214713127, 3.021218862535009, 0.6375839524544664, 0.6505106212698746, 0.9520417627409575, 0.6304744186922239, 0.6293186024895815, 0.4994344504499646, 0.6600625369826649, 22.305441407491127, 4.267501281238765, 1.054523239567541, 19.645453745889476, 1.0, 6.328634344530553, 1.0, 1.1145631153535187, 1.2921149986279103, 2.0, 1.0045998999573147, 0.9747097383884158]
APTIDAO: 
25.708530840883068
GEN: 5100
Individuo: 
[2.1293702656441575, 2.0095131875414256, 0.9129008094912788, 2.8631309678922205, 2.6727631536200183, 0.6407478308608391, 0.7187883734447976, 0.9433346902915511, 0.606270630455936, 0.4202335072373782, 0.5423631524743597, 0.5598304572565245, 17.285792340803198, 3.4360840117634037, 1.0, 15.506415911286645, 4.200823982010285, 1.0, 1.2971032726690064, 1.1697791482028803, 1.590401244135101, 1.885722735284244, 0.8610493992102495, 1.2569919243909493]
APTIDAO: 
24.420522629932726
GEN: 5200
Individuo: 
[2.1293702656441575, 2.0095131875414256, 0.9129008094912788, 2.8631309678922205, 2.6727631536200183, 0.6407478308608391, 0.7187883734447976, 0.9433346902915511, 0.606270630455936, 0.4202335072373782, 0.5423631524743597, 0.5598304572565245, 17.285792340803198, 3.4360840117634037, 1.0, 15.506415911286645, 4.200823982010285, 1.0, 1.2971032726690064, 1.1697791482028803, 1.590401244135101, 1.885722735284244, 0.8610493992102495, 1.2569919243909493]
APTIDAO: 
24.420522629932726
GEN: 5300
Individuo: 
[2.1293702656441575, 2.0095131875414256, 0.9129008094912788, 2.8631309678922205, 2.6727631536200183, 0.6407478308608391, 0.7187883734447976, 0.9433346902915511, 0.606270630455936, 0.4202335072373782, 0.5423631524743597, 0.5598304572565245, 17.285792340803198, 3.4360840117634037, 1.0, 15.506415911286645, 4.200823982010285, 1.0, 1.2971032726690064, 1.1697791482028803, 1.590401244135101, 1.885722735284244, 0.8610493992102495, 1.2569919243909493]
APTIDAO: 
24.420522629932726
GEN: 5400
Individuo: 
[2.1378377003906897, 2.081325408838524, 0.8742020220181675, 2.6461717844647112, 2.7018493541890076, 0.6190300285074417, 0.7147174335114271, 0.8225509093012012, 0.6057111446724681, 0.4480034462202569, 0.5082867443043628, 0.5362093680279654, 10.874845532909024, 3.5225335060537413, 1.0486836944747042, 14.552711680493438, 4.280949277598801, 1.0, 1.3314139936844014, 1.1896569634080967, 1.5496896395356448, 1.8122703837550163, 0.799584127716833, 1.1859955311881416]
APTIDAO: 
22.748322176005452
GEN: 5500
Individuo: 
[1.750940956006087, 2.3332489914473697, 1.4369616259900608, 2.510908507079456, 2.2413525104109304, 0.6474188748195999, 0.7289012989314644, 1.0, 0.5424776958281671, 0.587781898924042, 0.5311510171113539, 0.8035704702184607, 9.023873726036962, 4.5543417002738025, 1.0767973796914687, 9.911376303793915, 2.388125929184904, 1.0, 1.2712018102220806, 1.073930730886316, 1.5332443299879155, 2.0, 0.8343501443473778, 1.5243165945374215]
APTIDAO: 
21.934920009073736
GEN: 5600
Individuo: 
[1.750940956006087, 2.3332489914473697, 1.4369616259900608, 2.510908507079456, 2.2413525104109304, 0.6474188748195999, 0.7289012989314644, 1.0, 0.5424776958281671, 0.587781898924042, 0.5311510171113539, 0.8035704702184607, 9.023873726036962, 4.5543417002738025, 1.0767973796914687, 9.911376303793915, 2.388125929184904, 1.0, 1.2712018102220806, 1.073930730886316, 1.5332443299879155, 2.0, 0.8343501443473778, 1.5243165945374215]
APTIDAO: 
21.934920009073736
GEN: 5700
Individuo: 
[1.750940956006087, 2.3332489914473697, 1.4369616259900608, 2.510908507079456, 2.2413525104109304, 0.6474188748195999, 0.7289012989314644, 1.0, 0.5424776958281671, 0.587781898924042, 0.5311510171113539, 0.8035704702184607, 9.023873726036962, 4.5543417002738025, 1.0767973796914687, 9.911376303793915, 2.388125929184904, 1.0, 1.2712018102220806, 1.073930730886316, 1.5332443299879155, 2.0, 0.8343501443473778, 1.5243165945374215]
APTIDAO: 
21.934920009073736
GEN: 5800
Individuo: 
[1.750940956006087, 2.3332489914473697, 1.4369616259900608, 2.510908507079456, 2.2413525104109304, 0.6474188748195999, 0.7289012989314644, 1.0, 0.5424776958281671, 0.587781898924042, 0.5311510171113539, 0.8035704702184607, 9.023873726036962, 4.5543417002738025, 1.0767973796914687, 9.911376303793915, 2.388125929184904, 1.0, 1.2712018102220806, 1.073930730886316, 1.5332443299879155, 2.0, 0.8343501443473778, 1.5243165945374215]
APTIDAO: 
21.934920009073736
GEN: 5900
Individuo: 
[1.750940956006087, 2.3332489914473697, 1.4369616259900608, 2.510908507079456, 2.2413525104109304, 0.6474188748195999, 0.7289012989314644, 1.0, 0.5424776958281671, 0.587781898924042, 0.5311510171113539, 0.8035704702184607, 9.023873726036962, 4.5543417002738025, 1.0767973796914687, 9.911376303793915, 2.388125929184904, 1.0, 1.2712018102220806, 1.073930730886316, 1.5332443299879155, 2.0, 0.8343501443473778, 1.5243165945374215]
APTIDAO: 
21.934920009073736
GEN: 6000
Individuo: 
[1.8501375805645777, 1.746770588124631, 1.7052746395854361, 3.3794840982074765, 1.8841374125469434, 0.6324881557581069, 0.7348173769323765, 0.8865621227394694, 0.6018116719761153, 0.9983358615260254, 0.544897627004044, 0.748393629108028, 13.708873545249249, 3.275545025574244, 1.4361764914202635, 13.374852186503105, 2.676696581624781, 1.691461473535315, 1.1808458261502845, 1.0644934434530142, 1.6188673315258773, 1.6986839980143376, 1.0209914110837524, 1.7482869774119556]
APTIDAO: 
20.9224712611333
GEN: 6100
Individuo: 
[2.2616703828085623, 1.870621839459127, 0.6580803564510969, 3.43455443964259, 3.1957017035920283, 0.5958476369722762, 0.7004265534147345, 0.9639065060603992, 0.6027499341672461, 0.5498840413980813, 0.4836524989690648, 0.6981382548902064, 23.23219629166946, 3.566533729677192, 1.2154529739803241, 21.06486644763411, 6.186889434654039, 1.2904048923303026, 1.3183649465673866, 1.160667730788938, 1.448647308210089, 1.8080003270950102, 0.8718425539724667, 1.2083851195950834]
APTIDAO: 
20.777254025975882
GEN: 6200
Individuo: 
[2.2616703828085623, 1.870621839459127, 0.6580803564510969, 3.43455443964259, 3.1957017035920283, 0.5958476369722762, 0.7004265534147345, 0.9639065060603992, 0.6027499341672461, 0.5498840413980813, 0.4836524989690648, 0.6981382548902064, 23.23219629166946, 3.566533729677192, 1.2154529739803241, 21.06486644763411, 6.186889434654039, 1.2904048923303026, 1.3183649465673866, 1.160667730788938, 1.448647308210089, 1.8080003270950102, 0.8718425539724667, 1.2083851195950834]
APTIDAO: 
20.777254025975882
GEN: 6300
Individuo: 
[1.8897750902830326, 2.523056380855539, 0.42042756269382375, 4.2150981033344435, 2.8337669083161776, 0.6314666567649109, 0.6265428096862047, 0.7566912759827723, 0.605599790441944, 0.565866911525314, 0.7157636864758645, 0.2679177916269917, 15.855782786134396, 6.244520938061197, 1.215408247181918, 20.221887676437156, 6.270480234615997, 1.2225930167183854, 1.0967930568636461, 1.1098011281019813, 1.2701410265500117, 1.5574659496689647, 0.9840887999004895, 1.2610993763769967]
APTIDAO: 
20.480079069994627
GEN: 6400
Individuo: 
[1.8897750902830326, 2.523056380855539, 0.42042756269382375, 4.2150981033344435, 2.8337669083161776, 0.6314666567649109, 0.6265428096862047, 0.7566912759827723, 0.605599790441944, 0.565866911525314, 0.7157636864758645, 0.2679177916269917, 15.855782786134396, 6.244520938061197, 1.215408247181918, 20.221887676437156, 6.270480234615997, 1.2225930167183854, 1.0967930568636461, 1.1098011281019813, 1.2701410265500117, 1.5574659496689647, 0.9840887999004895, 1.2610993763769967]
APTIDAO: 
20.480079069994627
GEN: 6500
Individuo: 
[1.8897750902830326, 2.523056380855539, 0.42042756269382375, 4.2150981033344435, 2.8337669083161776, 0.6314666567649109, 0.6265428096862047, 0.7566912759827723, 0.605599790441944, 0.565866911525314, 0.7157636864758645, 0.2679177916269917, 15.855782786134396, 6.244520938061197, 1.215408247181918, 20.221887676437156, 6.270480234615997, 1.2225930167183854, 1.0967930568636461, 1.1098011281019813, 1.2701410265500117, 1.5574659496689647, 0.9840887999004895, 1.2610993763769967]
APTIDAO: 
20.480079069994627
GEN: 6600
Individuo: 
[1.8897750902830326, 2.523056380855539, 0.42042756269382375, 4.2150981033344435, 2.8337669083161776, 0.6314666567649109, 0.6265428096862047, 0.7566912759827723, 0.605599790441944, 0.565866911525314, 0.7157636864758645, 0.2679177916269917, 15.855782786134396, 6.244520938061197, 1.215408247181918, 20.221887676437156, 6.270480234615997, 1.2225930167183854, 1.0967930568636461, 1.1098011281019813, 1.2701410265500117, 1.5574659496689647, 0.9840887999004895, 1.2610993763769967]
APTIDAO: 
20.480079069994627
GEN: 6700
Individuo: 
[1.8897750902830326, 2.523056380855539, 0.42042756269382375, 4.2150981033344435, 2.8337669083161776, 0.6314666567649109, 0.6265428096862047, 0.7566912759827723, 0.605599790441944, 0.565866911525314, 0.7157636864758645, 0.2679177916269917, 15.855782786134396, 6.244520938061197, 1.215408247181918, 20.221887676437156, 6.270480234615997, 1.2225930167183854, 1.0967930568636461, 1.1098011281019813, 1.2701410265500117, 1.5574659496689647, 0.9840887999004895, 1.2610993763769967]
APTIDAO: 
20.480079069994627
GEN: 6800
Individuo: 
[1.7655220092843782, 2.2728120172939748, 0.45110570721227716, 4.124316913893825, 3.2596160864993244, 0.6704019447857726, 0.5789405506317841, 0.8053530207862178, 0.6020426148682486, 0.5375897913336105, 0.9012334318760914, 0.3434617845128135, 16.363744814870522, 6.955843201546341, 1.2338379920055473, 21.846391288523233, 5.3432590551710515, 1.2405711082202935, 1.1055770899153954, 1.086454367245985, 1.11873801915194, 1.6655581587576114, 0.9415886129896001, 1.465939905996725]
APTIDAO: 
20.124879395538986
GEN: 6900
Individuo: 
[1.7655220092843782, 2.2728120172939748, 0.45110570721227716, 4.124316913893825, 3.2596160864993244, 0.6704019447857726, 0.5789405506317841, 0.8053530207862178, 0.6020426148682486, 0.5375897913336105, 0.9012334318760914, 0.3434617845128135, 16.363744814870522, 6.955843201546341, 1.2338379920055473, 21.846391288523233, 5.3432590551710515, 1.2405711082202935, 1.1055770899153954, 1.086454367245985, 1.11873801915194, 1.6655581587576114, 0.9415886129896001, 1.465939905996725]
APTIDAO: 
20.124879395538986
GEN: 7000
Individuo: 
[1.8749580908877166, 2.291328793846485, 0.8952457119377076, 3.3600947407850676, 2.931635427321533, 0.6311497373826818, 0.7140704696105632, 0.7898375755551998, 0.5841317543201522, 0.6698159080773909, 0.6385772247359154, 0.5375446195849006, 12.426471969526702, 4.956019163815512, 1.2716655838012763, 21.445654927648324, 5.692472491115116, 1.1957522734922061, 1.247631667382773, 1.0995235957608525, 1.5245251738008663, 1.6969679936558761, 0.9462850434503396, 1.4252274581967235]
APTIDAO: 
19.55372235618909
GEN: 7100
Individuo: 
[1.8749580908877166, 2.291328793846485, 0.8952457119377076, 3.3600947407850676, 2.931635427321533, 0.6311497373826818, 0.7140704696105632, 0.7898375755551998, 0.5841317543201522, 0.6698159080773909, 0.6385772247359154, 0.5375446195849006, 12.426471969526702, 4.956019163815512, 1.2716655838012763, 21.445654927648324, 5.692472491115116, 1.1957522734922061, 1.247631667382773, 1.0995235957608525, 1.5245251738008663, 1.6969679936558761, 0.9462850434503396, 1.4252274581967235]
APTIDAO: 
19.55372235618909
GEN: 7200
Individuo: 
[1.8749580908877166, 2.291328793846485, 0.8952457119377076, 3.3600947407850676, 2.931635427321533, 0.6311497373826818, 0.7140704696105632, 0.7898375755551998, 0.5841317543201522, 0.6698159080773909, 0.6385772247359154, 0.5375446195849006, 12.426471969526702, 4.956019163815512, 1.2716655838012763, 21.445654927648324, 5.692472491115116, 1.1957522734922061, 1.247631667382773, 1.0995235957608525, 1.5245251738008663, 1.6969679936558761, 0.9462850434503396, 1.4252274581967235]
APTIDAO: 
19.55372235618909
GEN: 7300
Individuo: 
[1.8749580908877166, 2.291328793846485, 0.8952457119377076, 3.3600947407850676, 2.931635427321533, 0.6311497373826818, 0.7140704696105632, 0.7898375755551998, 0.5841317543201522, 0.6698159080773909, 0.6385772247359154, 0.5375446195849006, 12.426471969526702, 4.956019163815512, 1.2716655838012763, 21.445654927648324, 5.692472491115116, 1.1957522734922061, 1.247631667382773, 1.0995235957608525, 1.5245251738008663, 1.6969679936558761, 0.9462850434503396, 1.4252274581967235]
APTIDAO: 
19.55372235618909
GEN: 7400
Individuo: 
[1.941662935524225, 2.053042202346603, 0.927091842703148, 3.7098293702925718, 3.162309932943601, 0.6118351525895797, 0.6486772569072798, 0.691504743505053, 0.6305362458989029, 0.5975721121998591, 0.608072392166846, 0.5307909027522941, 11.389982399312167, 4.7152168664814695, 1.2424632092298267, 21.5716521778007, 7.127321412457092, 1.0, 1.3510436311983047, 1.1039778929404316, 1.3729300021796014, 1.5463885623287017, 0.9750851167147248, 1.3194700287311838]
APTIDAO: 
19.06838561008477
GEN: 7500
Individuo: 
[1.941662935524225, 2.053042202346603, 0.927091842703148, 3.7098293702925718, 3.162309932943601, 0.6118351525895797, 0.6486772569072798, 0.691504743505053, 0.6305362458989029, 0.5975721121998591, 0.608072392166846, 0.5307909027522941, 11.389982399312167, 4.7152168664814695, 1.2424632092298267, 21.5716521778007, 7.127321412457092, 1.0, 1.3510436311983047, 1.1039778929404316, 1.3729300021796014, 1.5463885623287017, 0.9750851167147248, 1.3194700287311838]
APTIDAO: 
19.06838561008477
GEN: 7600
Individuo: 
[2.012194501459872, 1.8240615040964254, 0.7470599904739231, 4.359509801252303, 2.9202645051673795, 0.6180333943790605, 0.7247480917710194, 0.9420389173329133, 0.6164625029829849, 0.576114885126912, 0.7802135036381702, 0.37179439134921444, 15.1096109596569, 3.7518802703793304, 1.0, 19.94170516744298, 5.567227243471191, 1.5647392065706238, 1.1540694398874054, 1.134529749318205, 1.5371229206459596, 1.8339612015151046, 0.9284660048495743, 1.4117239149027867]
APTIDAO: 
18.735367120906083
GEN: 7700
Individuo: 
[2.012194501459872, 1.8240615040964254, 0.7470599904739231, 4.359509801252303, 2.9202645051673795, 0.6180333943790605, 0.7247480917710194, 0.9420389173329133, 0.6164625029829849, 0.576114885126912, 0.7802135036381702, 0.37179439134921444, 15.1096109596569, 3.7518802703793304, 1.0, 19.94170516744298, 5.567227243471191, 1.5647392065706238, 1.1540694398874054, 1.134529749318205, 1.5371229206459596, 1.8339612015151046, 0.9284660048495743, 1.4117239149027867]
APTIDAO: 
18.735367120906083
GEN: 7800
Individuo: 
[2.012194501459872, 1.8240615040964254, 0.7470599904739231, 4.359509801252303, 2.9202645051673795, 0.6180333943790605, 0.7247480917710194, 0.9420389173329133, 0.6164625029829849, 0.576114885126912, 0.7802135036381702, 0.37179439134921444, 15.1096109596569, 3.7518802703793304, 1.0, 19.94170516744298, 5.567227243471191, 1.5647392065706238, 1.1540694398874054, 1.134529749318205, 1.5371229206459596, 1.8339612015151046, 0.9284660048495743, 1.4117239149027867]
APTIDAO: 
18.735367120906083
GEN: 7900
Individuo: 
[2.012194501459872, 1.8240615040964254, 0.7470599904739231, 4.359509801252303, 2.9202645051673795, 0.6180333943790605, 0.7247480917710194, 0.9420389173329133, 0.6164625029829849, 0.576114885126912, 0.7802135036381702, 0.37179439134921444, 15.1096109596569, 3.7518802703793304, 1.0, 19.94170516744298, 5.567227243471191, 1.5647392065706238, 1.1540694398874054, 1.134529749318205, 1.5371229206459596, 1.8339612015151046, 0.9284660048495743, 1.4117239149027867]
APTIDAO: 
18.735367120906083
GEN: 8000
Individuo: 
[2.012194501459872, 1.8240615040964254, 0.7470599904739232, 4.506205604793777, 2.9202645051673795, 0.6180333943790605, 0.7247480917710194, 0.9420389173329133, 0.6164625029829849, 0.576114885126912, 0.7802135036381702, 0.37179439134921444, 15.1096109596569, 3.7518802703793304, 1.0, 19.94170516744298, 5.567227243471191, 1.5647392065706238, 1.1540694398874054, 1.134529749318205, 1.5371229206459596, 1.8339612015151046, 0.9854932242749422, 1.4117239149027867]
APTIDAO: 
18.318262798850593
GEN: 8100
Individuo: 
[2.012194501459872, 1.8240615040964254, 0.7470599904739232, 4.506205604793777, 2.9202645051673795, 0.6180333943790605, 0.7247480917710194, 0.9420389173329133, 0.6164625029829849, 0.576114885126912, 0.7802135036381702, 0.37179439134921444, 15.1096109596569, 3.7518802703793304, 1.0, 19.94170516744298, 5.567227243471191, 1.5647392065706238, 1.1540694398874054, 1.134529749318205, 1.5371229206459596, 1.8339612015151046, 0.9854932242749422, 1.4117239149027867]
APTIDAO: 
18.318262798850593
GEN: 8200
Individuo: 
[2.012194501459872, 1.8240615040964254, 0.7470599904739232, 4.506205604793777, 2.9202645051673795, 0.6180333943790605, 0.7247480917710194, 0.9420389173329133, 0.6164625029829849, 0.576114885126912, 0.7802135036381702, 0.37179439134921444, 15.1096109596569, 3.7518802703793304, 1.0, 19.94170516744298, 5.567227243471191, 1.5647392065706238, 1.1540694398874054, 1.134529749318205, 1.5371229206459596, 1.8339612015151046, 0.9854932242749422, 1.4117239149027867]
APTIDAO: 
18.318262798850593
GEN: 8300
Individuo: 
[2.1160156101013543, 1.9713230474617889, 1.0113109374498281, 3.362240181132601, 2.9682918484032377, 0.6087324810507276, 0.7654747650564107, 0.8977836852175883, 0.5760523310090705, 0.5604839969901061, 0.729607707335522, 0.5870389136038647, 17.361416248401042, 3.4325860311386345, 1.3587782817386533, 11.947483953667804, 7.969066562599885, 1.3528772517253314, 1.5713196454563343, 1.1506429589474148, 1.6814713148228049, 1.7293436203915578, 0.9182594222072177, 1.4383788917789442]
APTIDAO: 
18.16347259366853
GEN: 8400
Individuo: 
[1.8794491472389874, 1.964797888056935, 0.8707412047296975, 3.7756324465530144, 3.00910606028555, 0.6290138143576139, 0.7453334547627541, 0.9131315648121069, 0.6076619363363712, 0.606440628342525, 0.8684138675810977, 0.549766703364994, 12.398976291954611, 3.907231358734172, 1.5619425069889261, 13.453893558656397, 5.257440708887252, 1.2269158145553776, 1.1031007940775315, 1.0908423291097749, 1.6287989138342056, 1.7899607903585861, 1.0093582169505748, 1.6031020145880672]
APTIDAO: 
17.85764945980335
GEN: 8500
Individuo: 
[1.9179034831646518, 1.9831184966815052, 0.9303448680221085, 3.414208125319995, 3.0866549735845044, 0.6319575610341588, 0.7956229216249127, 0.9371569478199262, 0.5815388409009039, 0.5835395372215378, 0.8398721621189954, 0.5402140907345107, 14.014088394273426, 3.611286070989659, 1.1651714869542567, 10.002500301785034, 5.335515896130629, 1.091987031374853, 1.1968327714665694, 1.1020191921114466, 1.7488041046062697, 1.863382769488464, 0.9610362915134183, 1.531116407937562]
APTIDAO: 
17.6693467967792
GEN: 8600
Individuo: 
[1.910082079726308, 1.9213132623791218, 0.929197616398203, 3.509466973296046, 3.169860342168183, 0.6368900158894317, 0.7991831485594265, 0.9008102712566166, 0.5958297562779837, 0.5879888549921245, 0.8306521546578586, 0.5322885722690947, 13.166868521507805, 3.402688852246767, 1.0, 9.240685225071044, 5.279365821018283, 1.0099538421416818, 1.2469795017376613, 1.1066498855321762, 1.7420312209604072, 1.8506537350796435, 0.9656976412303124, 1.5515023183188736]
APTIDAO: 
17.630060210376698
GEN: 8700
Individuo: 
[2.0145560247605903, 1.886675933218794, 0.9585308793000322, 3.5149758547210603, 3.29615771383388, 0.6188775256502, 0.7679032631382993, 0.9229904043049656, 0.6013140138475356, 0.612927163266768, 0.6823440015216451, 0.6403069625791784, 13.637092585251686, 3.1638661804107806, 1.3565724418942446, 8.999571563801252, 6.94109244248919, 1.0, 1.1744078573083359, 1.137810380643536, 1.6305171747936489, 1.8584956379219566, 0.9737284914572486, 1.4810576179018795]
APTIDAO: 
17.504260615265746
GEN: 8800
Individuo: 
[1.9625721983139135, 1.9799307530691463, 0.7733701002717228, 3.509184622206281, 2.8982451549474004, 0.6165080003534902, 0.7210456001732416, 0.9530088014509358, 0.6282494978881525, 0.6551071402748916, 0.8631776631071731, 0.49903024403018814, 14.49324132962148, 3.9197635076157025, 1.6629373358178934, 9.779288522338641, 5.225538173621744, 1.0978420309666106, 1.1018696323759265, 1.1050782835425879, 1.5576818523542415, 1.8578380084374708, 1.0321287989485979, 1.6218009188058284]
APTIDAO: 
17.347023010460298
GEN: 8900
Individuo: 
[1.9377671479718417, 1.9517681942446314, 0.922298375878156, 3.5234833363489497, 3.1617864619160434, 0.6069995901804995, 0.7479366460705182, 0.950103049788691, 0.6065662014641884, 0.60279970577724, 0.8244311562125163, 0.695876126466942, 11.073350686003812, 3.6207709458304467, 1.1509453994187837, 8.94535337482666, 6.104283424481733, 1.0239646196910575, 1.3094877663081665, 1.122672611965762, 1.582417581910644, 1.8464570041438062, 1.0074301779297743, 1.6379178522458846]
APTIDAO: 
17.180533254976787
GEN: 9000
Individuo: 
[1.8417770485483855, 2.0553075993232377, 1.0450169692481384, 3.084422427509162, 3.268801682495967, 0.6156899280396388, 0.7615612819221884, 1.0, 0.5759237667822567, 0.6275325202858838, 0.9970187359794023, 0.9391911308293013, 11.736805640541045, 3.8420286481756167, 1.0672559938228232, 6.259477200713847, 5.783975130073063, 1.0249941465463077, 1.545351549585065, 1.1002968006440443, 1.640713643276199, 1.8585397949860882, 1.059401774473599, 1.958540633719919]
APTIDAO: 
16.91778971128872
GEN: 9100
Individuo: 
[1.8417770485483855, 2.0553075993232377, 1.0450169692481384, 3.084422427509162, 3.268801682495967, 0.6156899280396388, 0.7615612819221884, 1.0, 0.5759237667822567, 0.6275325202858838, 0.9970187359794023, 0.9391911308293013, 11.736805640541045, 3.8420286481756167, 1.0672559938228232, 6.259477200713847, 5.783975130073063, 1.0249941465463077, 1.545351549585065, 1.1002968006440443, 1.640713643276199, 1.8585397949860882, 1.059401774473599, 1.958540633719919]
APTIDAO: 
16.91778971128872
GEN: 9200
Individuo: 
[1.8417770485483855, 2.0553075993232377, 1.0450169692481384, 3.084422427509162, 3.268801682495967, 0.6156899280396388, 0.7615612819221884, 1.0, 0.5759237667822567, 0.6275325202858838, 0.9970187359794023, 0.9391911308293013, 11.736805640541045, 3.8420286481756167, 1.0672559938228232, 6.259477200713847, 5.783975130073063, 1.0249941465463077, 1.545351549585065, 1.1002968006440443, 1.640713643276199, 1.8585397949860882, 1.059401774473599, 1.958540633719919]
APTIDAO: 
16.91778971128872
GEN: 9300
Individuo: 
[1.918490967531799, 2.0231100271882005, 1.0893340451939493, 3.137348482936347, 2.9722170475510197, 0.6094553086730369, 0.7381313104456546, 0.9982362793186911, 0.599313232851883, 0.6042481804106854, 0.9741086388379315, 0.7087435693718365, 13.200565111940225, 3.568185627310833, 1.9258805913581818, 6.757980606168834, 5.183209914369334, 1.18452221835608, 1.1806916024166503, 1.11167942929013, 1.5840712418118903, 1.8630388259028268, 1.055921810213448, 1.791734612036286]
APTIDAO: 
16.838730192200025
GEN: 9400
Individuo: 
[1.918490967531799, 2.0231100271882005, 1.0893340451939493, 3.137348482936347, 2.9722170475510197, 0.6094553086730369, 0.7381313104456546, 0.9982362793186911, 0.599313232851883, 0.6042481804106854, 0.9741086388379315, 0.7087435693718365, 13.200565111940225, 3.568185627310833, 1.9258805913581818, 6.757980606168834, 5.183209914369334, 1.18452221835608, 1.1806916024166503, 1.11167942929013, 1.5840712418118903, 1.8630388259028268, 1.055921810213448, 1.791734612036286]
APTIDAO: 
16.838730192200025
GEN: 9500
Individuo: 
[1.906451113690709, 1.9428896282563042, 1.0968608006269276, 3.0769698452393666, 3.575761671160899, 0.6272889420411583, 0.7949508770102993, 0.9525796048202935, 0.5926459144192727, 0.6015931689808413, 0.8046095061594833, 1.0, 12.963787221170088, 3.3032438480291226, 1.8471475584403554, 6.472349383151962, 6.316377523754565, 1.1239206919895246, 1.3520026833245478, 1.1074667224433201, 1.7186502689651562, 1.846460092506444, 1.0287735879105695, 1.789281819902271]
APTIDAO: 
16.775440611980404
GEN: 9600
Individuo: 
[1.906451113690709, 1.9428896282563042, 1.0968608006269276, 3.0769698452393666, 3.575761671160899, 0.6272889420411583, 0.7949508770102993, 0.9525796048202935, 0.5926459144192727, 0.6015931689808413, 0.8046095061594833, 1.0, 12.963787221170088, 3.3032438480291226, 1.8471475584403554, 6.472349383151962, 6.316377523754565, 1.1239206919895246, 1.3520026833245478, 1.1074667224433201, 1.7186502689651562, 1.846460092506444, 1.0287735879105695, 1.789281819902271]
APTIDAO: 
16.775440611980404
GEN: 9700
Individuo: 
[1.9191295959036219, 1.9823613261912512, 1.1731441843617976, 2.817047073973743, 3.3897679626587167, 0.633653005471191, 0.7727413572310394, 0.9771655256714447, 0.5905814838308058, 0.599452273675635, 0.8691198051680306, 0.9350987347573332, 15.228582752793788, 3.0956132130704894, 1.722409942371111, 5.18041466545946, 5.58884082494841, 1.190284632217903, 1.1646869116824325, 1.1068163148989996, 1.6753271697924035, 1.88644270159542, 1.052294224394478, 1.8219459345781028]
APTIDAO: 
16.702221915860022
GEN: 9800
Individuo: 
[1.9460452113228457, 2.0023530575816455, 1.078553671306857, 2.843063842837654, 3.278550433871996, 0.6308461989239825, 0.7555130798439508, 0.9925710236536287, 0.5784207833087933, 0.6039909752703934, 0.8098573806217136, 0.7505449345269425, 15.62017556933472, 3.220269765724414, 1.6464626612232156, 5.546083780654252, 5.406166469406393, 1.1992457778058019, 1.2879532540508738, 1.11988901533566, 1.6232618853252692, 1.860078873510206, 1.0521186067483967, 1.6637275984431956]
APTIDAO: 
16.63513437792571
GEN: 9900
Individuo: 
[1.9223882009204907, 2.036823259732387, 1.209490140356809, 2.718937422209127, 3.0822526485936526, 0.6096210162983454, 0.7783355839508808, 0.9922764986523368, 0.6085232332699555, 0.6455348963027886, 0.9289876191077366, 1.0, 13.111215374246436, 3.0341859159907556, 1.3167702321441868, 4.247514307693907, 4.930135774912553, 1.251974579511417, 1.0, 1.1018631780453547, 1.7034997578774174, 1.853068890873207, 1.150549954209262, 1.9822353903828638]
APTIDAO: 
16.51675952263127
GEN: 10000
Individuo: 
[1.9287553561903144, 2.0124613081056446, 1.2301354553034767, 2.6880810131712747, 3.0446963434823835, 0.6131830390893017, 0.784238687636509, 0.9972843732697269, 0.6125674381500447, 0.6359016312293243, 0.9200738195174771, 0.8726811835058756, 13.848470743036982, 3.150196099330914, 1.4446678563356266, 4.4119237077690405, 4.868680709751032, 1.3658937293816769, 1.0, 1.1188250911115227, 1.706747769063402, 1.877537297222015, 1.1395374661133442, 1.927864291235409]
APTIDAO: 
16.448654623147547

--- RESULTADO FINAL ---
Erro (norma-1): 16.448654623147547
Parâmetros: [1.9287553561903144, 2.0124613081056446, 1.2301354553034767, 2.6880810131712747, 3.0446963434823835, 0.6131830390893017, 0.784238687636509, 0.9972843732697269, 0.6125674381500447, 0.6359016312293243, 0.9200738195174771, 0.8726811835058756, 13.848470743036982, 3.150196099330914, 1.4446678563356266, 4.4119237077690405, 4.868680709751032, 1.3658937293816769, 1.0, 1.1188250911115227, 1.706747769063402, 1.877537297222015, 1.1395374661133442, 1.927864291235409]
Tempo total: 01h 51m 30s
