SEED: 1778490666
NP: 50  F: 0.8  CR: 0.9
BOUNDS: tau=[0.1, 5.0]  K=[0.1, 1.0]  N=[1.0, 25.0]  Vmax=[0.1, 2.0]
GEN: 0
Individuo: 
[4.988060983804017, 0.7660026102648682, 1.046257154642218, 0.7700142799661224, 4.086772055975441, 0.9152186600193325, 0.4916119911515834, 0.7689289323120231, 0.1613299143826411, 0.3186003950449628, 0.2996971835812803, 0.382805196576981, 23.10253441677093, 11.479639715404556, 22.494478108601673, 2.1767057403587673, 3.0226816799404324, 10.299776823303727, 23.096008702001278, 1.2635326776473756, 1.1339779869476292, 0.6340001853261943, 1.7796287864840086, 0.7422821628175075]
APTIDAO: 
114.71236163579914
GEN: 100
Individuo: 
[3.5852692101860533, 1.771565203814561, 3.1673221225378048, 0.8745208621539509, 0.1, 0.18384443835356318, 0.7027999231133664, 0.8292700507947546, 0.1, 0.457246050418915, 0.9827197241169537, 0.3497661658314714, 14.148310138682612, 6.909565558613702, 13.396999006992816, 21.233937364400624, 1.0, 1.0, 19.54434824838614, 2.0, 1.2455263297980674, 1.8233811840845935, 0.32378524203933434, 2.0]
APTIDAO: 
71.87332715144771
GEN: 200
Individuo: 
[3.016337522258582, 0.1, 4.230178741629913, 1.0074301549575502, 3.8026072884248934, 0.549501282680006, 0.6861832115712153, 0.9209860214072214, 0.8021970628804276, 0.7076425530600996, 0.7581167545570494, 0.1, 15.10009396555239, 5.385059283229835, 5.799999999999997, 1.0, 12.449706817406174, 16.30085990516002, 21.160000000000004, 1.1297968902151134, 1.7241732687655422, 1.3340766530715942, 1.649222378502469, 1.114914157816465]
APTIDAO: 
60.28350345086444
GEN: 300
Individuo: 
[1.5733784943072968, 1.609939788075354, 1.7488583147903305, 1.0074301549575502, 3.1219473909915747, 0.3040007715518581, 0.49519567819696925, 0.5095053446667797, 0.8021970628804276, 0.8731378574337038, 0.4421824252248244, 0.3284203796482432, 8.278328557503858, 4.807277579654356, 9.655284070766289, 1.9715252816504432, 16.82807533061188, 2.762789572316775, 21.365215775359548, 1.2755173323620332, 1.3442624294570404, 1.1598808522718649, 1.3893273140758104, 0.8479170572062487]
APTIDAO: 
59.46779493470058
GEN: 400
Individuo: 
[1.3849462338355027, 0.8901876280251136, 2.7692367589585194, 0.6693547967569633, 3.9810495662095824, 0.5035625649401039, 0.8457993447845739, 0.8285966895202024, 0.7078535287509101, 0.9426553400820181, 0.3097248832520243, 0.2614462550696597, 4.638939471594176, 5.586565300564517, 1.0, 12.318274844152628, 9.91405441790851, 4.99960755320176, 18.150321949810763, 1.0897469423998551, 1.4091690709299478, 2.0, 0.7104002740539035, 1.2262744097538847]
APTIDAO: 
48.608264200698066
GEN: 500
Individuo: 
[1.3849462338355027, 0.8901876280251136, 2.7692367589585194, 0.6693547967569633, 3.9810495662095824, 0.5035625649401039, 0.8457993447845739, 0.8285966895202024, 0.7078535287509101, 0.9426553400820181, 0.3097248832520243, 0.2614462550696597, 4.638939471594176, 5.586565300564517, 1.0, 12.318274844152628, 9.91405441790851, 4.99960755320176, 18.150321949810763, 1.0897469423998551, 1.4091690709299478, 2.0, 0.7104002740539035, 1.2262744097538847]
APTIDAO: 
48.608264200698066
GEN: 600
Individuo: 
[1.3849462338355027, 0.8901876280251136, 2.7692367589585194, 0.6693547967569633, 3.9810495662095824, 0.5035625649401039, 0.8457993447845739, 0.8285966895202024, 0.7078535287509101, 0.9426553400820181, 0.3097248832520243, 0.2614462550696597, 4.638939471594176, 5.586565300564517, 1.0, 12.318274844152628, 9.91405441790851, 4.99960755320176, 18.150321949810763, 1.0897469423998551, 1.4091690709299478, 2.0, 0.7104002740539035, 1.2262744097538847]
APTIDAO: 
48.608264200698066
GEN: 700
Individuo: 
[1.3849462338355027, 0.8901876280251136, 2.7692367589585194, 0.6693547967569633, 3.9810495662095824, 0.5035625649401039, 0.8457993447845739, 0.8285966895202024, 0.7078535287509101, 0.9426553400820181, 0.3097248832520243, 0.2614462550696597, 4.638939471594176, 5.586565300564517, 1.0, 12.318274844152628, 9.91405441790851, 4.99960755320176, 18.150321949810763, 1.0897469423998551, 1.4091690709299478, 2.0, 0.7104002740539035, 1.2262744097538847]
APTIDAO: 
48.608264200698066
GEN: 800
Individuo: 
[1.3849462338355027, 0.8901876280251136, 2.7692367589585194, 0.6693547967569633, 3.9810495662095824, 0.5035625649401039, 0.8457993447845739, 0.8285966895202024, 0.7078535287509101, 0.9426553400820181, 0.3097248832520243, 0.2614462550696597, 4.638939471594176, 5.586565300564517, 1.0, 12.318274844152628, 9.91405441790851, 4.99960755320176, 18.150321949810763, 1.0897469423998551, 1.4091690709299478, 2.0, 0.7104002740539035, 1.2262744097538847]
APTIDAO: 
48.608264200698066
GEN: 900
Individuo: 
[1.1687282580393248, 2.038003245371045, 1.060925233225067, 0.388940048535903, 4.7053647846803415, 0.5842168169727204, 0.7803770790769979, 0.8659610238883819, 0.700639494051859, 0.7543568159183468, 0.26776036519932994, 0.45527707001224405, 12.025446748850115, 4.048169210183077, 1.0, 14.66927860041347, 5.615460987457068, 1.0, 22.79820660662828, 1.1035488123645147, 1.5853570577896345, 2.0, 0.8019664103868955, 1.1612912988737982]
APTIDAO: 
48.506070591170726
GEN: 1000
Individuo: 
[1.1687282580393248, 2.038003245371045, 1.060925233225067, 0.388940048535903, 4.7053647846803415, 0.5842168169727204, 0.7803770790769979, 0.8659610238883819, 0.700639494051859, 0.7543568159183468, 0.26776036519932994, 0.45527707001224405, 12.025446748850115, 4.048169210183077, 1.0, 14.66927860041347, 5.615460987457068, 1.0, 22.79820660662828, 1.1035488123645147, 1.5853570577896345, 2.0, 0.8019664103868955, 1.1612912988737982]
APTIDAO: 
48.506070591170726
GEN: 1100
Individuo: 
[1.6385605989543715, 2.806543333378972, 0.3008369272006406, 2.7047355633914627, 2.5997387515941823, 0.6624934486953288, 0.6061343774390099, 1.0, 0.504927221725995, 0.3691311702432167, 0.1, 0.44094635591494435, 25.0, 5.934409949170568, 1.0, 16.177904018676216, 25.0, 17.055453083659323, 12.841773681650865, 1.0910660633577918, 1.2008724966752378, 2.0, 0.7610795128409346, 0.5246006144900955]
APTIDAO: 
35.38242556588253
GEN: 1200
Individuo: 
[1.6385605989543715, 2.806543333378972, 0.3008369272006406, 2.7047355633914627, 2.5997387515941823, 0.6624934486953288, 0.6061343774390099, 1.0, 0.504927221725995, 0.3691311702432167, 0.1, 0.44094635591494435, 25.0, 5.934409949170568, 1.0, 16.177904018676216, 25.0, 17.055453083659323, 12.841773681650865, 1.0910660633577918, 1.2008724966752378, 2.0, 0.7610795128409346, 0.5246006144900955]
APTIDAO: 
35.38242556588253
GEN: 1300
Individuo: 
[1.6385605989543715, 2.806543333378972, 0.3008369272006406, 2.7047355633914627, 2.5997387515941823, 0.6624934486953288, 0.6061343774390099, 1.0, 0.504927221725995, 0.3691311702432167, 0.1, 0.44094635591494435, 25.0, 5.934409949170568, 1.0, 16.177904018676216, 25.0, 17.055453083659323, 12.841773681650865, 1.0910660633577918, 1.2008724966752378, 2.0, 0.7610795128409346, 0.5246006144900955]
APTIDAO: 
35.38242556588253
GEN: 1400
Individuo: 
[2.0857665293099488, 2.5808972524461335, 0.9310888898846299, 2.6585051556257184, 2.231800930582971, 0.6405276924023627, 0.6349342275924472, 0.9842818904544134, 0.4941719273505355, 0.37362195977172113, 0.10680962767940899, 0.38492020422545964, 25.0, 5.752550431529365, 1.0, 16.51429296515403, 25.0, 18.428682217649463, 12.841773681650865, 1.163176121699706, 1.0753384623688307, 2.0, 0.7184054829606407, 0.5158712346156916]
APTIDAO: 
34.027682566704414
GEN: 1500
Individuo: 
[2.1265134798574614, 2.6651110560219076, 1.7884052787777853, 0.1, 3.6410236720426004, 0.5964429899485845, 0.7621808927898681, 0.5110841460531854, 0.8558926573916334, 0.6359104132252428, 0.45575472884931034, 0.1, 9.575004884318897, 3.897884851526687, 3.6765393427991135, 1.0, 25.0, 6.234643461967565, 25.0, 1.1249312776816087, 1.6944281588764296, 1.5082415127178992, 1.5582024046590464, 0.5634492180743755]
APTIDAO: 
33.63998807857349
GEN: 1600
Individuo: 
[2.1265134798574614, 2.6651110560219076, 1.7884052787777853, 0.1, 3.6410236720426004, 0.5964429899485845, 0.7621808927898681, 0.5110841460531854, 0.8558926573916334, 0.6359104132252428, 0.45575472884931034, 0.1, 9.575004884318897, 3.897884851526687, 3.6765393427991135, 1.0, 25.0, 6.234643461967565, 25.0, 1.1249312776816087, 1.6944281588764296, 1.5082415127178992, 1.5582024046590464, 0.5634492180743755]
APTIDAO: 
33.63998807857349
GEN: 1700
Individuo: 
[1.9693658045047648, 2.0246761644876092, 1.3487957339484626, 1.3364108820962097, 3.724760182439745, 0.6007897777330071, 0.7992474798292233, 0.6857087493748213, 0.7736348946827177, 0.6164286841037496, 0.45575472884931034, 0.14229158382517543, 16.411116364240584, 2.5736051449615305, 1.822232886107888, 11.693530002971519, 23.03872934619436, 16.42929504329343, 17.799991905649915, 1.0028169957762259, 1.754576228046164, 1.722597601438653, 1.062885320112919, 0.6511941798167603]
APTIDAO: 
32.39730732330286
GEN: 1800
Individuo: 
[2.092098305008513, 2.458758459846477, 2.5656462948270424, 0.1, 2.6174666186235584, 0.6688188239125298, 0.5715313051986126, 0.7063879964731292, 0.4439524986407708, 0.41348819971892625, 0.35991471930070895, 0.26640195298966324, 25.0, 7.406514179937105, 2.2196454477267, 5.9791601427, 20.9554295916509, 22.458199029989025, 20.276607383722723, 1.2222894944520697, 0.9990701940426968, 1.5704820710937617, 1.0270582568767745, 0.5197915809928924]
APTIDAO: 
30.149431823023956
GEN: 1900
Individuo: 
[1.9510344256633558, 2.3941935394720364, 2.42544089195088, 0.1, 2.5419468535981635, 0.6322571009898534, 0.7427632114718363, 0.7723049272566096, 0.6161339763342351, 0.5208741481914445, 0.11628683788780012, 0.33288071118778667, 17.693263797991193, 5.152444296241606, 1.7325985384169797, 8.3735016034755, 25.0, 25.0, 18.270749725713728, 1.1048363069002922, 1.6367011376650347, 1.6521499319467103, 1.0340341678378182, 0.5183291698033738]
APTIDAO: 
28.651638765775182
GEN: 2000
Individuo: 
[1.5582909022644633, 2.8030652517793397, 0.1, 3.5076346192171224, 2.5924957561167976, 0.7136379695001569, 0.6451233083961109, 0.8846319062298366, 0.47109532859417175, 0.43862895277022645, 0.31020075691867033, 0.4112069001350852, 19.768172389530783, 9.028066716470363, 1.0, 13.667364664757804, 14.089936424444911, 20.155777171703683, 12.582561286666305, 0.9935925073917696, 1.1862151841710973, 1.8113167771333296, 0.8006627627936256, 0.5492462685998384]
APTIDAO: 
26.980197011990896
GEN: 2100
Individuo: 
[1.5582909022644633, 2.8030652517793397, 0.1, 3.5076346192171224, 2.5924957561167976, 0.7136379695001569, 0.6451233083961109, 0.8846319062298366, 0.47109532859417175, 0.43862895277022645, 0.31020075691867033, 0.4112069001350852, 19.768172389530783, 9.028066716470363, 1.0, 13.667364664757804, 14.089936424444911, 20.155777171703683, 12.582561286666305, 0.9935925073917696, 1.1862151841710973, 1.8113167771333296, 0.8006627627936256, 0.5492462685998384]
APTIDAO: 
26.980197011990896
GEN: 2200
Individuo: 
[1.5582909022644633, 2.8030652517793397, 0.1, 3.5076346192171224, 2.5924957561167976, 0.7136379695001569, 0.6451233083961109, 0.8846319062298366, 0.47109532859417175, 0.43862895277022645, 0.31020075691867033, 0.4112069001350852, 19.768172389530783, 9.028066716470363, 1.0, 13.667364664757804, 14.089936424444911, 20.155777171703683, 12.582561286666305, 0.9935925073917696, 1.1862151841710973, 1.8113167771333296, 0.8006627627936256, 0.5492462685998384]
APTIDAO: 
26.980197011990896
GEN: 2300
Individuo: 
[1.5582909022644633, 2.8030652517793397, 0.1, 3.5076346192171224, 2.5924957561167976, 0.7136379695001569, 0.6451233083961109, 0.8846319062298366, 0.47109532859417175, 0.43862895277022645, 0.31020075691867033, 0.4112069001350852, 19.768172389530783, 9.028066716470363, 1.0, 13.667364664757804, 14.089936424444911, 20.155777171703683, 12.582561286666305, 0.9935925073917696, 1.1862151841710973, 1.8113167771333296, 0.8006627627936256, 0.5492462685998384]
APTIDAO: 
26.980197011990896
GEN: 2400
Individuo: 
[1.64696243194271, 2.2588014612954264, 0.1, 3.0409670499211976, 3.884036421788338, 0.7147663997244004, 0.6029263405604715, 0.7728991850157412, 0.6225421385823734, 0.3951961537480612, 0.5266562524448963, 0.20954594341459543, 12.39106885940696, 5.48633399803494, 1.1555954046492034, 17.08152823943553, 15.757257566165434, 6.408600482664708, 18.51702224047084, 1.0366330255617766, 1.2494737793768667, 1.7354379463166245, 1.0018503702450343, 0.6149500543951454]
APTIDAO: 
26.10537826488766
GEN: 2500
Individuo: 
[1.64696243194271, 2.2588014612954264, 0.1, 3.0409670499211976, 3.884036421788338, 0.7147663997244004, 0.6029263405604715, 0.7728991850157412, 0.6225421385823734, 0.3951961537480612, 0.5266562524448963, 0.20954594341459543, 12.39106885940696, 5.48633399803494, 1.1555954046492034, 17.08152823943553, 15.757257566165434, 6.408600482664708, 18.51702224047084, 1.0366330255617766, 1.2494737793768667, 1.7354379463166245, 1.0018503702450343, 0.6149500543951454]
APTIDAO: 
26.10537826488766
GEN: 2600
Individuo: 
[1.9981661926802565, 2.4154709840359554, 0.8504509446658897, 2.7335950753576297, 2.6812722493026393, 0.558794749927141, 0.6389799551210739, 0.7576613065181396, 0.6412270167007432, 0.5706250236808571, 0.5024202216653175, 0.16563365753240722, 16.82817053262817, 7.274164867146947, 1.092540535308409, 9.22970137217644, 17.530137622198257, 23.29324004843299, 7.296751265016496, 1.0889510726239153, 1.3189560442877444, 1.6462061525850429, 1.0047007526863592, 0.5653057104696344]
APTIDAO: 
24.602452199817996
GEN: 2700
Individuo: 
[1.9981661926802565, 2.4154709840359554, 0.8504509446658897, 2.7335950753576297, 2.6812722493026393, 0.558794749927141, 0.6389799551210739, 0.7576613065181396, 0.6412270167007432, 0.5706250236808571, 0.5024202216653175, 0.16563365753240722, 16.82817053262817, 7.274164867146947, 1.092540535308409, 9.22970137217644, 17.530137622198257, 23.29324004843299, 7.296751265016496, 1.0889510726239153, 1.3189560442877444, 1.6462061525850429, 1.0047007526863592, 0.5653057104696344]
APTIDAO: 
24.602452199817996
GEN: 2800
Individuo: 
[1.8650262173265573, 1.7553789062789045, 1.444791854860143, 2.543677297408511, 2.8557949023575837, 0.6971346589534957, 0.792912067804489, 0.867020572348226, 0.6163234811580057, 0.5687369542040075, 0.17600019834538305, 0.355733851340467, 25.0, 3.011927092683577, 1.9148135551516228, 19.94391477370659, 21.780447960706468, 25.0, 14.92514754373213, 1.072018331793664, 1.682796827050742, 1.8211969354717759, 0.8942880044132837, 0.5716362520327596]
APTIDAO: 
21.265733453412995
GEN: 2900
Individuo: 
[1.8650262173265573, 1.7553789062789045, 1.444791854860143, 2.543677297408511, 2.8557949023575837, 0.6971346589534957, 0.792912067804489, 0.867020572348226, 0.6163234811580057, 0.5687369542040075, 0.17600019834538305, 0.355733851340467, 25.0, 3.011927092683577, 1.9148135551516228, 19.94391477370659, 21.780447960706468, 25.0, 14.92514754373213, 1.072018331793664, 1.682796827050742, 1.8211969354717759, 0.8942880044132837, 0.5716362520327596]
APTIDAO: 
21.265733453412995
GEN: 3000
Individuo: 
[1.8650262173265573, 1.7553789062789045, 1.444791854860143, 2.543677297408511, 2.8557949023575837, 0.6971346589534957, 0.792912067804489, 0.867020572348226, 0.6163234811580057, 0.5687369542040075, 0.17600019834538305, 0.355733851340467, 25.0, 3.011927092683577, 1.9148135551516228, 19.94391477370659, 21.780447960706468, 25.0, 14.92514754373213, 1.072018331793664, 1.682796827050742, 1.8211969354717759, 0.8942880044132837, 0.5716362520327596]
APTIDAO: 
21.265733453412995
GEN: 3100
Individuo: 
[1.8650262173265573, 1.7553789062789045, 1.444791854860143, 2.543677297408511, 2.8557949023575837, 0.6971346589534957, 0.792912067804489, 0.867020572348226, 0.6163234811580057, 0.5687369542040075, 0.17600019834538305, 0.355733851340467, 25.0, 3.011927092683577, 1.9148135551516228, 19.94391477370659, 21.780447960706468, 25.0, 14.92514754373213, 1.072018331793664, 1.682796827050742, 1.8211969354717759, 0.8942880044132837, 0.5716362520327596]
APTIDAO: 
21.265733453412995
GEN: 3200
Individuo: 
[1.8650262173265573, 1.7553789062789045, 1.444791854860143, 2.543677297408511, 2.8557949023575837, 0.6971346589534957, 0.792912067804489, 0.867020572348226, 0.6163234811580057, 0.5687369542040075, 0.17600019834538305, 0.355733851340467, 25.0, 3.011927092683577, 1.9148135551516228, 19.94391477370659, 21.780447960706468, 25.0, 14.92514754373213, 1.072018331793664, 1.682796827050742, 1.8211969354717759, 0.8942880044132837, 0.5716362520327596]
APTIDAO: 
21.265733453412995
GEN: 3300
Individuo: 
[1.8650262173265573, 1.7553789062789045, 1.444791854860143, 2.543677297408511, 2.8557949023575837, 0.6971346589534957, 0.792912067804489, 0.867020572348226, 0.6163234811580057, 0.5687369542040075, 0.17600019834538305, 0.355733851340467, 25.0, 3.011927092683577, 1.9148135551516228, 19.94391477370659, 21.780447960706468, 25.0, 14.92514754373213, 1.072018331793664, 1.682796827050742, 1.8211969354717759, 0.8942880044132837, 0.5716362520327596]
APTIDAO: 
21.265733453412995
GEN: 3400
Individuo: 
[1.8650262173265573, 1.7553789062789045, 1.444791854860143, 2.543677297408511, 2.8557949023575837, 0.6971346589534957, 0.792912067804489, 0.867020572348226, 0.6163234811580057, 0.5687369542040075, 0.17600019834538305, 0.355733851340467, 25.0, 3.011927092683577, 1.9148135551516228, 19.94391477370659, 21.780447960706468, 25.0, 14.92514754373213, 1.072018331793664, 1.682796827050742, 1.8211969354717759, 0.8942880044132837, 0.5716362520327596]
APTIDAO: 
21.265733453412995
GEN: 3500
Individuo: 
[1.8650262173265573, 1.7553789062789045, 1.444791854860143, 2.543677297408511, 2.8557949023575837, 0.6971346589534957, 0.792912067804489, 0.867020572348226, 0.6163234811580057, 0.5687369542040075, 0.17600019834538305, 0.355733851340467, 25.0, 3.011927092683577, 1.9148135551516228, 19.94391477370659, 21.780447960706468, 25.0, 14.92514754373213, 1.072018331793664, 1.682796827050742, 1.8211969354717759, 0.8942880044132837, 0.5716362520327596]
APTIDAO: 
21.265733453412995
GEN: 3600
Individuo: 
[1.8650262173265573, 1.7553789062789045, 1.444791854860143, 2.543677297408511, 2.8557949023575837, 0.6971346589534957, 0.792912067804489, 0.867020572348226, 0.6163234811580057, 0.5687369542040075, 0.17600019834538305, 0.355733851340467, 25.0, 3.011927092683577, 1.9148135551516228, 19.94391477370659, 21.780447960706468, 25.0, 14.92514754373213, 1.072018331793664, 1.682796827050742, 1.8211969354717759, 0.8942880044132837, 0.5716362520327596]
APTIDAO: 
21.265733453412995
GEN: 3700
Individuo: 
[1.8700199191259117, 2.0958989439468483, 0.5280557661251887, 3.2452024519043334, 3.2245725633065265, 0.6878752001978424, 0.6700427515020886, 0.7537426223156677, 0.586270817928746, 0.5102898928140535, 0.479446429057962, 0.1662726229513104, 19.41626921248218, 4.466599931120644, 1.3525008165339094, 5.670295607586839, 25.0, 12.745589228968655, 14.168024418838524, 1.1000616994560621, 1.325931066212174, 1.6524684974437431, 1.0624567665946658, 0.5890779380406005]
APTIDAO: 
20.710294619919377
GEN: 3800
Individuo: 
[2.293347044656648, 2.288770781596353, 0.6297990570381347, 2.7166958825923335, 3.355241240028538, 0.6412227099931429, 0.5815871984686414, 0.8285339176053468, 0.5414892369579399, 0.5561504503899828, 0.37969120052066985, 0.22250008938901522, 23.313204690540186, 7.897293769105348, 1.3525008165339094, 5.282476841099674, 13.787962344324582, 11.993336030672037, 1.0, 1.1886984364800948, 1.0657274510922117, 1.7451844100771607, 0.921293212894427, 0.629321219635652]
APTIDAO: 
20.492713980993777
GEN: 3900
Individuo: 
[1.9443247800775665, 1.844761223985699, 0.8986233646493422, 2.680225310363678, 2.715316327520497, 0.6698435506600602, 0.7349080312758949, 0.8670940872575671, 0.6178330633386988, 0.4815173186753081, 0.3602122682540025, 0.30877495414159895, 24.552619423754294, 3.035369288942393, 1.0, 7.087731596149345, 8.82364635197572, 11.813186031459088, 10.822476207603373, 1.119299509088749, 1.5253352863356846, 1.7744261787572868, 1.024770678533068, 0.5681867682068129]
APTIDAO: 
20.29158271851834
GEN: 4000
Individuo: 
[1.9443247800775665, 1.844761223985699, 0.8986233646493422, 2.680225310363678, 2.715316327520497, 0.6698435506600602, 0.7349080312758949, 0.8670940872575671, 0.6178330633386988, 0.4815173186753081, 0.3602122682540025, 0.30877495414159895, 24.552619423754294, 3.035369288942393, 1.0, 7.087731596149345, 8.82364635197572, 11.813186031459088, 10.822476207603373, 1.119299509088749, 1.5253352863356846, 1.7744261787572868, 1.024770678533068, 0.5681867682068129]
APTIDAO: 
20.29158271851834
GEN: 4100
Individuo: 
[1.9443247800775665, 1.844761223985699, 0.8986233646493422, 2.680225310363678, 2.715316327520497, 0.6698435506600602, 0.7349080312758949, 0.8670940872575671, 0.6178330633386988, 0.4815173186753081, 0.3602122682540025, 0.30877495414159895, 24.552619423754294, 3.035369288942393, 1.0, 7.087731596149345, 8.82364635197572, 11.813186031459088, 10.822476207603373, 1.119299509088749, 1.5253352863356846, 1.7744261787572868, 1.024770678533068, 0.5681867682068129]
APTIDAO: 
20.29158271851834
GEN: 4200
Individuo: 
[1.7824955034333048, 2.0374666670225388, 0.7062086843864133, 3.3951355768866365, 3.325041031776151, 0.667339402171692, 0.6579995211900985, 0.7674855163710579, 0.6069488358027909, 0.5261078854539467, 0.44211237861581076, 0.18761601918377435, 14.557214996227614, 4.801860215891343, 1.0902468190506422, 6.339704365811315, 25.0, 18.201851322615667, 14.142643772674905, 1.0831617266694586, 1.285810301554565, 1.711203866136098, 1.0772066972934133, 0.5545722913693122]
APTIDAO: 
19.871055610117303
GEN: 4300
Individuo: 
[1.7824955034333048, 2.0374666670225388, 0.7062086843864133, 3.3951355768866365, 3.325041031776151, 0.667339402171692, 0.6579995211900985, 0.7674855163710579, 0.6069488358027909, 0.5261078854539467, 0.44211237861581076, 0.18761601918377435, 14.557214996227614, 4.801860215891343, 1.0902468190506422, 6.339704365811315, 25.0, 18.201851322615667, 14.142643772674905, 1.0831617266694586, 1.285810301554565, 1.711203866136098, 1.0772066972934133, 0.5545722913693122]
APTIDAO: 
19.871055610117303
GEN: 4400
Individuo: 
[1.8985811374923538, 1.9923139481734822, 0.9012290736364874, 2.7069406443626236, 3.0662892594813194, 0.6669914252246967, 0.7059558202573094, 0.7990719850555769, 0.614566851327454, 0.5192329952842287, 0.40929407629329084, 0.20510184314300817, 18.41618699966151, 3.229711241636439, 1.1150430884764688, 6.922238245084795, 17.79635675821684, 19.04699501539629, 25.0, 1.1047639916333414, 1.4632110856301872, 1.7074028052928922, 1.0153540489892545, 0.552097627979832]
APTIDAO: 
19.345540873093707
GEN: 4500
Individuo: 
[1.8985811374923538, 1.9923139481734822, 0.9012290736364874, 2.7069406443626236, 3.0662892594813194, 0.6669914252246967, 0.7059558202573094, 0.7990719850555769, 0.614566851327454, 0.5192329952842287, 0.40929407629329084, 0.20510184314300817, 18.41618699966151, 3.229711241636439, 1.1150430884764688, 6.922238245084795, 17.79635675821684, 19.04699501539629, 25.0, 1.1047639916333414, 1.4632110856301872, 1.7074028052928922, 1.0153540489892545, 0.552097627979832]
APTIDAO: 
19.345540873093707
GEN: 4600
Individuo: 
[1.8985811374923538, 1.9923139481734822, 0.9012290736364874, 2.7069406443626236, 3.0662892594813194, 0.6669914252246967, 0.7059558202573094, 0.7990719850555769, 0.614566851327454, 0.5192329952842287, 0.40929407629329084, 0.20510184314300817, 18.41618699966151, 3.229711241636439, 1.1150430884764688, 6.922238245084795, 17.79635675821684, 19.04699501539629, 25.0, 1.1047639916333414, 1.4632110856301872, 1.7074028052928922, 1.0153540489892545, 0.552097627979832]
APTIDAO: 
19.345540873093707
GEN: 4700
Individuo: 
[2.0662064224877668, 2.060651730309726, 1.1460956380806473, 2.9536569808381095, 2.9634906703186985, 0.651660932803621, 0.6936251185860747, 0.9960934742308393, 0.593411101061179, 0.5410559895596009, 0.3478639726528034, 0.11089616093791062, 19.938075854029105, 4.5159015297007885, 1.0564297098734048, 5.28007602134216, 13.41764111262758, 4.851777820455015, 22.644146162681743, 1.1645157572760334, 1.3720676004950925, 1.90511655738135, 1.0432262496999951, 0.5585124650637232]
APTIDAO: 
18.671946904311483
GEN: 4800
Individuo: 
[2.0662064224877668, 2.060651730309726, 1.1460956380806473, 2.9536569808381095, 2.9634906703186985, 0.651660932803621, 0.6936251185860747, 0.9960934742308393, 0.593411101061179, 0.5410559895596009, 0.3478639726528034, 0.11089616093791062, 19.938075854029105, 4.5159015297007885, 1.0564297098734048, 5.28007602134216, 13.41764111262758, 4.851777820455015, 22.644146162681743, 1.1645157572760334, 1.3720676004950925, 1.90511655738135, 1.0432262496999951, 0.5585124650637232]
APTIDAO: 
18.671946904311483
GEN: 4900
Individuo: 
[1.9218882019863772, 1.8937241130186193, 0.9117593287931494, 3.0281657112923464, 3.188907013136967, 0.6631436256911042, 0.7075503145652309, 0.8447602043955531, 0.6341048848041294, 0.5260716866156584, 0.40682355167327294, 0.14873378139946425, 16.21650469442165, 3.318553903151407, 1.5225853872705397, 6.070675405401861, 17.952883207138377, 14.079651027382162, 16.87983580616076, 1.1287076579759656, 1.4686115465720704, 1.743176798932201, 1.0906470507530146, 0.5512085878083764]
APTIDAO: 
18.58008070214097
GEN: 5000
Individuo: 
[1.9218882019863772, 1.8937241130186193, 0.9117593287931494, 3.0281657112923464, 3.188907013136967, 0.6631436256911042, 0.7075503145652309, 0.8447602043955531, 0.6341048848041294, 0.5260716866156584, 0.40682355167327294, 0.14873378139946425, 16.21650469442165, 3.318553903151407, 1.5225853872705397, 6.070675405401861, 17.952883207138377, 14.079651027382162, 16.87983580616076, 1.1287076579759656, 1.4686115465720704, 1.743176798932201, 1.0906470507530146, 0.5512085878083764]
APTIDAO: 
18.58008070214097
GEN: 5100
Individuo: 
[1.9604787591964736, 1.9294569525936867, 1.2633564336126917, 2.234816693746363, 3.616740972839297, 0.6622122692041995, 0.7758905070069191, 0.9334517524309325, 0.6245277461864835, 0.5573176467232165, 0.37078991509460607, 0.1, 22.233358106895523, 3.4041712536238937, 1.6672539780909001, 4.149822963182564, 13.161737450774293, 4.7640293327723136, 20.61161429721214, 1.138748458327867, 1.6323207433264222, 1.8112544744016006, 1.1748913827484913, 0.5524903462998608]
APTIDAO: 
18.412650764874385
GEN: 5200
Individuo: 
[1.9604787591964736, 1.9294569525936867, 1.2633564336126917, 2.234816693746363, 3.616740972839297, 0.6622122692041995, 0.7758905070069191, 0.9334517524309325, 0.6245277461864835, 0.5573176467232165, 0.37078991509460607, 0.1, 22.233358106895523, 3.4041712536238937, 1.6672539780909001, 4.149822963182564, 13.161737450774293, 4.7640293327723136, 20.61161429721214, 1.138748458327867, 1.6323207433264222, 1.8112544744016006, 1.1748913827484913, 0.5524903462998608]
APTIDAO: 
18.412650764874385
GEN: 5300
Individuo: 
[1.8451215204178288, 1.882951807296148, 1.171325456849237, 2.5602969269754716, 3.8521948756241966, 0.6717160876649141, 0.7412504929041844, 0.9968674916562592, 0.5854657405257512, 0.5918048199936199, 0.4160580143957005, 0.10148745438172803, 17.59768454409242, 3.301532916839112, 1.4158694940034802, 4.909137933234108, 20.803521331949405, 8.654699776271856, 13.455598630172892, 1.092839665170706, 1.5728024848755044, 1.8544260722338621, 1.1471071113228872, 0.5607355275334429]
APTIDAO: 
18.33431660077505
GEN: 5400
Individuo: 
[2.0526513969256484, 1.854321437036031, 1.234919016771803, 2.4878986799237395, 3.494428646471698, 0.6725502877078816, 0.6785347011266006, 0.9957802127103796, 0.6584401610683556, 0.5943948320068244, 0.3379398640289077, 0.1, 18.725289741640392, 3.093151701036425, 1.4092185492318277, 5.399867567116022, 19.620289005304606, 8.985438537321462, 6.94305432670151, 1.136626291969369, 1.4294212498060017, 1.87407212940789, 1.1665949358273975, 0.5514717176692192]
APTIDAO: 
18.271346772593798
GEN: 5500
Individuo: 
[2.0958595699200453, 1.850216113849604, 1.3296560156729824, 2.403354066533701, 3.3693597754965636, 0.6439227620908702, 0.7658640062893106, 0.9621391070213998, 0.631996910882366, 0.5285417659155188, 0.3372639769990449, 0.1, 21.11568647764054, 3.8588199857838648, 1.6277393750463804, 4.39236987837947, 24.269745286534484, 3.443507528069969, 18.532271484390854, 1.1578947761876837, 1.6077690308438648, 1.884926447399987, 1.0992863468597283, 0.5678625780617431]
APTIDAO: 
17.794480493457925
GEN: 5600
Individuo: 
[2.0166929851830893, 1.9448223603717014, 1.0774439998251932, 2.6393829307828836, 3.314749672449719, 0.6696128611776926, 0.7931963697747034, 0.9123001886592943, 0.6239283943755813, 0.5464283294198915, 0.37421377096251396, 0.10303792313372169, 18.45267191354772, 3.8779489106483758, 1.0880058625577893, 4.886387921943797, 14.346253918861256, 8.67614297330376, 25.0, 1.1215443559552314, 1.718922744224111, 1.753460335427645, 1.1772755392237844, 0.5486921841277396]
APTIDAO: 
17.574109529270274
GEN: 5700
Individuo: 
[2.0166929851830893, 1.9448223603717014, 1.0774439998251932, 2.6393829307828836, 3.314749672449719, 0.6696128611776926, 0.7931963697747034, 0.9123001886592943, 0.6239283943755813, 0.5464283294198915, 0.37421377096251396, 0.10303792313372169, 18.45267191354772, 3.8779489106483758, 1.0880058625577893, 4.886387921943797, 14.346253918861256, 8.67614297330376, 25.0, 1.1215443559552314, 1.718922744224111, 1.753460335427645, 1.1772755392237844, 0.5486921841277396]
APTIDAO: 
17.574109529270274
GEN: 5800
Individuo: 
[2.0166929851830893, 1.9448223603717014, 1.0774439998251932, 2.6393829307828836, 3.314749672449719, 0.6696128611776926, 0.7931963697747034, 0.9123001886592943, 0.6239283943755813, 0.5464283294198915, 0.37421377096251396, 0.10303792313372169, 18.45267191354772, 3.8779489106483758, 1.0880058625577893, 4.886387921943797, 14.346253918861256, 8.67614297330376, 25.0, 1.1215443559552314, 1.718922744224111, 1.753460335427645, 1.1772755392237844, 0.5486921841277396]
APTIDAO: 
17.574109529270274
GEN: 5900
Individuo: 
[2.0166929851830893, 1.9448223603717014, 1.0774439998251932, 2.6393829307828836, 3.314749672449719, 0.6696128611776926, 0.7931963697747034, 0.9123001886592943, 0.6239283943755813, 0.5464283294198915, 0.37421377096251396, 0.10303792313372169, 18.45267191354772, 3.8779489106483758, 1.0880058625577893, 4.886387921943797, 14.346253918861256, 8.67614297330376, 25.0, 1.1215443559552314, 1.718922744224111, 1.753460335427645, 1.1772755392237844, 0.5486921841277396]
APTIDAO: 
17.574109529270274
GEN: 6000
Individuo: 
[2.14218785354075, 1.8120740376902307, 1.521203747907701, 2.0579868137811577, 3.3174017081138794, 0.6489810073656422, 0.7744898852831674, 0.9681607077812828, 0.6060479381191056, 0.5333767427913481, 0.3668665197814281, 0.1, 20.23028109088139, 3.957756010519763, 1.4701671829207261, 4.065420190450144, 23.739026560568828, 4.0139888482566946, 25.0, 1.1519602898991972, 1.6352592092301739, 1.8498425069958944, 1.1075423045278632, 0.5630131219203075]
APTIDAO: 
17.442675544307743
GEN: 6100
Individuo: 
[1.993748928275095, 1.9932113651544912, 0.9409818827483724, 2.8266917877433206, 3.1752563137944847, 0.6721791172263895, 0.7826926217947835, 0.9007798078554444, 0.6519252086012469, 0.5292377493927395, 0.36737677344851527, 0.1, 17.58901429103473, 3.5951914681038946, 1.1566037315209827, 5.978035369337954, 17.594881997573793, 5.962087165630607, 21.282431843151567, 1.1258606181089443, 1.67288947875119, 1.76808480205451, 1.2286937049564386, 0.5575213338747813]
APTIDAO: 
17.317145222276103
GEN: 6200
Individuo: 
[2.074568903809404, 1.8452927614771941, 1.1196968336413162, 2.4851836140621657, 3.4095400671850293, 0.6791354603036708, 0.7537829701004214, 1.0, 0.6225177054524889, 0.48772862255937827, 0.33823642012729044, 0.1083620386407403, 21.592617902164783, 3.9231610144712588, 1.8929545337291775, 4.94193390736884, 20.83593347856568, 4.805069888803267, 25.0, 1.1352622429470698, 1.608358337133698, 1.900763529239445, 1.135567885342251, 0.5478276632186446]
APTIDAO: 
17.220043713728998
GEN: 6300
Individuo: 
[2.074568903809404, 1.8452927614771941, 1.1196968336413162, 2.4851836140621657, 3.4095400671850293, 0.6791354603036708, 0.7537829701004214, 1.0, 0.6225177054524889, 0.48772862255937827, 0.33823642012729044, 0.1083620386407403, 21.592617902164783, 3.9231610144712588, 1.8929545337291775, 4.94193390736884, 20.83593347856568, 4.805069888803267, 25.0, 1.1352622429470698, 1.608358337133698, 1.900763529239445, 1.135567885342251, 0.5478276632186446]
APTIDAO: 
17.220043713728998
GEN: 6400
Individuo: 
[2.00040592177952, 1.9081763684619042, 1.1042141051799064, 2.327785959093848, 3.4059562091151565, 0.6677195717873893, 0.7970169915819116, 0.9668274385020107, 0.6268741666472003, 0.5349847729271275, 0.45003716268539906, 0.1, 15.653240877190463, 3.7262245953836968, 1.1736007246995972, 3.6406488619635997, 24.77780587212266, 6.79428939987749, 25.0, 1.12887175524012, 1.7018802985265435, 1.8761099289978258, 1.2095254851674588, 0.577140557401706]
APTIDAO: 
17.192338403244538
GEN: 6500
Individuo: 
[2.006993771991915, 2.0204942278264433, 1.2521492002069463, 1.9238334377586266, 3.334008399541165, 0.6632617488573986, 0.801262450646545, 0.9714823771034931, 0.6475071935495985, 0.5502425299714926, 0.4588404089870379, 0.1, 16.084073097608528, 3.8191867090346654, 1.4141033273049382, 3.307230810573405, 25.0, 6.356000527339401, 20.227381972857565, 1.1129115652321737, 1.7610160695730235, 1.849079574159484, 1.2558110735380121, 0.5822050198017382]
APTIDAO: 
17.069023759134463
GEN: 6600
Individuo: 
[2.00831861739595, 1.8700656851783812, 1.0447466531688467, 2.732233684242258, 3.280102482244313, 0.6718974905169235, 0.7742462188281489, 0.927550012040926, 0.6406326212381555, 0.5231097813838594, 0.4006201443480131, 0.10993224238357396, 17.05707173806743, 3.3712758984088373, 1.1937721989078112, 4.705855408655589, 20.28995579082191, 5.95145858965234, 24.23638111565721, 1.1212006142609834, 1.6516374658908466, 1.8311924017052448, 1.1979872309801725, 0.5727591577819378]
APTIDAO: 
16.97213147797397
GEN: 6700
Individuo: 
[2.00831861739595, 1.8700656851783812, 1.0447466531688467, 2.732233684242258, 3.280102482244313, 0.6718974905169235, 0.7742462188281489, 0.927550012040926, 0.6406326212381555, 0.5231097813838594, 0.4006201443480131, 0.10993224238357396, 17.05707173806743, 3.3712758984088373, 1.1937721989078112, 4.705855408655589, 20.28995579082191, 5.95145858965234, 24.23638111565721, 1.1212006142609834, 1.6516374658908466, 1.8311924017052448, 1.1979872309801725, 0.5727591577819378]
APTIDAO: 
16.97213147797397
GEN: 6800
Individuo: 
[2.00831861739595, 1.8700656851783812, 1.0447466531688467, 2.732233684242258, 3.280102482244313, 0.6718974905169235, 0.7742462188281489, 0.927550012040926, 0.6406326212381555, 0.5231097813838594, 0.4006201443480131, 0.10993224238357396, 17.05707173806743, 3.3712758984088373, 1.1937721989078112, 4.705855408655589, 20.28995579082191, 5.95145858965234, 24.23638111565721, 1.1212006142609834, 1.6516374658908466, 1.8311924017052448, 1.1979872309801725, 0.5727591577819378]
APTIDAO: 
16.97213147797397
GEN: 6900
Individuo: 
[2.00831861739595, 1.8700656851783812, 1.0447466531688467, 2.732233684242258, 3.280102482244313, 0.6718974905169235, 0.7742462188281489, 0.927550012040926, 0.6406326212381555, 0.5231097813838594, 0.4006201443480131, 0.10993224238357396, 17.05707173806743, 3.3712758984088373, 1.1937721989078112, 4.705855408655589, 20.28995579082191, 5.95145858965234, 24.23638111565721, 1.1212006142609834, 1.6516374658908466, 1.8311924017052448, 1.1979872309801725, 0.5727591577819378]
APTIDAO: 
16.97213147797397
GEN: 7000
Individuo: 
[2.00831861739595, 1.8700656851783812, 1.0447466531688467, 2.732233684242258, 3.280102482244313, 0.6718974905169235, 0.7742462188281489, 0.927550012040926, 0.6406326212381555, 0.5231097813838594, 0.4006201443480131, 0.10993224238357396, 17.05707173806743, 3.3712758984088373, 1.1937721989078112, 4.705855408655589, 20.28995579082191, 5.95145858965234, 24.23638111565721, 1.1212006142609834, 1.6516374658908466, 1.8311924017052448, 1.1979872309801725, 0.5727591577819378]
APTIDAO: 
16.97213147797397
GEN: 7100
Individuo: 
[1.9963282809797245, 2.002871065187066, 1.3011716795665, 1.9270319153723858, 3.42536758242273, 0.6581592997978488, 0.8069767089497465, 0.9987560702597807, 0.6670202279215124, 0.5810650808139012, 0.4475352860924842, 0.11520422069114332, 16.219193098334536, 3.768503896912199, 1.9536387725988444, 3.2415847277602796, 21.451123593780455, 5.585565455369182, 16.07277794656194, 1.1166484972737518, 1.7680452091084384, 1.897608394219187, 1.2970411528428991, 0.5991240545033468]
APTIDAO: 
16.8090303415167
GEN: 7200
Individuo: 
[1.901654413231944, 1.9596019902042303, 0.9880515553442941, 2.7482147433886834, 3.4392556946150052, 0.67778178853026, 0.7600976288591662, 0.9587145116448393, 0.6499291829305671, 0.5046437658335912, 0.3661420927988948, 0.10588469907403938, 17.450262121512477, 3.5811019228719134, 1.5909064879991188, 4.260154359482358, 21.580248670927617, 3.181614319398718, 21.39244998060986, 1.1071038682228789, 1.6231455495778415, 1.8459676755934076, 1.2543990597409116, 0.582237777087277]
APTIDAO: 
16.743485351617178
GEN: 7300
Individuo: 
[1.901654413231944, 1.9596019902042303, 0.9880515553442941, 2.7482147433886834, 3.4392556946150052, 0.67778178853026, 0.7600976288591662, 0.9587145116448393, 0.6499291829305671, 0.5046437658335912, 0.3661420927988948, 0.10588469907403938, 17.450262121512477, 3.5811019228719134, 1.5909064879991188, 4.260154359482358, 21.580248670927617, 3.181614319398718, 21.39244998060986, 1.1071038682228789, 1.6231455495778415, 1.8459676755934076, 1.2543990597409116, 0.582237777087277]
APTIDAO: 
16.743485351617178
GEN: 7400
Individuo: 
[1.8794748321232366, 1.950264137570625, 1.2185769167984453, 2.5376454867336316, 3.473031472645102, 0.6767130629573695, 0.7495145861279398, 0.9523635828261778, 0.6590141989907485, 0.5369625053751271, 0.3523170817647612, 0.10672731856822204, 16.027478854834882, 3.9312832171842347, 1.3216815232582646, 4.5014138330707905, 22.757171923447963, 3.0007322765484417, 18.648066086116838, 1.1042179983077385, 1.6031561670264391, 1.8274772231135363, 1.2458551867174783, 0.5907935299679907]
APTIDAO: 
16.62260453064187
GEN: 7500
Individuo: 
[2.0053848746705647, 1.8818588539545418, 1.081759494448793, 2.757680611769475, 3.1343936872600655, 0.6581592997978488, 0.7380263928684099, 0.9158153337649408, 0.6645046339477316, 0.5253331964750878, 0.4072278834338975, 0.10268070316590204, 16.219193098334536, 3.768503896912199, 1.0, 4.755427847672625, 19.186215868655367, 3.3260802115524717, 25.0, 1.118826367336551, 1.5722140032215055, 1.7639447396143206, 1.2970411528428991, 0.6103221587960693]
APTIDAO: 
16.570571185064946
GEN: 7600
Individuo: 
[2.0053848746705647, 1.8818588539545418, 1.081759494448793, 2.757680611769475, 3.1343936872600655, 0.6581592997978488, 0.7380263928684099, 0.9158153337649408, 0.6645046339477316, 0.5253331964750878, 0.4072278834338975, 0.10268070316590204, 16.219193098334536, 3.768503896912199, 1.0, 4.755427847672625, 19.186215868655367, 3.3260802115524717, 25.0, 1.118826367336551, 1.5722140032215055, 1.7639447396143206, 1.2970411528428991, 0.6103221587960693]
APTIDAO: 
16.570571185064946
GEN: 7700
Individuo: 
[1.974286258731763, 1.973499630576593, 1.2523913754304803, 2.1698903386598327, 3.4306089278778913, 0.6672099682874684, 0.7638057851091468, 0.9890667660465595, 0.6763006330369105, 0.570651120214684, 0.42099322049817156, 0.12098522588247954, 16.122296004270783, 3.955781261193725, 1.4053693021984701, 3.806589340720135, 16.275671478863465, 4.727458988444001, 21.969842237342537, 1.1194116417345488, 1.644597860873516, 1.8375764036505493, 1.3651020041063515, 0.6016149238172529]
APTIDAO: 
16.561570414798087
GEN: 7800
Individuo: 
[1.873474378107977, 1.9544146586031117, 1.1166622908949282, 2.6010694241583048, 3.302599085543478, 0.6672591923624819, 0.7679103269008276, 0.9518206743744173, 0.6698933138123562, 0.5386495934154082, 0.40223553893105257, 0.10595884641040466, 14.165197672515852, 3.149554058449106, 1.0230738394683094, 4.8463397565083355, 16.809594335938854, 3.106970375655072, 20.46015018988165, 1.1022210963231633, 1.640876320162367, 1.7954340127597725, 1.325758188568414, 0.6200720982932997]
APTIDAO: 
16.491178085530848
GEN: 7900
Individuo: 
[1.8820277849402984, 1.9660012582156827, 1.1095490326968271, 2.581746602013052, 3.38251146386879, 0.6689089634077987, 0.7559233832585724, 0.9664910784777117, 0.662972241711786, 0.539926367305106, 0.3883872618963954, 0.1, 15.01729758027199, 3.2963430299098984, 1.2236252440421298, 4.678291989848056, 24.386187078977095, 3.2602330666857533, 23.030847203282956, 1.1029951894912569, 1.6233161275691137, 1.823538550288868, 1.297352091561843, 0.6078852340756555]
APTIDAO: 
16.48670993613474
GEN: 8000
Individuo: 
[1.8968135777475457, 1.9289423614727643, 1.1489024211610235, 2.608223020596268, 3.2835954305806214, 0.6705591126399313, 0.7581195549939036, 0.953238050029696, 0.6664059349392732, 0.5313400087825997, 0.3997888445592139, 0.10938774480399131, 15.93441654785643, 3.005553211933852, 1.4312748281228267, 4.510106010897084, 16.678070837104343, 3.1553387184677617, 17.828437674915936, 1.1040942090623818, 1.6230602799652818, 1.8209825188408661, 1.303286691465913, 0.6151492776551524]
APTIDAO: 
16.40281632589471
GEN: 8100
Individuo: 
[1.9057847643667474, 1.9292536544964725, 1.1451553911909942, 2.650126978467579, 3.24738066066724, 0.671472113319604, 0.7573765273770834, 0.9685146917177965, 0.668780016548265, 0.5428371169041697, 0.3931080707603724, 0.10607918217158874, 16.816145328906988, 3.6653038253430474, 1.3647763733987117, 4.714946763222649, 10.764876301988078, 3.167075378350489, 15.853281727952096, 1.1060275706988247, 1.6127533089403243, 1.8357025053086502, 1.3013735506110002, 0.6204719955949646]
APTIDAO: 
16.395099617694076
GEN: 8200
Individuo: 
[1.938842953558811, 1.9135409214639167, 1.1069801991659662, 2.7681292343713486, 3.2128312782426045, 0.6649322859653095, 0.7485601013846351, 0.97176836485862, 0.6763202132717062, 0.5459993605663722, 0.39959284491929065, 0.1, 15.49405956632302, 3.653417247247769, 1.3298477299969562, 4.7401443109341255, 15.03207817418181, 3.5425608832671918, 17.8977752107345, 1.1116176576987808, 1.5928651372715361, 1.8551149485361649, 1.3033835446270106, 0.6237340429154675]
APTIDAO: 
16.39254925143952
GEN: 8300
Individuo: 
[1.915094656844111, 1.962773147539526, 1.051942085262058, 2.7325054677557064, 3.2631377373226753, 0.6658430459811092, 0.7600271658646471, 0.981402660531287, 0.6715756432930863, 0.5490105298647249, 0.39728898759853387, 0.1, 15.29202504770743, 3.6688523920196494, 1.1704708487346143, 4.65002144178956, 20.509961846326213, 3.380987481615448, 18.11412459658518, 1.1063159314294062, 1.6276838204286992, 1.8381562080860572, 1.3165843453436892, 0.6195037685636854]
APTIDAO: 
16.365398425519952
GEN: 8400
Individuo: 
[1.8815985466124157, 1.948218593512607, 1.084788294866881, 2.7586110520281797, 3.3179328182049317, 0.6752818961990559, 0.7620135817643062, 0.9971166762607746, 0.6656767358545131, 0.5406772276303544, 0.3854129245256046, 0.10285992845831367, 15.105792312211792, 3.581969677421764, 1.3931613734121213, 4.011463578555535, 16.202885816326557, 3.409186872854198, 18.58841253759737, 1.10474718532639, 1.6267116278276441, 1.882808312969443, 1.2708065944543536, 0.617504778140741]
APTIDAO: 
16.331833939845442
GEN: 8500
Individuo: 
[1.9001571495814904, 1.9532475095596478, 1.107630154813328, 2.7157260415703854, 3.2371777447947747, 0.6670374172029157, 0.766061638554906, 0.9828479723916781, 0.6685476263467109, 0.5419614541373111, 0.39438942277391276, 0.1, 15.876485049109414, 3.596728182558111, 1.0, 4.466297928722772, 15.953599054857786, 3.6571360899908716, 19.84528053891931, 1.1038905449349066, 1.640337102499265, 1.8578755767323532, 1.2873343812020175, 0.6186609654851533]
APTIDAO: 
16.310293233828766
GEN: 8600
Individuo: 
[1.953629901177353, 1.9517174967971438, 1.112885545371834, 2.6900021510579233, 3.1342560672905044, 0.6623351929823048, 0.7701580079409895, 0.9898453864840536, 0.6608474120970893, 0.5298493285372728, 0.39566264217441405, 0.10278380620089958, 15.784001247388407, 3.891591239717489, 1.3103647426550906, 4.800314706569421, 12.823370755915626, 3.478063147303956, 24.453303346918183, 1.1147654745045141, 1.6537517265803674, 1.8653921387667698, 1.2820487635700828, 0.6094967535093466]
APTIDAO: 
16.29955260200786
GEN: 8700
Individuo: 
[1.9156846116286668, 1.9615292217153322, 1.16287603685625, 2.7223729218040202, 3.1597634163439805, 0.6642707069046873, 0.7692447646184811, 0.9997553406918737, 0.6792153181199969, 0.5459593146934105, 0.39379622373496587, 0.10362033928424905, 15.826239903081193, 3.567385823471577, 1.0, 4.646769659381867, 19.710185268160018, 3.9134604086971017, 20.273326361682983, 1.107132655937873, 1.6517968097493296, 1.8828790781654665, 1.3288090904096772, 0.6159300911159417]
APTIDAO: 
16.28626094265993
GEN: 8800
Individuo: 
[1.9097030586952428, 1.970150956416387, 1.1688561559785995, 2.7490768324766996, 3.1131333575728237, 0.6633968714013739, 0.7779155453893414, 0.9912189782903612, 0.6875430879324911, 0.5472214135903454, 0.394002100941998, 0.10308500727970916, 15.291702966606765, 3.564369255851571, 1.6921912773649765, 4.210109901163627, 15.679312509529076, 3.8903668754071106, 24.894190425295, 1.1059166627821444, 1.6778224097186465, 1.8957960311178406, 1.3220004687169196, 0.6176048638246339]
APTIDAO: 
16.274189937142676
GEN: 8900
Individuo: 
[1.9409857230178527, 1.9378237906717612, 1.0829861183035112, 2.847481152800282, 3.036763145090884, 0.6584820055998002, 0.7694301627315097, 1.0, 0.6803684157797438, 0.5284588713812608, 0.40269884908633, 0.10185879168243013, 15.548868205846782, 3.3255895943810088, 1.4310221252030617, 4.690560363309625, 11.94595170610938, 3.9107402216163356, 20.731205619615444, 1.1101179616630295, 1.6504375167534522, 1.9001587385483094, 1.2984850579648335, 0.6175809424347949]
APTIDAO: 
16.264500941200932
GEN: 9000
Individuo: 
[1.9264361130002219, 1.9616558952596042, 1.146753404232749, 2.7295012744836153, 3.108786154142391, 0.6633086793497343, 0.7739509969787238, 0.9840231267528594, 0.6732490230541703, 0.5330690422825698, 0.39337082830968784, 0.10296038042375752, 15.897441183198522, 3.460848042110306, 1.332155713522696, 4.285650379094046, 14.269857549224772, 3.815834055872578, 22.677920367312268, 1.1092458007469475, 1.6648125009279462, 1.8809925592262264, 1.279980875993007, 0.6145035658011495]
APTIDAO: 
16.257817755626743
GEN: 9100
Individuo: 
[1.9374094736565295, 1.9676944591838954, 1.0670504652762376, 2.900702326790628, 3.012231720970473, 0.6597320697044331, 0.7782415391162552, 1.0, 0.6749559814822585, 0.5338558058105118, 0.40418749764500395, 0.10192293732848813, 15.270247338255016, 3.382452636744794, 1.2740158886809245, 4.235312111232444, 11.855561917634766, 3.4318402298996027, 23.944434018118294, 1.1073603936671381, 1.6788554240885298, 1.8959578407034225, 1.301437955880159, 0.617748164224875]
APTIDAO: 
16.25377965437522
GEN: 9200
Individuo: 
[1.9354206598762675, 1.9612754565157386, 1.2061241835241738, 2.6002903860168316, 3.088041461420328, 0.6635137520488106, 0.7775697831365728, 0.9995676966951008, 0.6833392107901846, 0.5364407814555973, 0.3988961615838286, 0.10280181241532181, 15.543610665325737, 3.5112287837665748, 1.6624581056446852, 4.756326384457457, 13.547429416964949, 3.6495125119831, 25.0, 1.1076782628266115, 1.6717415527793116, 1.9101498436353042, 1.3068074410221031, 0.6168786643614433]
APTIDAO: 
16.251435777526268
GEN: 9300
Individuo: 
[1.9220817988432224, 1.9570964043677581, 1.1521582550626057, 2.7120912657106846, 3.124812064288614, 0.6637326917524072, 0.7599030749837477, 1.0, 0.6772154059662507, 0.5381441707762099, 0.39492381775280444, 0.10425143493585558, 16.997175829312564, 3.912686356575112, 1.1704926446565813, 4.262269445527739, 14.502003925265571, 3.7657315760447223, 20.138131963267995, 1.106485144400914, 1.6268820648556777, 1.8887814402832646, 1.2949528714074074, 0.6160678577387012]
APTIDAO: 
16.248761947766894
GEN: 9400
Individuo: 
[1.9241018234008946, 1.9771608151939366, 1.1057694739371429, 2.813592029649902, 3.0408445960272465, 0.6597480249672907, 0.7728600230209379, 0.9907777728045775, 0.6782917778170978, 0.53413921319413, 0.4009751350884846, 0.10425143493585558, 15.172323250164208, 3.580606608686367, 1.1672698281614693, 4.800252154166243, 12.6920695759811, 3.647682764776601, 16.3717297202482, 1.1082565236764141, 1.661773449716373, 1.884958548972592, 1.3032054742817438, 0.6169319769385273]
APTIDAO: 
16.242707530735377
GEN: 9500
Individuo: 
[1.9271961504565256, 1.9729010788691292, 1.1358665907581176, 2.7329983948191168, 3.073409564704072, 0.6634192628625839, 0.7730201146162001, 0.9948124695728716, 0.6712810864634974, 0.5353375292463552, 0.39466588760741284, 0.1042701054124905, 15.733156113704352, 3.125311197185771, 1.150301498057281, 4.461051055736745, 10.314886108809924, 3.573257372571619, 22.56349333430151, 1.1087373088335104, 1.6627182859192962, 1.883676191516887, 1.290952606735025, 0.6148093533481305]
APTIDAO: 
16.22983349059446
GEN: 9600
Individuo: 
[1.9319732417366295, 1.9594326946759664, 1.2329224008274404, 2.5558249865107663, 3.0901239390512574, 0.6624730115789216, 0.7676183932784086, 0.9997328404071483, 0.6798598270876994, 0.5295367144906552, 0.39791261936964006, 0.10221592965900886, 15.82851519972859, 3.373410868482632, 1.4014332424484446, 4.595202387036125, 13.185513453513979, 3.748552385559799, 25.0, 1.1085866079658488, 1.6437645299803254, 1.905628187148411, 1.2958017329127673, 0.6122185667734026]
APTIDAO: 
16.217799442597663
GEN: 9700
Individuo: 
[1.9068984990342823, 1.9683578828226265, 1.2434651223555027, 2.5847816635976413, 3.101430343361894, 0.6655360254693128, 0.768363862020548, 0.9993235937405314, 0.6824813944803192, 0.5375753125548465, 0.3919700558075354, 0.10545842894692047, 15.52687987825185, 3.555806829379818, 1.2784121833666215, 4.654588415285548, 11.437452475695668, 3.877782874937357, 25.0, 1.105040229130423, 1.6465974960054988, 1.9009630033585236, 1.3039476989090486, 0.6142314983956686]
APTIDAO: 
16.21032016186851
GEN: 9800
Individuo: 
[1.9068984990342823, 1.9683578828226265, 1.2434651223555027, 2.5847816635976413, 3.101430343361894, 0.6655360254693128, 0.768363862020548, 0.9993235937405314, 0.6824813944803192, 0.5375753125548465, 0.3919700558075354, 0.10545842894692047, 15.52687987825185, 3.555806829379818, 1.2784121833666215, 4.654588415285548, 11.437452475695668, 3.877782874937357, 25.0, 1.105040229130423, 1.6465974960054988, 1.9009630033585236, 1.3039476989090486, 0.6142314983956686]
APTIDAO: 
16.21032016186851
GEN: 9900
Individuo: 
[1.9088365631379396, 1.9770509280601298, 1.1952307121838206, 2.607711744938444, 3.1011445992754796, 0.6650140030972107, 0.774170444163774, 0.9986487699590583, 0.6750494686892391, 0.5276976816908002, 0.3959852818704088, 0.10363772384110559, 15.672365013208386, 3.4556333610983128, 1.0, 4.484480532597379, 12.728771684815175, 3.4319634165816386, 24.44085866982627, 1.1054507620974523, 1.6653725447375762, 1.9068714280230346, 1.2742897270736877, 0.6136132146351979]
APTIDAO: 
16.20445762618346
GEN: 10000
Individuo: 
[1.9088365631379396, 1.9770509280601298, 1.1952307121838206, 2.607711744938444, 3.1011445992754796, 0.6650140030972107, 0.774170444163774, 0.9986487699590583, 0.6750494686892391, 0.5276976816908002, 0.3959852818704088, 0.10363772384110559, 15.672365013208386, 3.4556333610983128, 1.0, 4.484480532597379, 12.728771684815175, 3.4319634165816386, 24.44085866982627, 1.1054507620974523, 1.6653725447375762, 1.9068714280230346, 1.2742897270736877, 0.6136132146351979]
APTIDAO: 
16.20445762618346

--- RESULTADO FINAL ---
Erro (norma-1): 16.20445762618346
Parâmetros: [1.9088365631379396, 1.9770509280601298, 1.1952307121838206, 2.607711744938444, 3.1011445992754796, 0.6650140030972107, 0.774170444163774, 0.9986487699590583, 0.6750494686892391, 0.5276976816908002, 0.3959852818704088, 0.10363772384110559, 15.672365013208386, 3.4556333610983128, 1.0, 4.484480532597379, 12.728771684815175, 3.4319634165816386, 24.44085866982627, 1.1054507620974523, 1.6653725447375762, 1.9068714280230346, 1.2742897270736877, 0.6136132146351979]
Tempo total: 02h 21m 24s
