SEED: 1778578247
NP: 50  F: 0.8  CR: 0.9
BOUNDS: tau=[0.1, 5.0]  K=[0.1, 1.0]  N=[1.0, 25.0]  Vmax=[0.1, 2.0]
GEN: 0
Individuo: 
[2.1794559780125478, 3.248382090306834, 4.391246130529738, 0.488818674836508, 0.9048849394159552, 0.13038981333457894, 0.5288436869269816, 0.3470279299064288, 0.5303241959983406, 0.264301646791721, 0.7533378260063985, 0.33026020233429365, 7.030247549481377, 2.6762121042173037, 22.858418743338543, 14.084174033396991, 18.799697269638507, 20.438111123747415, 15.482314437618378, 0.6448639405234263, 1.9871077921816251, 1.4424526600090706, 1.1816067711107536, 0.6360179834384122]
APTIDAO: 
126.51600813303155
GEN: 100
Individuo: 
[1.833480618468917, 3.905075233763168, 0.6652037515822227, 5.0, 0.1, 0.6513626553033091, 0.7760516743191779, 0.6089418212038813, 0.7128517130985821, 0.22921889971995704, 1.0, 0.39553942798587166, 6.064942830516099, 14.016872219440376, 1.0, 24.826757566240495, 6.3256514221488125, 1.0, 5.694649067774595, 1.0054978282492932, 1.8590188384643795, 2.0, 0.488000838835155, 1.748442907661482]
APTIDAO: 
58.900430784114434
GEN: 200
Individuo: 
[1.9628471421717038, 2.1956689309093083, 2.415902492029173, 4.878861652778239, 0.16341778688156228, 0.44298649152438546, 0.5831971427741436, 0.48443610779738905, 1.0, 0.22773270633390058, 1.0, 0.7407186134108438, 9.190709158382097, 14.18194340028719, 1.0, 16.36191896601675, 1.0, 1.0, 1.0, 1.1998068227414755, 0.9420356246835128, 1.759353411514024, 2.0, 2.0]
APTIDAO: 
47.21643620769929
GEN: 300
Individuo: 
[1.9628471421717038, 2.1956689309093083, 2.415902492029173, 4.878861652778239, 0.16341778688156228, 0.44298649152438546, 0.5831971427741436, 0.48443610779738905, 1.0, 0.22773270633390058, 1.0, 0.7407186134108438, 9.190709158382097, 14.18194340028719, 1.0, 16.36191896601675, 1.0, 1.0, 1.0, 1.1998068227414755, 0.9420356246835128, 1.759353411514024, 2.0, 2.0]
APTIDAO: 
47.21643620769929
GEN: 400
Individuo: 
[1.9628471421717038, 2.1956689309093083, 2.415902492029173, 4.878861652778239, 0.16341778688156228, 0.44298649152438546, 0.5831971427741436, 0.48443610779738905, 1.0, 0.22773270633390058, 1.0, 0.7407186134108438, 9.190709158382097, 14.18194340028719, 1.0, 16.36191896601675, 1.0, 1.0, 1.0, 1.1998068227414755, 0.9420356246835128, 1.759353411514024, 2.0, 2.0]
APTIDAO: 
47.21643620769929
GEN: 500
Individuo: 
[2.0259871210264837, 2.6942785862629113, 0.2535114319935527, 3.296457177170608, 4.184102380015764, 0.5118803321646569, 0.6759735260149385, 0.498059290009797, 0.733807973279555, 0.6400839391454665, 0.7425358703765167, 0.1, 19.123934487260737, 25.0, 3.815138424059916, 1.0, 18.01902896020872, 1.0, 4.608095489833999, 1.4353289480190372, 1.1137692429545334, 1.2871786769610774, 1.57810600975561, 0.9043025006722265]
APTIDAO: 
43.995634522444924
GEN: 600
Individuo: 
[1.904901463674976, 2.612152334157998, 1.7840277801609417, 3.289404324290893, 2.761523585258921, 0.5194157902037688, 0.593593846109873, 0.6195255471518706, 0.9798462722375764, 0.6752162973786995, 0.9629101898338839, 0.32191988268202926, 13.561512071574658, 5.882042485701394, 1.2685372824883934, 1.0, 4.357859015655917, 1.2450844944912915, 1.596879066579063, 1.1041234614042528, 1.2307647472682113, 1.4892684471040993, 2.0, 1.4108329648505702]
APTIDAO: 
41.68663628320832
GEN: 700
Individuo: 
[1.904901463674976, 2.612152334157998, 1.7840277801609417, 3.289404324290893, 2.761523585258921, 0.5194157902037688, 0.593593846109873, 0.6195255471518706, 0.9798462722375764, 0.6752162973786995, 0.9629101898338839, 0.32191988268202926, 13.561512071574658, 5.882042485701394, 1.2685372824883934, 1.0, 4.357859015655917, 1.2450844944912915, 1.596879066579063, 1.1041234614042528, 1.2307647472682113, 1.4892684471040993, 2.0, 1.4108329648505702]
APTIDAO: 
41.68663628320832
GEN: 800
Individuo: 
[1.2286488507113185, 2.2763961672750406, 0.6060615909187699, 3.7902000646643073, 1.9603228660387202, 0.5202622638847478, 0.4038470393894666, 0.7700459290882596, 1.0, 0.2128419947989988, 0.9588115977686159, 0.8311481506095281, 9.845883984315922, 10.027563409080868, 1.0, 2.5722085883009287, 20.39808277519219, 2.975264220862985, 1.0, 1.03342540515214, 0.685825493454177, 1.7737701123801655, 2.0, 1.3932452105048216]
APTIDAO: 
38.00770667791576
GEN: 900
Individuo: 
[1.5166075972443418, 2.5122656492404865, 1.2832141088212374, 3.416749328108101, 2.1264979435689346, 0.5951227991194381, 0.6026697676289922, 0.7170924229683734, 0.8984130267501302, 0.5441433731639156, 0.7070292151155508, 0.1, 10.050300729773829, 18.220231573712926, 2.239065976333871, 1.0, 1.5393365840239497, 1.8298140147013444, 6.960876747635852, 1.1435337736281883, 1.217213307269196, 1.4258641311509115, 1.7085646888099009, 0.9333890096545516]
APTIDAO: 
34.126535145589486
GEN: 1000
Individuo: 
[1.5166075972443418, 2.5122656492404865, 1.2832141088212374, 3.416749328108101, 2.1264979435689346, 0.5951227991194381, 0.6026697676289922, 0.7170924229683734, 0.8984130267501302, 0.5441433731639156, 0.7070292151155508, 0.1, 10.050300729773829, 18.220231573712926, 2.239065976333871, 1.0, 1.5393365840239497, 1.8298140147013444, 6.960876747635852, 1.1435337736281883, 1.217213307269196, 1.4258641311509115, 1.7085646888099009, 0.9333890096545516]
APTIDAO: 
34.126535145589486
GEN: 1100
Individuo: 
[1.5166075972443418, 2.5122656492404865, 1.2832141088212374, 3.416749328108101, 2.1264979435689346, 0.5951227991194381, 0.6026697676289922, 0.7170924229683734, 0.8984130267501302, 0.5441433731639156, 0.7070292151155508, 0.1, 10.050300729773829, 18.220231573712926, 2.239065976333871, 1.0, 1.5393365840239497, 1.8298140147013444, 6.960876747635852, 1.1435337736281883, 1.217213307269196, 1.4258641311509115, 1.7085646888099009, 0.9333890096545516]
APTIDAO: 
34.126535145589486
GEN: 1200
Individuo: 
[1.5166075972443418, 2.5122656492404865, 1.2832141088212374, 3.416749328108101, 2.1264979435689346, 0.5951227991194381, 0.6026697676289922, 0.7170924229683734, 0.8984130267501302, 0.5441433731639156, 0.7070292151155508, 0.1, 10.050300729773829, 18.220231573712926, 2.239065976333871, 1.0, 1.5393365840239497, 1.8298140147013444, 6.960876747635852, 1.1435337736281883, 1.217213307269196, 1.4258641311509115, 1.7085646888099009, 0.9333890096545516]
APTIDAO: 
34.126535145589486
GEN: 1300
Individuo: 
[1.5166075972443418, 2.5122656492404865, 1.2832141088212374, 3.416749328108101, 2.1264979435689346, 0.5951227991194381, 0.6026697676289922, 0.7170924229683734, 0.8984130267501302, 0.5441433731639156, 0.7070292151155508, 0.1, 10.050300729773829, 18.220231573712926, 2.239065976333871, 1.0, 1.5393365840239497, 1.8298140147013444, 6.960876747635852, 1.1435337736281883, 1.217213307269196, 1.4258641311509115, 1.7085646888099009, 0.9333890096545516]
APTIDAO: 
34.126535145589486
GEN: 1400
Individuo: 
[1.5166075972443418, 2.5122656492404865, 1.2832141088212374, 3.416749328108101, 2.1264979435689346, 0.5951227991194381, 0.6026697676289922, 0.7170924229683734, 0.8984130267501302, 0.5441433731639156, 0.7070292151155508, 0.1, 10.050300729773829, 18.220231573712926, 2.239065976333871, 1.0, 1.5393365840239497, 1.8298140147013444, 6.960876747635852, 1.1435337736281883, 1.217213307269196, 1.4258641311509115, 1.7085646888099009, 0.9333890096545516]
APTIDAO: 
34.126535145589486
GEN: 1500
Individuo: 
[1.5166075972443418, 2.5122656492404865, 1.2832141088212374, 3.416749328108101, 2.1264979435689346, 0.5951227991194381, 0.6026697676289922, 0.7170924229683734, 0.8984130267501302, 0.5441433731639156, 0.7070292151155508, 0.1, 10.050300729773829, 18.220231573712926, 2.239065976333871, 1.0, 1.5393365840239497, 1.8298140147013444, 6.960876747635852, 1.1435337736281883, 1.217213307269196, 1.4258641311509115, 1.7085646888099009, 0.9333890096545516]
APTIDAO: 
34.126535145589486
GEN: 1600
Individuo: 
[1.7377781170610613, 2.8152944570346214, 0.9176890653081561, 1.360667938597558, 3.332854310033096, 0.6061140004967437, 0.6207333138411618, 0.7682204642901426, 0.5166698892893782, 0.33068982156983284, 0.8395531766220468, 1.0, 20.291272205011754, 15.45787481871759, 2.2608579581808366, 1.0, 8.326091157405898, 2.4069338576083843, 1.0, 1.089591196292888, 1.151671450007321, 1.703636167839559, 1.087363376696419, 2.0]
APTIDAO: 
32.3635948620335
GEN: 1700
Individuo: 
[1.4664130858271633, 3.0128680575508064, 0.940231964506888, 1.343588087289397, 3.1856217255754693, 0.6628075129679654, 0.5827303717765902, 0.5458691514151429, 0.5844340803232644, 0.3262086100318066, 0.8432361368297501, 0.9836980619250287, 9.570718650734879, 16.37986041574599, 2.853114829614549, 1.8296230278746342, 9.518967612661285, 2.3848907692868075, 1.0, 1.1769418750892464, 1.0044436476030731, 1.380702298799066, 1.0208805450084792, 1.9367517968449368]
APTIDAO: 
31.426065306610283
GEN: 1800
Individuo: 
[1.4664130858271633, 3.0128680575508064, 0.940231964506888, 1.343588087289397, 3.1856217255754693, 0.6628075129679654, 0.5827303717765902, 0.5458691514151429, 0.5844340803232644, 0.3262086100318066, 0.8432361368297501, 0.9836980619250287, 9.570718650734879, 16.37986041574599, 2.853114829614549, 1.8296230278746342, 9.518967612661285, 2.3848907692868075, 1.0, 1.1769418750892464, 1.0044436476030731, 1.380702298799066, 1.0208805450084792, 1.9367517968449368]
APTIDAO: 
31.426065306610283
GEN: 1900
Individuo: 
[1.4664130858271633, 3.0128680575508064, 0.940231964506888, 1.343588087289397, 3.1856217255754693, 0.6628075129679654, 0.5827303717765902, 0.5458691514151429, 0.5844340803232644, 0.3262086100318066, 0.8432361368297501, 0.9836980619250287, 9.570718650734879, 16.37986041574599, 2.853114829614549, 1.8296230278746342, 9.518967612661285, 2.3848907692868075, 1.0, 1.1769418750892464, 1.0044436476030731, 1.380702298799066, 1.0208805450084792, 1.9367517968449368]
APTIDAO: 
31.426065306610283
GEN: 2000
Individuo: 
[2.1448971333564155, 2.3520795133925243, 0.5390899070493388, 2.428888854927011, 1.5146743409032495, 0.5501125313389655, 0.5020607452727812, 0.7942841820384631, 0.8234254958907494, 0.1, 0.9869165213355653, 0.9669310306041344, 21.99690191481309, 19.483208752134914, 1.0, 3.5024850024738026, 18.76171373833261, 3.985890865123743, 1.0, 1.0995871126831922, 0.9727385223786335, 1.757835658225501, 1.502859979084655, 1.7761135301483983]
APTIDAO: 
27.25737998811801
GEN: 2100
Individuo: 
[2.2073085787915963, 2.6998213901504173, 0.26710404906020235, 1.5928702821436311, 2.9737289581605535, 0.5745428259264174, 0.5359238099207444, 0.7839754172303409, 0.4978484184882233, 0.32248066355963634, 0.8331758167958345, 1.0, 14.195239889234749, 19.968422616558463, 1.8260766142717062, 3.1674405986280703, 19.86897278551526, 3.4768136948329076, 1.0, 1.2530594280374667, 0.9749637813561123, 1.8050304854626473, 0.8156578719134714, 2.0]
APTIDAO: 
26.88342042582667
GEN: 2200
Individuo: 
[2.2073085787915963, 2.6998213901504173, 0.26710404906020235, 1.5928702821436311, 2.9737289581605535, 0.5745428259264174, 0.5359238099207444, 0.7839754172303409, 0.4978484184882233, 0.32248066355963634, 0.8331758167958345, 1.0, 14.195239889234749, 19.968422616558463, 1.8260766142717062, 3.1674405986280703, 19.86897278551526, 3.4768136948329076, 1.0, 1.2530594280374667, 0.9749637813561123, 1.8050304854626473, 0.8156578719134714, 2.0]
APTIDAO: 
26.88342042582667
GEN: 2300
Individuo: 
[2.2073085787915963, 2.6998213901504173, 0.26710404906020235, 1.5928702821436311, 2.9737289581605535, 0.5745428259264174, 0.5359238099207444, 0.7839754172303409, 0.4978484184882233, 0.32248066355963634, 0.8331758167958345, 1.0, 14.195239889234749, 19.968422616558463, 1.8260766142717062, 3.1674405986280703, 19.86897278551526, 3.4768136948329076, 1.0, 1.2530594280374667, 0.9749637813561123, 1.8050304854626473, 0.8156578719134714, 2.0]
APTIDAO: 
26.88342042582667
GEN: 2400
Individuo: 
[2.2073085787915963, 2.6998213901504173, 0.26710404906020235, 1.5928702821436311, 2.9737289581605535, 0.5745428259264174, 0.5359238099207444, 0.7839754172303409, 0.4978484184882233, 0.32248066355963634, 0.8331758167958345, 1.0, 14.195239889234749, 19.968422616558463, 1.8260766142717062, 3.1674405986280703, 19.86897278551526, 3.4768136948329076, 1.0, 1.2530594280374667, 0.9749637813561123, 1.8050304854626473, 0.8156578719134714, 2.0]
APTIDAO: 
26.88342042582667
GEN: 2500
Individuo: 
[2.2073085787915963, 2.6998213901504173, 0.26710404906020235, 1.5928702821436311, 2.9737289581605535, 0.5745428259264174, 0.5359238099207444, 0.7839754172303409, 0.4978484184882233, 0.32248066355963634, 0.8331758167958345, 1.0, 14.195239889234749, 19.968422616558463, 1.8260766142717062, 3.1674405986280703, 19.86897278551526, 3.4768136948329076, 1.0, 1.2530594280374667, 0.9749637813561123, 1.8050304854626473, 0.8156578719134714, 2.0]
APTIDAO: 
26.88342042582667
GEN: 2600
Individuo: 
[2.2073085787915963, 2.6998213901504173, 0.26710404906020235, 1.5928702821436311, 2.9737289581605535, 0.5745428259264174, 0.5359238099207444, 0.7839754172303409, 0.4978484184882233, 0.32248066355963634, 0.8331758167958345, 1.0, 14.195239889234749, 19.968422616558463, 1.8260766142717062, 3.1674405986280703, 19.86897278551526, 3.4768136948329076, 1.0, 1.2530594280374667, 0.9749637813561123, 1.8050304854626473, 0.8156578719134714, 2.0]
APTIDAO: 
26.88342042582667
GEN: 2700
Individuo: 
[2.2073085787915963, 2.6998213901504173, 0.26710404906020235, 1.5928702821436311, 2.9737289581605535, 0.5745428259264174, 0.5359238099207444, 0.7839754172303409, 0.4978484184882233, 0.32248066355963634, 0.8331758167958345, 1.0, 14.195239889234749, 19.968422616558463, 1.8260766142717062, 3.1674405986280703, 19.86897278551526, 3.4768136948329076, 1.0, 1.2530594280374667, 0.9749637813561123, 1.8050304854626473, 0.8156578719134714, 2.0]
APTIDAO: 
26.88342042582667
GEN: 2800
Individuo: 
[2.2073085787915963, 2.6998213901504173, 0.26710404906020235, 1.5928702821436311, 2.9737289581605535, 0.5745428259264174, 0.5359238099207444, 0.7839754172303409, 0.4978484184882233, 0.32248066355963634, 0.8331758167958345, 1.0, 14.195239889234749, 19.968422616558463, 1.8260766142717062, 3.1674405986280703, 19.86897278551526, 3.4768136948329076, 1.0, 1.2530594280374667, 0.9749637813561123, 1.8050304854626473, 0.8156578719134714, 2.0]
APTIDAO: 
26.88342042582667
GEN: 2900
Individuo: 
[1.3361429321142142, 2.498853528976376, 1.5486989012388372, 3.8172664848493905, 1.3869885553337982, 0.6665490851653282, 0.5638988153544537, 1.0, 0.7947495272197239, 0.2428317722013081, 0.9886134433472664, 0.7665096035316223, 13.608353454187888, 16.487007058651557, 1.0, 4.494187564045855, 19.346157424210908, 1.2625731888302016, 1.771392723845553, 1.0722375860472104, 1.066864231326968, 1.8082048483154274, 1.7303041047933383, 1.3045335426396805]
APTIDAO: 
25.958103114989807
GEN: 3000
Individuo: 
[1.3361429321142142, 2.498853528976376, 1.5486989012388372, 3.8172664848493905, 1.3869885553337982, 0.6665490851653282, 0.5638988153544537, 1.0, 0.7947495272197239, 0.2428317722013081, 0.9886134433472664, 0.7665096035316223, 13.608353454187888, 16.487007058651557, 1.0, 4.494187564045855, 19.346157424210908, 1.2625731888302016, 1.771392723845553, 1.0722375860472104, 1.066864231326968, 1.8082048483154274, 1.7303041047933383, 1.3045335426396805]
APTIDAO: 
25.958103114989807
GEN: 3100
Individuo: 
[1.3361429321142142, 2.498853528976376, 1.5486989012388372, 3.8172664848493905, 1.3869885553337982, 0.6665490851653282, 0.5638988153544537, 1.0, 0.7947495272197239, 0.2428317722013081, 0.9886134433472664, 0.7665096035316223, 13.608353454187888, 16.487007058651557, 1.0, 4.494187564045855, 19.346157424210908, 1.2625731888302016, 1.771392723845553, 1.0722375860472104, 1.066864231326968, 1.8082048483154274, 1.7303041047933383, 1.3045335426396805]
APTIDAO: 
25.958103114989807
GEN: 3200
Individuo: 
[1.3361429321142142, 2.498853528976376, 1.5486989012388372, 3.8172664848493905, 1.3869885553337982, 0.6665490851653282, 0.5638988153544537, 1.0, 0.7947495272197239, 0.2428317722013081, 0.9886134433472664, 0.7665096035316223, 13.608353454187888, 16.487007058651557, 1.0, 4.494187564045855, 19.346157424210908, 1.2625731888302016, 1.771392723845553, 1.0722375860472104, 1.066864231326968, 1.8082048483154274, 1.7303041047933383, 1.3045335426396805]
APTIDAO: 
25.958103114989807
GEN: 3300
Individuo: 
[1.6817439644518575, 2.801672657336135, 0.41781247706610025, 3.2512264843992935, 1.2101161558714741, 0.6861049308573277, 0.5887012021808007, 1.0, 0.894773122373532, 0.20889987027927306, 0.9319405759619951, 0.5233154885188667, 18.174201970181148, 10.525472921727104, 1.0, 4.531837719364229, 24.36223530664991, 1.7587063385462447, 1.936551151395046, 1.1258074338880304, 1.0688379312887124, 2.0, 1.8129517307693996, 1.1030420083714487]
APTIDAO: 
23.729977415634618
GEN: 3400
Individuo: 
[1.9874107885881718, 2.6385738840590975, 1.2744426971591236, 1.2771961540476509, 3.0240870348081232, 0.5700465466713348, 0.5504521161860597, 0.860414136329047, 0.6337563859516959, 0.42408177880812997, 0.8563322508661526, 0.9891069681528146, 14.722119176159644, 16.289573435288965, 1.52131014552075, 2.741168067525286, 17.09009342858396, 3.9213457619396954, 1.0, 1.1405438755785111, 0.9877949775731042, 1.820140654110845, 1.2300903452456642, 1.7322333443426383]
APTIDAO: 
22.559622780349255
GEN: 3500
Individuo: 
[1.9874107885881718, 2.6385738840590975, 1.2744426971591236, 1.2771961540476509, 3.0240870348081232, 0.5700465466713348, 0.5504521161860597, 0.860414136329047, 0.6337563859516959, 0.42408177880812997, 0.8563322508661526, 0.9891069681528146, 14.722119176159644, 16.289573435288965, 1.52131014552075, 2.741168067525286, 17.09009342858396, 3.9213457619396954, 1.0, 1.1405438755785111, 0.9877949775731042, 1.820140654110845, 1.2300903452456642, 1.7322333443426383]
APTIDAO: 
22.559622780349255
GEN: 3600
Individuo: 
[1.9874107885881718, 2.6385738840590975, 1.2744426971591236, 1.2771961540476509, 3.0240870348081232, 0.5700465466713348, 0.5504521161860597, 0.860414136329047, 0.6337563859516959, 0.42408177880812997, 0.8563322508661526, 0.9891069681528146, 14.722119176159644, 16.289573435288965, 1.52131014552075, 2.741168067525286, 17.09009342858396, 3.9213457619396954, 1.0, 1.1405438755785111, 0.9877949775731042, 1.820140654110845, 1.2300903452456642, 1.7322333443426383]
APTIDAO: 
22.559622780349255
GEN: 3700
Individuo: 
[1.9874107885881718, 2.6385738840590975, 1.2744426971591236, 1.2771961540476509, 3.0240870348081232, 0.5700465466713348, 0.5504521161860597, 0.860414136329047, 0.6337563859516959, 0.42408177880812997, 0.8563322508661526, 0.9891069681528146, 14.722119176159644, 16.289573435288965, 1.52131014552075, 2.741168067525286, 17.09009342858396, 3.9213457619396954, 1.0, 1.1405438755785111, 0.9877949775731042, 1.820140654110845, 1.2300903452456642, 1.7322333443426383]
APTIDAO: 
22.559622780349255
GEN: 3800
Individuo: 
[1.9874107885881718, 2.6385738840590975, 1.2744426971591236, 1.2771961540476509, 3.0240870348081232, 0.5700465466713348, 0.5504521161860597, 0.860414136329047, 0.6337563859516959, 0.42408177880812997, 0.8563322508661526, 0.9891069681528146, 14.722119176159644, 16.289573435288965, 1.52131014552075, 2.741168067525286, 17.09009342858396, 3.9213457619396954, 1.0, 1.1405438755785111, 0.9877949775731042, 1.820140654110845, 1.2300903452456642, 1.7322333443426383]
APTIDAO: 
22.559622780349255
GEN: 3900
Individuo: 
[1.6908366606778482, 2.631393378650176, 0.47999557936451076, 2.9220261713006197, 1.6314941745160865, 0.6901142351129608, 0.5827136649173047, 0.9249755318033162, 0.8370123378198286, 0.23409219865165912, 0.9309120464166014, 0.6186523908150934, 16.472089621639412, 8.06955875645097, 1.0, 4.171456069627411, 25.0, 1.9132068254163879, 1.7894915996188967, 1.0552466729691792, 1.076100627758005, 1.8757908966005543, 1.714321581104937, 1.2120182272187945]
APTIDAO: 
19.924628882515144
GEN: 4000
Individuo: 
[1.6908366606778482, 2.631393378650176, 0.47999557936451076, 2.9220261713006197, 1.6314941745160865, 0.6901142351129608, 0.5827136649173047, 0.9249755318033162, 0.8370123378198286, 0.23409219865165912, 0.9309120464166014, 0.6186523908150934, 16.472089621639412, 8.06955875645097, 1.0, 4.171456069627411, 25.0, 1.9132068254163879, 1.7894915996188967, 1.0552466729691792, 1.076100627758005, 1.8757908966005543, 1.714321581104937, 1.2120182272187945]
APTIDAO: 
19.924628882515144
GEN: 4100
Individuo: 
[1.6908366606778482, 2.631393378650176, 0.47999557936451076, 2.9220261713006197, 1.6314941745160865, 0.6901142351129608, 0.5827136649173047, 0.9249755318033162, 0.8370123378198286, 0.23409219865165912, 0.9309120464166014, 0.6186523908150934, 16.472089621639412, 8.06955875645097, 1.0, 4.171456069627411, 25.0, 1.9132068254163879, 1.7894915996188967, 1.0552466729691792, 1.076100627758005, 1.8757908966005543, 1.714321581104937, 1.2120182272187945]
APTIDAO: 
19.924628882515144
GEN: 4200
Individuo: 
[1.6908366606778482, 2.631393378650176, 0.47999557936451076, 2.9220261713006197, 1.6314941745160865, 0.6901142351129608, 0.5827136649173047, 0.9249755318033162, 0.8370123378198286, 0.23409219865165912, 0.9309120464166014, 0.6186523908150934, 16.472089621639412, 8.06955875645097, 1.0, 4.171456069627411, 25.0, 1.9132068254163879, 1.7894915996188967, 1.0552466729691792, 1.076100627758005, 1.8757908966005543, 1.714321581104937, 1.2120182272187945]
APTIDAO: 
19.924628882515144
GEN: 4300
Individuo: 
[1.6908366606778482, 2.631393378650176, 0.47999557936451076, 2.9220261713006197, 1.6314941745160865, 0.6901142351129608, 0.5827136649173047, 0.9249755318033162, 0.8370123378198286, 0.23409219865165912, 0.9309120464166014, 0.6186523908150934, 16.472089621639412, 8.06955875645097, 1.0, 4.171456069627411, 25.0, 1.9132068254163879, 1.7894915996188967, 1.0552466729691792, 1.076100627758005, 1.8757908966005543, 1.714321581104937, 1.2120182272187945]
APTIDAO: 
19.924628882515144
GEN: 4400
Individuo: 
[1.7534479527123765, 2.200031939960963, 1.9670634804975797, 1.7438793005261286, 2.9561038813335427, 0.6426184654371004, 0.5785665852021251, 1.0, 0.6751664272764865, 0.5220652519705988, 0.7893530258384472, 0.4109168239257495, 13.04977367248593, 5.617346703840821, 1.6210652491954516, 4.100600363487038, 4.988796710496853, 1.93251028487275, 1.4125630891331515, 1.0598274551845415, 1.1130655104330724, 2.0, 1.3021084963902694, 1.3002386034983566]
APTIDAO: 
19.588264081640673
GEN: 4500
Individuo: 
[1.577189093561516, 2.552446062054313, 0.664539734307034, 2.9331945713436776, 1.7948530478067801, 0.7000033935439604, 0.5621893960426443, 0.8973523752766058, 0.8439065077499064, 0.2273142606595565, 0.9385082125179426, 0.7546009006975045, 14.056181528872086, 9.441455992495687, 1.0, 3.520049138134681, 24.562272280143034, 1.9635794035003502, 1.8068900004403006, 1.06352888240424, 1.0040178073542154, 1.7994402937370129, 1.7170973339524886, 1.3071106127788643]
APTIDAO: 
19.468690876913527
GEN: 4600
Individuo: 
[1.9255217904297395, 2.3013296621695125, 1.5630407129107886, 1.054053215736479, 3.388488260390575, 0.591148814207283, 0.614565341596123, 1.0, 0.5751604981584729, 0.4658642246311704, 0.8529942595432831, 0.449184038028868, 15.67946077975444, 5.982912313340465, 1.5293817937695156, 3.492052452544886, 19.450663155150366, 2.243996854163126, 1.760742451536897, 1.1082301335549913, 1.2053637718716321, 1.9843449191380869, 1.1033078403050836, 1.3342917013123108]
APTIDAO: 
19.116479608888064
GEN: 4700
Individuo: 
[1.73273102659967, 2.189768476679026, 1.4956166975819607, 1.6569564118987004, 3.423577294334339, 0.5544178748226969, 0.6094884609894128, 0.9518541492575009, 0.6552004173377975, 0.510937586200033, 0.8702983634295216, 0.7396203551603404, 10.911053244072258, 5.872989583734293, 1.5602144461317797, 3.7521367610309344, 18.34575894931027, 2.7014935600183607, 1.7710941001896854, 1.088301835812515, 1.1541692665994174, 1.90843531130732, 1.2058415207767292, 1.5558683300741132]
APTIDAO: 
19.0386671715779
GEN: 4800
Individuo: 
[1.945472218166458, 1.759962721142764, 1.5669181048118899, 1.4605660607846482, 3.638476104413523, 0.6227254209359934, 0.6246416319691047, 0.9260034508162334, 0.7268270355985782, 0.4791795281794881, 0.8656313124421887, 0.44165571896673683, 13.279484130266273, 4.460782608779455, 1.5615415710002765, 2.249265978087918, 15.248337646878785, 2.237984164858354, 1.4478316528362702, 1.1127007827131912, 1.2434617215778783, 1.811800402384833, 1.411092248678973, 1.4814758407799697]
APTIDAO: 
18.431154245889623
GEN: 4900
Individuo: 
[1.945472218166458, 1.759962721142764, 1.5669181048118899, 1.4605660607846482, 3.638476104413523, 0.6227254209359934, 0.6246416319691047, 0.9260034508162334, 0.7268270355985782, 0.4791795281794881, 0.8656313124421887, 0.44165571896673683, 13.279484130266273, 4.460782608779455, 1.5615415710002765, 2.249265978087918, 15.248337646878785, 2.237984164858354, 1.4478316528362702, 1.1127007827131912, 1.2434617215778783, 1.811800402384833, 1.411092248678973, 1.4814758407799697]
APTIDAO: 
18.431154245889623
GEN: 5000
Individuo: 
[1.7533157468641478, 1.889272528617923, 1.318148081009622, 1.8329698539788466, 3.7637379215458115, 0.6309500772495402, 0.625344713185046, 0.9491115431942739, 0.7424892790767247, 0.5044657527090596, 0.8238030326306051, 0.3734315112141795, 11.120869863269672, 4.602727797671989, 1.1841491029261288, 2.193510035690335, 11.963534934688209, 2.408203335340128, 1.4122682431271303, 1.0763158522487493, 1.2478286151323945, 1.8731703516311273, 1.3871821788012584, 1.4372255078105285]
APTIDAO: 
18.138238713391036
GEN: 5100
Individuo: 
[1.7533157468641478, 1.889272528617923, 1.318148081009622, 1.8329698539788466, 3.7637379215458115, 0.6309500772495402, 0.625344713185046, 0.9491115431942739, 0.7424892790767247, 0.5044657527090596, 0.8238030326306051, 0.3734315112141795, 11.120869863269672, 4.602727797671989, 1.1841491029261288, 2.193510035690335, 11.963534934688209, 2.408203335340128, 1.4122682431271303, 1.0763158522487493, 1.2478286151323945, 1.8731703516311273, 1.3871821788012584, 1.4372255078105285]
APTIDAO: 
18.138238713391036
GEN: 5200
Individuo: 
[1.7533157468641478, 1.889272528617923, 1.318148081009622, 1.8329698539788466, 3.7637379215458115, 0.6309500772495402, 0.625344713185046, 0.9491115431942739, 0.7424892790767247, 0.5044657527090596, 0.8238030326306051, 0.3734315112141795, 11.120869863269672, 4.602727797671989, 1.1841491029261288, 2.193510035690335, 11.963534934688209, 2.408203335340128, 1.4122682431271303, 1.0763158522487493, 1.2478286151323945, 1.8731703516311273, 1.3871821788012584, 1.4372255078105285]
APTIDAO: 
18.138238713391036
GEN: 5300
Individuo: 
[1.7533157468641478, 1.889272528617923, 1.318148081009622, 1.8329698539788466, 3.7637379215458115, 0.6309500772495402, 0.625344713185046, 0.9491115431942739, 0.7424892790767247, 0.5044657527090596, 0.8238030326306051, 0.3734315112141795, 11.120869863269672, 4.602727797671989, 1.1841491029261288, 2.193510035690335, 11.963534934688209, 2.408203335340128, 1.4122682431271303, 1.0763158522487493, 1.2478286151323945, 1.8731703516311273, 1.3871821788012584, 1.4372255078105285]
APTIDAO: 
18.138238713391036
GEN: 5400
Individuo: 
[1.7533157468641478, 1.889272528617923, 1.318148081009622, 1.8329698539788466, 3.7637379215458115, 0.6309500772495402, 0.625344713185046, 0.9491115431942739, 0.7424892790767247, 0.5044657527090596, 0.8238030326306051, 0.3734315112141795, 11.120869863269672, 4.602727797671989, 1.1841491029261288, 2.193510035690335, 11.963534934688209, 2.408203335340128, 1.4122682431271303, 1.0763158522487493, 1.2478286151323945, 1.8731703516311273, 1.3871821788012584, 1.4372255078105285]
APTIDAO: 
18.138238713391036
GEN: 5500
Individuo: 
[2.017426791345458, 1.7640083836277458, 1.341538006828102, 1.7023177252915747, 3.7567646598933573, 0.6125606467291509, 0.6041111374071626, 0.9208434889914228, 0.7692711938573304, 0.5197010159448048, 0.897608663518038, 0.5810967520186546, 13.099529512838483, 4.81888295505449, 1.760734149887052, 2.302114985778718, 18.236398023055724, 2.169513318065863, 1.2613572054167246, 1.1233703979041274, 1.1954174070661032, 1.8108859641249775, 1.5243942421872803, 1.6113070550085506]
APTIDAO: 
18.107915636415363
GEN: 5600
Individuo: 
[1.8330614999176453, 1.9340637254733324, 1.4548447457087106, 1.6618214689968756, 3.735531681893928, 0.6106589353864906, 0.6203191940121766, 0.9261558444912318, 0.7472733955412555, 0.5064813073516082, 0.8047717878464564, 0.5318871621581425, 12.31661371556591, 4.840087677951921, 1.3859689995830327, 2.0651116871559987, 17.49931318831846, 2.518232948846754, 1.2808941969674357, 1.0992745367387888, 1.2291180393900785, 1.858026790210599, 1.4030971596701292, 1.4382225032064402]
APTIDAO: 
17.976272281809905
GEN: 5700
Individuo: 
[2.0752796909694102, 2.00357724879731, 1.5091196414940065, 1.3905137196549278, 3.43207552474032, 0.5923023058426302, 0.6277052913770024, 0.9496170573210376, 0.7924430054208258, 0.5121928635850309, 0.6492345754455245, 0.4076391536170208, 12.144753214208897, 4.76051317139498, 1.9691715072930247, 2.8180459960482205, 19.648163805596052, 2.1404343900750087, 1.6825460142998063, 1.1585325648978064, 1.2435130278890603, 1.8681752783027736, 1.4667681326110615, 1.1283135505924087]
APTIDAO: 
17.890655675643504
GEN: 5800
Individuo: 
[2.0752796909694102, 2.00357724879731, 1.5091196414940065, 1.3905137196549278, 3.43207552474032, 0.5923023058426302, 0.6277052913770024, 0.9496170573210376, 0.7924430054208258, 0.5121928635850309, 0.6492345754455245, 0.4076391536170208, 12.144753214208897, 4.76051317139498, 1.9691715072930247, 2.8180459960482205, 19.648163805596052, 2.1404343900750087, 1.6825460142998063, 1.1585325648978064, 1.2435130278890603, 1.8681752783027736, 1.4667681326110615, 1.1283135505924087]
APTIDAO: 
17.890655675643504
GEN: 5900
Individuo: 
[2.1188422510289358, 1.7842677285365878, 1.418294793153586, 1.5153006438753687, 3.5507825755978075, 0.6177016795337826, 0.6246373279135612, 0.9808268924286331, 0.8116104216692651, 0.5037988904489266, 0.695993505235653, 0.32976117517996845, 13.4768594475421, 4.543753708012351, 1.1792536255758532, 2.6689134302939217, 10.356620312571527, 2.8798779032735586, 1.132782259023407, 1.1493993671388825, 1.2387136675027317, 1.8953691243090742, 1.5214674617129131, 1.197378252781026]
APTIDAO: 
17.79267986918534
GEN: 6000
Individuo: 
[2.098612309420287, 2.0421138725389163, 1.2090266578702535, 1.9841540146186818, 3.695683413589387, 0.5914495350823062, 0.6294404949652878, 0.9943021909235874, 0.8051216288567828, 0.5583591104846357, 0.6305157983174225, 0.8419663888940058, 16.524232209669705, 5.922964795384937, 1.6120321940075324, 2.0373238467652923, 17.400074070497254, 2.0757546949492345, 1.5278936224037922, 1.1607986943398578, 1.191302622015041, 1.9713644668519508, 1.5366652834773276, 1.2935221091264388]
APTIDAO: 
17.73888766326306
GEN: 6100
Individuo: 
[1.8909756117052823, 1.911215930397713, 1.4270782897709995, 2.034477590290059, 3.306929371501496, 0.5972510025513953, 0.6275026270926138, 0.959203904281578, 0.7808504810389191, 0.5027864645716598, 0.7355009141958647, 0.4731630520557951, 11.012455165115504, 4.92018288959245, 1.3592078973467634, 2.068558976430481, 20.99781041232907, 2.816260819858341, 1.6113791413637149, 1.0973621875390858, 1.2544006080222792, 1.8513183650037088, 1.4918200935082468, 1.2965906246560193]
APTIDAO: 
17.638707583570895
GEN: 6200
Individuo: 
[1.9580148615728872, 1.8635034231059864, 1.4617805411182951, 1.862732369666148, 3.47809548079514, 0.5934439824018372, 0.635075940795046, 0.9480801069650637, 0.7758398434381605, 0.508715865712148, 0.7278002387988236, 0.5682675651418505, 13.686322861004937, 4.59493401149207, 1.3793265382114204, 2.0224670823104325, 20.30860580489282, 2.7175944769574403, 1.5660204981700487, 1.1151304224723888, 1.2647992269696566, 1.8067043274879866, 1.5381235960558235, 1.2890780674196565]
APTIDAO: 
17.5805793054195
GEN: 6300
Individuo: 
[2.0572085861053, 1.8683868343261965, 1.3672590439799066, 1.862732369666148, 3.294357473820606, 0.59476950967458, 0.6612619678340655, 0.9705035203917514, 0.7982884670226046, 0.45756071789413155, 0.6389839798792206, 0.5387341268667692, 14.66820888506399, 4.42423327814825, 1.5085011205833527, 2.0864628626174415, 25.0, 2.7175944769574403, 1.2955591629200232, 1.1459248785672382, 1.3075680730415264, 1.8859177294311278, 1.5358138472075336, 1.117271884915004]
APTIDAO: 
17.448006491568012
GEN: 6400
Individuo: 
[2.0259618701303563, 1.9976835464468299, 1.2778950278471641, 1.7676728182087915, 3.2926008031089964, 0.6161315838803951, 0.6480441724165632, 1.0, 0.843866136839194, 0.48401996042102674, 0.5791117994392343, 0.3875314679641339, 13.384253461693763, 4.72921112933974, 1.1288094054578832, 2.1408723209187195, 22.184241939162288, 2.1700448473147977, 1.7650009078803017, 1.1386343128806402, 1.3067207009345023, 1.884529784874208, 1.5603587500644274, 1.054508429586096]
APTIDAO: 
17.385789730134736
GEN: 6500
Individuo: 
[2.114215948476837, 1.878277341089069, 1.386982920819316, 1.9539170397730166, 3.201350139567759, 0.6152281727864081, 0.6670540845260193, 1.0, 0.8488597246732532, 0.5018107761475908, 0.5619915465676216, 0.27726660690575394, 13.501883817567926, 4.90417545350221, 1.6938382491642785, 2.3322627021687383, 19.14243160748819, 2.5440895810029143, 1.0, 1.1537837483233393, 1.3168612685192687, 1.912312296307601, 1.597125630689875, 0.990172240182543]
APTIDAO: 
17.24101059495774
GEN: 6600
Individuo: 
[2.0193791438588287, 1.9913822462106767, 1.3207830985069906, 1.9599094137062807, 3.3276612898864792, 0.6228362662563495, 0.6476630569328041, 0.995799880801433, 0.8649001478482561, 0.537574536040895, 0.5673736581921578, 0.3163089286412292, 14.473451960024986, 4.743404011385274, 1.094016145241858, 2.346591203570514, 15.389377548347115, 2.2664415054289666, 1.336169412501437, 1.130118995750733, 1.3029270904026202, 1.897087979498277, 1.638196603408951, 1.03531119388919]
APTIDAO: 
17.1068166230922
GEN: 6700
Individuo: 
[2.0622175000968994, 1.9330887533818366, 1.4648420189338063, 1.9728034114635653, 3.214020792565343, 0.610096486038636, 0.6547721736828995, 0.9866180539263861, 0.8445791234880707, 0.5070350835926556, 0.5475730840805515, 0.34586724621153486, 14.890322496925062, 4.43707713525662, 1.538475690449151, 2.698951348403563, 17.70332658744472, 2.4199073531454656, 1.6642510372597452, 1.1508083447723294, 1.294766131937226, 1.8863094103362303, 1.6146805305221157, 0.975896162436112]
APTIDAO: 
16.960133202582202
GEN: 6800
Individuo: 
[2.058420662566748, 1.9615020987725704, 1.2904526057087682, 1.921090671810009, 3.668299811428177, 0.6261308991672749, 0.6565850627842121, 0.9861520723746598, 0.8724919765285378, 0.5344554801606878, 0.5391877235982531, 0.698475176233702, 15.247072311137885, 4.70717204880723, 1.2144573919125037, 2.4896111335233044, 12.826226084964684, 2.6535095892363536, 1.0, 1.1353742642561482, 1.3158146944619276, 1.8822989331759343, 1.7648176264360615, 1.1067366715222384]
APTIDAO: 
16.831282493188084
GEN: 6900
Individuo: 
[1.9678685659355786, 2.017542263210858, 1.4230431791469065, 1.739359948783099, 3.4473672901077004, 0.6123983758519428, 0.6592201751541391, 0.9600670734572199, 0.8432144461148009, 0.5048435931835282, 0.6033601587373464, 0.5545922969431186, 13.1043329651662, 4.601649629253992, 1.0, 2.3752860266416094, 10.325117112165673, 2.6339409321457685, 1.344981540337138, 1.1244825673104335, 1.3267330737065903, 1.8861056288452274, 1.6650736075226131, 1.1042007431335792]
APTIDAO: 
16.80863015062246
GEN: 7000
Individuo: 
[2.022070220602698, 1.9675339964628826, 1.4212264306947942, 1.8195491326479905, 3.4259848452698995, 0.6133248573618117, 0.6684264965863966, 0.9910351048381278, 0.8643741445448067, 0.5062785772349492, 0.5398755624245304, 0.46540142768872006, 14.530956825406387, 4.659430196883982, 1.7890122265093602, 2.7702685782979146, 11.484657131310222, 2.8957381811212377, 1.0, 1.1336342522712448, 1.331887722449588, 1.9230208128956492, 1.6900794778643937, 1.004524901524841]
APTIDAO: 
16.695081400756987
GEN: 7100
Individuo: 
[2.022070220602698, 1.9675339964628826, 1.4212264306947942, 1.8195491326479905, 3.4259848452698995, 0.6133248573618117, 0.6684264965863966, 0.9910351048381278, 0.8643741445448067, 0.5062785772349492, 0.5398755624245304, 0.46540142768872006, 14.530956825406387, 4.659430196883982, 1.7890122265093602, 2.7702685782979146, 11.484657131310222, 2.8957381811212377, 1.0, 1.1336342522712448, 1.331887722449588, 1.9230208128956492, 1.6900794778643937, 1.004524901524841]
APTIDAO: 
16.695081400756987
GEN: 7200
Individuo: 
[1.9480327911160662, 1.9796299204968646, 1.332729982816595, 1.9219938452082177, 3.58750422245048, 0.6280056908521848, 0.6627231094416266, 0.9982698727647383, 0.9041873011228475, 0.5328885073931102, 0.5220862148901959, 0.4564349105721038, 13.334375067155872, 4.312498468521671, 1.9674488239594934, 2.5066836861140533, 10.520397348725002, 2.5763133216022465, 1.0, 1.1177900692997993, 1.3259942469043937, 1.9529187160102857, 1.7358419469668867, 1.0115359668928061]
APTIDAO: 
16.609445510421693
GEN: 7300
Individuo: 
[1.9480327911160662, 1.9796299204968646, 1.332729982816595, 1.9219938452082177, 3.58750422245048, 0.6280056908521848, 0.6627231094416266, 0.9982698727647383, 0.9041873011228475, 0.5328885073931102, 0.5220862148901959, 0.4564349105721038, 13.334375067155872, 4.312498468521671, 1.9674488239594934, 2.5066836861140533, 10.520397348725002, 2.5763133216022465, 1.0, 1.1177900692997993, 1.3259942469043937, 1.9529187160102857, 1.7358419469668867, 1.0115359668928061]
APTIDAO: 
16.609445510421693
GEN: 7400
Individuo: 
[1.9480327911160662, 1.9796299204968646, 1.332729982816595, 1.9219938452082177, 3.58750422245048, 0.6280056908521848, 0.6627231094416266, 0.9982698727647383, 0.9041873011228475, 0.5328885073931102, 0.5220862148901959, 0.4564349105721038, 13.334375067155872, 4.312498468521671, 1.9674488239594934, 2.5066836861140533, 10.520397348725002, 2.5763133216022465, 1.0, 1.1177900692997993, 1.3259942469043937, 1.9529187160102857, 1.7358419469668867, 1.0115359668928061]
APTIDAO: 
16.609445510421693
GEN: 7500
Individuo: 
[1.9912519787162235, 1.949024719563745, 1.5198860592381707, 1.7577983626912206, 3.339074211872758, 0.6117856556387469, 0.6550049804128635, 1.0, 0.9193643798769762, 0.4976431429666742, 0.585220196371403, 0.5721923639563145, 12.187246006591016, 4.038263311548743, 1.0, 2.2593427273951834, 11.123361346927286, 2.6019529524339196, 1.3085495851521594, 1.1250922777164272, 1.297438427892845, 1.9164613913543285, 1.8283679546536595, 1.0885394086632472]
APTIDAO: 
16.582402794101906
GEN: 7600
Individuo: 
[1.9898716845580826, 1.9636057379467184, 1.3831975867281123, 1.9083235777058682, 3.506074137840265, 0.6233266943302701, 0.6633739708190536, 0.9897854240320242, 0.8870913063127, 0.5032890470589598, 0.5079994244691626, 0.5186415499564595, 13.69796189126789, 4.077500914647285, 1.6986207391333357, 2.6468710049168576, 11.589748687099119, 2.7974268320478735, 1.0, 1.1255490931921475, 1.3259012142641688, 1.9008877935027497, 1.7568500173983173, 0.9851810310625454]
APTIDAO: 
16.573438198149407
GEN: 7700
Individuo: 
[1.9569121909523186, 1.9673081906698, 1.4866492275196639, 1.6760158621688153, 3.3561136377480354, 0.618409167965232, 0.6606000107935147, 1.0, 0.9504997130938188, 0.4773048917664666, 0.5137592590799437, 0.5159738140330885, 12.18455687472823, 4.212155282274722, 1.0, 2.366188506382389, 7.583565315824927, 2.784745013454642, 1.5914126871254428, 1.121632095184526, 1.3182704789312785, 1.9251618677974496, 1.8632113737530869, 0.9733194448314277]
APTIDAO: 
16.509486424788793
GEN: 7800
Individuo: 
[1.9569121909523186, 1.9673081906698, 1.4866492275196639, 1.6760158621688153, 3.3561136377480354, 0.618409167965232, 0.6606000107935147, 1.0, 0.9504997130938188, 0.4773048917664666, 0.5137592590799437, 0.5159738140330885, 12.18455687472823, 4.212155282274722, 1.0, 2.366188506382389, 7.583565315824927, 2.784745013454642, 1.5914126871254428, 1.121632095184526, 1.3182704789312785, 1.9251618677974496, 1.8632113737530869, 0.9733194448314277]
APTIDAO: 
16.509486424788793
GEN: 7900
Individuo: 
[2.0017431786040456, 1.9502379427017162, 1.5059346672105558, 1.7668390793183613, 3.4517720330259576, 0.6116347069883131, 0.6589972078071729, 0.9911478369766675, 0.9120838360123006, 0.5185187348426818, 0.5638059842871361, 0.5533280672134433, 13.30929340448687, 4.333968099028569, 1.0, 2.402992077193243, 13.527841337774678, 2.794455733949494, 1.4755593854946472, 1.1246313990571337, 1.3189039587919966, 1.8935205133384816, 1.8121085865376783, 1.0694687737856896]
APTIDAO: 
16.50378149439372
GEN: 8000
Individuo: 
[1.9516080678630012, 1.9840812361292166, 1.4932592963941889, 1.6687544761838897, 3.4997878853511963, 0.6253658747995324, 0.6568552288634202, 1.0, 0.9404038243555226, 0.5280449491599977, 0.5154544204816736, 0.4053823427942448, 13.921638193968061, 4.61802287446266, 1.0, 2.6437940054761957, 8.809567728983247, 2.8588307962250252, 1.3687236253089983, 1.1203085567550863, 1.3161300419101216, 1.930916351632425, 1.8283151927921395, 0.9721471050401813]
APTIDAO: 
16.404151845610933
GEN: 8100
Individuo: 
[1.9516080678630012, 1.9840812361292166, 1.4932592963941889, 1.6687544761838897, 3.4997878853511963, 0.6253658747995324, 0.6568552288634202, 1.0, 0.9404038243555226, 0.5280449491599977, 0.5154544204816736, 0.4053823427942448, 13.921638193968061, 4.61802287446266, 1.0, 2.6437940054761957, 8.809567728983247, 2.8588307962250252, 1.3687236253089983, 1.1203085567550863, 1.3161300419101216, 1.930916351632425, 1.8283151927921395, 0.9721471050401813]
APTIDAO: 
16.404151845610933
GEN: 8200
Individuo: 
[1.9627212192117494, 2.0306933162906895, 1.429815210509251, 1.7644604172756708, 3.724650044433826, 0.6214698045884498, 0.6569389410978193, 1.0, 0.9911435200242964, 0.5237682416784339, 0.4793286286139211, 0.9306897017277085, 13.469900880180237, 4.6267600346922695, 1.0, 2.2173302084810746, 7.873974846611604, 2.7303999747627055, 1.0, 1.1215504272041614, 1.3255123530634463, 1.9496626484925599, 1.9579993326767557, 1.0976953703317864]
APTIDAO: 
16.3458189939375
GEN: 8300
Individuo: 
[1.9627212192117494, 2.0306933162906895, 1.429815210509251, 1.7644604172756708, 3.724650044433826, 0.6214698045884498, 0.6569389410978193, 1.0, 0.9911435200242964, 0.5237682416784339, 0.4793286286139211, 0.9306897017277085, 13.469900880180237, 4.6267600346922695, 1.0, 2.2173302084810746, 7.873974846611604, 2.7303999747627055, 1.0, 1.1215504272041614, 1.3255123530634463, 1.9496626484925599, 1.9579993326767557, 1.0976953703317864]
APTIDAO: 
16.3458189939375
GEN: 8400
Individuo: 
[1.90826297104968, 2.0509671219097383, 1.5848375503670713, 1.8323071624835363, 3.651165679289962, 0.6274349514775427, 0.6632523337133834, 0.9995454163145977, 1.0, 0.5410838419501778, 0.44186376536242444, 0.7985632474800087, 13.748472345853823, 4.61802287446266, 1.0846891303078785, 2.619702972679436, 7.811106922433645, 2.3808974519720114, 1.0531931379522135, 1.1197390433954555, 1.3381519862742877, 1.9279229604518093, 2.0, 1.0394239897204889]
APTIDAO: 
16.291945602020313
GEN: 8500
Individuo: 
[1.9778014561305188, 2.0115500308228094, 1.5287359027411047, 1.7861019937907583, 3.7401511567845156, 0.6224231617549657, 0.6593023135250373, 0.9970430944776383, 0.9963220730318826, 0.5182888048232605, 0.42298212668199386, 1.0, 13.591261828546523, 4.6289631595195555, 1.3878471245627495, 2.2344700094980983, 6.5233708584195975, 2.8639231489036296, 1.1255453333032104, 1.1283349291398568, 1.3207564122335385, 1.9267465831203865, 2.0, 1.045606899861972]
APTIDAO: 
16.270161458948557
GEN: 8600
Individuo: 
[1.9778014561305188, 2.0115500308228094, 1.5287359027411047, 1.7861019937907583, 3.7401511567845156, 0.6224231617549657, 0.6593023135250373, 0.9970430944776383, 0.9963220730318826, 0.5182888048232605, 0.42298212668199386, 1.0, 13.591261828546523, 4.6289631595195555, 1.3878471245627495, 2.2344700094980983, 6.5233708584195975, 2.8639231489036296, 1.1255453333032104, 1.1283349291398568, 1.3207564122335385, 1.9267465831203865, 2.0, 1.045606899861972]
APTIDAO: 
16.270161458948557
GEN: 8700
Individuo: 
[1.9559497675261923, 2.0541562692069903, 1.5791716904141828, 1.7651387928706117, 3.833169601649864, 0.6255769056182671, 0.6591759854660207, 0.9973493961259309, 1.0, 0.565520606861137, 0.4417810701185436, 1.0, 13.91459503961867, 4.640183050380167, 1.3102776996501997, 2.3887507094542557, 7.621144924850512, 2.854230320224184, 1.3782243271316503, 1.1249944756931352, 1.3264870817096017, 1.951681696178739, 1.9987924830183605, 1.1131124938696921]
APTIDAO: 
16.259818936055638
GEN: 8800
Individuo: 
[1.9559497675261923, 2.0541562692069903, 1.5791716904141828, 1.7651387928706117, 3.833169601649864, 0.6255769056182671, 0.6591759854660207, 0.9973493961259309, 1.0, 0.565520606861137, 0.4417810701185436, 1.0, 13.91459503961867, 4.640183050380167, 1.3102776996501997, 2.3887507094542557, 7.621144924850512, 2.854230320224184, 1.3782243271316503, 1.1249944756931352, 1.3264870817096017, 1.951681696178739, 1.9987924830183605, 1.1131124938696921]
APTIDAO: 
16.259818936055638
GEN: 8900
Individuo: 
[1.9559497675261923, 2.0541562692069903, 1.5791716904141828, 1.7651387928706117, 3.833169601649864, 0.6255769056182671, 0.6591759854660207, 0.9973493961259309, 1.0, 0.565520606861137, 0.4417810701185436, 1.0, 13.91459503961867, 4.640183050380167, 1.3102776996501997, 2.3887507094542557, 7.621144924850512, 2.854230320224184, 1.3782243271316503, 1.1249944756931352, 1.3264870817096017, 1.951681696178739, 1.9987924830183605, 1.1131124938696921]
APTIDAO: 
16.259818936055638
GEN: 9000
Individuo: 
[1.939200304393164, 2.038234571050221, 1.5109993436023188, 1.8572038027205635, 3.6700926746217055, 0.6246534836809897, 0.6621248122498072, 0.9999971885102263, 0.9867513953180003, 0.5342415299075687, 0.4581442550350243, 0.8634919806238793, 13.40185823760938, 4.89189424204434, 1.166159008439493, 2.152282182045226, 7.292054140720141, 2.6197615442979756, 1.2053280277575134, 1.1192048667911987, 1.3302615149316106, 1.9283282805476274, 2.0, 1.0632450699915825]
APTIDAO: 
16.198631520815372
GEN: 9100
Individuo: 
[1.939200304393164, 2.038234571050221, 1.5109993436023188, 1.8572038027205635, 3.6700926746217055, 0.6246534836809897, 0.6621248122498072, 0.9999971885102263, 0.9867513953180003, 0.5342415299075687, 0.4581442550350243, 0.8634919806238793, 13.40185823760938, 4.89189424204434, 1.166159008439493, 2.152282182045226, 7.292054140720141, 2.6197615442979756, 1.2053280277575134, 1.1192048667911987, 1.3302615149316106, 1.9283282805476274, 2.0, 1.0632450699915825]
APTIDAO: 
16.198631520815372
GEN: 9200
Individuo: 
[1.939200304393164, 2.038234571050221, 1.5109993436023188, 1.8572038027205635, 3.6700926746217055, 0.6246534836809897, 0.6621248122498072, 0.9999971885102263, 0.9867513953180003, 0.5342415299075687, 0.4581442550350243, 0.8634919806238793, 13.40185823760938, 4.89189424204434, 1.166159008439493, 2.152282182045226, 7.292054140720141, 2.6197615442979756, 1.2053280277575134, 1.1192048667911987, 1.3302615149316106, 1.9283282805476274, 2.0, 1.0632450699915825]
APTIDAO: 
16.198631520815372
GEN: 9300
Individuo: 
[1.939200304393164, 2.038234571050221, 1.5109993436023188, 1.8572038027205635, 3.6700926746217055, 0.6246534836809897, 0.6621248122498072, 0.9999971885102263, 0.9867513953180003, 0.5342415299075687, 0.4581442550350243, 0.8634919806238793, 13.40185823760938, 4.89189424204434, 1.166159008439493, 2.152282182045226, 7.292054140720141, 2.6197615442979756, 1.2053280277575134, 1.1192048667911987, 1.3302615149316106, 1.9283282805476274, 2.0, 1.0632450699915825]
APTIDAO: 
16.198631520815372
GEN: 9400
Individuo: 
[1.9545421357770978, 2.01040012062881, 1.5917511479055229, 1.779742928619442, 3.5436712178084213, 0.6127513463966129, 0.6534796383839456, 1.0, 1.0, 0.5197939268918501, 0.4759533522770005, 0.9320204169653605, 13.187082782699738, 4.295146695812681, 1.6037856722054418, 2.3991627876631534, 6.344529399303326, 2.664809286052953, 1.4035279609547648, 1.1192199350352938, 1.3095228294251402, 1.935231939817364, 1.994935838104773, 1.089743053850102]
APTIDAO: 
16.161201222283793
GEN: 9500
Individuo: 
[1.9545421357770978, 2.01040012062881, 1.5917511479055229, 1.779742928619442, 3.5436712178084213, 0.6127513463966129, 0.6534796383839456, 1.0, 1.0, 0.5197939268918501, 0.4759533522770005, 0.9320204169653605, 13.187082782699738, 4.295146695812681, 1.6037856722054418, 2.3991627876631534, 6.344529399303326, 2.664809286052953, 1.4035279609547648, 1.1192199350352938, 1.3095228294251402, 1.935231939817364, 1.994935838104773, 1.089743053850102]
APTIDAO: 
16.161201222283793
GEN: 9600
Individuo: 
[1.9545421357770978, 2.01040012062881, 1.5917511479055229, 1.779742928619442, 3.5436712178084213, 0.6127513463966129, 0.6534796383839456, 1.0, 1.0, 0.5197939268918501, 0.4759533522770005, 0.9320204169653605, 13.187082782699738, 4.295146695812681, 1.6037856722054418, 2.3991627876631534, 6.344529399303326, 2.664809286052953, 1.4035279609547648, 1.1192199350352938, 1.3095228294251402, 1.935231939817364, 1.994935838104773, 1.089743053850102]
APTIDAO: 
16.161201222283793
GEN: 9700
Individuo: 
[1.9545421357770978, 2.01040012062881, 1.5917511479055229, 1.779742928619442, 3.5436712178084213, 0.6127513463966129, 0.6534796383839456, 1.0, 1.0, 0.5197939268918501, 0.4759533522770005, 0.9320204169653605, 13.187082782699738, 4.295146695812681, 1.6037856722054418, 2.3991627876631534, 6.344529399303326, 2.664809286052953, 1.4035279609547648, 1.1192199350352938, 1.3095228294251402, 1.935231939817364, 1.994935838104773, 1.089743053850102]
APTIDAO: 
16.161201222283793
GEN: 9800
Individuo: 
[1.9545421357770978, 2.01040012062881, 1.5917511479055229, 1.779742928619442, 3.5436712178084213, 0.6127513463966129, 0.6534796383839456, 1.0, 1.0, 0.5197939268918501, 0.4759533522770005, 0.9320204169653605, 13.187082782699738, 4.295146695812681, 1.6037856722054418, 2.3991627876631534, 6.344529399303326, 2.664809286052953, 1.4035279609547648, 1.1192199350352938, 1.3095228294251402, 1.935231939817364, 1.994935838104773, 1.089743053850102]
APTIDAO: 
16.161201222283793
GEN: 9900
Individuo: 
[1.9581369916126894, 2.003823867285734, 1.5102537029383098, 1.9324965528201539, 3.5341372205237533, 0.6127665930148396, 0.659932925531492, 1.0, 0.990003200890683, 0.5210126965173991, 0.47679389053583293, 0.9685438063003349, 13.419516030835492, 4.67454463946851, 1.5768509259737336, 2.3698537891572244, 6.452462679776789, 2.55307586356066, 1.0, 1.1198598900376948, 1.3205657301850546, 1.9160467751898804, 1.9963583278217993, 1.1074080543181006]
APTIDAO: 
16.14890881522076
GEN: 10000
Individuo: 
[1.9670540258155682, 2.014023183995859, 1.5660314117388425, 1.760697019087312, 3.5204365909246973, 0.6166539321712401, 0.6640222057341384, 1.0, 0.9993010973407954, 0.5264203229358811, 0.4708085079819982, 0.8538837572928047, 13.43317592159355, 4.656202734637866, 1.5795427949793033, 2.40628944428274, 6.225128962671954, 2.3948103235797062, 1.589471029017196, 1.1196175300225633, 1.3366837591514509, 1.9386344614150466, 1.9979586210051523, 1.0725572210344316]
APTIDAO: 
16.12814101500991

--- RESULTADO FINAL ---
Erro (norma-1): 16.12814101500991
Parâmetros: [1.9670540258155682, 2.014023183995859, 1.5660314117388425, 1.760697019087312, 3.5204365909246973, 0.6166539321712401, 0.6640222057341384, 1.0, 0.9993010973407954, 0.5264203229358811, 0.4708085079819982, 0.8538837572928047, 13.43317592159355, 4.656202734637866, 1.5795427949793033, 2.40628944428274, 6.225128962671954, 2.3948103235797062, 1.589471029017196, 1.1196175300225633, 1.3366837591514509, 1.9386344614150466, 1.9979586210051523, 1.0725572210344316]
Tempo total: 01h 35m 55s
