SEED: 1778719796
NP: 50  F: 0.8  CR: 0.9
BOUNDS: tau=[0.1, 5.0]  K=[0.1, 1.0]  N=[1.0, 25.0]  Vmax=[0.1, 2.0]
GEN: 0
Individuo: 
[1.2644438376090017, 2.7871523299652647, 0.1, 0.1, 3.3858380803721917, 0.4752580554305388, 0.5530822307586695, 0.1675563293775863, 1.0, 0.49987225869083163, 0.380963305680012, 0.5096350581837343, 23.543903571923586, 24.65501319674506, 13.782832710018308, 11.399087055407255, 21.979509128624898, 7.46549134547135, 10.012364664490441, 0.8375994072452457, 0.7797909770265403, 1.0737593863826809, 1.2675395499997102, 0.7538682774308032]
APTIDAO: 
78.29576694239101
GEN: 100
Individuo: 
[0.1, 3.5160141616623735, 1.9520546843779343, 0.1, 4.831606835735957, 0.642955516155984, 0.5209696921361742, 0.8041861040475198, 1.0, 0.2225894087377951, 0.2752799310440783, 0.8297150893807235, 4.7340910142683015, 6.428796201797766, 1.0, 5.48018127901959, 13.035256979861224, 1.0, 8.209891731592354, 1.0844495358532638, 1.1809294984215617, 2.0, 1.1730780248996777, 1.1405951454766816]
APTIDAO: 
60.31986173816978
GEN: 200
Individuo: 
[4.216, 0.7034367923755229, 0.6525342913181889, 1.6235774663409612, 3.8852854685887657, 0.448295084222406, 1.0, 1.0, 0.8724686402776896, 0.3552261718198729, 0.5152843971923078, 0.1, 22.525454562282928, 2.6084733798780304, 1.0, 5.313327801348173, 1.0, 1.0, 1.0, 1.7875793764080095, 2.0, 1.9679149119618111, 1.7634302632217222, 1.0015926216485735]
APTIDAO: 
47.08046779180782
GEN: 300
Individuo: 
[1.5964575700535701, 2.776306149172573, 1.8295844415443567, 3.0405035107461735, 1.5670084127152908, 0.6469605711607254, 1.0, 1.0, 0.8328900516873866, 0.6986977726635261, 0.1, 0.2639820173131755, 15.464737594646238, 3.662529617161888, 1.8952148660477284, 5.9353160909758245, 3.2896884060584255, 1.0, 1.3434980358955442, 1.0958232950283011, 2.0, 2.0, 1.1540016666531177, 1.0277652507216517]
APTIDAO: 
45.412752689885956
GEN: 400
Individuo: 
[2.2458648032183075, 2.383127808933384, 1.174550124125899, 3.982243104468616, 1.5698233697133064, 0.4225268198052736, 0.585107061428103, 1.0, 0.7682973199140094, 0.8621108372310384, 0.5745887435262597, 0.8629362639689038, 14.2897236872397, 5.97449563481507, 1.0, 1.0, 20.879690122020243, 2.5932309117360957, 1.6573817541890432, 1.3402282648635386, 1.173754224108154, 1.9679149119618111, 1.7252006441844112, 1.586117524489811]
APTIDAO: 
36.9714233674941
GEN: 500
Individuo: 
[1.9205389538026338, 1.9234083281983156, 0.20433103928671958, 3.9889970952315923, 2.3016428840938032, 0.6424118359978588, 0.8199036288882654, 1.0, 0.665375249414915, 0.7818332793164419, 0.48383916363082397, 0.1, 24.729327215357497, 3.809766882538543, 1.0, 8.141071267873038, 2.3431252241036242, 3.207075193306278, 2.713872584180017, 1.0880696587045566, 1.843232743257597, 2.0, 1.111727154840472, 0.8499748742094563]
APTIDAO: 
29.209026457798263
GEN: 600
Individuo: 
[1.9205389538026338, 1.9234083281983156, 0.20433103928671958, 3.9889970952315923, 2.3016428840938032, 0.6424118359978588, 0.8199036288882654, 1.0, 0.665375249414915, 0.7818332793164419, 0.48383916363082397, 0.1, 24.729327215357497, 3.809766882538543, 1.0, 8.141071267873038, 2.3431252241036242, 3.207075193306278, 2.713872584180017, 1.0880696587045566, 1.843232743257597, 2.0, 1.111727154840472, 0.8499748742094563]
APTIDAO: 
29.209026457798263
GEN: 700
Individuo: 
[2.1934253948786995, 1.4905972429030836, 0.2986469328239762, 4.54646779857772, 2.2498201933973894, 0.6827967684264178, 0.7652662205194983, 1.0, 0.8210404064957921, 0.8718577066114082, 0.34902673750348223, 0.1, 16.6021855946377, 4.690027166803729, 1.0, 3.8653250546039204, 1.7746943371719635, 2.688940178642723, 1.5377090579597845, 1.1669083634559598, 1.631029309182225, 1.9842141163834919, 1.6214425980713558, 0.8146816153653778]
APTIDAO: 
26.76413952685753
GEN: 800
Individuo: 
[2.1934253948786995, 1.4905972429030836, 0.2986469328239762, 4.54646779857772, 2.2498201933973894, 0.6827967684264178, 0.7652662205194983, 1.0, 0.8210404064957921, 0.8718577066114082, 0.34902673750348223, 0.1, 16.6021855946377, 4.690027166803729, 1.0, 3.8653250546039204, 1.7746943371719635, 2.688940178642723, 1.5377090579597845, 1.1669083634559598, 1.631029309182225, 1.9842141163834919, 1.6214425980713558, 0.8146816153653778]
APTIDAO: 
26.76413952685753
GEN: 900
Individuo: 
[2.1934253948786995, 1.4905972429030836, 0.2986469328239762, 4.54646779857772, 2.2498201933973894, 0.6827967684264178, 0.7652662205194983, 1.0, 0.8210404064957921, 0.8718577066114082, 0.34902673750348223, 0.1, 16.6021855946377, 4.690027166803729, 1.0, 3.8653250546039204, 1.7746943371719635, 2.688940178642723, 1.5377090579597845, 1.1669083634559598, 1.631029309182225, 1.9842141163834919, 1.6214425980713558, 0.8146816153653778]
APTIDAO: 
26.76413952685753
GEN: 1000
Individuo: 
[1.8244722354644685, 2.087781253327741, 0.1, 3.870117346286849, 3.3692995768673226, 0.6480323631573165, 0.7598200519069198, 1.0, 0.7318493063913919, 0.5267197343790244, 0.6653352587537666, 0.7014164797154168, 21.254553171258557, 3.8656696964077053, 1.0, 4.267133825532639, 14.005498935839727, 2.5749191148703323, 1.110183997736111, 1.1918246210108192, 1.507462321415979, 1.9907594946450016, 1.4815123183659198, 1.3454774663866307]
APTIDAO: 
26.648828189198753
GEN: 1100
Individuo: 
[1.9741446215071465, 2.6505829404136265, 0.1, 5.0, 1.8259668505661406, 0.6320230341683624, 0.56952731988147, 1.0, 0.6930958902554566, 0.3925734982727829, 0.6572122033899823, 0.209464312943071, 15.597676227663312, 6.7410060035645945, 1.0, 7.31820809741589, 2.412388289599379, 1.0, 2.2030976140489456, 1.1188248141403694, 1.1446395316956879, 2.0, 1.2640959158003076, 1.0286439494378272]
APTIDAO: 
26.450256894716937
GEN: 1200
Individuo: 
[1.9741446215071465, 2.6505829404136265, 0.1, 5.0, 1.8259668505661406, 0.6320230341683624, 0.56952731988147, 1.0, 0.6930958902554566, 0.3925734982727829, 0.6572122033899823, 0.209464312943071, 15.597676227663312, 6.7410060035645945, 1.0, 7.31820809741589, 2.412388289599379, 1.0, 2.2030976140489456, 1.1188248141403694, 1.1446395316956879, 2.0, 1.2640959158003076, 1.0286439494378272]
APTIDAO: 
26.450256894716937
GEN: 1300
Individuo: 
[1.9741446215071465, 2.6505829404136265, 0.1, 5.0, 1.8259668505661406, 0.6320230341683624, 0.56952731988147, 1.0, 0.6930958902554566, 0.3925734982727829, 0.6572122033899823, 0.209464312943071, 15.597676227663312, 6.7410060035645945, 1.0, 7.31820809741589, 2.412388289599379, 1.0, 2.2030976140489456, 1.1188248141403694, 1.1446395316956879, 2.0, 1.2640959158003076, 1.0286439494378272]
APTIDAO: 
26.450256894716937
GEN: 1400
Individuo: 
[1.790281249597284, 2.0654275069225276, 0.8309751466809842, 2.072746310634087, 2.907234221733394, 0.6086404339029174, 0.6606700204242621, 0.9930833907714002, 0.8598654272588999, 0.407161204305722, 0.6814335736082903, 0.574912021939058, 25.0, 3.8217404005997198, 1.1978605329282477, 2.513154535748689, 17.626775426874016, 2.7186096562590287, 1.700491772065158, 1.0878903694470003, 1.3782648783910987, 1.7032069619336236, 1.7916827856640423, 1.039942470477373]
APTIDAO: 
23.96130607249939
GEN: 1500
Individuo: 
[1.790281249597284, 2.0654275069225276, 0.8309751466809842, 2.072746310634087, 2.907234221733394, 0.6086404339029174, 0.6606700204242621, 0.9930833907714002, 0.8598654272588999, 0.407161204305722, 0.6814335736082903, 0.574912021939058, 25.0, 3.8217404005997198, 1.1978605329282477, 2.513154535748689, 17.626775426874016, 2.7186096562590287, 1.700491772065158, 1.0878903694470003, 1.3782648783910987, 1.7032069619336236, 1.7916827856640423, 1.039942470477373]
APTIDAO: 
23.96130607249939
GEN: 1600
Individuo: 
[2.167050866150155, 2.46475695040321, 0.1, 5.0, 1.737881310128251, 0.6073041171687487, 0.6044823839500896, 0.9996877743203604, 0.7543588166789832, 0.4356226402346509, 0.608836631442405, 0.10585504907687138, 13.273019243467596, 6.797206013883807, 1.0179746540477068, 7.544466416417548, 2.8415873973257417, 1.2412617297619148, 2.420856692228939, 1.180979489275628, 1.1418126376673767, 2.0, 1.4530721345648174, 0.9217646949598843]
APTIDAO: 
23.037140163243787
GEN: 1700
Individuo: 
[2.1779273453835666, 2.045569978586031, 0.1, 4.590106484979249, 3.193488529848719, 0.6171253627273526, 0.7147908893508932, 0.9996877743203604, 0.65682404373429, 0.5493309185620538, 0.5174749782642041, 0.6199333485667238, 18.665386696493115, 4.425216653081438, 1.0, 8.154256852629715, 5.12354483185395, 1.3055718293416125, 1.0, 1.2032350091411428, 1.5061477607162923, 2.0, 1.0689789842024577, 1.279381315567172]
APTIDAO: 
22.429641983154735
GEN: 1800
Individuo: 
[2.1779273453835666, 2.045569978586031, 0.1, 4.590106484979249, 3.193488529848719, 0.6171253627273526, 0.7147908893508932, 0.9996877743203604, 0.65682404373429, 0.6218512856539716, 0.5174749782642041, 0.6820417495146162, 18.665386696493115, 3.814360222418858, 1.0, 8.154256852629715, 5.12354483185395, 1.3448612492195666, 1.0, 1.2032350091411428, 1.5061477607162923, 2.0, 1.0689789842024577, 1.279381315567172]
APTIDAO: 
21.527512819063688
GEN: 1900
Individuo: 
[2.1779273453835666, 2.045569978586031, 0.1, 4.590106484979249, 3.193488529848719, 0.6171253627273526, 0.7147908893508932, 0.9996877743203604, 0.65682404373429, 0.6218512856539716, 0.5174749782642041, 0.6820417495146162, 18.665386696493115, 3.814360222418858, 1.0, 8.154256852629715, 5.12354483185395, 1.3448612492195666, 1.0, 1.2032350091411428, 1.5061477607162923, 2.0, 1.0689789842024577, 1.279381315567172]
APTIDAO: 
21.527512819063688
GEN: 2000
Individuo: 
[1.7265059519490342, 1.9605371058329761, 1.4014372286352494, 3.4241676281273756, 2.561374861553574, 0.6043959530195996, 0.7691036653718198, 0.9794946675355041, 0.6737045673626084, 0.5793916143746765, 0.5269407282123505, 0.6123990592274826, 20.412291051928065, 3.1208884048281704, 1.0, 11.275123935299966, 6.3107409988819265, 1.6601220536924852, 2.479502748613809, 1.0239837710937068, 1.7395422327992056, 2.0, 1.0575114135086283, 1.212255328648468]
APTIDAO: 
20.67902599226774
GEN: 2100
Individuo: 
[1.7265059519490342, 1.9605371058329761, 1.4014372286352494, 3.4241676281273756, 2.561374861553574, 0.6043959530195996, 0.7691036653718198, 0.9794946675355041, 0.6737045673626084, 0.5793916143746765, 0.5269407282123505, 0.6123990592274826, 20.412291051928065, 3.1208884048281704, 1.0, 11.275123935299966, 6.3107409988819265, 1.6601220536924852, 2.479502748613809, 1.0239837710937068, 1.7395422327992056, 2.0, 1.0575114135086283, 1.212255328648468]
APTIDAO: 
20.67902599226774
GEN: 2200
Individuo: 
[1.7265059519490342, 1.9605371058329761, 1.4014372286352494, 3.4241676281273756, 2.561374861553574, 0.6043959530195996, 0.7691036653718198, 0.9794946675355041, 0.6737045673626084, 0.5793916143746765, 0.5269407282123505, 0.6123990592274826, 20.412291051928065, 3.1208884048281704, 1.0, 11.275123935299966, 6.3107409988819265, 1.6601220536924852, 2.479502748613809, 1.0239837710937068, 1.7395422327992056, 2.0, 1.0575114135086283, 1.212255328648468]
APTIDAO: 
20.67902599226774
GEN: 2300
Individuo: 
[1.7265059519490342, 1.9605371058329761, 1.4014372286352494, 3.4241676281273756, 2.561374861553574, 0.6043959530195996, 0.7691036653718198, 0.9794946675355041, 0.6737045673626084, 0.5793916143746765, 0.5269407282123505, 0.6123990592274826, 20.412291051928065, 3.1208884048281704, 1.0, 11.275123935299966, 6.3107409988819265, 1.6601220536924852, 2.479502748613809, 1.0239837710937068, 1.7395422327992056, 2.0, 1.0575114135086283, 1.212255328648468]
APTIDAO: 
20.67902599226774
GEN: 2400
Individuo: 
[2.1973068652544394, 1.8471331333715213, 0.7673839029367884, 3.540508580229129, 3.0650307090949247, 0.6230361082576382, 0.7310765293032528, 0.9876137517744578, 0.6978502503575705, 0.6002070869022255, 0.4564790373925314, 0.4003834448922734, 16.86807461223995, 3.497578096012568, 1.0224683175596336, 7.550924763098143, 7.088492379143996, 1.6546540351334889, 1.507324282428299, 1.1468920114231125, 1.4538553159843226, 1.9760625307503055, 1.2043938128782958, 1.1172895774988447]
APTIDAO: 
20.025104540106007
GEN: 2500
Individuo: 
[2.174060702224539, 1.9198527351953074, 0.6169831189090169, 3.540508580229129, 3.0822839920758476, 0.6145493940046028, 0.7185890027724863, 0.988747234136958, 0.6978502503575705, 0.5942886835388616, 0.47938513855752796, 0.46277450960872424, 17.582225895773504, 3.8639449994698705, 1.0354470687233588, 7.581085165523062, 6.651905503423648, 1.7428503292948752, 1.4500035121126034, 1.1576015000383415, 1.553351599654232, 1.9749974478488583, 1.2043938128782958, 1.1172895774988447]
APTIDAO: 
19.31141348541009
GEN: 2600
Individuo: 
[1.9380312303246947, 2.068051088651459, 0.7219287706042846, 3.683658149854031, 3.256528157751347, 0.6113728317915809, 0.7299429670180012, 0.9939149350626671, 0.6466097552946731, 0.5431301006730586, 0.5118499953748098, 0.8570355356322131, 21.132831308474607, 3.233190048557274, 1.0, 10.224146195352589, 5.942393907391519, 1.3783271633568288, 1.0, 1.1107696078902165, 1.550304382237359, 2.0, 1.025766221267033, 1.273718188141885]
APTIDAO: 
18.719498454524285
GEN: 2700
Individuo: 
[1.9380312303246947, 2.068051088651459, 0.7219287706042846, 3.683658149854031, 3.256528157751347, 0.6113728317915809, 0.7299429670180012, 0.9939149350626671, 0.6466097552946731, 0.5431301006730586, 0.5118499953748098, 0.8570355356322131, 21.132831308474607, 3.233190048557274, 1.0, 10.224146195352589, 5.942393907391519, 1.3783271633568288, 1.0, 1.1107696078902165, 1.550304382237359, 2.0, 1.025766221267033, 1.273718188141885]
APTIDAO: 
18.719498454524285
GEN: 2800
Individuo: 
[2.050226608971357, 1.8967786522349062, 1.1332850735763353, 3.1160536837950414, 3.2750363249204315, 0.6319833472732214, 0.7188665650199854, 0.9856581587845884, 0.6779520161196657, 0.5849908783820051, 0.46034292144681166, 0.6423133360548887, 17.382020111939827, 3.957752115509905, 1.0759622570944902, 7.435533860907237, 7.3322781568410855, 1.47542421074872, 1.3349063904746297, 1.128082968280236, 1.547196672778957, 1.9660803896139103, 1.134147388845878, 1.2076661104219941]
APTIDAO: 
17.940189659280122
GEN: 2900
Individuo: 
[2.050226608971357, 1.8967786522349062, 1.1332850735763353, 3.1160536837950414, 3.2750363249204315, 0.6319833472732214, 0.7188665650199854, 0.9856581587845884, 0.6779520161196657, 0.5849908783820051, 0.46034292144681166, 0.6423133360548887, 17.382020111939827, 3.957752115509905, 1.0759622570944902, 7.435533860907237, 7.3322781568410855, 1.47542421074872, 1.3349063904746297, 1.128082968280236, 1.547196672778957, 1.9660803896139103, 1.134147388845878, 1.2076661104219941]
APTIDAO: 
17.940189659280122
GEN: 3000
Individuo: 
[2.05122334698259, 1.848242322990845, 1.276307018822225, 3.323178507656182, 2.914708350303373, 0.6174864740444385, 0.702755792216602, 0.9877707224498788, 0.6961525478133861, 0.5170255053098736, 0.4669189883837723, 0.5066479642873323, 16.656089064330843, 3.77832478647095, 1.1011441041778762, 7.386406412385542, 7.018041849435982, 1.764453599644103, 1.4181971452868318, 1.127625969802141, 1.4750943531721419, 1.9640112881922218, 1.2081329082227847, 1.0918547476327631]
APTIDAO: 
17.718818118745634
GEN: 3100
Individuo: 
[2.0262049300028235, 1.920477873641499, 1.2312548135013637, 3.5392714027803525, 2.773642611568298, 0.588604062594274, 0.7134713134577296, 0.9905056312641594, 0.6873392839738073, 0.5129192752641458, 0.45120510413465353, 0.5798149457329234, 15.40491482758367, 3.809228939688317, 1.0957206057179922, 8.683173777293929, 6.187354654655645, 1.2754246361077992, 1.4157532083181699, 1.1312907441466724, 1.544236267794668, 1.948273411247097, 1.1374019355277507, 1.097095316927751]
APTIDAO: 
17.435682966308622
GEN: 3200
Individuo: 
[1.899271254940055, 1.8854885279743234, 1.2350788136296615, 3.261526450665046, 3.2393723637932035, 0.6249012207853326, 0.7509264361384289, 0.982124489611712, 0.6693748798935577, 0.5825773798309108, 0.5320329330784228, 0.671591310406994, 13.808718186569765, 3.4793659597976996, 1.1332594273539804, 7.581886659417003, 7.306651296019688, 1.3724507300339912, 1.549442559515512, 1.1077434711720597, 1.5725760524165968, 1.8855798969072581, 1.1687317628499856, 1.3227824359461993]
APTIDAO: 
17.063422257081193
GEN: 3300
Individuo: 
[1.8400754001644422, 1.9032593942279077, 1.5780949394243595, 2.4737788568466144, 3.438425451174696, 0.6462399025790427, 0.7371080362269697, 0.984783975135624, 0.6345128067434201, 0.551199150642281, 0.5016475337025813, 0.7077565322640125, 15.438505398166615, 3.7194787934550466, 1.1160456445746054, 5.451786387639302, 5.891121187082712, 1.2058061266306002, 1.7389862639741362, 1.1052831895598556, 1.5275311256839494, 1.8632546817545632, 1.1550523543049256, 1.301187991219326]
APTIDAO: 
17.03172397578267
GEN: 3400
Individuo: 
[1.925361995264729, 1.9645776872933478, 1.2353588394306714, 3.1208366423379017, 2.7752048311083652, 0.6078549796220319, 0.6983462390469483, 0.9946160627524661, 0.6706858825248391, 0.53695765168753, 0.5710817393280819, 0.6966477520273293, 16.606747136591665, 3.297122534029013, 1.1005261700054612, 6.94726941001825, 4.6778055508344, 1.6125614477510881, 1.3412511283357378, 1.120757801876765, 1.47606025866742, 1.9123510298457358, 1.1837284941261812, 1.3087448162174053]
APTIDAO: 
16.982831366965137
GEN: 3500
Individuo: 
[1.9048276502871833, 1.9791174703368686, 0.956952448019234, 3.32609415245096, 2.9927029213527163, 0.6140315611880529, 0.7502500233387605, 0.995133427640281, 0.6666230957627123, 0.5392921619787379, 0.5736619338258613, 0.5535940402284879, 12.901868537186605, 3.112182605135732, 1.1651473793992901, 7.452472246938266, 5.875960116399524, 1.1150054870558543, 1.7241596721466774, 1.116119692907747, 1.5882992188815075, 1.9567227014713315, 1.1148245948135818, 1.223835322516511]
APTIDAO: 
16.93456278999759
GEN: 3600
Individuo: 
[1.866994780272016, 1.89238144606488, 1.27271942814479, 2.8683260596810616, 3.2492537205925074, 0.6412210380256292, 0.7537975998161198, 0.9939980173056101, 0.6750521823612795, 0.5711434040417576, 0.5229230744494932, 0.6149557335583671, 11.829116694989516, 3.4160638542762523, 1.1151589237669746, 5.2695199053366455, 5.565101955898558, 1.1521110211477519, 1.7282930806641095, 1.1077702753959389, 1.5744390693060002, 1.8819250504874754, 1.2553705812848306, 1.2865020881335387]
APTIDAO: 
16.598739081199906
GEN: 3700
Individuo: 
[1.866994780272016, 1.89238144606488, 1.27271942814479, 2.8683260596810616, 3.2492537205925074, 0.6412210380256292, 0.7537975998161198, 0.9939980173056101, 0.6750521823612795, 0.5711434040417576, 0.5229230744494932, 0.6149557335583671, 11.829116694989516, 3.4160638542762523, 1.1151589237669746, 5.2695199053366455, 5.565101955898558, 1.1521110211477519, 1.7282930806641095, 1.1077702753959389, 1.5744390693060002, 1.8819250504874754, 1.2553705812848306, 1.2865020881335387]
APTIDAO: 
16.598739081199906
GEN: 3800
Individuo: 
[1.866994780272016, 1.89238144606488, 1.27271942814479, 2.8683260596810616, 3.2492537205925074, 0.6412210380256292, 0.7537975998161198, 0.9939980173056101, 0.6750521823612795, 0.5711434040417576, 0.5229230744494932, 0.6149557335583671, 11.829116694989516, 3.4160638542762523, 1.1151589237669746, 5.2695199053366455, 5.565101955898558, 1.1521110211477519, 1.7282930806641095, 1.1077702753959389, 1.5744390693060002, 1.8819250504874754, 1.2553705812848306, 1.2865020881335387]
APTIDAO: 
16.598739081199906
GEN: 3900
Individuo: 
[1.9575495587263105, 1.9137611954281055, 1.2604711587543767, 2.830995596607868, 3.0343263600168906, 0.6187844239373695, 0.7325417607884738, 0.9918882239556276, 0.7038462334347572, 0.6234150902191438, 0.5242959783937966, 0.637583831329492, 12.534334284437557, 3.129788985163409, 1.1634474871687608, 4.835106748364787, 4.637296298556818, 1.0, 1.4598650040145822, 1.1337251668989725, 1.5490423456421791, 1.8651826566174723, 1.3495111768856858, 1.3464863638954216]
APTIDAO: 
16.352303554230712
GEN: 4000
Individuo: 
[1.9575495587263105, 1.9137611954281055, 1.2604711587543767, 2.830995596607868, 3.0343263600168906, 0.6187844239373695, 0.7325417607884738, 0.9918882239556276, 0.7038462334347572, 0.6234150902191438, 0.5242959783937966, 0.637583831329492, 12.534334284437557, 3.129788985163409, 1.1634474871687608, 4.835106748364787, 4.637296298556818, 1.0, 1.4598650040145822, 1.1337251668989725, 1.5490423456421791, 1.8651826566174723, 1.3495111768856858, 1.3464863638954216]
APTIDAO: 
16.352303554230712
GEN: 4100
Individuo: 
[1.9877456850916404, 1.9191689092274336, 1.1523548267363277, 3.086882271143806, 3.1009185066717597, 0.621420027614801, 0.7453153159989178, 0.9974807625223964, 0.6623526150276073, 0.5609037221611819, 0.5808489075843408, 0.6782614862410501, 13.952836072168813, 3.7194639529716653, 1.0151063656507118, 5.22523217050423, 5.95381144029858, 1.0, 1.4813362600655304, 1.1320880612293167, 1.5910854203655462, 1.9156935290784323, 1.1984180394793802, 1.3224197895747871]
APTIDAO: 
16.320493656478575
GEN: 4200
Individuo: 
[1.9744166404994277, 1.9290076403913163, 1.3307015008718504, 2.7307835133035616, 2.8860703518188964, 0.6317234065544436, 0.6978154840925855, 1.0, 0.6975480033108806, 0.5802494020243549, 0.5660125997336749, 0.5582363557569745, 15.291951296677551, 3.5862367720400012, 1.1323585496964121, 4.701970769186588, 4.584563921457448, 1.037956765454712, 1.3446884820852016, 1.1192190565373694, 1.480028490835481, 1.8502376175229673, 1.366995544246648, 1.2984870873288774]
APTIDAO: 
16.30794210906462
GEN: 4300
Individuo: 
[1.9744166404994277, 1.9290076403913163, 1.3307015008718504, 2.7307835133035616, 2.8860703518188964, 0.6317234065544436, 0.6978154840925855, 1.0, 0.6975480033108806, 0.5802494020243549, 0.5660125997336749, 0.5582363557569745, 15.291951296677551, 3.5862367720400012, 1.1323585496964121, 4.701970769186588, 4.584563921457448, 1.037956765454712, 1.3446884820852016, 1.1192190565373694, 1.480028490835481, 1.8502376175229673, 1.366995544246648, 1.2984870873288774]
APTIDAO: 
16.30794210906462
GEN: 4400
Individuo: 
[1.9744166404994277, 1.9290076403913163, 1.3307015008718504, 2.7307835133035616, 2.8860703518188964, 0.6317234065544436, 0.6978154840925855, 1.0, 0.6975480033108806, 0.5802494020243549, 0.5660125997336749, 0.5582363557569745, 15.291951296677551, 3.5862367720400012, 1.1323585496964121, 4.701970769186588, 4.584563921457448, 1.037956765454712, 1.3446884820852016, 1.1192190565373694, 1.480028490835481, 1.8502376175229673, 1.366995544246648, 1.2984870873288774]
APTIDAO: 
16.30794210906462
GEN: 4500
Individuo: 
[1.9916115378137775, 1.8530058386121362, 1.3499883167440068, 2.704595958638074, 3.0378113518519556, 0.6280492202303133, 0.7048676737034477, 1.0, 0.7030701322797994, 0.5988135792878612, 0.5529067913599979, 0.6630996906318102, 13.822838870822073, 3.1780369289211565, 1.4062325603108725, 4.683031932158031, 4.4838790071411605, 1.2412850397710693, 1.514644523718442, 1.1308625093300553, 1.4854158985106842, 1.846944477373524, 1.3889798377862217, 1.3573879168482725]
APTIDAO: 
16.06367899798002
GEN: 4600
Individuo: 
[1.9916115378137775, 1.8530058386121362, 1.3499883167440068, 2.704595958638074, 3.0378113518519556, 0.6280492202303133, 0.7048676737034477, 1.0, 0.7030701322797994, 0.5988135792878612, 0.5529067913599979, 0.6630996906318102, 13.822838870822073, 3.1780369289211565, 1.4062325603108725, 4.683031932158031, 4.4838790071411605, 1.2412850397710693, 1.514644523718442, 1.1308625093300553, 1.4854158985106842, 1.846944477373524, 1.3889798377862217, 1.3573879168482725]
APTIDAO: 
16.06367899798002
GEN: 4700
Individuo: 
[1.9025877078667675, 1.9149806311342488, 1.3234051576531185, 2.745439098808055, 2.9809935575427673, 0.6314492332795776, 0.7054153991801422, 0.999014132188813, 0.7156804082539827, 0.5710226556567646, 0.6058455411518883, 0.5745457758474418, 13.721837784871996, 3.6828789247876297, 1.7126912258556843, 4.894614400387823, 4.67885731902205, 1.0786452202002952, 1.5005182168323794, 1.1194531547946869, 1.488794115608497, 1.8791479692201554, 1.4073388395623199, 1.3321765038220168]
APTIDAO: 
16.038611914337242
GEN: 4800
Individuo: 
[1.92275088171759, 1.8753623044131424, 1.3259174637545121, 2.6349488783035704, 3.2037332760536463, 0.6411367517606881, 0.7352633888217155, 0.9924516780960168, 0.6972544017003746, 0.5810315476568024, 0.5215837713863841, 0.662501551268081, 13.1105795543328, 3.5685802099364334, 1.0, 4.392881705823678, 4.441002502526868, 1.6607157518007614, 1.1486790778476128, 1.1185708820961764, 1.556527931839743, 1.8698016365876722, 1.3615738565828919, 1.3159322169936587]
APTIDAO: 
15.947035282264496
GEN: 4900
Individuo: 
[1.914129006953505, 1.8845796436377575, 1.3196524659530358, 2.6930115540879, 3.208977722976889, 0.6351587900077714, 0.7298935302388716, 0.988019153648965, 0.708904251259103, 0.5596103582018516, 0.5393182135492188, 0.7300790208267378, 13.843313044301516, 3.532093834720562, 1.6837984242562212, 4.782133976850348, 4.630102934918509, 1.4786275836257974, 1.4180980054906418, 1.116308138748577, 1.5385328712692294, 1.8897086290635547, 1.37175049296052, 1.337005750264412]
APTIDAO: 
15.921022095599168
GEN: 5000
Individuo: 
[1.9148975936001709, 1.901764246397797, 1.3419248396662715, 2.6633283596177333, 3.115919485496806, 0.6370340310943, 0.739756608316167, 0.9970598617260025, 0.7055857287310203, 0.5803803976519554, 0.5293299905433926, 0.632437393614246, 12.770878840906391, 3.70737397548131, 1.1018528625067818, 4.81370758197908, 4.427517311124335, 1.4748131695336548, 1.0621605639464375, 1.1182505256197859, 1.569645523058392, 1.8843405518752625, 1.37842173565311, 1.30534309211771]
APTIDAO: 
15.884820375997657
GEN: 5100
Individuo: 
[1.8880945458552392, 1.9237800400800085, 1.2767433151074483, 2.719946662220777, 3.1727209002518464, 0.6379485555653168, 0.7482910158596962, 1.0, 0.7133523819983607, 0.5710801528918279, 0.5407059936634216, 0.7310114441971732, 12.993089866944448, 3.31909347511193, 1.7251469522099583, 4.509802789772083, 4.560386982270882, 1.5044423895719983, 1.4002770696608864, 1.112894953574665, 1.5914832444510822, 1.89142198854941, 1.401957602002848, 1.3529227117028708]
APTIDAO: 
15.857431046098748
GEN: 5200
Individuo: 
[1.892980596155613, 1.9512089094131206, 1.279142246081254, 2.7004330428401087, 3.177426650639925, 0.6340315855014887, 0.7635977756785159, 1.0, 0.7176194139773844, 0.5744643274437276, 0.5151335870054102, 0.7831182956743677, 12.07138249052308, 3.5924255014345654, 1.5015724908045602, 4.365949647671126, 4.9718835670178745, 1.0, 1.0, 1.112671548490321, 1.630257883292501, 1.9115778238782852, 1.3970108964267067, 1.3496070565491423]
APTIDAO: 
15.845592438249485
GEN: 5300
Individuo: 
[1.9019215297062024, 1.9176555985547048, 1.1680597827543775, 3.0225512941636863, 3.1432522417476925, 0.6259773470560633, 0.7436681979914425, 0.9977273930399709, 0.7177975383997628, 0.5798469732558629, 0.6004492848127184, 0.8162951758474224, 12.532386581537107, 3.7387743461550307, 1.2572175898646716, 4.559223064813804, 4.472910540567714, 1.0, 1.285519107576873, 1.115157507569318, 1.5784507136436352, 1.9013870581198702, 1.4035454353623218, 1.454266919509865]
APTIDAO: 
15.836549691410115
GEN: 5400
Individuo: 
[1.9019215297062024, 1.9176555985547048, 1.1680597827543775, 3.0225512941636863, 3.1432522417476925, 0.6259773470560633, 0.7436681979914425, 0.9977273930399709, 0.7177975383997628, 0.5798469732558629, 0.6004492848127184, 0.8162951758474224, 12.532386581537107, 3.7387743461550307, 1.2572175898646716, 4.559223064813804, 4.472910540567714, 1.0, 1.285519107576873, 1.115157507569318, 1.5784507136436352, 1.9013870581198702, 1.4035454353623218, 1.454266919509865]
APTIDAO: 
15.836549691410115
GEN: 5500
Individuo: 
[1.9034838766908677, 1.9207256415092078, 1.1927311751701433, 2.9817341476912986, 3.1268256362129403, 0.6261663494703098, 0.7447863633116714, 0.9977971924205271, 0.7186465984283831, 0.5796615072887569, 0.5930273892707588, 0.8021581349794058, 12.492860778891155, 3.649767584102999, 1.269161390670658, 4.57183434889132, 4.263363901696009, 1.1228358881612706, 1.3554913387930447, 1.1153406515664255, 1.5818160744283039, 1.9024815750621875, 1.4064538535553348, 1.4397831140023656]
APTIDAO: 
15.826699162626875
GEN: 5600
Individuo: 
[1.9034838766908677, 1.9207256415092078, 1.1927311751701433, 2.9817341476912986, 3.1268256362129403, 0.6261663494703098, 0.7447863633116714, 0.9977971924205271, 0.7186465984283831, 0.5796615072887569, 0.5930273892707588, 0.8021581349794058, 12.492860778891155, 3.649767584102999, 1.269161390670658, 4.57183434889132, 4.263363901696009, 1.1228358881612706, 1.3554913387930447, 1.1153406515664255, 1.5818160744283039, 1.9024815750621875, 1.4064538535553348, 1.4397831140023656]
APTIDAO: 
15.826699162626875
GEN: 5700
Individuo: 
[1.9258067861909554, 1.9267798175113104, 1.259815706328348, 2.927617678715803, 3.0090354547747586, 0.6154563576790066, 0.7484969199792377, 0.9979682546513281, 0.7364907881704983, 0.5687640937504934, 0.6039950091787055, 0.8045057377532016, 12.657280464981897, 3.830047778349193, 1.6296844374428852, 4.82421678605426, 4.465822928862191, 1.0, 1.4611501124277613, 1.11727950860687, 1.5961173041729022, 1.9090737046452733, 1.452724357327824, 1.427321734513646]
APTIDAO: 
15.808348017877119
GEN: 5800
Individuo: 
[1.9246901584109743, 1.930342797169598, 1.2826194621299256, 2.8868197811942182, 2.925917301938624, 0.61272716553041, 0.7520492211717055, 0.9997650842663566, 0.7388277879259104, 0.5646544775263865, 0.6265890550506372, 0.740118404469794, 12.68868978078636, 3.2299242320910753, 1.327725510165106, 4.855342569460578, 4.651696478548422, 1.229437634524687, 1.1264887532962558, 1.1159093833813503, 1.6037703191706218, 1.9035515287282434, 1.4718306257965403, 1.4109904032729834]
APTIDAO: 
15.805317316875705
GEN: 5900
Individuo: 
[1.9154369334830164, 1.9316278794549944, 1.2613486329151802, 2.903434886534548, 2.9699061394809725, 0.6160095979037916, 0.7538190842590134, 0.9999190218249276, 0.7349309128590538, 0.5657733256888439, 0.6176091115625325, 0.7527798002187358, 12.818127919897654, 3.2038210018714475, 1.3391815867087504, 4.836392924084069, 4.670950584345649, 1.2602564686830557, 1.025798326936978, 1.1146559810693675, 1.607629036772897, 1.9022590220276094, 1.4615023290331222, 1.4120190355970907]
APTIDAO: 
15.803451430313942
GEN: 6000
Individuo: 
[1.93066794489589, 1.9398376872250807, 1.2329033995334115, 2.8776705459694787, 3.0582983609864467, 0.6165708063463671, 0.757306071163393, 0.9998550300572695, 0.7258920915095277, 0.5738017579409969, 0.5881393127800176, 0.8317453575627564, 12.778128796775164, 3.7205980891791293, 1.066950546261566, 4.638305750762817, 4.748193703657568, 1.1315408734668064, 1.6904864233498031, 1.1179566716237082, 1.6179997613499995, 1.9032542195682935, 1.4361098383905868, 1.4275895406210437]
APTIDAO: 
15.791725165865222
GEN: 6100
Individuo: 
[1.935208233226112, 1.9482614875050364, 1.2233292529965492, 2.9515064468841072, 3.0225434615922566, 0.6081084691177491, 0.7530847400143764, 0.9989701267251158, 0.7342753409115144, 0.5749830165472207, 0.6327077742849448, 0.9224656291401154, 12.524819350592178, 3.6145630745284043, 1.1391881044989005, 4.4188070396954995, 4.39756123303138, 1.0104245750690504, 1.5832769460407063, 1.1169788929424977, 1.608629983604867, 1.9030742604533624, 1.4564752176374594, 1.508554567406198]
APTIDAO: 
15.787675366224127
GEN: 6200
Individuo: 
[1.9390527053993845, 1.9589517108700627, 1.2003966699673343, 2.884255301915739, 3.0769487032480343, 0.6101928256139699, 0.7605597942667476, 1.0, 0.7281721353965841, 0.5789061455865698, 0.6134674861917941, 0.9454286077447495, 12.57581980054698, 3.072028442633543, 1.4131743462352668, 4.193811892135541, 4.4380123806398375, 1.5442028874552018, 1.0447796466300452, 1.117870937560263, 1.631671909409615, 1.9071397744610654, 1.438649028090404, 1.4996170238835658]
APTIDAO: 
15.779241968424378
GEN: 6300
Individuo: 
[1.9383584330873231, 1.9611367452700574, 1.2185668423721596, 2.922123333873531, 2.999454544958753, 0.6059945102611776, 0.7598631352642494, 1.0, 0.7346615345622934, 0.5701467931976831, 0.65112104319854, 0.9394122094729084, 12.399566770509594, 3.793485522988748, 1.195654938683561, 4.404363936727617, 4.4375865402191454, 1.5975649770376, 1.3139373769408478, 1.11658094557719, 1.628654385379642, 1.9047510833798311, 1.4655325386599976, 1.5187147092473567]
APTIDAO: 
15.77605196782812
GEN: 6400
Individuo: 
[1.928656774095358, 1.954622119079501, 1.2062184461296064, 2.944099943874001, 3.045349978579227, 0.6099389475465838, 0.7623473325532965, 1.0, 0.735350729238442, 0.5748576374529032, 0.6388130704872119, 0.9541974833898479, 12.32375111059669, 3.555268308291001, 1.332616050714954, 4.67153696599248, 4.641432996651739, 1.1608225751209011, 1.124689068666574, 1.1146949084499782, 1.6325883451247043, 1.909703577718122, 1.461160937950027, 1.526057753898027]
APTIDAO: 
15.774692684422963
GEN: 6500
Individuo: 
[1.9350062378372619, 1.9591995687630892, 1.2328752805836112, 2.954526258830271, 2.969454596705126, 0.6051981847200855, 0.7648198771797693, 0.9986721159531738, 0.7401582251588298, 0.5688618634151568, 0.655338818760211, 0.9409459905998261, 12.19638232004554, 3.672997958810068, 1.5374695671964982, 4.4502729789447, 4.9415044311728575, 1.4068060161497709, 1.856226332011605, 1.115241945214174, 1.6405469919643536, 1.9061801367142759, 1.4753155670478606, 1.526772667666387]
APTIDAO: 
15.770689440703206
GEN: 6600
Individuo: 
[1.945116058634315, 1.960249541657982, 1.1998966683416719, 2.921162095365974, 3.0106959941079703, 0.6058138900796359, 0.7610117750150039, 1.0, 0.7330807080330681, 0.5725783458753609, 0.6601328066442419, 0.958306372539573, 12.366814633183862, 3.6444033130894877, 1.3983732901266415, 4.602775633909061, 4.424663304102668, 1.9832180473433287, 1.235132536440622, 1.1169478369166566, 1.6326313924344642, 1.9059990375300777, 1.458547805065074, 1.5400211616498845]
APTIDAO: 
15.769295305132312
GEN: 6700
Individuo: 
[1.945116058634315, 1.960249541657982, 1.1998966683416719, 2.921162095365974, 3.0106959941079703, 0.6058138900796359, 0.7610117750150039, 1.0, 0.7330807080330681, 0.5725783458753609, 0.6601328066442419, 0.958306372539573, 12.366814633183862, 3.6444033130894877, 1.3983732901266415, 4.602775633909061, 4.424663304102668, 1.9832180473433287, 1.235132536440622, 1.1169478369166566, 1.6326313924344642, 1.9059990375300777, 1.458547805065074, 1.5400211616498845]
APTIDAO: 
15.769295305132312
GEN: 6800
Individuo: 
[1.936233091762922, 1.9573372739614172, 1.2154017217895892, 2.9834899014852745, 2.9722576597574, 0.6043957389087815, 0.7650510085698592, 0.9991891749645304, 0.7388456688256239, 0.5678302778759214, 0.6727777359926966, 0.9557851429517268, 12.573530544564182, 3.572409655026874, 1.5431251881525478, 4.116640353448039, 4.499810339307936, 1.8053906082500906, 1.0222510887640652, 1.1151191045124744, 1.641756691271515, 1.9066553934906458, 1.4731602811620166, 1.5484728912513215]
APTIDAO: 
15.766557775468842
GEN: 6900
Individuo: 
[1.93962847932408, 1.9649710110645742, 1.2239384333702457, 2.989440566535489, 2.9290000965831657, 0.6006096308408461, 0.7677452874066845, 0.9995466588885276, 0.7446195183218771, 0.5606553298560498, 0.6932588840145929, 0.9817583531485273, 12.181201623549649, 3.7535497184360413, 1.5339934352027533, 4.277400522396011, 4.948642038140054, 1.7830529933490349, 1.0871421746526226, 1.114594768695913, 1.6495429234821701, 1.9087461612130079, 1.487445407344841, 1.5672127188438898]
APTIDAO: 
15.766170454614088
GEN: 7000
Individuo: 
[1.9381684386748523, 1.9615167362491843, 1.2166240389282361, 2.9762976225807645, 2.974549112520245, 0.6029429471820528, 0.7656290859506378, 0.9986683802436476, 0.7411405168515475, 0.5660308301807903, 0.6684971951875334, 0.9750281061890715, 12.631332081500306, 3.502388088481506, 1.086905443240384, 4.324104930322547, 4.432478585974883, 1.8024630972631506, 1.4162311385712671, 1.115114676956503, 1.6444112768260881, 1.9069095189643932, 1.4780920065685994, 1.5472246038327342]
APTIDAO: 
15.765466925375796
GEN: 7100
Individuo: 
[1.9381684386748523, 1.9615167362491843, 1.2166240389282361, 2.9762976225807645, 2.974549112520245, 0.6029429471820528, 0.7656290859506378, 0.9986683802436476, 0.7411405168515475, 0.5660308301807903, 0.6684971951875334, 0.9750281061890715, 12.631332081500306, 3.502388088481506, 1.086905443240384, 4.324104930322547, 4.432478585974883, 1.8024630972631506, 1.4162311385712671, 1.115114676956503, 1.6444112768260881, 1.9069095189643932, 1.4780920065685994, 1.5472246038327342]
APTIDAO: 
15.765466925375796
GEN: 7200
Individuo: 
[1.9330705871039422, 1.9658822426194147, 1.2297320993833838, 2.977629805459669, 2.94829613202589, 0.6023136040815276, 0.7677174381189555, 0.999391852246472, 0.7436545553947426, 0.5609606506358109, 0.6735818413155897, 0.9692931874809109, 12.167068802817955, 3.7744289544471097, 1.1392058451346472, 4.363339037185613, 4.79763435478851, 1.6816498576102854, 1.4434709146316087, 1.11422268013298, 1.649415732509097, 1.9085424979680814, 1.4851346403495096, 1.5428257277670618]
APTIDAO: 
15.765435242144726
GEN: 7300
Individuo: 
[1.9381589541501973, 1.9656764085771272, 1.2077759264979964, 2.9829285100854346, 2.9721001235315523, 0.6032010199989646, 0.7662461008269357, 0.999341887485546, 0.7378334419109165, 0.5658325669378905, 0.6794655400219297, 0.9824604715133978, 12.312105474202106, 3.7935111087836653, 1.6335777661584823, 4.082742801362378, 4.668260528352214, 1.7986201351741329, 1.513334573187993, 1.1153576129646203, 1.6468018346368045, 1.906984947273927, 1.469112516068135, 1.5619332056790014]
APTIDAO: 
15.762674522855065
GEN: 7400
Individuo: 
[1.9394142282727198, 1.9664199045421271, 1.2156833101716864, 2.970873874114169, 2.967503794780708, 0.6030457850989575, 0.7665238293075859, 1.0, 0.7375199720817947, 0.5674932516963315, 0.6744671729112752, 0.9755944177634656, 12.56017908972803, 3.696086943819129, 1.4535445946436265, 4.260128012567877, 4.574503496830293, 1.7548077111055715, 1.4133156492134333, 1.1156866540742953, 1.6473057124432153, 1.906810141835171, 1.4671126878538228, 1.556866013203691]
APTIDAO: 
15.761308298355296
GEN: 7500
Individuo: 
[1.9410213323374093, 1.9687995435448291, 1.205962566844426, 2.96995696872558, 2.9710671772558825, 0.6028276448292313, 0.7660509340166219, 0.9999775034833513, 0.7360100621999973, 0.5671828361564992, 0.6790467744569058, 0.9808402456470654, 12.830580693899096, 3.6655900037668756, 1.4233364740988266, 4.772510914061109, 4.410889338804576, 1.6621110489333728, 1.3486428216920396, 1.1160419074843608, 1.6469273592636047, 1.9069482319441078, 1.4633699932103907, 1.5618259921169657]
APTIDAO: 
15.760931425922108
GEN: 7600
Individuo: 
[1.944141562794726, 1.9671142942560944, 1.2027243020419398, 2.971059204183892, 2.9806064109872494, 0.6025939033668515, 0.7655221057138133, 1.0, 0.7333924687615483, 0.5680724073430911, 0.677695865107098, 0.9852248109982786, 12.278414621800804, 3.2727789246447125, 1.8477679331860852, 4.764002197969707, 4.48667426624309, 1.4818868986123577, 1.1470349714909915, 1.1166864405662151, 1.646033901418373, 1.9064075845678496, 1.456224467684259, 1.5630531426893908]
APTIDAO: 
15.759827145372043
GEN: 7700
Individuo: 
[1.941617363115052, 1.9692688407247654, 1.2002259706082743, 2.978526631536658, 2.9781303097438445, 0.602578360283029, 0.7650678696623567, 0.9998939964135516, 0.7339280442961231, 0.5684840532293814, 0.6858337002299979, 0.99229302971913, 12.15337809591869, 3.7994566721943492, 1.7871227559963534, 4.082900305192457, 4.28883914689512, 1.0696918124910217, 1.753992933120861, 1.1161850408686058, 1.644326842261912, 1.9057285154406376, 1.4588269779375704, 1.5756130178165648]
APTIDAO: 
15.759120772597214
GEN: 7800
Individuo: 
[1.944504262688592, 1.9694722787829169, 1.2086310030410308, 2.963385262605313, 2.973852762639675, 0.6023390796918379, 0.7651124465206399, 0.9999377785943369, 0.7354921504093713, 0.5650543298964761, 0.6809229352788805, 0.9972309872144189, 12.435254339111001, 3.7026823826856186, 1.3380949284526502, 4.415032871952371, 4.3548344880319005, 1.1480144555468965, 1.2099974586874511, 1.116706304722693, 1.6449858199531024, 1.907078162633774, 1.4606010157895926, 1.5672696082820718]
APTIDAO: 
15.758788285318463
GEN: 7900
Individuo: 
[1.9485434081966175, 1.96636784889776, 1.2011720452499965, 2.9568597366523, 2.9893233827810253, 0.602607484025008, 0.7613347522290148, 1.0, 0.7302189399240233, 0.5702435402016108, 0.6845930717242413, 0.993380123909054, 12.97926204375618, 3.4573253953038328, 1.7942729588632342, 4.35408476526722, 4.6367930377724385, 1.5605196058198945, 1.7052000113864685, 1.1179305099145058, 1.6350941975795312, 1.904664343933943, 1.4482886988401245, 1.575753968857667]
APTIDAO: 
15.758370268633595
GEN: 8000
Individuo: 
[1.9479967119932846, 1.9763434119370016, 1.2232116141171927, 2.938817280978807, 2.95407838921422, 0.6012491384807951, 0.767625551735035, 0.9999284605343578, 0.733169973571184, 0.5635028974491789, 0.6745109017502117, 0.9854253015002252, 12.233591904818363, 3.824034524006853, 1.174927274815406, 4.506850354499852, 4.21304414202305, 1.1216177850917404, 1.4514504880305998, 1.1172803487128335, 1.653541119561862, 1.9057935213755166, 1.454387850842401, 1.5515754914484674]
APTIDAO: 
15.757877898807756
GEN: 8100
Individuo: 
[1.948795303687268, 1.9727138310620862, 1.218754735148482, 2.926972976339352, 2.9710187942939243, 0.6017218011474884, 0.7650228138767937, 0.9997716268769403, 0.7307410226440205, 0.5672962651146877, 0.6807040595728046, 0.9893849208807126, 12.839494427935328, 3.5166084041035206, 1.2126927879718254, 4.254641159459877, 4.611559512745511, 1.0, 1.5622181571920124, 1.1174777531532003, 1.6459668566564918, 1.9037625542955756, 1.4484140563321355, 1.5658440505019182]
APTIDAO: 
15.756299260341839
GEN: 8200
Individuo: 
[1.948795303687268, 1.9727138310620862, 1.218754735148482, 2.926972976339352, 2.9710187942939243, 0.6017218011474884, 0.7650228138767937, 0.9997716268769403, 0.7307410226440205, 0.5672962651146877, 0.6807040595728046, 0.9893849208807126, 12.839494427935328, 3.5166084041035206, 1.2126927879718254, 4.254641159459877, 4.611559512745511, 1.0, 1.5622181571920124, 1.1174777531532003, 1.6459668566564918, 1.9037625542955756, 1.4484140563321355, 1.5658440505019182]
APTIDAO: 
15.756299260341839
GEN: 8300
Individuo: 
[1.9469159761635297, 1.9641955634424562, 1.2165157235368091, 2.9105042895371627, 3.0048760950681417, 0.6033545250038229, 0.7610801546214644, 0.999102869834768, 0.7273202056958881, 0.5722293120696896, 0.6870149596105916, 0.9948564400278678, 12.574762855285936, 3.576146884167999, 1.2126425491679445, 4.160460269436348, 4.043860044231336, 1.0, 1.7111310341961758, 1.1172750820460824, 1.633147554602541, 1.9033451249882298, 1.4380529092104883, 1.5828036258275953]
APTIDAO: 
15.753936665511361
GEN: 8400
Individuo: 
[1.9461826602558727, 1.9593807089050739, 1.2367576772664628, 2.8948728313887395, 3.000514806346759, 0.6030682583884949, 0.7618193253837149, 0.998946749941061, 0.7241162146224833, 0.5714226700363397, 0.6980761685896751, 0.9947878432220904, 12.75751433849801, 3.154923425899328, 1.6788918480566126, 4.017570184337996, 4.739195433906031, 1.643734407593582, 1.6886469460755087, 1.1165241777606794, 1.635445718553504, 1.9014172529423394, 1.430071043676103, 1.5934764336333662]
APTIDAO: 
15.752558307113578
GEN: 8500
Individuo: 
[1.9415307286843086, 1.9534301158979395, 1.2510577135803418, 2.903967164496194, 2.9792528316368267, 0.6021654231492553, 0.760515964824992, 0.9994049390605458, 0.7234201718063871, 0.5693733938040755, 0.7283599899948885, 0.9930735914409626, 12.546577616767308, 3.8843380388862894, 1.4744414056241684, 4.771893739178553, 4.65907716926097, 1.6375018505456904, 1.0, 1.1157558888009307, 1.6300653099295122, 1.9001863268836947, 1.4293979800370888, 1.620431106137133]
APTIDAO: 
15.749879155234943
GEN: 8600
Individuo: 
[1.9485972929381243, 1.9545499057469407, 1.2522307179868328, 2.887573778125539, 2.9718265992031028, 0.600991682240077, 0.7584163204326265, 1.0, 0.7239994492168402, 0.569094546230087, 0.7252535318862605, 0.9896752149244485, 12.635812637853082, 3.3828271334763893, 1.3223749333144, 4.663204825955353, 4.751443343681699, 1.7403988893882563, 1.0, 1.116989677045985, 1.6262323536286858, 1.9005726159728764, 1.430935807252798, 1.6141781690917323]
APTIDAO: 
15.749532276024054
GEN: 8700
Individuo: 
[1.9447176478843937, 1.9541072827928336, 1.2343935296597015, 2.8747765420617997, 3.0100139375402, 0.6035836820454482, 0.7584989421726093, 0.999830410701576, 0.7176303189426901, 0.5736372741432939, 0.7282740378886546, 0.9913203419706172, 12.424506138121327, 3.8607928742673163, 1.1624507973033615, 4.425000586911531, 4.332467543036695, 1.331849873966857, 1.6923260652032712, 1.1160715589465977, 1.6256332976704897, 1.9027543385328385, 1.4082614062368803, 1.6271270730445162]
APTIDAO: 
15.74725361574265
GEN: 8800
Individuo: 
[1.937925527238541, 1.9537768556338486, 1.2394369796475706, 2.87770307759065, 3.020228667990283, 0.6046078389656112, 0.7611706222014544, 0.9997112809809268, 0.7163225090038031, 0.5729187221093848, 0.7285183098839049, 0.9966813866730146, 12.338044067296515, 3.386859269554083, 1.0246563996731577, 4.5932049158601895, 4.408806596135487, 1.2630911603416686, 1.7468939430754031, 1.1148638898623107, 1.6308933879887773, 1.9037693916159482, 1.4044406679665449, 1.629859693372265]
APTIDAO: 
15.745552226958894
GEN: 8900
Individuo: 
[1.9327089631424443, 1.953662088636916, 1.2905281591764506, 2.786012277112504, 3.0030804076301174, 0.6045127875265935, 0.7623170147172752, 0.9996389172861281, 0.7056411491143816, 0.5654455381613209, 0.7708610304219061, 0.9913699031378046, 12.583134824367338, 3.4936576918091062, 1.7718960804247956, 4.31752303636718, 4.386440313988622, 1.0, 1.730339345736284, 1.1140697850338288, 1.6314207969956656, 1.8974794039339469, 1.378271166571351, 1.658938504844741]
APTIDAO: 
15.740314200507852
GEN: 9000
Individuo: 
[1.9327089631424443, 1.953662088636916, 1.2905281591764506, 2.786012277112504, 3.0030804076301174, 0.6045127875265935, 0.7623170147172752, 0.9996389172861281, 0.7056411491143816, 0.5654455381613209, 0.7708610304219061, 0.9913699031378046, 12.583134824367338, 3.4936576918091062, 1.7718960804247956, 4.31752303636718, 4.386440313988622, 1.0, 1.730339345736284, 1.1140697850338288, 1.6314207969956656, 1.8974794039339469, 1.378271166571351, 1.658938504844741]
APTIDAO: 
15.740314200507852
GEN: 9100
Individuo: 
[1.9362050916984388, 1.967243455753363, 1.2633016692253607, 2.7902325205731393, 3.0026779603458085, 0.6032839334174088, 0.7651566949101853, 1.0, 0.7076472282265067, 0.5734996735809538, 0.7637948760389569, 0.9875814191226482, 12.354642628501201, 3.9060259940397355, 1.4815137567602483, 4.70346516313914, 4.718534386023796, 1.0, 1.1139838272998985, 1.1146955469733602, 1.6422812250726488, 1.9043213679436692, 1.3741694257200379, 1.6627849556827394]
APTIDAO: 
15.73962182162515
GEN: 9200
Individuo: 
[1.925138895922946, 1.9639603789792643, 1.2829698081580256, 2.810521471930741, 2.9848905273602084, 0.6040106882548341, 0.7683996568073909, 1.0, 0.7025445163355593, 0.5623342492527404, 0.7988365312073992, 0.9918073986249694, 12.879187135404017, 3.918158900696058, 1.951677267734742, 4.34864614081862, 4.261291482218047, 1.0, 1.6774527017031216, 1.1123405133929976, 1.6488699555232118, 1.9031026957362085, 1.365086481282813, 1.6838074885188081]
APTIDAO: 
15.737687707832736
GEN: 9300
Individuo: 
[1.9234648573801374, 1.955173702731696, 1.2905538895578437, 2.8060543290107556, 2.9854552266628236, 0.6042597000952061, 0.7664490933626402, 1.0, 0.7041701449074544, 0.5661865398879965, 0.8050055609791374, 0.9799214505777515, 12.564253652003213, 3.8352355608530333, 1.7321227448324275, 4.18301072511319, 4.715496119254417, 1.1086789343284003, 1.1141821715038382, 1.1116836637633254, 1.6411272628711049, 1.9019885858563415, 1.3695000817189809, 1.6943309140196365]
APTIDAO: 
15.736034097422621
GEN: 9400
Individuo: 
[1.9234648573801374, 1.955173702731696, 1.2905538895578437, 2.8060543290107556, 2.9854552266628236, 0.6042597000952061, 0.7664490933626402, 1.0, 0.7041701449074544, 0.5661865398879965, 0.8050055609791374, 0.9799214505777515, 12.564253652003213, 3.8352355608530333, 1.7321227448324275, 4.18301072511319, 4.715496119254417, 1.1086789343284003, 1.1141821715038382, 1.1116836637633254, 1.6411272628711049, 1.9019885858563415, 1.3695000817189809, 1.6943309140196365]
APTIDAO: 
15.736034097422621
GEN: 9500
Individuo: 
[1.9306935302263348, 1.9582403029245607, 1.2926491576747514, 2.7778681831795073, 2.9918820692456367, 0.6036582527716967, 0.7615453940704515, 0.9994849019512694, 0.7059345701958077, 0.5634400526404821, 0.7784709182091121, 0.9898803555630068, 12.832272526185813, 3.696154063362311, 1.0, 4.681789393521687, 4.467034194680802, 1.1640914068399344, 1.5958775164955432, 1.1135860336746488, 1.6316198232914574, 1.8944942395596427, 1.3800408826069883, 1.6614344697426644]
APTIDAO: 
15.735332501202466
GEN: 9600
Individuo: 
[1.919362817306213, 1.967073263453708, 1.265871951344534, 2.8428275466388855, 2.9966320005245874, 0.6049420595426616, 0.7703390273219598, 1.0, 0.7028447119480862, 0.5652894956912926, 0.791324496156571, 0.9971969991440941, 12.858880227507306, 3.431525097019692, 1.919582150828516, 4.587317758584771, 4.624732776961483, 1.0, 1.7339281370873347, 1.1114713067436124, 1.653789667269229, 1.902438716581615, 1.3635305512178306, 1.686255819016248]
APTIDAO: 
15.732562976644882
GEN: 9700
Individuo: 
[1.9228555407878147, 1.9641290293468225, 1.2650238300083252, 2.826471935283697, 2.9791170800083138, 0.6041168470459434, 0.7704785487632727, 0.9999860831347428, 0.7071048115593523, 0.5611937128295368, 0.8025353493164191, 0.9825501104308576, 12.306707875198125, 3.8071981737692613, 1.3925137469875124, 4.586171910946779, 4.570189235915294, 1.3534533954400745, 1.784228420842697, 1.111507567060572, 1.653994266230019, 1.905575540860753, 1.3773393482405305, 1.682977845987429]
APTIDAO: 
15.73167124260481
GEN: 9800
Individuo: 
[1.9293314044351326, 1.9573597345532545, 1.2769185555038174, 2.797558586734411, 2.995385061092545, 0.6041064635628102, 0.7675302333173125, 0.9999170945547613, 0.7077657462576127, 0.5660587144342827, 0.7855590388638373, 0.9883241805517604, 12.188488074949731, 3.8877408361102312, 1.8924852458503674, 4.027926383522214, 4.209814444228343, 1.3505484183744247, 1.8288906507304208, 1.1128754469710649, 1.6457771904102967, 1.903196944698422, 1.3810577245798306, 1.6744224548789641]
APTIDAO: 
15.731203316029372
GEN: 9900
Individuo: 
[1.9220403237346777, 1.9598849510033622, 1.2670953735258663, 2.832535808361994, 2.982841232224814, 0.6042084854894356, 0.7682423615777555, 0.9991937600381455, 0.7121100516881481, 0.5620336458397827, 0.7956038055823316, 0.9943056826548105, 12.53705695943906, 3.351482025041099, 1.526133299986686, 4.327604040351327, 4.112658844762948, 1.5267330095384284, 1.372464201110408, 1.1113897423935863, 1.6474324204730961, 1.9026645076426525, 1.3942862569860786, 1.6811459203862542]
APTIDAO: 
15.72959894614211
GEN: 10000
Individuo: 
[1.9220403237346777, 1.9598849510033622, 1.2670953735258663, 2.832535808361994, 2.982841232224814, 0.6042084854894356, 0.7682423615777555, 0.9991937600381455, 0.7121100516881481, 0.5620336458397827, 0.7956038055823316, 0.9943056826548105, 12.53705695943906, 3.351482025041099, 1.526133299986686, 4.327604040351327, 4.112658844762948, 1.5267330095384284, 1.372464201110408, 1.1113897423935863, 1.6474324204730961, 1.9026645076426525, 1.3942862569860786, 1.6811459203862542]
APTIDAO: 
15.72959894614211

--- RESULTADO FINAL ---
Erro (norma-1): 15.72959894614211
Parâmetros: [1.9220403237346777, 1.9598849510033622, 1.2670953735258663, 2.832535808361994, 2.982841232224814, 0.6042084854894356, 0.7682423615777555, 0.9991937600381455, 0.7121100516881481, 0.5620336458397827, 0.7956038055823316, 0.9943056826548105, 12.53705695943906, 3.351482025041099, 1.526133299986686, 4.327604040351327, 4.112658844762948, 1.5267330095384284, 1.372464201110408, 1.1113897423935863, 1.6474324204730961, 1.9026645076426525, 1.3942862569860786, 1.6811459203862542]
Tempo total: 01h 30m 07s
