SEED: 1778749666
NP: 50  F: 0.8  CR: 0.9
BOUNDS: tau=[0.1, 5.0]  K=[0.1, 1.0]  N=[1.0, 25.0]  Vmax=[0.1, 2.0]
GEN: 0
Individuo: 
[1.290979313884539, 1.9078650300265716, 2.119566833146915, 1.620226467907081, 1.389713747235869, 0.25543882108871147, 0.7830386114806557, 0.7130578086987556, 0.9205149311417438, 0.746927051869997, 0.6277505501653711, 0.47177566083943046, 14.535846049505617, 14.684322005787543, 13.340969452834305, 12.73963038894308, 11.62975908405246, 20.785375768718357, 11.911209200120286, 1.0868014092667038, 0.9855762466304351, 1.2374483710056792, 1.0152571908741654, 0.896731147775712]
APTIDAO: 
93.46634539569435
GEN: 100
Individuo: 
[2.961670653676204, 0.1, 5.0, 0.48688756306477254, 3.3291776797448605, 0.33959149869026367, 1.0, 0.9561014844971893, 1.0, 0.7140093218225335, 0.606304499326174, 0.7280639709928275, 6.60346434210344, 2.325680256582376, 3.795120101826356, 1.0, 4.157297162878228, 21.408966318683404, 2.6948430708572886, 1.5080201883628208, 2.0, 1.8683845098241592, 2.0, 1.4431372513111127]
APTIDAO: 
54.23739784868979
GEN: 200
Individuo: 
[3.23709653777703, 0.6164235533868987, 3.790770071230228, 0.1, 3.730963122163219, 0.6215428821204585, 0.9159054270776583, 0.642840403585845, 0.9061930739677831, 1.0, 0.1, 0.4608796572269228, 25.0, 3.860934481319896, 1.0, 5.264183145939119, 5.450593440739274, 20.200000000000003, 1.0, 1.4153637531737993, 1.9308064754643008, 1.5031198182497758, 1.953724077401126, 1.1257753131779897]
APTIDAO: 
42.56759550488525
GEN: 300
Individuo: 
[3.23709653777703, 0.6164235533868987, 3.790770071230228, 0.1, 3.730963122163219, 0.6215428821204585, 0.9159054270776583, 0.642840403585845, 0.9061930739677831, 1.0, 0.1, 0.4608796572269228, 25.0, 3.860934481319896, 1.0, 5.264183145939119, 5.450593440739274, 20.200000000000003, 1.0, 1.4153637531737993, 1.9308064754643008, 1.5031198182497758, 1.953724077401126, 1.1257753131779897]
APTIDAO: 
42.56759550488525
GEN: 400
Individuo: 
[3.23709653777703, 0.6164235533868987, 3.790770071230228, 0.1, 3.730963122163219, 0.6215428821204585, 0.9159054270776583, 0.642840403585845, 0.9061930739677831, 1.0, 0.1, 0.4608796572269228, 25.0, 3.860934481319896, 1.0, 5.264183145939119, 5.450593440739274, 20.200000000000003, 1.0, 1.4153637531737993, 1.9308064754643008, 1.5031198182497758, 1.953724077401126, 1.1257753131779897]
APTIDAO: 
42.56759550488525
GEN: 500
Individuo: 
[2.101039711085566, 0.31425356416991423, 4.726299869564726, 0.6911115088987692, 3.444441524625384, 0.37614092674111127, 0.8802875133601912, 0.6640127946305586, 0.9231354714122842, 0.32734696221923976, 0.7969963689390963, 0.49445380800147676, 12.91100738588666, 2.162212985424982, 6.917802303568241, 1.0, 14.172008753892504, 18.698340521340675, 1.0, 1.184585001966632, 2.0, 1.314525517534691, 1.786183708813331, 0.8212466562015794]
APTIDAO: 
40.48091294448041
GEN: 600
Individuo: 
[2.101039711085566, 0.31425356416991423, 4.726299869564726, 0.6911115088987692, 3.444441524625384, 0.37614092674111127, 0.8802875133601912, 0.6640127946305586, 0.9231354714122842, 0.32734696221923976, 0.7969963689390963, 0.49445380800147676, 12.91100738588666, 2.162212985424982, 6.917802303568241, 1.0, 14.172008753892504, 18.698340521340675, 1.0, 1.184585001966632, 2.0, 1.314525517534691, 1.786183708813331, 0.8212466562015794]
APTIDAO: 
40.48091294448041
GEN: 700
Individuo: 
[2.101039711085566, 0.31425356416991423, 4.726299869564726, 0.6911115088987692, 3.444441524625384, 0.37614092674111127, 0.8802875133601912, 0.6640127946305586, 0.9231354714122842, 0.32734696221923976, 0.7969963689390963, 0.49445380800147676, 12.91100738588666, 2.162212985424982, 6.917802303568241, 1.0, 14.172008753892504, 18.698340521340675, 1.0, 1.184585001966632, 2.0, 1.314525517534691, 1.786183708813331, 0.8212466562015794]
APTIDAO: 
40.48091294448041
GEN: 800
Individuo: 
[2.413044583722792, 1.3866436528311294, 2.6353889019519556, 1.014066121136254, 2.3697100733721363, 0.5609665466845251, 0.8682442151216017, 0.46440822518370395, 0.8870849436611975, 0.4239645888127789, 0.4600721726375083, 0.1630237398069654, 21.98592707694948, 2.3545968317655843, 6.3759101608323, 3.8407989343944413, 17.99243761643104, 4.935971480425852, 9.117821906956095, 1.1630330226273633, 1.9304557213795699, 0.9563217352778012, 1.863157573640532, 0.7313372226522015]
APTIDAO: 
37.69488245270037
GEN: 900
Individuo: 
[2.413044583722792, 1.3866436528311294, 2.6353889019519556, 1.014066121136254, 2.3697100733721363, 0.5609665466845251, 0.8682442151216017, 0.46440822518370395, 0.8870849436611975, 0.4239645888127789, 0.4600721726375083, 0.1630237398069654, 21.98592707694948, 2.3545968317655843, 6.3759101608323, 3.8407989343944413, 17.99243761643104, 4.935971480425852, 9.117821906956095, 1.1630330226273633, 1.9304557213795699, 0.9563217352778012, 1.863157573640532, 0.7313372226522015]
APTIDAO: 
37.69488245270037
GEN: 1000
Individuo: 
[2.413044583722792, 1.3866436528311294, 2.6353889019519556, 1.014066121136254, 2.3697100733721363, 0.5609665466845251, 0.8682442151216017, 0.46440822518370395, 0.8870849436611975, 0.4239645888127789, 0.4600721726375083, 0.1630237398069654, 21.98592707694948, 2.3545968317655843, 6.3759101608323, 3.8407989343944413, 17.99243761643104, 4.935971480425852, 9.117821906956095, 1.1630330226273633, 1.9304557213795699, 0.9563217352778012, 1.863157573640532, 0.7313372226522015]
APTIDAO: 
37.69488245270037
GEN: 1100
Individuo: 
[2.3486387073611343, 1.2170604086713022, 2.1389911929389056, 2.197910267877718, 1.663313970967979, 0.5197863486071492, 0.8859847582948682, 0.5644920960820261, 0.7729575506157331, 0.1, 0.6218287597678656, 0.1630237398069654, 21.98592707694948, 2.776809875519578, 6.262233560353142, 2.0356075200764865, 22.41422227019472, 12.08282601938331, 6.5858880074925805, 1.1183126208001897, 2.0, 1.0708572851703368, 1.7768542119522006, 0.4463934866656795]
APTIDAO: 
33.28794945850759
GEN: 1200
Individuo: 
[2.3486387073611343, 1.2170604086713022, 2.1389911929389056, 2.197910267877718, 1.663313970967979, 0.5197863486071492, 0.8859847582948682, 0.5644920960820261, 0.7729575506157331, 0.1, 0.6218287597678656, 0.1630237398069654, 21.98592707694948, 2.776809875519578, 6.262233560353142, 2.0356075200764865, 22.41422227019472, 12.08282601938331, 6.5858880074925805, 1.1183126208001897, 2.0, 1.0708572851703368, 1.7768542119522006, 0.4463934866656795]
APTIDAO: 
33.28794945850759
GEN: 1300
Individuo: 
[2.6677795192130107, 0.7588053859625213, 4.146129899714082, 0.1, 2.78916830299018, 0.560570171498471, 0.9032230645941697, 0.6359951738446865, 1.0, 0.9826909181032996, 0.35581387490361943, 0.6113711370301086, 22.588741661559585, 2.761905231743817, 2.2577992236253017, 3.6254028960532088, 1.0, 7.926732705188639, 1.0, 1.233675228822033, 1.8096910990019304, 1.5642305666746, 1.8905260589124255, 1.1690877888534756]
APTIDAO: 
31.241050102173407
GEN: 1400
Individuo: 
[2.6677795192130107, 0.7588053859625213, 4.146129899714082, 0.1, 2.78916830299018, 0.560570171498471, 0.9032230645941697, 0.6359951738446865, 1.0, 0.9826909181032996, 0.35581387490361943, 0.6113711370301086, 22.588741661559585, 2.761905231743817, 2.2577992236253017, 3.6254028960532088, 1.0, 7.926732705188639, 1.0, 1.233675228822033, 1.8096910990019304, 1.5642305666746, 1.8905260589124255, 1.1690877888534756]
APTIDAO: 
31.241050102173407
GEN: 1500
Individuo: 
[2.6677795192130107, 0.7588053859625213, 4.146129899714082, 0.1, 2.78916830299018, 0.560570171498471, 0.9032230645941697, 0.6359951738446865, 1.0, 0.9826909181032996, 0.35581387490361943, 0.6113711370301086, 22.588741661559585, 2.761905231743817, 2.2577992236253017, 3.6254028960532088, 1.0, 7.926732705188639, 1.0, 1.233675228822033, 1.8096910990019304, 1.5642305666746, 1.8905260589124255, 1.1690877888534756]
APTIDAO: 
31.241050102173407
GEN: 1600
Individuo: 
[2.6677795192130107, 0.7588053859625213, 4.146129899714082, 0.1, 2.78916830299018, 0.560570171498471, 0.9032230645941697, 0.6359951738446865, 1.0, 0.9826909181032996, 0.35581387490361943, 0.6113711370301086, 22.588741661559585, 2.761905231743817, 2.2577992236253017, 3.6254028960532088, 1.0, 7.926732705188639, 1.0, 1.233675228822033, 1.8096910990019304, 1.5642305666746, 1.8905260589124255, 1.1690877888534756]
APTIDAO: 
31.241050102173407
GEN: 1700
Individuo: 
[2.1841159140456146, 2.0535392180504304, 2.6353889019519556, 0.2980302738159267, 1.9963885800666064, 0.5630182744446783, 0.9111407005580098, 0.4605281494996074, 0.8915808649048474, 0.4293136365676167, 0.5713260089404691, 0.3669883492329364, 22.98804406429077, 2.939797576865848, 5.973433791584704, 2.255229531370154, 19.434396419048493, 1.0, 7.276752898594573, 1.1290931668527346, 2.0, 0.983541197819228, 1.7841046795332947, 0.8263285026805688]
APTIDAO: 
26.6333245172235
GEN: 1800
Individuo: 
[2.1841159140456146, 2.0535392180504304, 2.6353889019519556, 0.2980302738159267, 1.9963885800666064, 0.5630182744446783, 0.9111407005580098, 0.4605281494996074, 0.8915808649048474, 0.4293136365676167, 0.5713260089404691, 0.3669883492329364, 22.98804406429077, 2.939797576865848, 5.973433791584704, 2.255229531370154, 19.434396419048493, 1.0, 7.276752898594573, 1.1290931668527346, 2.0, 0.983541197819228, 1.7841046795332947, 0.8263285026805688]
APTIDAO: 
26.6333245172235
GEN: 1900
Individuo: 
[2.1841159140456146, 2.0535392180504304, 2.6353889019519556, 0.2980302738159267, 1.9963885800666064, 0.5630182744446783, 0.9111407005580098, 0.4605281494996074, 0.8915808649048474, 0.4293136365676167, 0.5713260089404691, 0.3669883492329364, 22.98804406429077, 2.939797576865848, 5.973433791584704, 2.255229531370154, 19.434396419048493, 1.0, 7.276752898594573, 1.1290931668527346, 2.0, 0.983541197819228, 1.7841046795332947, 0.8263285026805688]
APTIDAO: 
26.6333245172235
GEN: 2000
Individuo: 
[1.8376240649349866, 1.4354254300290759, 3.1771585672948452, 1.1444553161388251, 3.166078865971275, 0.6827163199275761, 1.0, 0.610836667262501, 0.8101005816245804, 0.36668264095978975, 0.22747822551442642, 0.13316172729125633, 24.063145363781945, 2.990753083014142, 1.8429762283024909, 5.445807897845264, 25.0, 3.7220325501966176, 1.8366664795278216, 1.1532616552012769, 1.9392805598957996, 1.512685315201862, 1.9186408071988368, 0.598418977288107]
APTIDAO: 
25.987146563746517
GEN: 2100
Individuo: 
[1.8376240649349866, 1.4354254300290759, 3.1771585672948452, 1.1444553161388251, 3.166078865971275, 0.6827163199275761, 1.0, 0.610836667262501, 0.8101005816245804, 0.36668264095978975, 0.22747822551442642, 0.13316172729125633, 24.063145363781945, 2.990753083014142, 1.8429762283024909, 5.445807897845264, 25.0, 3.7220325501966176, 1.8366664795278216, 1.1532616552012769, 1.9392805598957996, 1.512685315201862, 1.9186408071988368, 0.598418977288107]
APTIDAO: 
25.987146563746517
GEN: 2200
Individuo: 
[1.8376240649349866, 1.4354254300290759, 3.1771585672948452, 1.1444553161388251, 3.166078865971275, 0.6827163199275761, 1.0, 0.610836667262501, 0.8101005816245804, 0.36668264095978975, 0.22747822551442642, 0.13316172729125633, 24.063145363781945, 2.990753083014142, 1.8429762283024909, 5.445807897845264, 25.0, 3.7220325501966176, 1.8366664795278216, 1.1532616552012769, 1.9392805598957996, 1.512685315201862, 1.9186408071988368, 0.598418977288107]
APTIDAO: 
25.987146563746517
GEN: 2300
Individuo: 
[1.8376240649349866, 1.4354254300290759, 3.1771585672948452, 1.1444553161388251, 3.166078865971275, 0.6827163199275761, 1.0, 0.610836667262501, 0.8101005816245804, 0.36668264095978975, 0.22747822551442642, 0.13316172729125633, 24.063145363781945, 2.990753083014142, 1.8429762283024909, 5.445807897845264, 25.0, 3.7220325501966176, 1.8366664795278216, 1.1532616552012769, 1.9392805598957996, 1.512685315201862, 1.9186408071988368, 0.598418977288107]
APTIDAO: 
25.987146563746517
GEN: 2400
Individuo: 
[1.8376240649349866, 1.4354254300290759, 3.1771585672948452, 1.1444553161388251, 3.166078865971275, 0.6827163199275761, 1.0, 0.610836667262501, 0.8101005816245804, 0.36668264095978975, 0.22747822551442642, 0.13316172729125633, 24.063145363781945, 2.990753083014142, 1.8429762283024909, 5.445807897845264, 25.0, 3.7220325501966176, 1.8366664795278216, 1.1532616552012769, 1.9392805598957996, 1.512685315201862, 1.9186408071988368, 0.598418977288107]
APTIDAO: 
25.987146563746517
GEN: 2500
Individuo: 
[1.8376240649349866, 1.4354254300290759, 3.1771585672948452, 1.1444553161388251, 3.166078865971275, 0.6827163199275761, 1.0, 0.610836667262501, 0.8101005816245804, 0.36668264095978975, 0.22747822551442642, 0.13316172729125633, 24.063145363781945, 2.990753083014142, 1.8429762283024909, 5.445807897845264, 25.0, 3.7220325501966176, 1.8366664795278216, 1.1532616552012769, 1.9392805598957996, 1.512685315201862, 1.9186408071988368, 0.598418977288107]
APTIDAO: 
25.987146563746517
GEN: 2600
Individuo: 
[1.8376240649349866, 1.4354254300290759, 3.1771585672948452, 1.1444553161388251, 3.166078865971275, 0.6827163199275761, 1.0, 0.610836667262501, 0.8101005816245804, 0.36668264095978975, 0.22747822551442642, 0.13316172729125633, 24.063145363781945, 2.990753083014142, 1.8429762283024909, 5.445807897845264, 25.0, 3.7220325501966176, 1.8366664795278216, 1.1532616552012769, 1.9392805598957996, 1.512685315201862, 1.9186408071988368, 0.598418977288107]
APTIDAO: 
25.987146563746517
GEN: 2700
Individuo: 
[2.0092544181111194, 1.5026838955651423, 1.0926626123873207, 2.281294138804968, 4.354840220700219, 0.658824409817049, 0.993276838682563, 0.6485443157659385, 0.774590185603342, 0.4917271572333962, 0.33969353928528023, 0.1, 25.0, 2.469932349786908, 1.433868966458315, 4.980085911298393, 25.0, 24.245422923943927, 8.331040851587327, 1.0853393295178368, 2.0, 1.3950938383796405, 1.8220646352787069, 0.5624462670583636]
APTIDAO: 
25.759724141931752
GEN: 2800
Individuo: 
[2.0092544181111194, 1.5026838955651423, 1.0926626123873207, 2.281294138804968, 4.354840220700219, 0.658824409817049, 0.993276838682563, 0.6485443157659385, 0.774590185603342, 0.4917271572333962, 0.33969353928528023, 0.1, 25.0, 2.469932349786908, 1.433868966458315, 4.980085911298393, 25.0, 24.245422923943927, 8.331040851587327, 1.0853393295178368, 2.0, 1.3950938383796405, 1.8220646352787069, 0.5624462670583636]
APTIDAO: 
25.759724141931752
GEN: 2900
Individuo: 
[2.0092544181111194, 1.5026838955651423, 1.0926626123873207, 2.281294138804968, 4.354840220700219, 0.658824409817049, 0.993276838682563, 0.6485443157659385, 0.774590185603342, 0.4917271572333962, 0.33969353928528023, 0.1, 25.0, 2.469932349786908, 1.433868966458315, 4.980085911298393, 25.0, 24.245422923943927, 8.331040851587327, 1.0853393295178368, 2.0, 1.3950938383796405, 1.8220646352787069, 0.5624462670583636]
APTIDAO: 
25.759724141931752
GEN: 3000
Individuo: 
[2.0092544181111194, 1.5026838955651423, 1.0926626123873207, 2.281294138804968, 4.354840220700219, 0.658824409817049, 0.993276838682563, 0.6485443157659385, 0.774590185603342, 0.4917271572333962, 0.33969353928528023, 0.1, 25.0, 2.469932349786908, 1.433868966458315, 4.980085911298393, 25.0, 24.245422923943927, 8.331040851587327, 1.0853393295178368, 2.0, 1.3950938383796405, 1.8220646352787069, 0.5624462670583636]
APTIDAO: 
25.759724141931752
GEN: 3100
Individuo: 
[2.0092544181111194, 1.5026838955651423, 1.0926626123873207, 2.281294138804968, 4.354840220700219, 0.658824409817049, 0.993276838682563, 0.6485443157659385, 0.774590185603342, 0.4917271572333962, 0.33969353928528023, 0.1, 25.0, 2.469932349786908, 1.433868966458315, 4.980085911298393, 25.0, 24.245422923943927, 8.331040851587327, 1.0853393295178368, 2.0, 1.3950938383796405, 1.8220646352787069, 0.5624462670583636]
APTIDAO: 
25.759724141931752
GEN: 3200
Individuo: 
[2.0092544181111194, 1.5026838955651423, 1.0926626123873207, 2.281294138804968, 4.354840220700219, 0.658824409817049, 0.993276838682563, 0.6485443157659385, 0.774590185603342, 0.4917271572333962, 0.33969353928528023, 0.1, 25.0, 2.469932349786908, 1.433868966458315, 4.980085911298393, 25.0, 24.245422923943927, 8.331040851587327, 1.0853393295178368, 2.0, 1.3950938383796405, 1.8220646352787069, 0.5624462670583636]
APTIDAO: 
25.759724141931752
GEN: 3300
Individuo: 
[2.0092544181111194, 1.5026838955651423, 1.0926626123873207, 2.281294138804968, 4.354840220700219, 0.658824409817049, 0.993276838682563, 0.6485443157659385, 0.774590185603342, 0.4917271572333962, 0.33969353928528023, 0.1, 25.0, 2.469932349786908, 1.433868966458315, 4.980085911298393, 25.0, 24.245422923943927, 8.331040851587327, 1.0853393295178368, 2.0, 1.3950938383796405, 1.8220646352787069, 0.5624462670583636]
APTIDAO: 
25.759724141931752
GEN: 3400
Individuo: 
[2.0092544181111194, 1.5026838955651423, 1.0926626123873207, 2.281294138804968, 4.354840220700219, 0.658824409817049, 0.993276838682563, 0.6485443157659385, 0.774590185603342, 0.4917271572333962, 0.33969353928528023, 0.1, 25.0, 2.469932349786908, 1.433868966458315, 4.980085911298393, 25.0, 24.245422923943927, 8.331040851587327, 1.0853393295178368, 2.0, 1.3950938383796405, 1.8220646352787069, 0.5624462670583636]
APTIDAO: 
25.759724141931752
GEN: 3500
Individuo: 
[2.0092544181111194, 1.5026838955651423, 1.0926626123873207, 2.281294138804968, 4.354840220700219, 0.658824409817049, 0.993276838682563, 0.6485443157659385, 0.774590185603342, 0.4917271572333962, 0.33969353928528023, 0.1, 25.0, 2.469932349786908, 1.433868966458315, 4.980085911298393, 25.0, 24.245422923943927, 8.331040851587327, 1.0853393295178368, 2.0, 1.3950938383796405, 1.8220646352787069, 0.5624462670583636]
APTIDAO: 
25.759724141931752
GEN: 3600
Individuo: 
[2.0092544181111194, 1.5026838955651423, 1.0926626123873207, 2.281294138804968, 4.354840220700219, 0.658824409817049, 0.993276838682563, 0.6485443157659385, 0.774590185603342, 0.4917271572333962, 0.33969353928528023, 0.1, 25.0, 2.469932349786908, 1.433868966458315, 4.980085911298393, 25.0, 24.245422923943927, 8.331040851587327, 1.0853393295178368, 2.0, 1.3950938383796405, 1.8220646352787069, 0.5624462670583636]
APTIDAO: 
25.759724141931752
GEN: 3700
Individuo: 
[2.0092544181111194, 1.5026838955651423, 1.0926626123873207, 2.281294138804968, 4.354840220700219, 0.658824409817049, 0.993276838682563, 0.6485443157659385, 0.774590185603342, 0.4917271572333962, 0.33969353928528023, 0.1, 25.0, 2.469932349786908, 1.433868966458315, 4.980085911298393, 25.0, 24.245422923943927, 8.331040851587327, 1.0853393295178368, 2.0, 1.3950938383796405, 1.8220646352787069, 0.5624462670583636]
APTIDAO: 
25.759724141931752
GEN: 3800
Individuo: 
[2.0092544181111194, 1.5026838955651423, 1.0926626123873207, 2.281294138804968, 4.354840220700219, 0.658824409817049, 0.993276838682563, 0.6485443157659385, 0.774590185603342, 0.4917271572333962, 0.33969353928528023, 0.1, 25.0, 2.469932349786908, 1.433868966458315, 4.980085911298393, 25.0, 24.245422923943927, 8.331040851587327, 1.0853393295178368, 2.0, 1.3950938383796405, 1.8220646352787069, 0.5624462670583636]
APTIDAO: 
25.759724141931752
GEN: 3900
Individuo: 
[2.0092544181111194, 1.5026838955651423, 1.0926626123873207, 2.281294138804968, 4.354840220700219, 0.658824409817049, 0.993276838682563, 0.6485443157659385, 0.774590185603342, 0.4917271572333962, 0.33969353928528023, 0.1, 25.0, 2.469932349786908, 1.433868966458315, 4.980085911298393, 25.0, 24.245422923943927, 8.331040851587327, 1.0853393295178368, 2.0, 1.3950938383796405, 1.8220646352787069, 0.5624462670583636]
APTIDAO: 
25.759724141931752
GEN: 4000
Individuo: 
[2.0092544181111194, 1.5026838955651423, 1.0926626123873207, 2.281294138804968, 4.354840220700219, 0.658824409817049, 0.993276838682563, 0.6485443157659385, 0.774590185603342, 0.4917271572333962, 0.33969353928528023, 0.1, 25.0, 2.469932349786908, 1.433868966458315, 4.980085911298393, 25.0, 24.245422923943927, 8.331040851587327, 1.0853393295178368, 2.0, 1.3950938383796405, 1.8220646352787069, 0.5624462670583636]
APTIDAO: 
25.759724141931752
GEN: 4100
Individuo: 
[2.1056257647782024, 2.1507794981002006, 2.6353889019519556, 0.2980302738159267, 1.9963885800666064, 0.5630182744446783, 0.9111407005580098, 0.4605281494996074, 0.874697296478662, 0.473993594199657, 0.5713260089404691, 0.3669883492329364, 19.7939015050177, 2.939797576865848, 5.973433791584704, 2.324136807856196, 19.434396419048493, 1.0, 7.276752898594572, 1.1290931668527346, 2.0, 0.983541197819228, 1.7841046795332947, 0.8263285026805688]
APTIDAO: 
23.543580825184684
GEN: 4200
Individuo: 
[2.1056257647782024, 2.1507794981002006, 2.6353889019519556, 0.2980302738159267, 1.9963885800666064, 0.5630182744446783, 0.9111407005580098, 0.4605281494996074, 0.874697296478662, 0.473993594199657, 0.5713260089404691, 0.3669883492329364, 19.7939015050177, 2.939797576865848, 5.973433791584704, 2.324136807856196, 19.434396419048493, 1.0, 7.276752898594572, 1.1290931668527346, 2.0, 0.983541197819228, 1.7841046795332947, 0.8263285026805688]
APTIDAO: 
23.543580825184684
GEN: 4300
Individuo: 
[2.1056257647782024, 2.1507794981002006, 2.6353889019519556, 0.2980302738159267, 1.9963885800666064, 0.5630182744446783, 0.9111407005580098, 0.4605281494996074, 0.874697296478662, 0.473993594199657, 0.5713260089404691, 0.3669883492329364, 19.7939015050177, 2.939797576865848, 5.973433791584704, 2.324136807856196, 19.434396419048493, 1.0, 7.276752898594572, 1.1290931668527346, 2.0, 0.983541197819228, 1.7841046795332947, 0.8263285026805688]
APTIDAO: 
23.543580825184684
GEN: 4400
Individuo: 
[1.9945031893138503, 1.3001525142789754, 1.7492006858828475, 2.132218586248538, 3.693704903028071, 0.6442737941957202, 0.643938171212483, 0.951671439860562, 0.7755806750057105, 0.4735268885291486, 0.382195130504866, 0.7613422791875484, 25.0, 3.941711363336238, 1.0, 4.777220244058696, 5.630772571797831, 25.0, 1.0000000000000013, 1.067428632128231, 1.3271916906541943, 1.7831749125620024, 1.600841197404687, 0.7612513031409914]
APTIDAO: 
23.31132908716495
GEN: 4500
Individuo: 
[1.9442694937827065, 1.3623862935108282, 1.7492006858828475, 2.132218586248538, 3.693704903028071, 0.6442737941957202, 0.643938171212483, 0.951671439860562, 0.7647751912129518, 0.4735268885291486, 0.382195130504866, 0.7613422791875484, 23.6763202058448, 3.941711363336238, 1.0, 4.777220244058696, 5.630772571797831, 25.0, 1.0000000000000007, 1.067428632128231, 1.3271916906541943, 1.7831749125620024, 1.600841197404687, 0.7612513031409914]
APTIDAO: 
22.05189377079551
GEN: 4600
Individuo: 
[1.9442694937827065, 1.3623862935108282, 1.7492006858828475, 2.132218586248538, 3.693704903028071, 0.6442737941957202, 0.643938171212483, 0.951671439860562, 0.7647751912129518, 0.4735268885291486, 0.382195130504866, 0.7613422791875484, 23.6763202058448, 3.941711363336238, 1.0, 4.777220244058696, 5.630772571797831, 25.0, 1.0000000000000007, 1.067428632128231, 1.3271916906541943, 1.7831749125620024, 1.600841197404687, 0.7612513031409914]
APTIDAO: 
22.05189377079551
GEN: 4700
Individuo: 
[2.028688921298398, 2.198164838903154, 1.3975997082810458, 0.3705327486817277, 2.862861063317198, 0.5840690704865807, 0.8645667277051785, 0.5540599017697895, 0.9619912888816162, 0.40787239289890936, 0.5048957610714068, 0.35629510718611346, 20.0404343373708, 3.673563440998847, 1.0, 2.2762765955474316, 24.233959228083563, 3.441666295071755, 4.746814020838794, 1.1581736224006771, 1.9553145856027043, 1.3854682649768728, 1.961829348257392, 0.6402061284975668]
APTIDAO: 
21.86796896424586
GEN: 4800
Individuo: 
[1.7953033495697472, 1.5690609541684906, 1.7086713490094354, 1.9406843876220408, 3.5907359625218995, 0.651235542220058, 0.7155534394024238, 0.8977213417792078, 0.796603603274328, 0.3950198408330564, 0.32449960454217774, 0.6829304950548745, 25.0, 3.6562098229821953, 1.0, 4.716908665780116, 9.488589119125125, 21.690027796430446, 1.0, 1.053500601576881, 1.4366605562130974, 1.778877790288056, 1.705539111625868, 0.7004865316810145]
APTIDAO: 
21.402308734413943
GEN: 4900
Individuo: 
[1.7953033495697472, 1.5690609541684906, 1.7086713490094354, 1.9406843876220408, 3.5907359625218995, 0.651235542220058, 0.7155534394024238, 0.8977213417792078, 0.796603603274328, 0.3950198408330564, 0.32449960454217774, 0.6829304950548745, 25.0, 3.6562098229821953, 1.0, 4.716908665780116, 9.488589119125125, 21.690027796430446, 1.0, 1.053500601576881, 1.4366605562130974, 1.778877790288056, 1.705539111625868, 0.7004865316810145]
APTIDAO: 
21.402308734413943
GEN: 5000
Individuo: 
[2.0727070877069638, 2.0031164438294775, 1.8162771757325353, 0.4051342486836072, 2.785435752265397, 0.587304211320053, 0.8796477989347821, 0.5398127566099684, 0.9379100598834849, 0.4560917979655729, 0.47888224119564504, 0.35624480771868666, 18.658448416304477, 3.398422399225426, 1.0083440886510044, 2.780196566571755, 22.26559808031488, 3.3526794423034296, 4.67956143786691, 1.1557787188782116, 1.9655339401566467, 1.3614831564020888, 1.7986695838425244, 0.6750842598529061]
APTIDAO: 
20.834209045866004
GEN: 5100
Individuo: 
[2.0727070877069638, 2.0031164438294775, 1.8162771757325353, 0.4051342486836072, 2.785435752265397, 0.587304211320053, 0.8796477989347821, 0.5398127566099684, 0.9379100598834849, 0.4560917979655729, 0.47888224119564504, 0.35624480771868666, 18.658448416304477, 3.398422399225426, 1.0083440886510044, 2.780196566571755, 22.26559808031488, 3.3526794423034296, 4.67956143786691, 1.1557787188782116, 1.9655339401566467, 1.3614831564020888, 1.7986695838425244, 0.6750842598529061]
APTIDAO: 
20.834209045866004
GEN: 5200
Individuo: 
[1.972874774527322, 1.5095176487471966, 2.371317771014357, 1.6449150928751382, 3.9916857324277384, 0.6240240700501126, 0.7518349786467317, 0.8759712475435522, 0.8414696382528838, 0.4153467534040412, 0.27385921996394674, 0.5891528165264917, 19.17761076292718, 3.5662103565382637, 1.0, 3.6664799228957063, 12.777207062032831, 18.715996990144806, 1.7963416323061252, 1.1012294238871057, 1.5241447968388133, 1.8403475276748797, 1.7059829807229705, 0.6513334712841586]
APTIDAO: 
20.696895047154147
GEN: 5300
Individuo: 
[1.7968071532982668, 1.6788035829885588, 2.1681024460090206, 2.0142206837828582, 3.3775739580768556, 0.6610620049810204, 0.7586308767086695, 0.8283265112227249, 0.7315714007487876, 0.47546849749959896, 0.35119263833097925, 0.592954484410198, 22.87115108113425, 3.527580326959658, 1.0, 4.676860471377889, 11.536501554708373, 17.878260575360294, 1.9940366306770048, 1.0552060012426154, 1.5687383489684867, 1.7192489002801605, 1.483024348788186, 0.7471444006025848]
APTIDAO: 
19.543577574319627
GEN: 5400
Individuo: 
[1.7968071532982668, 1.6788035829885588, 2.1681024460090206, 2.0142206837828582, 3.3775739580768556, 0.6610620049810204, 0.7586308767086695, 0.8283265112227249, 0.7315714007487876, 0.47546849749959896, 0.35119263833097925, 0.592954484410198, 22.87115108113425, 3.527580326959658, 1.0, 4.676860471377889, 11.536501554708373, 17.878260575360294, 1.9940366306770048, 1.0552060012426154, 1.5687383489684867, 1.7192489002801605, 1.483024348788186, 0.7471444006025848]
APTIDAO: 
19.543577574319627
GEN: 5500
Individuo: 
[1.7968071532982668, 1.6788035829885588, 2.1681024460090206, 2.0142206837828582, 3.3775739580768556, 0.6610620049810204, 0.7586308767086695, 0.8283265112227249, 0.7315714007487876, 0.47546849749959896, 0.35119263833097925, 0.592954484410198, 22.87115108113425, 3.527580326959658, 1.0, 4.676860471377889, 11.536501554708373, 17.878260575360294, 1.9940366306770048, 1.0552060012426154, 1.5687383489684867, 1.7192489002801605, 1.483024348788186, 0.7471444006025848]
APTIDAO: 
19.543577574319627
GEN: 5600
Individuo: 
[1.9013797770971281, 1.6168191427323333, 2.3379595202062102, 1.9578653591250659, 3.56773744263088, 0.6789108847622617, 0.7517526321634386, 0.8693253220188781, 0.6924594573711086, 0.5010454083759832, 0.3341962102831002, 0.5689358063011425, 21.817156190705372, 3.6253675429915195, 1.0674970887586923, 4.323090006878391, 10.241097558521378, 18.36702841986482, 1.0782163772501585, 1.0607591083511576, 1.5897929047877053, 1.7807144689894099, 1.331760893470101, 0.7419454704750306]
APTIDAO: 
19.53392306589215
GEN: 5700
Individuo: 
[2.134731854633761, 1.6560943291508428, 2.6371746834998344, 0.45149614113809755, 2.543412111233947, 0.5655039049341096, 0.8712367090351899, 0.5723936397913574, 0.8577804624711161, 0.4952275547298128, 0.4712404325341371, 0.3811098606344768, 24.18290426668696, 2.4898511435312356, 2.4568605893668476, 2.6008577737701426, 25.0, 2.881904401997057, 4.362622874421524, 1.1282678053263282, 1.8595358505231776, 1.3722509596681163, 1.7257726325445066, 0.7006672738310189]
APTIDAO: 
19.3160687668283
GEN: 5800
Individuo: 
[2.306841517994213, 1.4271693313989522, 2.788178539093787, 0.9649806648355191, 2.4566453024016095, 0.555780889270539, 0.9124306481777623, 0.573634568711235, 0.8177580073686944, 0.5468640459871498, 0.34614407531852387, 0.5187646061509614, 25.0, 2.9314692513267437, 2.792253306705759, 2.8452731123842048, 23.191178570199877, 2.516913525868747, 4.20163301699282, 1.1711830533318737, 1.8348671324153647, 1.4438777622844727, 1.6542949014016965, 0.7123652738131411]
APTIDAO: 
18.79575504932263
GEN: 5900
Individuo: 
[2.1958777763804345, 1.4075876653584332, 2.6980706737412308, 1.1961606611722628, 2.4715736141573603, 0.5679179322105405, 0.903000891084734, 0.5674863302558161, 0.814362238357408, 0.48934756010934904, 0.3933175469505015, 0.46113165937402656, 25.0, 2.971889153033429, 2.623952367965672, 2.7185541023629396, 24.421150117536577, 2.501742507992571, 3.681954639898948, 1.1623695608027331, 1.8655612509063308, 1.3687033722459934, 1.5433121611167215, 0.731367849159107]
APTIDAO: 
18.064789263348896
GEN: 6000
Individuo: 
[2.1958777763804345, 1.4075876653584332, 2.6980706737412308, 1.1961606611722628, 2.4715736141573603, 0.5679179322105405, 0.903000891084734, 0.5674863302558161, 0.814362238357408, 0.48934756010934904, 0.3933175469505015, 0.46113165937402656, 25.0, 2.971889153033429, 2.623952367965672, 2.7185541023629396, 24.421150117536577, 2.501742507992571, 3.681954639898948, 1.1623695608027331, 1.8655612509063308, 1.3687033722459934, 1.5433121611167215, 0.731367849159107]
APTIDAO: 
18.064789263348896
GEN: 6100
Individuo: 
[2.16987939241507, 1.44944349425722, 2.4579630036395703, 1.4443500803171736, 2.4733387816790824, 0.5602154721907815, 0.9188288694258601, 0.5727349277070637, 0.8151081026078443, 0.472280525586745, 0.36455323796263106, 0.5325524731192113, 25.0, 2.430649465213344, 2.5324596021416066, 2.658916776150938, 14.372652803353988, 2.3850229929705424, 3.127961864960093, 1.1619239294139831, 1.8046879007928567, 1.4276291501432017, 1.6020224477062326, 0.7167122346414038]
APTIDAO: 
18.02521191160156
GEN: 6200
Individuo: 
[2.1757704474805077, 1.437119635503887, 2.4580086639258782, 1.6437019798748511, 2.398284154924069, 0.5795163963734391, 0.9277406669893778, 0.631159895922665, 0.8428146899596837, 0.5324202607879226, 0.35516388208808425, 0.5863068126049069, 21.9960619988187, 2.197575817833395, 2.168580840551246, 2.443887819295096, 8.204011116092637, 2.675322132540708, 3.816319156679649, 1.1277859838104167, 1.9080158866701655, 1.4996434190637407, 1.6931897883449771, 0.784766914405552]
APTIDAO: 
17.352958050265784
GEN: 6300
Individuo: 
[2.229112055572096, 1.4244793156048088, 2.4905666752041107, 1.51456202522048, 2.4672854674313482, 0.5797723541679958, 0.941549831612544, 0.6483958201779348, 0.8368108014602912, 0.535758819995153, 0.3258294010368553, 0.5968515298313563, 22.75856187366294, 2.120193663622549, 2.3358363181274022, 2.5500150136794995, 8.069896809379149, 2.6576005575982227, 3.892709497330514, 1.1452159576723564, 1.913366658480708, 1.5489206099283686, 1.674271377588186, 0.7711462930292499]
APTIDAO: 
17.324941243050585
GEN: 6400
Individuo: 
[2.229112055572096, 1.4244793156048088, 2.4905666752041107, 1.51456202522048, 2.4672854674313482, 0.5797723541679958, 0.941549831612544, 0.6483958201779348, 0.8368108014602912, 0.535758819995153, 0.3258294010368553, 0.5968515298313563, 22.75856187366294, 2.120193663622549, 2.3358363181274022, 2.5500150136794995, 8.069896809379149, 2.6576005575982227, 3.892709497330514, 1.1452159576723564, 1.913366658480708, 1.5489206099283686, 1.674271377588186, 0.7711462930292499]
APTIDAO: 
17.324941243050585
GEN: 6500
Individuo: 
[2.229112055572096, 1.4244793156048088, 2.4905666752041107, 1.51456202522048, 2.4672854674313482, 0.5797723541679958, 0.941549831612544, 0.6483958201779348, 0.8368108014602912, 0.535758819995153, 0.3258294010368553, 0.5968515298313563, 22.75856187366294, 2.120193663622549, 2.3358363181274022, 2.5500150136794995, 8.069896809379149, 2.6576005575982227, 3.892709497330514, 1.1452159576723564, 1.913366658480708, 1.5489206099283686, 1.674271377588186, 0.7711462930292499]
APTIDAO: 
17.324941243050585
GEN: 6600
Individuo: 
[2.1336210436092062, 1.493091389526945, 2.5984985068880326, 1.4333183246255965, 2.4905869938739786, 0.5883935029321173, 0.9226641044169779, 0.6321050725379137, 0.7844164580671301, 0.5213433830865458, 0.3526985207920983, 0.5367963290394338, 22.853661088428623, 2.3741220549207185, 2.2935000478116465, 2.5342398090292058, 12.806670624952503, 2.54749552551647, 3.7912983138534853, 1.1299056362740334, 1.9589584153725377, 1.4939025086334656, 1.5853547306333808, 0.7321633492438574]
APTIDAO: 
17.087663268670028
GEN: 6700
Individuo: 
[2.213157377322818, 1.5058861672980142, 2.46755740205951, 1.5136707707621948, 2.508345686855931, 0.5772944728654462, 0.9190071251429571, 0.675701280287026, 0.8498312120504552, 0.5511253567413744, 0.36369743229903545, 0.509239666706772, 23.1104699249913, 2.2833729192967, 2.483010708976919, 2.879789411479237, 6.475592979089898, 2.732055069812185, 2.5960798355941987, 1.1735092117943287, 1.9223568229105015, 1.555181969156731, 1.6954766924410263, 0.7822607947293811]
APTIDAO: 
17.028740141085432
GEN: 6800
Individuo: 
[2.1189490310740475, 1.4747991330490737, 2.395818451682353, 1.6550307498030628, 2.5409668172684117, 0.5772944728654462, 0.9368331920034183, 0.6708796937223033, 0.8149741071900296, 0.5089631363778296, 0.2917436918741448, 0.5616963344574014, 23.1104699249913, 2.055294868176992, 2.483010708976919, 2.449905711128966, 9.877924100196951, 2.605128978108335, 3.9760346639227837, 1.1435054130287465, 1.9805740162723964, 1.524302541147897, 1.6723447610051876, 0.7030442966354028]
APTIDAO: 
16.839415201585123
GEN: 6900
Individuo: 
[2.1189490310740475, 1.4747991330490737, 2.395818451682353, 1.6550307498030628, 2.5409668172684117, 0.5772944728654462, 0.9368331920034183, 0.6708796937223033, 0.8149741071900296, 0.5089631363778296, 0.2917436918741448, 0.5616963344574014, 23.1104699249913, 2.055294868176992, 2.483010708976919, 2.449905711128966, 9.877924100196951, 2.605128978108335, 3.9760346639227837, 1.1435054130287465, 1.9805740162723964, 1.524302541147897, 1.6723447610051876, 0.7030442966354028]
APTIDAO: 
16.839415201585123
GEN: 7000
Individuo: 
[2.0758575363287677, 1.4956876282591025, 2.4140973619804793, 1.7727431993892315, 2.440283851080547, 0.5848019079265138, 0.9289803891003457, 0.7235331224533617, 0.8487361578273136, 0.49844869762437527, 0.27938668549058143, 0.5324133265656307, 19.04429692885137, 2.352233516976796, 2.0557630150424147, 2.4318723322506814, 11.428249618158802, 2.5890752888647666, 3.7094072571699277, 1.125386873865017, 1.9768411495305438, 1.6511265629949656, 1.7099406963217014, 0.6836143636236817]
APTIDAO: 
16.747592233998947
GEN: 7100
Individuo: 
[2.0758575363287677, 1.4956876282591025, 2.4140973619804793, 1.7727431993892315, 2.440283851080547, 0.5848019079265138, 0.9289803891003457, 0.7235331224533617, 0.8487361578273136, 0.49844869762437527, 0.27938668549058143, 0.5324133265656307, 19.04429692885137, 2.352233516976796, 2.0557630150424147, 2.4318723322506814, 11.428249618158802, 2.5890752888647666, 3.7094072571699277, 1.125386873865017, 1.9768411495305438, 1.6511265629949656, 1.7099406963217014, 0.6836143636236817]
APTIDAO: 
16.747592233998947
GEN: 7200
Individuo: 
[2.0758575363287677, 1.4956876282591025, 2.4140973619804793, 1.7727431993892315, 2.440283851080547, 0.5848019079265138, 0.9289803891003457, 0.7235331224533617, 0.8487361578273136, 0.49844869762437527, 0.27938668549058143, 0.5324133265656307, 19.04429692885137, 2.352233516976796, 2.0557630150424147, 2.4318723322506814, 11.428249618158802, 2.5890752888647666, 3.7094072571699277, 1.125386873865017, 1.9768411495305438, 1.6511265629949656, 1.7099406963217014, 0.6836143636236817]
APTIDAO: 
16.747592233998947
GEN: 7300
Individuo: 
[2.046752491240977, 1.4618715121980326, 2.4688073248849727, 1.7347895119052608, 2.50248520407575, 0.5965053402485138, 0.9249490154108562, 0.620362532888093, 0.8745613612444434, 0.49491715370348727, 0.2967845754279176, 0.5555610853967993, 21.85457075533451, 2.469019612460594, 2.030745598107931, 2.238985273623048, 8.948735913777826, 2.231440486007023, 3.1462601296140704, 1.1225270205405984, 1.9489404841852598, 1.4678628452192033, 1.7496945186586994, 0.7029445882288939]
APTIDAO: 
16.663778005185343
GEN: 7400
Individuo: 
[2.075619628017322, 1.4987348234122437, 2.4393003838636518, 1.4503262249529718, 2.8318626211142606, 0.5931907417652368, 0.9336404414424653, 0.6664632241366727, 0.7866873532111858, 0.5180612248202683, 0.2540440864455903, 0.6100518634520748, 19.279443350188757, 2.7497823352151554, 2.906449715524119, 2.013927978638741, 9.791956900899612, 2.4906568225253807, 3.8221494195866472, 1.1414074823665803, 2.0, 1.5255455553668753, 1.579309303887872, 0.7092408320580991]
APTIDAO: 
16.55922095806193
GEN: 7500
Individuo: 
[1.9918181349676491, 1.5292555160845902, 2.463562302848986, 1.3493104370058058, 2.916138719209365, 0.6033875637324007, 0.9348229760958765, 0.6189626476494791, 0.8049598045227919, 0.48910990391020687, 0.25449837673464754, 0.6329917573749717, 15.660991818268917, 2.9197422970326037, 2.8122296859554985, 2.13801795632674, 11.111339462926374, 2.2616026913347347, 3.9874729551335184, 1.1328826378240018, 1.9884011876052534, 1.4397640709170572, 1.609995682267179, 0.7068974194576743]
APTIDAO: 
16.533207179095818
GEN: 7600
Individuo: 
[2.145155316368954, 1.4684709940102936, 2.2472903649571463, 1.9361736128630544, 2.7414018387743813, 0.592333951289243, 0.934638407873819, 0.6629671378422748, 0.8684172547300925, 0.5180612248202683, 0.2591274975769847, 0.6800325735728353, 19.279443350188757, 2.284311279527611, 2.8115024741644086, 2.3622297863284527, 9.561481574761677, 2.352555477249827, 3.771456423038621, 1.137638149472976, 1.9708646129507061, 1.5298165058648823, 1.7769376702907749, 0.7548490601178481]
APTIDAO: 
16.465352380112442
GEN: 7700
Individuo: 
[2.001907135137218, 1.5314484256814156, 2.2457661293004603, 1.6620208979737363, 3.0277767631345838, 0.6254379271722911, 0.930241704780405, 0.6679035111350542, 0.7632781344533226, 0.5141548624537778, 0.23297648000130936, 0.7228324067363413, 21.693742124561997, 2.607381041879086, 2.2458142397691456, 2.7072225915714387, 7.198607579399568, 2.1064486186796803, 3.995127219033552, 1.122689583027991, 1.9847609409972358, 1.5366927568249913, 1.553777607161664, 0.7796005214483712]
APTIDAO: 
16.382677608894333
GEN: 7800
Individuo: 
[2.0005005459723084, 1.4744327544985996, 2.4273433217037943, 1.6500949813042607, 2.9595137705982415, 0.6124365526358178, 0.9369384491775129, 0.6183520074321477, 0.8183099924563572, 0.5050139339262943, 0.22991176798918866, 0.7048797893807502, 16.03608141644912, 2.414756335022635, 2.187387943378991, 2.676299767028003, 6.3347593728436475, 2.4652362398026457, 3.733068142918259, 1.1239013439814636, 1.9769853613172144, 1.439363155396498, 1.6514110889356557, 0.7572347634011438]
APTIDAO: 
16.280516497856105
GEN: 7900
Individuo: 
[1.941594774945139, 1.595684723276414, 2.4169868142821094, 1.4122602242724998, 2.8829407252073564, 0.6044741161012187, 0.9372160369089559, 0.685473048775705, 0.7912506285383051, 0.5142306200337452, 0.23777107290217933, 0.6036641038027636, 13.873596737938458, 2.243799722177492, 2.7404344156825258, 2.570426807019705, 9.435788791730499, 2.3662268925570467, 3.3365428485089064, 1.1205892505527995, 1.9693246218154976, 1.585141943308825, 1.5989131709487991, 0.7039777472207364]
APTIDAO: 
16.26083801688107
GEN: 8000
Individuo: 
[1.9930769611377464, 1.4273156398305022, 2.4508455898363954, 1.8886763997418707, 2.74189426683783, 0.6139019800798412, 0.9641217204006806, 0.6557995760739773, 0.856191871005258, 0.5266342502983503, 0.2228821778152745, 0.7049914535838848, 11.57928036104567, 2.257269500863819, 2.9404207990731086, 2.490314053168126, 5.491378113264383, 2.57482264505079, 3.7326612975978795, 1.1329870960792647, 1.9803190531289188, 1.5278944173427156, 1.7283437846853378, 0.79537455731262]
APTIDAO: 
16.161936257017054
GEN: 8100
Individuo: 
[2.0237470768499826, 1.5103805855925883, 2.5393447092995305, 1.7337725696180968, 2.9930472371494434, 0.61800575660357, 0.942743157669398, 0.6607981490881175, 0.8855816087999271, 0.5227683350943987, 0.18202751243798754, 0.7909671759477667, 16.315555509479886, 2.8606664459188695, 2.3261225728592025, 2.3920519012773376, 5.407638342751371, 2.4975449076476313, 3.471011655233804, 1.131592466863177, 1.9862205872693224, 1.5195198843224096, 1.740480090337743, 0.8174119651431485]
APTIDAO: 
16.070940776462255
GEN: 8200
Individuo: 
[2.0047111601381964, 1.6018344023455624, 2.4050105749386, 1.7607537620687224, 2.852244292285866, 0.6285931383708327, 0.952120104504543, 0.6451940915551367, 0.8334034720338361, 0.5153808128433762, 0.18972712050603613, 0.7852654984160664, 15.331785086913024, 2.6143693458321104, 2.429408497602025, 2.6040044088513308, 5.442012661634881, 2.191449780013212, 3.606756421075179, 1.1351689835927794, 1.994358828339465, 1.5154528122680146, 1.684887161233707, 0.8071243516635176]
APTIDAO: 
16.067564605331313
GEN: 8300
Individuo: 
[2.0047111601381964, 1.6018344023455624, 2.4050105749386, 1.7607537620687224, 2.852244292285866, 0.6285931383708327, 0.952120104504543, 0.6451940915551367, 0.8334034720338361, 0.5153808128433762, 0.18972712050603613, 0.7852654984160664, 15.331785086913024, 2.6143693458321104, 2.429408497602025, 2.6040044088513308, 5.442012661634881, 2.191449780013212, 3.606756421075179, 1.1351689835927794, 1.994358828339465, 1.5154528122680146, 1.684887161233707, 0.8071243516635176]
APTIDAO: 
16.067564605331313
GEN: 8400
Individuo: 
[2.028253489523172, 1.488673438095893, 2.466562011371878, 1.7790589108193253, 3.0139132828608486, 0.6212860417009296, 0.9518013057984137, 0.6304541605364152, 0.9367253000027904, 0.5415175684800269, 0.18900593739639587, 0.786766341445573, 17.689575113099636, 2.853703452170947, 2.1905781080590048, 2.1452882467474073, 5.6233056691755365, 2.844875548524379, 3.368459690535802, 1.134782403614427, 1.9946468954086138, 1.4719890636309987, 1.8851339761845016, 0.8357407217377884]
APTIDAO: 
15.796388138763108
GEN: 8500
Individuo: 
[2.0267153107295144, 1.4947400724748268, 2.411370182071661, 1.8092989650078748, 3.0193084020909975, 0.6294106768683143, 0.9450511966854611, 0.6286871088348732, 0.95227689532169, 0.5509630700159652, 0.17687728611136636, 0.7730407577942592, 17.101940974083572, 2.5161665009453578, 2.0146912895778, 2.156160015657968, 5.433949120335616, 2.72778581742896, 3.297197755781759, 1.1213612597952884, 1.998867334356539, 1.481381250725339, 1.9028279632200842, 0.8290388475598824]
APTIDAO: 
15.772118094361634
GEN: 8600
Individuo: 
[2.0276515818166616, 1.4943394905105185, 2.3317557328592584, 1.824301155649495, 3.0705008459334713, 0.6286799544753752, 0.9552301030243482, 0.5976333803376485, 1.0, 0.5609037236021804, 0.18124221042752645, 0.795041268785407, 15.464273939471578, 2.0199217746714786, 2.318519891691133, 2.0672422733558165, 5.665133654862536, 2.757583021172384, 3.1040638917572094, 1.1321378562749607, 1.9985813316331416, 1.4333932398483678, 2.0, 0.8547066174861155]
APTIDAO: 
15.7586994183638
GEN: 8700
Individuo: 
[1.9818859760145437, 1.5081499544202814, 2.4169868142821094, 1.9361599132177796, 2.9902290268828384, 0.6243562086744379, 0.9372160369089559, 0.6003655702734342, 0.9864101794961933, 0.5623997819520712, 0.17359571613782662, 0.7533555257954523, 13.868077713442341, 2.2688544409071003, 2.8888984862168856, 2.0651381864735514, 5.562938105183642, 2.9743882120766685, 3.221885201261192, 1.1243918963210628, 1.9693246218154976, 1.4174290527606757, 1.996743318699216, 0.8231390241850326]
APTIDAO: 
15.718091696276955
GEN: 8800
Individuo: 
[1.9818859760145437, 1.5081499544202814, 2.4169868142821094, 1.9361599132177796, 2.9902290268828384, 0.6243562086744379, 0.9372160369089559, 0.6003655702734342, 0.9864101794961933, 0.5623997819520712, 0.17359571613782662, 0.7533555257954523, 13.868077713442341, 2.2688544409071003, 2.8888984862168856, 2.0651381864735514, 5.562938105183642, 2.9743882120766685, 3.221885201261192, 1.1243918963210628, 1.9693246218154976, 1.4174290527606757, 1.996743318699216, 0.8231390241850326]
APTIDAO: 
15.718091696276955
GEN: 8900
Individuo: 
[1.9973051861720446, 1.5121542257463603, 2.342936145514613, 1.9255736769528269, 3.041804315243397, 0.6199488583241521, 0.9540050599058736, 0.6047432396710727, 0.9754302674528634, 0.5526857065239269, 0.18469885380223786, 0.7901869179038798, 13.761139213796408, 2.0199217746714786, 2.3804422792995745, 2.5296922503317947, 5.665133654862536, 2.4364618258826636, 3.3510522430097174, 1.1295966241923465, 2.0, 1.4294975353921036, 1.9718425302586888, 0.844257613141829]
APTIDAO: 
15.647156392768448
GEN: 9000
Individuo: 
[1.9973051861720446, 1.5121542257463603, 2.342936145514613, 1.9255736769528269, 3.041804315243397, 0.6199488583241521, 0.9540050599058736, 0.6047432396710727, 0.9754302674528634, 0.5526857065239269, 0.18469885380223786, 0.7901869179038798, 13.761139213796408, 2.0199217746714786, 2.3804422792995745, 2.5296922503317947, 5.665133654862536, 2.4364618258826636, 3.3510522430097174, 1.1295966241923465, 2.0, 1.4294975353921036, 1.9718425302586888, 0.844257613141829]
APTIDAO: 
15.647156392768448
GEN: 9100
Individuo: 
[2.034806105943087, 1.515332237061246, 2.3652000774089523, 1.9161705183340485, 2.9086782513136886, 0.6177813394782218, 0.9413373195055352, 0.6129939484119894, 0.958452198569898, 0.5666025566940797, 0.17051918355104814, 0.7378504236503814, 14.528974776184887, 2.857476924913993, 2.913456616405629, 2.325816380618125, 5.295300105319473, 2.768088517617645, 3.7935843742638817, 1.1405942792199983, 1.9836252043829683, 1.4327333060182421, 1.9356743835528065, 0.8070551558620311]
APTIDAO: 
15.616177759119594
GEN: 9200
Individuo: 
[1.9958536219947756, 1.5208235947619972, 2.3567439510398387, 1.8874989771861896, 3.001056195252187, 0.6226138258442606, 0.9448957637015272, 0.59594175878795, 0.9803442139622908, 0.5592430341977209, 0.1804248952214195, 0.7669114505281609, 14.520202296098244, 2.551337906142701, 2.7588652702312766, 2.4573339780623313, 5.667445619446535, 2.4487557519041134, 3.3859052720235647, 1.1308142865575306, 1.9816424336883938, 1.4183070182066961, 1.977474024206951, 0.831263083904976]
APTIDAO: 
15.60848546530874
GEN: 9300
Individuo: 
[2.013800488332513, 1.5304900435273483, 2.2973531529129274, 2.0133946462587033, 2.920141357564516, 0.6186107296045211, 0.948708603294028, 0.6236786137004208, 0.9489805860148766, 0.5554206145855832, 0.17174904613552006, 0.7411200950666484, 14.636743216490524, 2.6994087677641336, 2.404922475499452, 2.9875507926300076, 5.0951409489308395, 2.887554732338274, 3.967068886661378, 1.1351278364005957, 1.9921902251517392, 1.4682494756881812, 1.939057955298247, 0.8045728627313421]
APTIDAO: 
15.582880536808617
GEN: 9400
Individuo: 
[2.005208747378549, 1.5206578110142692, 2.299421021750967, 1.94240611695917, 2.944265917919533, 0.6219714235535513, 0.941043669657225, 0.6160143390163345, 0.9746206712320055, 0.5669611273508518, 0.17237536587704252, 0.7476390578752539, 14.952848510927856, 2.1565767979198247, 2.8396119602469763, 2.0384958817374064, 5.718926524409075, 2.0071287620601916, 3.32832681761394, 1.1277000836568387, 1.9828111194958637, 1.4388510370274434, 1.9629772872585358, 0.8181000864470096]
APTIDAO: 
15.56297263372489
GEN: 9500
Individuo: 
[1.976268486841485, 1.542289478802705, 2.2275906966590866, 1.997757130509986, 2.963914007325192, 0.624369557484416, 0.9420648613926337, 0.6089350499565171, 0.9691433941524024, 0.5782610340437495, 0.16527370970799327, 0.7370894334299755, 13.913161158848187, 2.0380786654531553, 2.8272394609887255, 2.725563000917666, 5.204230662057441, 2.643866168081706, 3.2595336450562704, 1.128464156879165, 1.9812800041267884, 1.430322741532218, 1.9703818298068287, 0.8179541463448067]
APTIDAO: 
15.559353780416249
GEN: 9600
Individuo: 
[1.9956150290791672, 1.5156343557469607, 2.3084412932035194, 2.0298494433799377, 2.9805248162531917, 0.6195243834344392, 0.9463778303484948, 0.609161574517457, 0.9731697375821654, 0.5835333342383267, 0.1693987572888844, 0.7502041768344714, 13.857446625660883, 2.0060177181595744, 2.7475958607007147, 2.5387165307834247, 5.2633430142438336, 2.5856209025203287, 3.5990037340931376, 1.1312534974844664, 1.9863229927311068, 1.4338096403594986, 1.999293990364139, 0.8324909237890821]
APTIDAO: 
15.529618706182001
GEN: 9700
Individuo: 
[1.9319978341124, 1.5648260747402354, 2.2684510966761446, 1.9901643791961332, 2.9510833519041033, 0.6263200273925396, 0.9404938517887415, 0.6192577228263673, 0.9608205130615185, 0.5599578304694739, 0.17065114414128862, 0.7355964551358861, 13.057047903446973, 2.000530918482162, 2.6210840820425583, 2.948619848649614, 5.559521637653946, 2.3506037221383473, 3.6000748800114124, 1.1212154218397996, 1.9783361950772542, 1.4496058189467624, 1.9635610712836353, 0.8057169095469252]
APTIDAO: 
15.523639399069385
GEN: 9800
Individuo: 
[1.9680256196336352, 1.548988408987421, 2.195267592256899, 2.0299422412445693, 2.9335778970845072, 0.6228339729245409, 0.9446776970653549, 0.5985760052491285, 0.9743507835510753, 0.5857188281368043, 0.17300456441284912, 0.7393503312111243, 14.351442898979863, 2.047090728644132, 2.29315082116881, 2.7695772811054824, 5.650013656505846, 2.1116625912755147, 3.945329969106721, 1.1205878712497526, 1.9823865575935988, 1.4151877129728883, 2.0, 0.827989953850059]
APTIDAO: 
15.505807702297087
GEN: 9900
Individuo: 
[1.9680256196336352, 1.548988408987421, 2.195267592256899, 2.0299422412445693, 2.9335778970845072, 0.6228339729245409, 0.9446776970653549, 0.5985760052491285, 0.9743507835510753, 0.5857188281368043, 0.17300456441284912, 0.7393503312111243, 14.351442898979863, 2.047090728644132, 2.29315082116881, 2.7695772811054824, 5.650013656505846, 2.1116625912755147, 3.945329969106721, 1.1205878712497526, 1.9823865575935988, 1.4151877129728883, 2.0, 0.827989953850059]
APTIDAO: 
15.505807702297087
GEN: 10000
Individuo: 
[1.9470169081508217, 1.5375725384271497, 2.332695784720596, 1.9743217852636028, 2.962831942680347, 0.6214604952915631, 0.9409865552321257, 0.6141676949656817, 0.9724576764874662, 0.6011785004841722, 0.16811411277851873, 0.7459554776129899, 13.165782233023528, 2.3131034748750676, 2.4213706940872344, 2.6515433537173547, 5.700247044605406, 2.278634028015441, 3.430039122120647, 1.121490633534493, 1.9870819606055772, 1.4377406683862088, 1.9818797427553356, 0.8450394938079538]
APTIDAO: 
15.475223571674029

--- RESULTADO FINAL ---
Erro (norma-1): 15.475223571674029
Parâmetros: [1.9470169081508217, 1.5375725384271497, 2.332695784720596, 1.9743217852636028, 2.962831942680347, 0.6214604952915631, 0.9409865552321257, 0.6141676949656817, 0.9724576764874662, 0.6011785004841722, 0.16811411277851873, 0.7459554776129899, 13.165782233023528, 2.3131034748750676, 2.4213706940872344, 2.6515433537173547, 5.700247044605406, 2.278634028015441, 3.430039122120647, 1.121490633534493, 1.9870819606055772, 1.4377406683862088, 1.9818797427553356, 0.8450394938079538]
Tempo total: 02h 26m 25s
