SEED: 1778837425
METODO: ABCD_MM
IND_SIZE: 11
GEN: 0
Individuo: 
[1.0332748404485645, 1.9610074579939505, 1.8398689358185036, 2.82809070812049, 0.9850803926413048, 0.6662243783094528, 0.7625614118200476, 0.2858358348046406, 1.2795278332084365, 2.9777357266384334, 2.9918289901664874]
APTIDAO: 
187.26983659663125
GEN: 100
Individuo: 
[1.0332748404485645, 1.4990871304074476, 2.323731138986121, 0.5097398711930562, 0.13642827923517095, 0.6662243783094528, 0.7451945133738981, 0.2339257829286886, 1.9960155243174416, 1.2329967531933976, 1.0226691256273854]
APTIDAO: 
42.86028080324865
GEN: 200
Individuo: 
[1.0332748404485645, 1.4990871304074476, 2.2444506434857017, 0.5097398711930562, 0.13642827923517095, 0.6662243783094528, 0.7407936929152988, 0.2339257829286886, 1.9960155243174416, 1.2369528697742807, 1.0226691256273854]
APTIDAO: 
42.803141321936515
GEN: 300
Individuo: 
[1.0332748404485645, 1.4913367044260084, 2.2444506434857017, 0.502015925585804, 0.13642827923517095, 0.6662243783094528, 0.7407936929152988, 0.2339257829286886, 1.9960155243174416, 1.2369528697742807, 1.0235134581234129]
APTIDAO: 
42.79942183502021
GEN: 400
Individuo: 
[1.0205154518368353, 1.4913367044260084, 2.2444506434857017, 0.502015925585804, 0.13642827923517095, 0.6662243783094528, 0.7407936929152988, 0.2339257829286886, 1.9960155243174416, 1.2369528697742807, 1.0235134581234129]
APTIDAO: 
42.78331216010297
GEN: 500
Individuo: 
[1.0205154518368353, 1.4913367044260084, 2.2444506434857017, 0.502015925585804, 0.1337078499205331, 0.6662243783094528, 0.7410777118437087, 0.2339257829286886, 1.9960155243174416, 1.2369528697742807, 1.0235134581234129]
APTIDAO: 
42.77530088292341
GEN: 600
Individuo: 
[1.0059603522928242, 1.4913367044260084, 2.2444506434857017, 0.502015925585804, 0.13433425781658967, 0.6662243783094528, 0.7410777118437087, 0.2339257829286886, 1.9960155243174416, 1.2363326397942411, 1.0235134581234129]
APTIDAO: 
42.7572128752992
GEN: 700
Individuo: 
[1.0001355855501388, 1.4913367044260084, 2.2444506434857017, 0.502015925585804, 0.13433425781658967, 0.6662243783094528, 0.7410777118437087, 0.23247198174918257, 1.9960155243174416, 1.2363326397942411, 1.0235134581234129]
APTIDAO: 
42.73769213245076
GEN: 800
Individuo: 
[1.0001355855501388, 1.4913367044260084, 2.2444506434857017, 0.5077673393911604, 0.13004123525987962, 0.6662243783094528, 0.7410777118437087, 0.23247198174918257, 1.9960155243174416, 1.2363326397942411, 1.0235134581234129]
APTIDAO: 
42.720771082141425
GEN: 900
Individuo: 
[1.0001355855501388, 1.4913367044260084, 2.2444506434857017, 0.5077673393911604, 0.13004123525987962, 0.6662243783094528, 0.7410777118437087, 0.23003903495066425, 1.9960155243174416, 1.2363326397942411, 1.0260909643918603]
APTIDAO: 
42.69265772725083
GEN: 1000
Individuo: 
[1.0001355855501388, 1.4913367044260084, 2.2444506434857017, 0.5077673393911604, 0.12603060581047962, 0.6662243783094528, 0.7410777118437087, 0.23003903495066425, 1.9960155243174416, 1.2363326397942411, 1.0260909643918603]
APTIDAO: 
42.68859813187307
GEN: 1100
Individuo: 
[1.0001355855501388, 1.4913367044260084, 2.2407409970117085, 0.5077673393911604, 0.12603060581047962, 0.6662243783094528, 0.7410777118437087, 0.23003903495066425, 1.9960155243174416, 1.2363326397942411, 1.0265795732639649]
APTIDAO: 
42.687222628337274
GEN: 1200
Individuo: 
[1.0001355855501388, 1.5422923124032961, 2.243374689416841, 0.5077673393911604, 0.12603060581047962, 0.6662243783094528, 0.8712732680444911, 0.23003903495066425, 1.9960155243174416, 1.3656090442052184, 1.0265795732639649]
APTIDAO: 
42.52099527438348
GEN: 1300
Individuo: 
[1.0001355855501388, 1.5422923124032961, 2.243374689416841, 0.5080016635765662, 0.12603060581047962, 0.6662243783094528, 0.8712732680444911, 0.23003903495066425, 1.9960155243174416, 1.3656090442052184, 1.03076689771782]
APTIDAO: 
42.51195866526159
GEN: 1400
Individuo: 
[1.0001355855501388, 1.5422923124032961, 2.243374689416841, 0.5080016635765662, 0.12799889386323743, 0.6662243783094528, 0.8712732680444911, 0.23003903495066425, 1.9960155243174416, 1.3656090442052184, 1.030143368058307]
APTIDAO: 
42.50697090645794
GEN: 1500
Individuo: 
[1.0001355855501388, 1.5422923124032961, 2.243374689416841, 0.5080016635765662, 0.1274991546040024, 0.6662243783094528, 0.8712732680444911, 0.22925677310621081, 1.9960155243174416, 1.3656090442052184, 1.030143368058307]
APTIDAO: 
42.499154436296116
GEN: 1600
Individuo: 
[1.0001355855501388, 1.5314730504628784, 2.243374689416841, 0.5080016635765662, 0.1274991546040024, 0.6662243783094528, 0.8712732680444911, 0.22925677310621081, 1.9960155243174416, 1.3656090442052184, 1.030143368058307]
APTIDAO: 
42.49767966747191
GEN: 1700
Individuo: 
[1.0001355855501388, 1.5314730504628784, 2.2620877543252242, 0.5080016635765662, 0.1274991546040024, 0.6662243783094528, 0.8712732680444911, 0.22925677310621081, 1.9960155243174416, 1.3656090442052184, 1.030143368058307]
APTIDAO: 
42.49739289427218
GEN: 1800
Individuo: 
[1.0001355855501388, 1.5314730504628784, 2.2620877543252242, 0.5080016635765662, 0.1274991546040024, 0.6662243783094528, 0.8712732680444911, 0.22925677310621081, 1.9960155243174416, 1.3656090442052184, 1.030143368058307]
APTIDAO: 
42.49739289427218
GEN: 1900
Individuo: 
[1.0001355855501388, 1.5314730504628784, 2.2620877543252242, 0.5080016635765662, 0.1274991546040024, 0.6662243783094528, 0.8795537077781792, 0.2287516890608179, 1.9960155243174416, 1.3656090442052184, 1.030143368058307]
APTIDAO: 
42.45520628400674
GEN: 2000
Individuo: 
[1.0001355855501388, 1.5314730504628784, 2.2620877543252242, 0.5113329840299585, 0.1274991546040024, 0.6662243783094528, 0.8795537077781792, 0.2287516890608179, 1.9960155243174416, 1.3656090442052184, 1.030143368058307]
APTIDAO: 
42.45475759785776
GEN: 2100
Individuo: 
[1.0001355855501388, 1.5314730504628784, 2.2620877543252242, 0.5113329840299585, 0.12552762205654758, 0.6662243783094528, 0.8797117047796778, 0.2287516890608179, 1.9960155243174416, 1.3656090442052184, 1.030143368058307]
APTIDAO: 
42.449901717003954
GEN: 2200
Individuo: 
[1.0001355855501388, 1.5314730504628784, 2.2620877543252242, 0.5113329840299585, 0.12552762205654758, 0.6662243783094528, 0.8797117047796778, 0.2287516890608179, 1.9960155243174416, 1.3656090442052184, 1.030143368058307]
APTIDAO: 
42.449901717003954
GEN: 2300
Individuo: 
[1.0001355855501388, 1.5314730504628784, 2.2620877543252242, 0.5113329840299585, 0.12552762205654758, 0.6662243783094528, 0.8797117047796778, 0.2287516890608179, 1.9960155243174416, 1.3656090442052184, 1.030143368058307]
APTIDAO: 
42.449901717003954
GEN: 2400
Individuo: 
[1.0001355855501388, 1.5314730504628784, 2.2620877543252242, 0.5113329840299585, 0.12552762205654758, 0.6662243783094528, 0.8797117047796778, 0.2287516890608179, 1.9960155243174416, 1.3656090442052184, 1.030143368058307]
APTIDAO: 
42.449901717003954
GEN: 2500
Individuo: 
[1.0001355855501388, 1.5314730504628784, 2.2620877543252242, 0.5113329840299585, 0.12552762205654758, 0.6662243783094528, 0.8797117047796778, 0.2287516890608179, 1.9960155243174416, 1.3656090442052184, 1.030143368058307]
APTIDAO: 
42.449901717003954
GEN: 2600
Individuo: 
[1.0001355855501388, 1.5314730504628784, 2.2620877543252242, 0.5113329840299585, 0.12552762205654758, 0.6662243783094528, 0.8797117047796778, 0.2287516890608179, 1.9960155243174416, 1.3656090442052184, 1.030143368058307]
APTIDAO: 
42.449901717003954
GEN: 2700
Individuo: 
[1.0001355855501388, 1.5314730504628784, 2.2620877543252242, 0.5113329840299585, 0.12552762205654758, 0.6662243783094528, 0.8797117047796778, 0.2287516890608179, 1.9960155243174416, 1.3656090442052184, 1.030143368058307]
APTIDAO: 
42.449901717003954
GEN: 2800
Individuo: 
[1.0001355855501388, 1.5314730504628784, 2.2620877543252242, 0.5104912521819431, 0.12552762205654758, 0.6662243783094528, 0.8797117047796778, 0.2287516890608179, 1.9960155243174416, 1.3656090442052184, 1.030143368058307]
APTIDAO: 
42.44959876915312
GEN: 2900
Individuo: 
[1.0001355855501388, 1.5314730504628784, 2.2620877543252242, 0.5104912521819431, 0.12552762205654758, 0.6662243783094528, 0.8808819570747266, 0.2287516890608179, 1.9960155243174416, 1.3656090442052184, 1.030143368058307]
APTIDAO: 
42.44938831688695
GEN: 3000
Individuo: 
[0.9999787320983198, 1.5314730504628784, 2.2620877543252242, 0.5104912521819431, 0.12552762205654758, 0.6662243783094528, 0.8808819570747266, 0.2287516890608179, 1.9960155243174416, 1.3656090442052184, 1.030143368058307]
APTIDAO: 
42.44919862105343
GEN: 3100
Individuo: 
[0.9999787320983198, 1.5314730504628784, 2.2620877543252242, 0.5104912521819431, 0.12552762205654758, 0.6662243783094528, 0.8808819570747266, 0.2287516890608179, 1.9960155243174416, 1.3656090442052184, 1.030143368058307]
APTIDAO: 
42.44919862105343
GEN: 3200
Individuo: 
[0.9999787320983198, 1.5314730504628784, 2.2674010922943157, 0.5104912521819431, 0.12552762205654758, 0.6662243783094528, 0.8808819570747266, 0.2287516890608179, 1.9960155243174416, 1.3656090442052184, 1.030143368058307]
APTIDAO: 
42.44917807305369
GEN: 3300
Individuo: 
[0.9999787320983198, 1.5314730504628784, 2.2674010922943157, 0.5104912521819431, 0.12552762205654758, 0.6662243783094528, 0.8808819570747266, 0.2287516890608179, 1.9960155243174416, 1.3660079070099997, 1.030143368058307]
APTIDAO: 
42.448374351562656
GEN: 3400
Individuo: 
[0.9999787320983198, 1.5314730504628784, 2.2674010922943157, 0.5104912521819431, 0.12552762205654758, 0.6662243783094528, 0.8808819570747266, 0.2287516890608179, 1.9960155243174416, 1.3660079070099997, 1.030143368058307]
APTIDAO: 
42.448374351562656
GEN: 3500
Individuo: 
[0.9999787320983198, 1.5314730504628784, 2.2674010922943157, 0.5104912521819431, 0.12552762205654758, 0.6662243783094528, 0.8808819570747266, 0.2287516890608179, 1.9960155243174416, 1.3660079070099997, 1.030143368058307]
APTIDAO: 
42.448374351562656
GEN: 3600
Individuo: 
[0.9999787320983198, 1.5314730504628784, 2.2674010922943157, 0.5104912521819431, 0.12552762205654758, 0.6662243783094528, 0.8808819570747266, 0.2287516890608179, 1.9960155243174416, 1.3660079070099997, 1.030143368058307]
APTIDAO: 
42.448374351562656
GEN: 3700
Individuo: 
[0.9999787320983198, 1.699179315989181, 2.2674010922943157, 0.8564861321128949, 0.10819058650762182, 0.6662243783094528, 0.8808819570747266, 0.12855168494545355, 1.9960155243174416, 1.3660079070099997, 1.55067508803141]
APTIDAO: 
39.882896993212526
GEN: 3800
Individuo: 
[0.9999787320983198, 1.682165821347393, 2.204723853487244, 0.8564861321128949, 0.10819058650762182, 0.6662243783094528, 0.8808819570747266, 0.12855168494545355, 1.9960155243174416, 1.3660079070099997, 1.55067508803141]
APTIDAO: 
39.870658093302154
GEN: 3900
Individuo: 
[0.9999787320983198, 1.682165821347393, 2.18040731844438, 0.8564861321128949, 0.10626099482227903, 0.6673554232225084, 0.8808819570747266, 0.12855168494545355, 1.9960155243174416, 1.3660079070099997, 1.55067508803141]
APTIDAO: 
39.86786233196065
GEN: 4000
Individuo: 
[0.9999787320983198, 1.682165821347393, 2.18040731844438, 0.8564861321128949, 0.1040450677675011, 0.6812289813719963, 0.8808819570747266, 0.13010269821573, 1.9960155243174416, 1.3660079070099997, 1.55067508803141]
APTIDAO: 
39.807218287002804
GEN: 4100
Individuo: 
[0.9999787320983198, 1.700842713041721, 2.1346990649389705, 0.85856319453649, 0.11611750119540544, 0.6812289813719963, 0.8808819570747266, 0.13010269821573, 1.9960155243174416, 1.3660079070099997, 1.5800836284934985]
APTIDAO: 
39.71151682621693
GEN: 4200
Individuo: 
[0.9999787320983198, 1.700842713041721, 2.1346990649389705, 0.8915806486007702, 0.10942854417609965, 0.6812289813719963, 0.8808819570747266, 0.12935357534578049, 1.9960155243174416, 1.3660079070099997, 1.5800836284934985]
APTIDAO: 
39.62432886685651
GEN: 4300
Individuo: 
[0.9999787320983198, 1.684702089773907, 2.1346990649389705, 0.8915806486007702, 0.10573850674405016, 0.6818052099512658, 0.8808819570747266, 0.12935357534578049, 1.9960155243174416, 1.3660079070099997, 1.5800836284934985]
APTIDAO: 
39.611158933416164
GEN: 4400
Individuo: 
[0.9999787320983198, 1.684702089773907, 2.1346990649389705, 0.8915806486007702, 0.10573850674405016, 0.6818052099512658, 0.8808819570747266, 0.1289365829511317, 1.9960155243174416, 1.3660079070099997, 1.5800836284934985]
APTIDAO: 
39.607238799454684
GEN: 4500
Individuo: 
[0.9999787320983198, 1.684702089773907, 2.1346990649389705, 0.8915806486007702, 0.10573850674405016, 0.6818052099512658, 0.8808819570747266, 0.1289365829511317, 1.9960155243174416, 1.3660079070099997, 1.5801169228551166]
APTIDAO: 
39.607099780892455
GEN: 4600
Individuo: 
[0.9999787320983198, 1.684702089773907, 2.1346990649389705, 0.8915806486007702, 0.10573850674405016, 0.6818052099512658, 0.8808819570747266, 0.1289365829511317, 1.9960155243174416, 1.3660079070099997, 1.5801169228551166]
APTIDAO: 
39.607099780892455
GEN: 4700
Individuo: 
[0.9999787320983198, 1.684702089773907, 2.1346990649389705, 0.8915806486007702, 0.10573850674405016, 0.6818052099512658, 0.8808819570747266, 0.1289365829511317, 1.9960155243174416, 1.3660079070099997, 1.5801169228551166]
APTIDAO: 
39.607099780892455
GEN: 4800
Individuo: 
[0.9999787320983198, 1.684702089773907, 2.1346990649389705, 0.8915806486007702, 0.10573850674405016, 0.6818052099512658, 0.8808819570747266, 0.1289365829511317, 1.9960155243174416, 1.3660079070099997, 1.5801169228551166]
APTIDAO: 
39.607099780892455
GEN: 4900
Individuo: 
[0.9999787320983198, 1.684702089773907, 2.1346990649389705, 0.8915806486007702, 0.10573850674405016, 0.6818052099512658, 0.8808819570747266, 0.1289365829511317, 1.9960155243174416, 1.3660079070099997, 1.5801169228551166]
APTIDAO: 
39.607099780892455
GEN: 5000
Individuo: 
[0.9999787320983198, 1.684702089773907, 2.1346990649389705, 0.8915806486007702, 0.10467317310683404, 0.6835840304871839, 0.8808819570747266, 0.1289365829511317, 1.9960155243174416, 1.3660079070099997, 1.5801169228551166]
APTIDAO: 
39.60590095155762
GEN: 5100
Individuo: 
[0.9999787320983198, 1.690436984715787, 2.1346990649389705, 0.8915806486007702, 0.10268785029494978, 0.6835840304871839, 0.8808819570747266, 0.1289365829511317, 1.9960155243174416, 1.3660079070099997, 1.5801169228551166]
APTIDAO: 
39.60443392868013
GEN: 5200
Individuo: 
[0.9999787320983198, 1.690436984715787, 2.1346990649389705, 0.8915806486007702, 0.10268785029494978, 0.6835840304871839, 0.8808819570747266, 0.1289365829511317, 1.9960155243174416, 1.3660079070099997, 1.5814381834670077]
APTIDAO: 
39.600767082785964
GEN: 5300
Individuo: 
[0.9999787320983198, 1.690436984715787, 2.1346990649389705, 0.8915806486007702, 0.10268785029494978, 0.6835840304871839, 0.8808819570747266, 0.1289365829511317, 1.9960155243174416, 1.3662300980500706, 1.5814381834670077]
APTIDAO: 
39.60047388709628
GEN: 5400
Individuo: 
[0.9999787320983198, 1.690436984715787, 2.1346990649389705, 0.8915806486007702, 0.10268785029494978, 0.6835840304871839, 0.8808819570747266, 0.1289365829511317, 1.9960155243174416, 1.3662300980500706, 1.5814381834670077]
APTIDAO: 
39.60047388709628
GEN: 5500
Individuo: 
[0.9999787320983198, 1.690436984715787, 2.1346990649389705, 0.8915806486007702, 0.10268785029494978, 0.6835840304871839, 0.8808819570747266, 0.1289365829511317, 1.9960155243174416, 1.3662300980500706, 1.5814381834670077]
APTIDAO: 
39.60047388709628
GEN: 5600
Individuo: 
[0.9999787320983198, 1.690436984715787, 2.1346990649389705, 0.8915806486007702, 0.10268785029494978, 0.6835840304871839, 0.8808819570747266, 0.1289365829511317, 1.9960155243174416, 1.3662300980500706, 1.5814381834670077]
APTIDAO: 
39.60047388709628
GEN: 5700
Individuo: 
[0.9999787320983198, 1.690436984715787, 2.1346990649389705, 0.8915806486007702, 0.10569315171518204, 0.6835840304871839, 0.8808819570747266, 0.1289365829511317, 1.9960155243174416, 1.3662300980500706, 1.5828868996216743]
APTIDAO: 
39.596905474586436
GEN: 5800
Individuo: 
[0.9999787320983198, 1.690436984715787, 2.1346990649389705, 0.8915806486007702, 0.10482892480238103, 0.6835840304871839, 0.8808819570747266, 0.1289365829511317, 1.9960155243174416, 1.3662300980500706, 1.5847959477863853]
APTIDAO: 
39.592536943438446
GEN: 5900
Individuo: 
[0.9999787320983198, 1.690436984715787, 2.1346990649389705, 0.8915806486007702, 0.10482892480238103, 0.6835840304871839, 0.8808819570747266, 0.1289365829511317, 1.9960155243174416, 1.3662300980500706, 1.5847959477863853]
APTIDAO: 
39.592536943438446
GEN: 6000
Individuo: 
[0.9999787320983198, 1.690436984715787, 2.1346990649389705, 0.8915806486007702, 0.10482892480238103, 0.6835840304871839, 0.8808819570747266, 0.1289365829511317, 1.9960155243174416, 1.3662300980500706, 1.5847959477863853]
APTIDAO: 
39.592536943438446
GEN: 6100
Individuo: 
[0.9999787320983198, 1.6429070889877484, 2.0362690847553435, 1.0211515887023117, 0.0953664221192999, 0.6835840304871839, 0.8808819570747266, 0.09512073159234893, 1.9960155243174416, 1.3662300980500706, 2.0124857978040143]
APTIDAO: 
38.86811261780176
GEN: 6200
Individuo: 
[0.9999787320983198, 1.6429070889877484, 1.9694297677064854, 1.1158570595034916, 0.10077374084047042, 0.6835840304871839, 0.8808819570747266, 0.09562959103461426, 1.9960155243174416, 1.3662300980500706, 2.0124857978040143]
APTIDAO: 
38.66972879493841
GEN: 6300
Individuo: 
[0.9999787320983198, 1.6429070889877484, 1.9694297677064854, 1.1304657875613138, 0.10077374084047042, 0.6835840304871839, 0.8808819570747266, 0.09562959103461426, 1.9960155243174416, 1.3662300980500706, 2.013228383365946]
APTIDAO: 
38.6618683360807
GEN: 6400
Individuo: 
[0.9999787320983198, 1.6429070889877484, 1.985191321770634, 1.1304657875613138, 0.10270051321300921, 0.6835840304871839, 0.8808819570747266, 0.09562959103461426, 1.9960155243174416, 1.3662300980500706, 2.013228383365946]
APTIDAO: 
38.65903184816432
GEN: 6500
Individuo: 
[0.9999787320983198, 1.6192506249584047, 1.985191321770634, 1.1304657875613138, 0.10270051321300921, 0.6835840304871839, 0.8808819570747266, 0.09562959103461426, 1.9960155243174416, 1.3662300980500706, 2.0283337264428907]
APTIDAO: 
38.64131701305921
GEN: 6600
Individuo: 
[0.9999787320983198, 1.6192506249584047, 1.985191321770634, 1.1534023641579296, 0.10270051321300921, 0.6835840304871839, 0.8808819570747266, 0.09562959103461426, 1.9960155243174416, 1.3662300980500706, 2.0283337264428907]
APTIDAO: 
38.636699380230226
GEN: 6700
Individuo: 
[0.9999787320983198, 1.6192506249584047, 2.01869985169013, 1.1534023641579296, 0.10585909729321334, 0.6835840304871839, 0.8808819570747266, 0.09562959103461426, 1.9960155243174416, 1.3662300980500706, 2.0283337264428907]
APTIDAO: 
38.62653685278222
GEN: 6800
Individuo: 
[0.9999787320983198, 1.6192506249584047, 2.01869985169013, 1.149706622076013, 0.10581104470793208, 0.6835840304871839, 0.8808819570747266, 0.09562959103461426, 1.9960155243174416, 1.3662300980500706, 2.0283337264428907]
APTIDAO: 
38.625436351794754
GEN: 6900
Individuo: 
[0.9999787320983198, 1.6192506249584047, 2.01869985169013, 1.149706622076013, 0.10581104470793208, 0.6835840304871839, 0.8808819570747266, 0.09562959103461426, 1.9960155243174416, 1.3662300980500706, 2.0283337264428907]
APTIDAO: 
38.625436351794754
GEN: 7000
Individuo: 
[0.9999787320983198, 1.605777355148636, 2.01869985169013, 1.1482538157097073, 0.10504531493945991, 0.6835840304871839, 0.8808819570747266, 0.09562959103461426, 1.9960155243174416, 1.3662300980500706, 2.0283337264428907]
APTIDAO: 
38.621947851643
GEN: 7100
Individuo: 
[0.9999787320983198, 1.605777355148636, 2.01869985169013, 1.1482538157097073, 0.10504531493945991, 0.6835840304871839, 0.8808819570747266, 0.09562959103461426, 1.9960155243174416, 1.3662300980500706, 2.0283337264428907]
APTIDAO: 
38.621947851643
GEN: 7200
Individuo: 
[0.9999787320983198, 1.605777355148636, 2.01869985169013, 1.1482538157097073, 0.10504531493945991, 0.6835840304871839, 0.8808819570747266, 0.09562959103461426, 1.9960155243174416, 1.3662300980500706, 2.0283337264428907]
APTIDAO: 
38.621947851643
GEN: 7300
Individuo: 
[0.9999787320983198, 1.605777355148636, 2.01869985169013, 1.1478110076698675, 0.10504531493945991, 0.6835840304871839, 0.8808819570747266, 0.09550204005063839, 1.9960155243174416, 1.3662300980500706, 2.0283337264428907]
APTIDAO: 
38.61972927923989
GEN: 7400
Individuo: 
[0.9999787320983198, 1.605777355148636, 2.01869985169013, 1.1478110076698675, 0.10534421024662906, 0.6835840304871839, 0.8808819570747266, 0.09550204005063839, 1.9960155243174416, 1.3662300980500706, 2.0283337264428907]
APTIDAO: 
38.619692456086575
GEN: 7500
Individuo: 
[0.9999787320983198, 1.605777355148636, 2.01869985169013, 1.1478110076698675, 0.1039983094190754, 0.6840713693938303, 0.8808819570747266, 0.09550204005063839, 1.9960155243174416, 1.3662300980500706, 2.0283337264428907]
APTIDAO: 
38.61921848752199
GEN: 7600
Individuo: 
[0.9999787320983198, 1.605777355148636, 2.01869985169013, 1.1478110076698675, 0.1039983094190754, 0.6840713693938303, 0.8808819570747266, 0.09550204005063839, 1.9960155243174416, 1.3662300980500706, 2.0283337264428907]
APTIDAO: 
38.61921848752199
GEN: 7700
Individuo: 
[0.9999787320983198, 1.605777355148636, 2.01869985169013, 1.1478110076698675, 0.1039983094190754, 0.6840713693938303, 0.8791391267371694, 0.09550204005063839, 1.9960155243174416, 1.3662300980500706, 2.0283337264428907]
APTIDAO: 
38.61907238926626
GEN: 7800
Individuo: 
[0.9999787320983198, 1.6077511837685896, 2.01869985169013, 1.1478110076698675, 0.1039983094190754, 0.6858645963516123, 0.8791391267371694, 0.09550204005063839, 1.9960155243174416, 1.3662300980500706, 2.0283337264428907]
APTIDAO: 
38.614274154757275
GEN: 7900
Individuo: 
[0.9999787320983198, 1.6077511837685896, 2.01869985169013, 1.1474947704390457, 0.1039983094190754, 0.6858645963516123, 0.8791391267371694, 0.09550204005063839, 1.9960155243174416, 1.3662300980500706, 2.0283337264428907]
APTIDAO: 
38.614126778403495
GEN: 8000
Individuo: 
[0.9999787320983198, 1.6077511837685896, 2.01869985169013, 1.1474947704390457, 0.1039983094190754, 0.6858645963516123, 0.8791391267371694, 0.09550204005063839, 1.9960155243174416, 1.3662300980500706, 2.0283337264428907]
APTIDAO: 
38.614126778403495
GEN: 8100
Individuo: 
[0.9999787320983198, 1.6077511837685896, 2.01869985169013, 1.1474947704390457, 0.1039983094190754, 0.6858645963516123, 0.8791391267371694, 0.09550204005063839, 1.9960155243174416, 1.3662300980500706, 2.0283337264428907]
APTIDAO: 
38.614126778403495
GEN: 8200
Individuo: 
[0.9999787320983198, 1.6077511837685896, 2.01869985169013, 1.1474947704390457, 0.1039983094190754, 0.6858645963516123, 0.8791391267371694, 0.09550204005063839, 1.9960155243174416, 1.3662300980500706, 2.0283337264428907]
APTIDAO: 
38.614126778403495
GEN: 8300
Individuo: 
[0.9999787320983198, 1.6077511837685896, 2.01869985169013, 1.1474947704390457, 0.1039983094190754, 0.6858645963516123, 0.8791391267371694, 0.09550204005063839, 1.9960155243174416, 1.3662300980500706, 2.0283337264428907]
APTIDAO: 
38.614126778403495
GEN: 8400
Individuo: 
[0.9999787320983198, 1.6077511837685896, 2.01869985169013, 1.1474947704390457, 0.1039983094190754, 0.6858645963516123, 0.8791391267371694, 0.09550204005063839, 1.9960155243174416, 1.3662300980500706, 2.0283337264428907]
APTIDAO: 
38.614126778403495
GEN: 8500
Individuo: 
[0.9999787320983198, 1.6077511837685896, 2.01869985169013, 1.1474947704390457, 0.1039983094190754, 0.6858645963516123, 0.8791391267371694, 0.09550204005063839, 1.9960155243174416, 1.3662798035054133, 2.0283337264428907]
APTIDAO: 
38.61399311581981
GEN: 8600
Individuo: 
[0.9999787320983198, 1.6077511837685896, 2.01869985169013, 1.1474947704390457, 0.10395518014457279, 0.6858645963516123, 0.8791391267371694, 0.09550204005063839, 1.9960155243174416, 1.3662798035054133, 2.0283337264428907]
APTIDAO: 
38.61388523821627
GEN: 8700
Individuo: 
[0.9999787320983198, 1.6077511837685896, 2.01869985169013, 1.1474947704390457, 0.10346712677795408, 0.6858645963516123, 0.8791391267371694, 0.09550204005063839, 1.9960155243174416, 1.3662798035054133, 2.0283337264428907]
APTIDAO: 
38.61336887479007
GEN: 8800
Individuo: 
[0.9999787320983198, 1.6077511837685896, 2.01869985169013, 1.1474947704390457, 0.10346712677795408, 0.6858645963516123, 0.8791391267371694, 0.09550204005063839, 1.9960155243174416, 1.3669531026119526, 2.0283337264428907]
APTIDAO: 
38.61260170154372
GEN: 8900
Individuo: 
[0.9999787320983198, 1.6077511837685896, 2.01869985169013, 1.1474947704390457, 0.10346712677795408, 0.6858645963516123, 0.8791391267371694, 0.09550204005063839, 1.9960155243174416, 1.3669531026119526, 2.0283337264428907]
APTIDAO: 
38.61260170154372
GEN: 9000
Individuo: 
[0.9999787320983198, 1.6093972454986638, 2.01869985169013, 1.1474947704390457, 0.10346712677795408, 0.6858645963516123, 0.8791391267371694, 0.09550204005063839, 1.9960155243174416, 1.3669531026119526, 2.0283337264428907]
APTIDAO: 
38.61246739749829
GEN: 9100
Individuo: 
[0.9999787320983198, 1.6093972454986638, 2.01869985169013, 1.1474947704390457, 0.10346712677795408, 0.6858645963516123, 0.8791391267371694, 0.09550204005063839, 1.9960155243174416, 1.3669531026119526, 2.0283337264428907]
APTIDAO: 
38.61246739749829
GEN: 9200
Individuo: 
[0.9999787320983198, 1.6093972454986638, 2.01869985169013, 1.1474947704390457, 0.10346712677795408, 0.6858645963516123, 0.8791391267371694, 0.09550204005063839, 1.9960155243174416, 1.3669531026119526, 2.0283337264428907]
APTIDAO: 
38.61246739749829
GEN: 9300
Individuo: 
[0.9999787320983198, 1.609807939985728, 2.01869985169013, 1.1474947704390457, 0.10346712677795408, 0.6858645963516123, 0.8791391267371694, 0.09550204005063839, 1.9960155243174416, 1.3669531026119526, 2.0283337264428907]
APTIDAO: 
38.612435329669125
GEN: 9400
Individuo: 
[0.9999787320983198, 1.609807939985728, 2.01869985169013, 1.1474947704390457, 0.10346712677795408, 0.6858645963516123, 0.8791391267371694, 0.09550204005063839, 1.9960155243174416, 1.3669531026119526, 2.0283337264428907]
APTIDAO: 
38.612435329669125
GEN: 9500
Individuo: 
[0.9999787320983198, 1.609807939985728, 2.01869985169013, 1.1474947704390457, 0.10346712677795408, 0.6858645963516123, 0.8791391267371694, 0.09550204005063839, 1.9960155243174416, 1.3669531026119526, 2.0283337264428907]
APTIDAO: 
38.612435329669125
GEN: 9600
Individuo: 
[0.9999787320983198, 1.609807939985728, 2.01869985169013, 1.1474618559093088, 0.10346712677795408, 0.6858645963516123, 0.8791391267371694, 0.09550204005063839, 1.9960155243174416, 1.3669531026119526, 2.0283337264428907]
APTIDAO: 
38.61242005966351
GEN: 9700
Individuo: 
[0.9999787320983198, 1.609807939985728, 2.01869985169013, 1.1474618559093088, 0.10346712677795408, 0.6858645963516123, 0.880462810579938, 0.09550204005063839, 1.9960155243174416, 1.3669531026119526, 2.0283337264428907]
APTIDAO: 
38.612261514936876
GEN: 9800
Individuo: 
[0.9999787320983198, 1.609807939985728, 2.01869985169013, 1.1474618559093088, 0.10346712677795408, 0.6858645963516123, 0.880462810579938, 0.09550204005063839, 1.9960155243174416, 1.3669531026119526, 2.0283337264428907]
APTIDAO: 
38.612261514936876
GEN: 9900
Individuo: 
[0.9999787320983198, 1.609807939985728, 2.01869985169013, 1.1474618559093088, 0.10346712677795408, 0.6858645963516123, 0.880462810579938, 0.09550204005063839, 1.9960155243174416, 1.3669531026119526, 2.0283337264428907]
APTIDAO: 
38.612261514936876
GEN: 10000
Individuo: 
[0.9999787320983198, 1.609807939985728, 2.01869985169013, 1.1474618559093088, 0.10346712677795408, 0.6858645963516123, 0.880462810579938, 0.09550204005063839, 1.9960155243174416, 1.3669531026119526, 2.0283337264428907]
APTIDAO: 
38.612261514936876

--- RESULTADO FINAL ---
Erro (norma-1): 38.612261514936876
Parâmetros: [0.9999787320983198, 1.609807939985728, 2.01869985169013, 1.1474618559093088, 0.10346712677795408, 0.6858645963516123, 0.880462810579938, 0.09550204005063839, 1.9960155243174416, 1.3669531026119526, 2.0283337264428907]
Tempo total: 00h 25m 18s
