SEED: 1778434285
METODO: ABCD_MM
IND_SIZE: 15
GEN: 0
Individuo: 
[2.265952489878887, 1.3552615204545366, 3.52857928760036, 0.2983477833892184, 0.5312039507799734, 0.7960758252812444, 0.771801462794716, 0.5269289420587974, 4.2833762775064255, 6.323031613480491, 5.3042838240771655, 3.2741338196707948, 6.86887271069452, 4.4387632602639275, 1.6656251560877229]
APTIDAO: 
153.56450446483063
GEN: 100
Individuo: 
[0.9978111791163523, 0.320714571208539, 4.411102375660953, 4.543520730426786, 0.006229659685907118, 0.7471221160956241, 0.808171084448043, 0.4435195323423549, 9.610177736854347, 1.3247719968470644, 4.024090686734802, 5.327388140993385, 2.2172989433401997, 3.268887748709532, 1.2894114179096468]
APTIDAO: 
30.385425831826804
GEN: 200
Individuo: 
[0.9978111791163523, 0.320714571208539, 4.411102375660953, 4.430406714509895, 0.014924967674334518, 0.7053942622708593, 0.814031899891578, 0.430074952100405, 9.47294318565823, 1.25591104837019, 4.162472554710652, 4.766291168955113, 2.126002313887377, 3.268887748709532, 1.2894114179096468]
APTIDAO: 
27.875204481432302
GEN: 300
Individuo: 
[0.9978111791163523, 0.320714571208539, 4.411102375660953, 4.5151309554324675, 0.0050017856217298255, 0.7053942622708593, 0.8200607379304466, 0.42169150814117967, 1.3962505449426328, 1.25591104837019, 4.275334794897502, 4.766291168955113, 2.1119294581485892, 3.3912239107011586, 1.3606505663717812]
APTIDAO: 
26.65921650104857
GEN: 400
Individuo: 
[0.9978111791163523, 0.320714571208539, 4.411102375660953, 4.5151309554324675, 0.0050017856217298255, 0.7053942622708593, 0.8244146337189887, 0.42169150814117967, 5.319406459930238, 1.25591104837019, 4.275334794897502, 4.766291168955113, 2.12115430715705, 3.3912239107011586, 1.3606505663717812]
APTIDAO: 
26.631609998150815
GEN: 500
Individuo: 
[0.9978111791163523, 0.320714571208539, 4.411102375660953, 4.494713918004567, 0.018971759223151613, 0.7053942622708593, 0.8244146337189887, 0.42169150814117967, 1.2111315667980218, 1.24987341389354, 4.170756097917356, 4.766291168955113, 2.12115430715705, 3.3912239107011586, 1.368595963944537]
APTIDAO: 
26.52077497668775
GEN: 600
Individuo: 
[0.9978111791163523, 0.320714571208539, 4.411102375660953, 4.574293707682654, 0.018971759223151613, 0.7053942622708593, 0.8405411653118364, 0.4048788148201994, 1.3569069273356154, 1.2313268464129878, 4.170756097917356, 4.766291168955113, 2.12115430715705, 3.325686265655136, 1.458497237131143]
APTIDAO: 
24.996402828261182
GEN: 700
Individuo: 
[0.9978111791163523, 0.320714571208539, 4.411102375660953, 4.574293707682654, 0.023612786312015306, 0.7053942622708593, 0.8405411653118364, 0.39886611322243115, 1.3569069273356154, 1.2313268464129878, 4.170756097917356, 4.725950463351387, 2.12115430715705, 3.325686265655136, 1.458497237131143]
APTIDAO: 
24.848144749791814
GEN: 800
Individuo: 
[0.999108164050829, 0.320714571208539, 4.411102375660953, 4.574293707682654, 0.03653245925638143, 0.7053942622708593, 0.8405411653118364, 0.39886611322243115, 1.2863203709704416, 1.2313268464129878, 4.065017182180095, 4.701595362231293, 2.12115430715705, 3.325686265655136, 1.4957332939361907]
APTIDAO: 
24.422004419247276
GEN: 900
Individuo: 
[0.999108164050829, 0.3234849960492417, 4.411102375660953, 4.574293707682654, 0.03653245925638143, 0.7053942622708593, 0.8405411653118364, 0.3987150794253258, 1.2863203709704416, 1.2313268464129878, 4.065017182180095, 4.701595362231293, 2.12115430715705, 3.325686265655136, 1.4957332939361907]
APTIDAO: 
24.415122502129467
GEN: 1000
Individuo: 
[0.999108164050829, 0.3247065830714987, 4.411102375660953, 4.512912010954772, 0.09111135029613888, 0.7053942622708593, 0.8405411653118364, 0.3987150794253258, 1.3044391146447378, 1.180416049060033, 4.065017182180095, 4.684806508849193, 2.12115430715705, 3.325686265655136, 1.4957332939361907]
APTIDAO: 
24.379868719128247
GEN: 1100
Individuo: 
[0.999108164050829, 0.3247065830714987, 4.411102375660953, 4.495442269148568, 0.09111135029613888, 0.7053942622708593, 0.8405411653118364, 0.3987150794253258, 1.3044391146447378, 1.180416049060033, 4.065017182180095, 4.684806508849193, 2.12115430715705, 3.325686265655136, 1.520634254157242]
APTIDAO: 
24.35760790301636
GEN: 1200
Individuo: 
[0.999108164050829, 0.3247065830714987, 4.411102375660953, 4.495442269148568, 0.08610772402303678, 0.7053942622708593, 0.8405411653118364, 0.3987150794253258, 1.2738182122233905, 1.188303439711021, 4.079751551427623, 4.684806508849193, 2.117604539324691, 3.375382128728779, 1.5176835519935203]
APTIDAO: 
24.287869966481814
GEN: 1300
Individuo: 
[0.999108164050829, 0.3247065830714987, 4.411102375660953, 4.382956532919063, 0.08610772402303678, 0.7053942622708593, 0.8405411653118364, 0.3987150794253258, 1.2738182122233905, 1.188303439711021, 4.079751551427623, 4.684806508849193, 2.117604539324691, 3.375382128728779, 1.5176835519935203]
APTIDAO: 
24.27591117644409
GEN: 1400
Individuo: 
[0.999108164050829, 0.36297686947766133, 4.411102375660953, 4.382956532919063, 0.08610772402303678, 0.7053942622708593, 0.8405411653118364, 0.3987150794253258, 1.2738182122233905, 1.188303439711021, 4.079751551427623, 4.684806508849193, 2.1108980643264426, 3.375382128728779, 1.5176835519935203]
APTIDAO: 
24.22905285131955
GEN: 1500
Individuo: 
[0.999108164050829, 0.35725199177478767, 4.411102375660953, 4.382956532919063, 0.08321851705281579, 0.7053942622708593, 0.8449893119560268, 0.3987150794253258, 1.2738182122233905, 1.1871252122892682, 4.079751551427623, 4.684806508849193, 2.117604539324691, 3.375382128728779, 1.5176835519935203]
APTIDAO: 
24.203133004147162
GEN: 1600
Individuo: 
[0.999108164050829, 0.35070813352938907, 4.411102375660953, 4.285986702792736, 0.08299930679591788, 0.7053942622708593, 0.8449893119560268, 0.3987150794253258, 1.2738182122233905, 1.1871252122892682, 4.079751551427623, 4.6675824170129445, 2.117604539324691, 3.375382128728779, 1.5176835519935203]
APTIDAO: 
24.191900372165243
GEN: 1700
Individuo: 
[0.999108164050829, 0.3608979771107989, 4.411102375660953, 4.285986702792736, 0.08299930679591788, 0.7053942622708593, 0.8449893119560268, 0.3987150794253258, 1.2464715163808846, 1.1871252122892682, 4.079751551427623, 4.598219291374795, 2.117604539324691, 3.375382128728779, 1.5176835519935203]
APTIDAO: 
24.146926464371592
GEN: 1800
Individuo: 
[0.999108164050829, 0.3608979771107989, 4.411102375660953, 4.285986702792736, 0.08495319814192001, 0.7053942622708593, 0.8449893119560268, 0.3930529943147695, 1.2464715163808846, 1.1726932825795346, 4.079751551427623, 4.539955630367495, 2.112868680258707, 3.3739814718643544, 1.5176835519935203]
APTIDAO: 
23.770441026090005
GEN: 1900
Individuo: 
[0.999108164050829, 0.3608979771107989, 4.411102375660953, 4.285986702792736, 0.08495319814192001, 0.7053942622708593, 0.8449893119560268, 0.3930529943147695, 1.2464715163808846, 1.1726932825795346, 4.079751551427623, 4.539955630367495, 2.112868680258707, 3.3739814718643544, 1.5188497225238804]
APTIDAO: 
23.769007196526385
GEN: 2000
Individuo: 
[0.999108164050829, 0.36214583246602605, 4.617095920151453, 3.979939188128095, 0.08495319814192001, 0.7053942622708593, 0.8449893119560268, 0.3930529943147695, 1.2464715163808846, 1.1726932825795346, 4.079751551427623, 4.539955630367495, 2.112868680258707, 3.3739814718643544, 1.5220191192457684]
APTIDAO: 
23.416762012038326
GEN: 2100
Individuo: 
[0.999108164050829, 0.36214583246602605, 4.617095920151453, 4.050976437282477, 0.09225976997919424, 0.7074208381586046, 0.8449893119560268, 0.3930529943147695, 1.2464715163808846, 1.1726932825795346, 4.079751551427623, 4.416901062071583, 2.112868680258707, 3.3739814718643544, 1.5220191192457684]
APTIDAO: 
23.206683842907488
GEN: 2200
Individuo: 
[0.999108164050829, 0.36214583246602605, 4.617095920151453, 4.050976437282477, 0.09225976997919424, 0.7074208381586046, 0.8427714513385489, 0.3930529943147695, 1.2428452503850087, 1.1726932825795346, 4.079751551427623, 4.474938847251697, 2.112868680258707, 3.3739814718643544, 1.5220191192457684]
APTIDAO: 
23.17095793924256
GEN: 2300
Individuo: 
[0.999108164050829, 0.36214583246602605, 4.617095920151453, 4.050976437282477, 0.09225976997919424, 0.7074208381586046, 0.8427714513385489, 0.3930529943147695, 1.2428452503850087, 1.1726932825795346, 4.079751551427623, 4.474938847251697, 2.112868680258707, 3.380726083682808, 1.5220191192457684]
APTIDAO: 
23.166453950607952
GEN: 2400
Individuo: 
[0.999108164050829, 0.3654442759518772, 4.617095920151453, 4.050976437282477, 0.09225976997919424, 0.7074208381586046, 0.8427714513385489, 0.3930529943147695, 1.2428452503850087, 1.1726932825795346, 4.079751551427623, 4.474938847251697, 2.112868680258707, 3.380726083682808, 1.5108951329104674]
APTIDAO: 
23.1473739427936
GEN: 2500
Individuo: 
[0.999108164050829, 0.3754128824923812, 4.617095920151453, 4.050976437282477, 0.09225976997919424, 0.7074208381586046, 0.8427714513385489, 0.3930529943147695, 1.2428452503850087, 1.1726932825795346, 4.079751551427623, 4.474938847251697, 2.112868680258707, 3.4048966380357206, 1.5108951329104674]
APTIDAO: 
23.10260346246554
GEN: 2600
Individuo: 
[0.999108164050829, 0.3754128824923812, 4.620679291807061, 4.050976437282477, 0.0937098308964268, 0.7074208381586046, 0.8427714513385489, 0.3930529943147695, 1.2428452503850087, 1.1726932825795346, 4.079751551427623, 4.474938847251697, 2.112868680258707, 3.4048966380357206, 1.508313077861728]
APTIDAO: 
23.09333277567123
GEN: 2700
Individuo: 
[0.999108164050829, 0.3754128824923812, 4.620679291807061, 4.050976437282477, 0.0937098308964268, 0.7074208381586046, 0.8427714513385489, 0.3930529943147695, 1.2428452503850087, 1.1673862660938277, 4.079751551427623, 4.474938847251697, 2.112868680258707, 3.4089763046490824, 1.5045708165437006]
APTIDAO: 
23.081703410978893
GEN: 2800
Individuo: 
[0.999108164050829, 0.3754128824923812, 4.620679291807061, 4.050976437282477, 0.0937098308964268, 0.7103750834997365, 0.8427714513385489, 0.3930529943147695, 1.2428452503850087, 1.1673862660938277, 4.0883767742874095, 4.474938847251697, 2.112868680258707, 3.4089763046490824, 1.5045708165437006]
APTIDAO: 
23.075422241686958
GEN: 2900
Individuo: 
[0.999108164050829, 0.3754128824923812, 4.705270733416353, 4.050976437282477, 0.08610021628047831, 0.7103750834997365, 0.8427714513385489, 0.3930529943147695, 1.2365887503337898, 1.1673862660938277, 4.140989886717492, 4.474938847251697, 2.112868680258707, 3.4089763046490824, 1.5045708165437006]
APTIDAO: 
22.957828517541884
GEN: 3000
Individuo: 
[0.999108164050829, 0.3754128824923812, 4.705270733416353, 4.008021834014635, 0.08887372275028049, 0.7103750834997365, 0.8427714513385489, 0.3930529943147695, 1.2478078722500623, 1.1673862660938277, 4.140989886717492, 4.371214966727675, 2.112868680258707, 3.442080652458815, 1.4716162527655403]
APTIDAO: 
22.834130587656507
GEN: 3100
Individuo: 
[0.999108164050829, 0.3754128824923812, 4.928687672936431, 3.8598034296032773, 0.08887372275028049, 0.7103750834997365, 0.8427714513385489, 0.3930529943147695, 1.2479747421566478, 1.1673862660938277, 4.140989886717492, 4.371214966727675, 2.112868680258707, 3.442080652458815, 1.4774989969241759]
APTIDAO: 
22.450332159875096
GEN: 3200
Individuo: 
[0.999108164050829, 0.3754128824923812, 4.928687672936431, 3.831854084432582, 0.08887372275028049, 0.7103750834997365, 0.8443553870861873, 0.3930529943147695, 1.2479747421566478, 1.1673862660938277, 4.140989886717492, 4.371214966727675, 2.112868680258707, 3.4543452766905385, 1.4774989969241759]
APTIDAO: 
22.403347732122484
GEN: 3300
Individuo: 
[0.999108164050829, 0.3754128824923812, 4.928687672936431, 3.831854084432582, 0.08887372275028049, 0.7103750834997365, 0.8443553870861873, 0.3930529943147695, 1.2479747421566478, 1.1673862660938277, 4.167996781343387, 4.371214966727675, 2.112868680258707, 3.5033222686214773, 1.4774989969241759]
APTIDAO: 
22.36567219645645
GEN: 3400
Individuo: 
[0.999108164050829, 0.3754128824923812, 4.928687672936431, 3.831854084432582, 0.08887372275028049, 0.7103750834997365, 0.8443553870861873, 0.39076713556015447, 1.2479747421566478, 1.1673862660938277, 4.175634828276406, 4.301153327774124, 2.119443510474367, 3.5033222686214773, 1.4756600281436063]
APTIDAO: 
22.211630060243085
GEN: 3500
Individuo: 
[0.999108164050829, 0.3754128824923812, 4.9776061245333905, 3.831854084432582, 0.09451678609237407, 0.7103750834997365, 0.8443553870861873, 0.39076713556015447, 1.2479747421566478, 1.1673862660938277, 4.175634828276406, 4.301153327774124, 2.119443510474367, 3.5033222686214773, 1.4756600281436063]
APTIDAO: 
22.16272045132196
GEN: 3600
Individuo: 
[0.999108164050829, 0.3695262337629454, 4.9776061245333905, 3.831854084432582, 0.09451678609237407, 0.7103750834997365, 0.8443553870861873, 0.39076713556015447, 1.2758830857691854, 1.1673862660938277, 4.186326647598188, 4.301153327774124, 2.119443510474367, 3.5033222686214773, 1.4756600281436063]
APTIDAO: 
22.141469867369743
GEN: 3700
Individuo: 
[0.999108164050829, 0.3695262337629454, 4.9776061245333905, 3.831854084432582, 0.09451678609237407, 0.7103750834997365, 0.8443553870861873, 0.39076713556015447, 1.2758830857691854, 1.1673862660938277, 4.186326647598188, 4.301153327774124, 2.119443510474367, 3.5033222686214773, 1.4756600281436063]
APTIDAO: 
22.141469867369743
GEN: 3800
Individuo: 
[0.999108164050829, 0.3695262337629454, 4.9776061245333905, 3.831854084432582, 0.09451678609237407, 0.7103750834997365, 0.8443553870861873, 0.39076713556015447, 1.2758830857691854, 1.1673862660938277, 4.186326647598188, 4.301153327774124, 2.119443510474367, 3.519730800833099, 1.4756600281436063]
APTIDAO: 
22.141303637350287
GEN: 3900
Individuo: 
[0.999108164050829, 0.3695262337629454, 4.9776061245333905, 3.831854084432582, 0.09466198302650411, 0.7103750834997365, 0.8443553870861873, 0.39076713556015447, 1.2758830857691854, 1.1639052049065037, 4.186326647598188, 4.301153327774124, 2.119443510474367, 3.519730800833099, 1.4756600281436063]
APTIDAO: 
22.13978773445842
GEN: 4000
Individuo: 
[0.999108164050829, 0.3690713540191168, 4.980390054798261, 3.831854084432582, 0.09801962598704145, 0.7103750834997365, 0.8443553870861873, 0.39076713556015447, 1.2719251706986046, 1.1639052049065037, 4.186326647598188, 4.301153327774124, 2.119443510474367, 3.519730800833099, 1.4756600281436063]
APTIDAO: 
22.127790959484607
GEN: 4100
Individuo: 
[0.999108164050829, 0.3690713540191168, 4.980390054798261, 3.831854084432582, 0.09801962598704145, 0.7103750834997365, 0.8443553870861873, 0.39076713556015447, 1.2758830857691854, 1.1639052049065037, 4.186326647598188, 4.301153327774124, 2.119443510474367, 3.519730800833099, 1.472272740973313]
APTIDAO: 
22.125232352059513
GEN: 4200
Individuo: 
[0.999108164050829, 0.3690713540191168, 4.980390054798261, 3.831854084432582, 0.09351424372329113, 0.7103750834997365, 0.8476602227077911, 0.39076713556015447, 1.2758830857691854, 1.1639052049065037, 4.186326647598188, 4.301153327774124, 2.119443510474367, 3.530250338247554, 1.472272740973313]
APTIDAO: 
22.084943754633226
GEN: 4300
Individuo: 
[0.999108164050829, 0.3690713540191168, 4.994873906915448, 3.831854084432582, 0.10104146702205027, 0.7103750834997365, 0.8476602227077911, 0.39076713556015447, 1.2758830857691854, 1.157854526438068, 4.186326647598188, 4.301153327774124, 2.119443510474367, 3.530250338247554, 1.472272740973313]
APTIDAO: 
22.056613364560203
GEN: 4400
Individuo: 
[0.999108164050829, 0.3690713540191168, 4.994873906915448, 3.829319092232256, 0.10104146702205027, 0.7103750834997365, 0.8476602227077911, 0.3904447312395899, 1.2758830857691854, 1.157854526438068, 4.208061307402397, 4.301153327774124, 2.119443510474367, 3.530250338247554, 1.472272740973313]
APTIDAO: 
22.04289578324726
GEN: 4500
Individuo: 
[0.999108164050829, 0.3690713540191168, 4.994873906915448, 3.829319092232256, 0.09942978389148467, 0.7103750834997365, 0.8476602227077911, 0.3904447312395899, 1.2758830857691854, 1.157854526438068, 4.208061307402397, 4.301153327774124, 2.119443510474367, 3.5958955064364724, 1.472272740973313]
APTIDAO: 
22.015984189986753
GEN: 4600
Individuo: 
[0.999108164050829, 0.3690713540191168, 4.994873906915448, 3.829319092232256, 0.09942978389148467, 0.7103750834997365, 0.8476602227077911, 0.3904447312395899, 1.2414945350099738, 1.157854526438068, 4.208061307402397, 4.301153327774124, 2.119443510474367, 3.5958955064364724, 1.472272740973313]
APTIDAO: 
22.003856106766086
GEN: 4700
Individuo: 
[0.999108164050829, 0.3690713540191168, 4.994873906915448, 3.829319092232256, 0.09540108553696354, 0.7103750834997365, 0.8476602227077911, 0.3904447312395899, 1.2414945350099738, 1.157854526438068, 4.208061307402397, 4.267349257756262, 2.119443510474367, 3.5794724081116196, 1.472272740973313]
APTIDAO: 
21.992042627049578
GEN: 4800
Individuo: 
[0.999108164050829, 0.3690713540191168, 4.994873906915448, 3.829319092232256, 0.09540108553696354, 0.7103750834997365, 0.8476602227077911, 0.3904447312395899, 1.240844796316257, 1.157854526438068, 4.220362487605464, 4.276626886151488, 2.119443510474367, 3.5794724081116196, 1.472272740973313]
APTIDAO: 
21.975746708980203
GEN: 4900
Individuo: 
[0.9993267229780234, 0.3690713540191168, 4.994873906915448, 3.829319092232256, 0.09540108553696354, 0.7103750834997365, 0.8476602227077911, 0.3904447312395899, 1.240844796316257, 1.157854526438068, 4.220362487605464, 4.276626886151488, 2.119443510474367, 3.5794724081116196, 1.472272740973313]
APTIDAO: 
21.975641468499248
GEN: 5000
Individuo: 
[0.9993267229780234, 0.3690713540191168, 4.994873906915448, 3.823005446722162, 0.09540108553696354, 0.7103750834997365, 0.8476602227077911, 0.3896681390337202, 1.2461756517880112, 1.157854526438068, 4.220362487605464, 4.276626886151488, 2.119443510474367, 3.5794724081116196, 1.472272740973313]
APTIDAO: 
21.943327695452034
GEN: 5100
Individuo: 
[0.9993267229780234, 0.3690713540191168, 4.994873906915448, 3.823005446722162, 0.09540108553696354, 0.7103750834997365, 0.8476602227077911, 0.3896681390337202, 1.2461756517880112, 1.157854526438068, 4.220362487605464, 4.276626886151488, 2.119443510474367, 3.5794724081116196, 1.472272740973313]
APTIDAO: 
21.943327695452034
GEN: 5200
Individuo: 
[0.9993267229780234, 0.3690713540191168, 4.994873906915448, 3.823005446722162, 0.09540108553696354, 0.7152649950326652, 0.8476602227077911, 0.3896681390337202, 1.2461756517880112, 1.148665403123576, 4.220362487605464, 4.276626886151488, 2.119443510474367, 3.5794724081116196, 1.472272740973313]
APTIDAO: 
21.916875337771263
GEN: 5300
Individuo: 
[0.9993267229780234, 0.3690713540191168, 4.994873906915448, 3.823005446722162, 0.0908613590869792, 0.7152649950326652, 0.8476602227077911, 0.3882868381206157, 1.2461756517880112, 1.148665403123576, 4.220362487605464, 4.276626886151488, 2.119443510474367, 3.5794724081116196, 1.472272740973313]
APTIDAO: 
21.88664794570471
GEN: 5400
Individuo: 
[0.9993267229780234, 0.3690713540191168, 4.994873906915448, 3.823005446722162, 0.0908613590869792, 0.7152649950326652, 0.8476602227077911, 0.3882868381206157, 1.2461756517880112, 1.148665403123576, 4.220362487605464, 4.276626886151488, 2.119443510474367, 3.5794724081116196, 1.472272740973313]
APTIDAO: 
21.88664794570471
GEN: 5500
Individuo: 
[0.9993267229780234, 0.3690713540191168, 4.994873906915448, 3.823005446722162, 0.0908613590869792, 0.7152649950326652, 0.8476602227077911, 0.3882868381206157, 1.2461756517880112, 1.148665403123576, 4.220362487605464, 4.2142744132447625, 2.119443510474367, 3.5794724081116196, 1.4661707815968132]
APTIDAO: 
21.82285269059743
GEN: 5600
Individuo: 
[0.9993267229780234, 0.3690713540191168, 4.994873906915448, 3.823005446722162, 0.0908613590869792, 0.7152649950326652, 0.8476602227077911, 0.3882868381206157, 1.2461756517880112, 1.148665403123576, 4.220362487605464, 4.2142744132447625, 2.119443510474367, 3.5794724081116196, 1.4661707815968132]
APTIDAO: 
21.82285269059743
GEN: 5700
Individuo: 
[0.9993267229780234, 0.3690713540191168, 4.994873906915448, 3.823005446722162, 0.0908613590869792, 0.7152649950326652, 0.8476602227077911, 0.3882868381206157, 1.2461756517880112, 1.148665403123576, 4.220362487605464, 4.2142744132447625, 2.119443510474367, 3.5794724081116196, 1.4661707815968132]
APTIDAO: 
21.82285269059743
GEN: 5800
Individuo: 
[0.9993267229780234, 0.3690713540191168, 4.994873906915448, 3.8205481908476897, 0.0908613590869792, 0.7152649950326652, 0.8476602227077911, 0.3882868381206157, 1.2461756517880112, 1.148665403123576, 4.220362487605464, 4.2142744132447625, 2.119443510474367, 3.5794724081116196, 1.4661707815968132]
APTIDAO: 
21.82185492866915
GEN: 5900
Individuo: 
[0.9993267229780234, 0.3690713540191168, 4.994873906915448, 3.8205481908476897, 0.0908613590869792, 0.7152649950326652, 0.8476602227077911, 0.3882868381206157, 1.2461756517880112, 1.148665403123576, 4.220362487605464, 4.2142744132447625, 2.119443510474367, 3.5794724081116196, 1.4661707815968132]
APTIDAO: 
21.82185492866915
GEN: 6000
Individuo: 
[0.9993267229780234, 0.3690713540191168, 4.994873906915448, 3.8205481908476897, 0.09082181434991968, 0.7152649950326652, 0.8476602227077911, 0.3882868381206157, 1.263350738743885, 1.148665403123576, 4.255792795427243, 4.2142744132447625, 2.119443510474367, 3.5794724081116196, 1.4661707815968132]
APTIDAO: 
21.814597700724978
GEN: 6100
Individuo: 
[0.9993267229780234, 0.3690713540191168, 4.994873906915448, 3.8205481908476897, 0.09082181434991968, 0.7152649950326652, 0.8476602227077911, 0.3882868381206157, 1.263350738743885, 1.1478152075234027, 4.255792795427243, 4.2142744132447625, 2.119443510474367, 3.5794724081116196, 1.4661707815968132]
APTIDAO: 
21.812723323736027
GEN: 6200
Individuo: 
[0.9993267229780234, 0.3690713540191168, 4.994873906915448, 3.8205481908476897, 0.09082181434991968, 0.7152649950326652, 0.8476602227077911, 0.3882868381206157, 1.263350738743885, 1.1478152075234027, 4.255792795427243, 4.2142744132447625, 2.119443510474367, 3.5794724081116196, 1.4661707815968132]
APTIDAO: 
21.812723323736027
GEN: 6300
Individuo: 
[0.9993267229780234, 0.3690713540191168, 4.994873906915448, 3.8205481908476897, 0.09082181434991968, 0.7152649950326652, 0.8481556253066193, 0.3882868381206157, 1.263350738743885, 1.1478152075234027, 4.255792795427243, 4.2142744132447625, 2.119443510474367, 3.5967735479905873, 1.4661707815968132]
APTIDAO: 
21.79387343793214
GEN: 6400
Individuo: 
[0.9993267229780234, 0.3690713540191168, 4.994873906915448, 3.8205481908476897, 0.10245736972315142, 0.7152649950326652, 0.8481556253066193, 0.3882868381206157, 1.263350738743885, 1.1478152075234027, 4.255792795427243, 4.1749744153710155, 2.119443510474367, 3.6286906733454916, 1.4614107366036195]
APTIDAO: 
21.76411031473714
GEN: 6500
Individuo: 
[0.9993267229780234, 0.3690713540191168, 4.994873906915448, 3.8205481908476897, 0.09371273057342225, 0.7152649950326652, 0.8481556253066193, 0.3882868381206157, 1.263350738743885, 1.1478152075234027, 4.292148480195193, 4.1749744153710155, 2.119443510474367, 3.6286906733454916, 1.4614107366036195]
APTIDAO: 
21.75610224501116
GEN: 6600
Individuo: 
[0.9993267229780234, 0.3690713540191168, 4.994873906915448, 3.8205481908476897, 0.09371273057342225, 0.7152649950326652, 0.8481556253066193, 0.3882868381206157, 1.263350738743885, 1.1478152075234027, 4.292148480195193, 4.1749744153710155, 2.119443510474367, 3.6286906733454916, 1.4614107366036195]
APTIDAO: 
21.75610224501116
GEN: 6700
Individuo: 
[0.9993267229780234, 0.3690713540191168, 4.994873906915448, 3.8205481908476897, 0.0943034646226361, 0.7152649950326652, 0.8481556253066193, 0.3882868381206157, 1.263350738743885, 1.1463692074469938, 4.286838687385085, 4.1749744153710155, 2.119443510474367, 3.6286906733454916, 1.4614107366036195]
APTIDAO: 
21.749733094303014
GEN: 6800
Individuo: 
[0.9993267229780234, 0.3690713540191168, 4.995110127363513, 3.8205481908476897, 0.0943034646226361, 0.7152649950326652, 0.8481556253066193, 0.3882868381206157, 1.263350738743885, 1.1463692074469938, 4.286838687385085, 4.1749744153710155, 2.119443510474367, 3.6286906733454916, 1.4614107366036195]
APTIDAO: 
21.74926178014216
GEN: 6900
Individuo: 
[0.9993267229780234, 0.37922970078416063, 4.995110127363513, 3.8205481908476897, 0.0943034646226361, 0.7152649950326652, 0.8481556253066193, 0.3882868381206157, 1.2532401127212016, 1.1463692074469938, 4.286838687385085, 4.1749744153710155, 2.119443510474367, 3.6286906733454916, 1.4614107366036195]
APTIDAO: 
21.73418857390485
GEN: 7000
Individuo: 
[0.9993267229780234, 0.37922970078416063, 4.995110127363513, 3.809423100803719, 0.09736470017168268, 0.7152649950326652, 0.8481556253066193, 0.3882868381206157, 1.2532401127212016, 1.1463692074469938, 4.286838687385085, 4.1749744153710155, 2.119443510474367, 3.631192007755253, 1.4614107366036195]
APTIDAO: 
21.716947512204143
GEN: 7100
Individuo: 
[0.9993267229780234, 0.37922970078416063, 4.995110127363513, 3.809423100803719, 0.09736470017168268, 0.7152649950326652, 0.8481556253066193, 0.3882868381206157, 1.2188990113829743, 1.1463692074469938, 4.286838687385085, 4.1749744153710155, 2.119443510474367, 3.669148436012785, 1.4614107366036195]
APTIDAO: 
21.69397599535193
GEN: 7200
Individuo: 
[0.9993267229780234, 0.37922970078416063, 4.995110127363513, 3.809423100803719, 0.0917845689352533, 0.7152649950326652, 0.8481556253066193, 0.3866997904486398, 1.2188990113829743, 1.1463692074469938, 4.286838687385085, 4.1749744153710155, 2.119443510474367, 3.669148436012785, 1.4614107366036195]
APTIDAO: 
21.64727865686111
GEN: 7300
Individuo: 
[0.9993267229780234, 0.37922970078416063, 4.995110127363513, 3.809423100803719, 0.0917845689352533, 0.7152649950326652, 0.8481556253066193, 0.3866997904486398, 1.2188990113829743, 1.1463692074469938, 4.286838687385085, 4.1749744153710155, 2.119443510474367, 3.669148436012785, 1.4614107366036195]
APTIDAO: 
21.64727865686111
GEN: 7400
Individuo: 
[0.9993267229780234, 0.37922970078416063, 4.995110127363513, 3.8255781403005034, 0.0917845689352533, 0.7152649950326652, 0.8481556253066193, 0.3866997904486398, 1.2188990113829743, 1.1463692074469938, 4.286838687385085, 4.1749744153710155, 2.119443510474367, 3.669148436012785, 1.4614107366036195]
APTIDAO: 
21.646261328721433
GEN: 7500
Individuo: 
[0.9993267229780234, 0.37922970078416063, 4.995110127363513, 3.8255781403005034, 0.0917845689352533, 0.7152649950326652, 0.8481556253066193, 0.3866997904486398, 1.2188990113829743, 1.1463692074469938, 4.286838687385085, 4.1749744153710155, 2.119443510474367, 3.669148436012785, 1.4614107366036195]
APTIDAO: 
21.646261328721433
GEN: 7600
Individuo: 
[0.9993267229780234, 0.37922970078416063, 4.995110127363513, 3.8255781403005034, 0.0917845689352533, 0.7152649950326652, 0.8481556253066193, 0.3866997904486398, 1.2265175383985687, 1.1463692074469938, 4.286838687385085, 4.143708687875878, 2.119443510474367, 3.669148436012785, 1.4614107366036195]
APTIDAO: 
21.62252988800607
GEN: 7700
Individuo: 
[0.9993267229780234, 0.37922970078416063, 4.995110127363513, 3.8255781403005034, 0.0931984738718098, 0.7152649950326652, 0.8481556253066193, 0.3866997904486398, 1.2265175383985687, 1.1463692074469938, 4.298414395261813, 4.143708687875878, 2.119443510474367, 3.669148436012785, 1.4614107366036195]
APTIDAO: 
21.608430467264633
GEN: 7800
Individuo: 
[0.9993267229780234, 0.37922970078416063, 4.995110127363513, 3.8255781403005034, 0.0931984738718098, 0.7152649950326652, 0.8481556253066193, 0.38550594065802046, 1.2265175383985687, 1.1463692074469938, 4.298414395261813, 4.143708687875878, 2.119443510474367, 3.669148436012785, 1.4614107366036195]
APTIDAO: 
21.580553991043352
GEN: 7900
Individuo: 
[0.9993267229780234, 0.37922970078416063, 4.995110127363513, 3.8255781403005034, 0.0931984738718098, 0.7152649950326652, 0.8481556253066193, 0.38550594065802046, 1.2265175383985687, 1.1463692074469938, 4.298414395261813, 4.143708687875878, 2.119443510474367, 3.669148436012785, 1.4614107366036195]
APTIDAO: 
21.580553991043352
GEN: 8000
Individuo: 
[0.9993267229780234, 0.37922970078416063, 4.995110127363513, 3.8255781403005034, 0.0931984738718098, 0.7152649950326652, 0.8481556253066193, 0.38550594065802046, 1.2265175383985687, 1.1463692074469938, 4.298414395261813, 4.113198088972879, 2.119443510474367, 3.669148436012785, 1.4614107366036195]
APTIDAO: 
21.547114632566633
GEN: 8100
Individuo: 
[0.9993267229780234, 0.37922970078416063, 4.995110127363513, 3.8255781403005034, 0.0918862121592576, 0.7152649950326652, 0.8481556253066193, 0.38550594065802046, 1.2265175383985687, 1.1463692074469938, 4.298414395261813, 4.113198088972879, 2.119443510474367, 3.669148436012785, 1.4614107366036195]
APTIDAO: 
21.545500556780336
GEN: 8200
Individuo: 
[0.9993267229780234, 0.37922970078416063, 4.995110127363513, 3.8255781403005034, 0.0918862121592576, 0.7152649950326652, 0.8481556253066193, 0.38550594065802046, 1.2265175383985687, 1.1463692074469938, 4.298414395261813, 4.113198088972879, 2.119443510474367, 3.669148436012785, 1.4614107366036195]
APTIDAO: 
21.545500556780336
GEN: 8300
Individuo: 
[0.9993267229780234, 0.37922970078416063, 4.995110127363513, 3.8103954573950674, 0.0918862121592576, 0.7152649950326652, 0.8481556253066193, 0.38550594065802046, 1.2265175383985687, 1.1463692074469938, 4.298414395261813, 4.09237421007456, 2.119443510474367, 3.669148436012785, 1.4614107366036195]
APTIDAO: 
21.53372228092461
GEN: 8400
Individuo: 
[0.9993267229780234, 0.37922970078416063, 4.995110127363513, 3.8103954573950674, 0.09023172675915382, 0.7152649950326652, 0.8481556253066193, 0.38550594065802046, 1.2177372300082003, 1.1463692074469938, 4.298414395261813, 4.09237421007456, 2.119443510474367, 3.669148436012785, 1.4571279701434328]
APTIDAO: 
21.523699105555803
GEN: 8500
Individuo: 
[0.9993267229780234, 0.37922970078416063, 4.995110127363513, 3.8103954573950674, 0.09023172675915382, 0.7152649950326652, 0.8481556253066193, 0.38550594065802046, 1.2177372300082003, 1.1463692074469938, 4.307387437994806, 4.09237421007456, 2.119443510474367, 3.670908934187347, 1.4571279701434328]
APTIDAO: 
21.518891266830593
GEN: 8600
Individuo: 
[0.9993267229780234, 0.37922970078416063, 4.995110127363513, 3.8103954573950674, 0.14057334543381003, 0.7152649950326652, 0.8481556253066193, 0.38550594065802046, 1.500371876859789, 1.1463692074469938, 4.300049101932657, 4.09237421007456, 2.119443510474367, 3.670908934187347, 1.4571279701434328]
APTIDAO: 
21.51925398136777
GEN: 8700
Individuo: 
[0.9993267229780234, 0.37922970078416063, 4.995110127363513, 3.8103954573950674, 0.13997782423360697, 0.7152649950326652, 0.8481556253066193, 0.38550594065802046, 1.500371876859789, 1.1463692074469938, 4.315351733906104, 4.09237421007456, 2.119443510474367, 3.670908934187347, 1.4571279701434328]
APTIDAO: 
21.51532688610084
GEN: 8800
Individuo: 
[0.9993267229780234, 0.37922970078416063, 4.995110127363513, 3.8103954573950674, 0.13997782423360697, 0.7152649950326652, 0.8481556253066193, 0.38550594065802046, 1.500371876859789, 1.1463692074469938, 4.315351733906104, 4.09237421007456, 2.119443510474367, 3.670908934187347, 1.4571279701434328]
APTIDAO: 
21.51532688610084
GEN: 8900
Individuo: 
[0.9993267229780234, 0.37922970078416063, 4.995110127363513, 3.8103954573950674, 0.13997782423360697, 0.7152649950326652, 0.8481556253066193, 0.384723822063734, 1.500371876859789, 1.1463692074469938, 4.315351733906104, 4.09237421007456, 2.119443510474367, 3.670908934187347, 1.4559617147347805]
APTIDAO: 
21.490953845554397
GEN: 9000
Individuo: 
[0.9993267229780234, 0.37922970078416063, 4.995110127363513, 3.8103954573950674, 0.13997782423360697, 0.7152649950326652, 0.8481556253066193, 0.384723822063734, 1.510089048422122, 1.1463692074469938, 4.315351733906104, 4.09237421007456, 2.119443510474367, 3.670908934187347, 1.4559617147347805]
APTIDAO: 
21.490526036753568
GEN: 9100
Individuo: 
[0.9993267229780234, 0.37922970078416063, 4.995110127363513, 3.8103954573950674, 0.13997782423360697, 0.7152649950326652, 0.8484004968134754, 0.384723822063734, 1.510089048422122, 1.1463692074469938, 4.315351733906104, 4.09237421007456, 2.119443510474367, 3.670908934187347, 1.4559617147347805]
APTIDAO: 
21.4885169588569
GEN: 9200
Individuo: 
[0.9993267229780234, 0.38411570082358976, 4.995110127363513, 3.8103954573950674, 0.13997782423360697, 0.7152649950326652, 0.8484004968134754, 0.384723822063734, 1.510089048422122, 1.1463692074469938, 4.315351733906104, 4.059418966244287, 2.119443510474367, 3.670908934187347, 1.4559617147347805]
APTIDAO: 
21.474772035395123
GEN: 9300
Individuo: 
[0.9993267229780234, 0.38411570082358976, 4.995110127363513, 3.7677525919540114, 0.13997782423360697, 0.7152649950326652, 0.8484004968134754, 0.384723822063734, 1.510089048422122, 1.1463692074469938, 4.315351733906104, 4.059418966244287, 2.119443510474367, 3.670908934187347, 1.4497867542326737]
APTIDAO: 
21.463585566532604
GEN: 9400
Individuo: 
[0.9993267229780234, 0.38411570082358976, 4.995110127363513, 3.7677525919540114, 0.14211072366043126, 0.7152649950326652, 0.8484004968134754, 0.384723822063734, 1.510089048422122, 1.1463692074469938, 4.315351733906104, 4.059418966244287, 2.119443510474367, 3.670908934187347, 1.4497867542326737]
APTIDAO: 
21.463079660357945
GEN: 9500
Individuo: 
[0.9993267229780234, 0.3919788035382764, 4.995110127363513, 3.7677525919540114, 0.14211072366043126, 0.7152649950326652, 0.8484004968134754, 0.384723822063734, 1.510089048422122, 1.1463692074469938, 4.315351733906104, 4.056494783590498, 2.119443510474367, 3.670908934187347, 1.4497867542326737]
APTIDAO: 
21.436079938571087
GEN: 9600
Individuo: 
[0.9993267229780234, 0.3919788035382764, 4.995110127363513, 3.7677525919540114, 0.14211072366043126, 0.7152649950326652, 0.8484004968134754, 0.38388889521864156, 1.510089048422122, 1.1415112406447205, 4.315351733906104, 4.056494783590498, 2.119443510474367, 3.670908934187347, 1.4482306602792627]
APTIDAO: 
21.398121893752457
GEN: 9700
Individuo: 
[0.9993267229780234, 0.3919788035382764, 4.995110127363513, 3.7677525919540114, 0.1404091381558248, 0.7152649950326652, 0.8484004968134754, 0.38388889521864156, 1.510089048422122, 1.1415112406447205, 4.317492086349253, 4.046936217554264, 2.119443510474367, 3.6736359628442887, 1.4482306602792627]
APTIDAO: 
21.384418108272328
GEN: 9800
Individuo: 
[0.9993267229780234, 0.3919788035382764, 4.995110127363513, 3.7677525919540114, 0.14088631618517444, 0.7152649950326652, 0.8484004968134754, 0.38388889521864156, 1.510089048422122, 1.1415112406447205, 4.317492086349253, 4.046936217554264, 2.119443510474367, 3.6736359628442887, 1.4482306602792627]
APTIDAO: 
21.38440122725214
GEN: 9900
Individuo: 
[0.9993267229780234, 0.3919788035382764, 4.995110127363513, 3.7677525919540114, 0.14088631618517444, 0.7152649950326652, 0.8484004968134754, 0.38388889521864156, 1.510089048422122, 1.1415112406447205, 4.316070188394298, 4.046936217554264, 2.119443510474367, 3.6736359628442887, 1.4482306602792627]
APTIDAO: 
21.384279982147923
GEN: 10000
Individuo: 
[0.9993267229780234, 0.3919788035382764, 4.995110127363513, 3.7677525919540114, 0.14617908833362528, 0.7152649950326652, 0.8484004968134754, 0.38388889521864156, 1.510089048422122, 1.1415112406447205, 4.316070188394298, 4.027381790581993, 2.119443510474367, 3.6736359628442887, 1.4489652041029522]
APTIDAO: 
21.371334985514565

--- RESULTADO FINAL ---
Erro (norma-1): 21.371334985514565
Parâmetros: [0.9993267229780234, 0.3919788035382764, 4.995110127363513, 3.7677525919540114, 0.14617908833362528, 0.7152649950326652, 0.8484004968134754, 0.38388889521864156, 1.510089048422122, 1.1415112406447205, 4.316070188394298, 4.027381790581993, 2.119443510474367, 3.6736359628442887, 1.4489652041029522]
Tempo total: 00h 52m 58s
