SEED: 1778700261
METODO: ABCD_MM
IND_SIZE: 13
GEN: 0
Individuo: 
[0.1956105706489435, 0.4398592149025998, 3.681600762884678, 0.4672161002209825, 0.8788374524782651, 0.08238649195297247, 0.44452365739477084, 0.09382639181849678, 0.5325124122812183, 0.3580594065455059, 0.8960150361298471, 0.26711703174686685, 0.7691145048241008]
APTIDAO: 
95.72824657086345
GEN: 100
Individuo: 
[1.208332464321651, 1.5701890817624031, 2.34470381550349, 0.4672161002209825, 0.8788374524782651, 0.0010051150864549628, 0.44452365739477084, 0.3163440954160823, 0.8766172046511259, 0.5417010888972182, 0.9514285420341154, 0.3670716034428517, 0.7363079042671015]
APTIDAO: 
59.86013238758664
GEN: 200
Individuo: 
[1.208332464321651, 1.5088733080882422, 2.348999995103708, 0.4863303384162844, 0.8788374524782651, 0.0010051150864549628, 0.44452365739477084, 0.3163440954160823, 0.8980605432938736, 0.5417010888972182, 0.9514285420341154, 0.3670716034428517, 0.7363079042671015]
APTIDAO: 
59.82150719260798
GEN: 300
Individuo: 
[1.208332464321651, 1.5088733080882422, 2.348999995103708, 0.4863303384162844, 0.8788374524782651, 0.001003684252682443, 0.44452365739477084, 0.3163440954160823, 0.8980605432938736, 0.5417010888972182, 0.9520937467200836, 0.3670716034428517, 0.7363079042671015]
APTIDAO: 
59.82081297711902
GEN: 400
Individuo: 
[1.208332464321651, 1.5504017125696663, 2.348999995103708, 0.4863303384162844, 0.8946141072467755, 0.0011430753939553468, 0.44452365739477084, 0.3163440954160823, 0.8980605432938736, 0.5417010888972182, 0.9520937467200836, 0.3670716034428517, 0.7504275733397199]
APTIDAO: 
59.574597046887384
GEN: 500
Individuo: 
[1.208332464321651, 1.5504017125696663, 2.348999995103708, 0.4863303384162844, 0.8946141072467755, 0.0015215442579662296, 0.4461475469022902, 0.3163440954160823, 0.897740497565163, 0.5417010888972182, 0.9520937467200836, 0.3670716034428517, 0.7504275733397199]
APTIDAO: 
59.5072484342379
GEN: 600
Individuo: 
[1.208332464321651, 1.5504017125696663, 2.348999995103708, 0.4863303384162844, 0.8946141072467755, 0.0014038178571996942, 0.4461475469022902, 0.3163440954160823, 0.897740497565163, 0.5417010888972182, 0.9520937467200836, 0.3670716034428517, 0.7504275733397199]
APTIDAO: 
59.499346443977196
GEN: 700
Individuo: 
[1.208332464321651, 1.5504017125696663, 2.348999995103708, 0.4863303384162844, 0.8946141072467755, 0.0011339111421741865, 0.4461475469022902, 0.3163440954160823, 0.897740497565163, 0.5417010888972182, 0.9523688350176073, 0.3670716034428517, 0.7599094232833683]
APTIDAO: 
59.47495179000209
GEN: 800
Individuo: 
[1.208332464321651, 1.5504017125696663, 2.348999995103708, 0.46842972445510594, 0.8946141072467755, 0.0010178077507687028, 0.44619306048728347, 0.3163440954160823, 0.897740497565163, 0.5417010888972182, 0.9523688350176073, 0.3670716034428517, 0.7599094232833683]
APTIDAO: 
59.46249492431488
GEN: 900
Individuo: 
[1.208332464321651, 1.5504017125696663, 2.348999995103708, 0.4804576900219862, 0.8946141072467755, 0.0010178077507687028, 0.44619306048728347, 0.3163440954160823, 0.897740497565163, 0.5417010888972182, 0.9523688350176073, 0.3670716034428517, 0.7599094232833683]
APTIDAO: 
59.46204425404548
GEN: 1000
Individuo: 
[1.2094150703338349, 1.5504017125696663, 2.348999995103708, 0.4804576900219862, 0.8946141072467755, 0.0010038499774580787, 0.44619306048728347, 0.3163440954160823, 0.897740497565163, 0.5417010888972182, 0.9523688350176073, 0.3670716034428517, 0.7599094232833683]
APTIDAO: 
59.46089734130037
GEN: 1100
Individuo: 
[1.2094150703338349, 1.5504017125696663, 2.348999995103708, 0.4804576900219862, 0.8946141072467755, 0.0010038499774580787, 0.44619306048728347, 0.3163440954160823, 0.897740497565163, 0.5417010888972182, 0.9523688350176073, 0.3670716034428517, 0.7599094232833683]
APTIDAO: 
59.46089734130037
GEN: 1200
Individuo: 
[1.197354747107865, 1.5504017125696663, 2.348999995103708, 0.44329784148691087, 0.9052258905730406, 0.0010497424063616973, 0.44619306048728347, 0.3163440954160823, 0.897740497565163, 0.5417010888972182, 0.9647605669361198, 0.36299586317099214, 0.824627739089226]
APTIDAO: 
59.30874856785635
GEN: 1300
Individuo: 
[1.197354747107865, 1.5504017125696663, 2.3047598867230397, 0.4569040125897489, 0.9052258905730406, 0.0010060739587540778, 0.44619306048728347, 0.3163440954160823, 0.9086395262089285, 0.5417010888972182, 0.9647605669361198, 0.36299586317099214, 0.8296245060873857]
APTIDAO: 
59.292009122438174
GEN: 1400
Individuo: 
[1.0827308888576812, 1.5504017125696663, 2.3047598867230397, 0.24885063445138625, 0.9055948357880378, 0.015733813540727566, 0.6645364871151712, 0.23488540418961595, 0.8784116666652603, 0.4174904435791629, 0.9715794513113002, 0.700761916362391, 0.8296245060873857]
APTIDAO: 
50.62272808011157
GEN: 1500
Individuo: 
[1.0778263289975696, 1.5139901062344765, 2.3047598867230397, 0.2512998277285932, 0.9055948357880378, 0.015733813540727566, 0.6645364871151712, 0.2351533053912289, 0.8784116666652603, 0.4174904435791629, 0.968376452544889, 0.700761916362391, 0.8296245060873857]
APTIDAO: 
50.60997210935952
GEN: 1600
Individuo: 
[1.0778263289975696, 1.5139901062344765, 2.3047598867230397, 0.2512998277285932, 0.9055948357880378, 0.015733813540727566, 0.6645364871151712, 0.2351533053912289, 0.8784116666652603, 0.4174904435791629, 0.968376452544889, 0.700761916362391, 0.8296245060873857]
APTIDAO: 
50.60997210935952
GEN: 1700
Individuo: 
[1.0778263289975696, 1.5311201284350016, 2.3185460198327434, 0.2512998277285932, 0.9055948357880378, 0.015733813540727566, 0.6645364871151712, 0.2351533053912289, 0.8784116666652603, 0.4174904435791629, 0.968376452544889, 0.700761916362391, 0.8296245060873857]
APTIDAO: 
50.60649280602266
GEN: 1800
Individuo: 
[1.0778263289975696, 1.5311201284350016, 2.3185460198327434, 0.2512998277285932, 0.9055948357880378, 0.015733813540727566, 0.6645364871151712, 0.2351533053912289, 0.8784116666652603, 0.4174904435791629, 0.9682260977914452, 0.700761916362391, 0.8296245060873857]
APTIDAO: 
50.60648485425758
GEN: 1900
Individuo: 
[1.0778263289975696, 1.5311201284350016, 2.3185460198327434, 0.2512998277285932, 0.9055948357880378, 0.015733813540727566, 0.6645364871151712, 0.2351533053912289, 0.8784116666652603, 0.4174904435791629, 0.9682260977914452, 0.700761916362391, 0.8296245060873857]
APTIDAO: 
50.60648485425758
GEN: 2000
Individuo: 
[1.0778263289975696, 1.5311201284350016, 2.3185460198327434, 0.2512998277285932, 0.9055948357880378, 0.015733813540727566, 0.6645364871151712, 0.2351533053912289, 0.8784116666652603, 0.4174904435791629, 0.9682260977914452, 0.700761916362391, 0.8296245060873857]
APTIDAO: 
50.60648485425758
GEN: 2100
Individuo: 
[1.0778263289975696, 1.5311201284350016, 2.3185460198327434, 0.2512998277285932, 0.9055948357880378, 0.015733813540727566, 0.6645364871151712, 0.2351533053912289, 0.8784116666652603, 0.4174904435791629, 0.9682260977914452, 0.700761916362391, 0.8296245060873857]
APTIDAO: 
50.60648485425758
GEN: 2200
Individuo: 
[1.0778263289975696, 1.5311201284350016, 2.3185460198327434, 0.25074652382401214, 0.9055948357880378, 0.015733813540727566, 0.6645364871151712, 0.2351533053912289, 0.8784116666652603, 0.4174904435791629, 0.9682260977914452, 0.700761916362391, 0.8296245060873857]
APTIDAO: 
50.60638228612475
GEN: 2300
Individuo: 
[1.0778263289975696, 1.5311201284350016, 2.3185460198327434, 0.25074652382401214, 0.9055948357880378, 0.015731607771722687, 0.6645364871151712, 0.2351533053912289, 0.8784116666652603, 0.4174904435791629, 0.9682260977914452, 0.700761916362391, 0.8296245060873857]
APTIDAO: 
50.606331513874544
GEN: 2400
Individuo: 
[1.0778263289975696, 1.5311201284350016, 2.3185460198327434, 0.25074652382401214, 0.9055948357880378, 0.015731607771722687, 0.6645364871151712, 0.2351533053912289, 0.8784116666652603, 0.4174904435791629, 0.9682260977914452, 0.700761916362391, 0.8296245060873857]
APTIDAO: 
50.606331513874544
GEN: 2500
Individuo: 
[1.0778263289975696, 1.5311201284350016, 2.3185460198327434, 0.25074652382401214, 0.9055948357880378, 0.015731607771722687, 0.6645364871151712, 0.2360981242596305, 0.8784116666652603, 0.4174904435791629, 0.9682260977914452, 0.700761916362391, 0.8296245060873857]
APTIDAO: 
50.606158781097825
GEN: 2600
Individuo: 
[1.0778263289975696, 1.5311201284350016, 2.3185460198327434, 0.2501935769187287, 0.9055948357880378, 0.015731607771722687, 0.6645364871151712, 0.2360981242596305, 0.8784116666652603, 0.4174904435791629, 0.9682260977914452, 0.700761916362391, 0.8296245060873857]
APTIDAO: 
50.60605667401455
GEN: 2700
Individuo: 
[1.0778263289975696, 1.5311201284350016, 2.3185460198327434, 0.2500161750548229, 0.9055948357880378, 0.015731607771722687, 0.6645364871151712, 0.2360981242596305, 0.8784116666652603, 0.4174904435791629, 0.9682260977914452, 0.700761916362391, 0.8296245060873857]
APTIDAO: 
50.606025085150534
GEN: 2800
Individuo: 
[1.0778263289975696, 1.5311201284350016, 2.3185460198327434, 0.2500161750548229, 0.9055948357880378, 0.015731607771722687, 0.6645364871151712, 0.2360981242596305, 0.8784116666652603, 0.4174904435791629, 0.9682260977914452, 0.700761916362391, 0.8296245060873857]
APTIDAO: 
50.606025085150534
GEN: 2900
Individuo: 
[1.0778263289975696, 1.5311201284350016, 2.3105851161594937, 0.2500161750548229, 0.9055948357880378, 0.015731607771722687, 0.6645364871151712, 0.2360981242596305, 0.8784116666652603, 0.4174904435791629, 0.9682260977914452, 0.700761916362391, 0.8296245060873857]
APTIDAO: 
50.60585137105226
GEN: 3000
Individuo: 
[1.0778263289975696, 1.5311201284350016, 2.3105851161594937, 0.2500161750548229, 0.9055948357880378, 0.015731607771722687, 0.6645364871151712, 0.2360981242596305, 0.8784116666652603, 0.4174904435791629, 0.9682260977914452, 0.700761916362391, 0.8296245060873857]
APTIDAO: 
50.60585137105226
GEN: 3100
Individuo: 
[1.0778263289975696, 1.5311201284350016, 2.3105851161594937, 0.2500161750548229, 0.9055948357880378, 0.015731607771722687, 0.6645364871151712, 0.2360981242596305, 0.8801558219506579, 0.4174904435791629, 0.9682260977914452, 0.700761916362391, 0.8296245060873857]
APTIDAO: 
50.6046026680938
GEN: 3200
Individuo: 
[1.0778263289975696, 1.5311201284350016, 2.3105851161594937, 0.2500161750548229, 0.9055948357880378, 0.015731607771722687, 0.6645364871151712, 0.2360981242596305, 0.8801558219506579, 0.4174904435791629, 0.9682260977914452, 0.700761916362391, 0.8296245060873857]
APTIDAO: 
50.6046026680938
GEN: 3300
Individuo: 
[1.0778263289975696, 1.5311201284350016, 2.3105851161594937, 0.2500161750548229, 0.9055948357880378, 0.015731607771722687, 0.6645364871151712, 0.2360981242596305, 0.8801558219506579, 0.4174904435791629, 0.9682260977914452, 0.700761916362391, 0.8296245060873857]
APTIDAO: 
50.6046026680938
GEN: 3400
Individuo: 
[1.0778263289975696, 1.5311201284350016, 2.3105851161594937, 0.2500161750548229, 0.9055948357880378, 0.015731607771722687, 0.6645364871151712, 0.2360981242596305, 0.8801558219506579, 0.4174904435791629, 0.9682260977914452, 0.700761916362391, 0.8296245060873857]
APTIDAO: 
50.6046026680938
GEN: 3500
Individuo: 
[1.0778263289975696, 1.5311201284350016, 2.3105851161594937, 0.2500161750548229, 0.9055948357880378, 0.015731607771722687, 0.6645364871151712, 0.2360981242596305, 0.8801558219506579, 0.4174904435791629, 0.9682260977914452, 0.700761916362391, 0.8296245060873857]
APTIDAO: 
50.6046026680938
GEN: 3600
Individuo: 
[1.0778263289975696, 1.5311201284350016, 2.3105851161594937, 0.2500161750548229, 0.9055948357880378, 0.015731607771722687, 0.6645364871151712, 0.2360981242596305, 0.8801558219506579, 0.4174904435791629, 0.9682260977914452, 0.700761916362391, 0.8296245060873857]
APTIDAO: 
50.6046026680938
GEN: 3700
Individuo: 
[1.0778263289975696, 1.5311201284350016, 2.3105851161594937, 0.2500161750548229, 0.9055948357880378, 0.015731607771722687, 0.6645364871151712, 0.2360981242596305, 0.8801558219506579, 0.4174904435791629, 0.9682260977914452, 0.700761916362391, 0.8296245060873857]
APTIDAO: 
50.6046026680938
GEN: 3800
Individuo: 
[1.0778263289975696, 1.5311201284350016, 2.3105851161594937, 0.2500161750548229, 0.9055948357880378, 0.015731607771722687, 0.6645364871151712, 0.2360981242596305, 0.8801558219506579, 0.4174904435791629, 0.9682260977914452, 0.700761916362391, 0.8296245060873857]
APTIDAO: 
50.6046026680938
GEN: 3900
Individuo: 
[1.0778263289975696, 1.5311201284350016, 2.3105851161594937, 0.2500161750548229, 0.9055948357880378, 0.015731607771722687, 0.6645364871151712, 0.2360981242596305, 0.8801558219506579, 0.4174904435791629, 0.9682260977914452, 0.700761916362391, 0.8296245060873857]
APTIDAO: 
50.6046026680938
GEN: 4000
Individuo: 
[1.0778263289975696, 1.5311201284350016, 2.3105851161594937, 0.2500161750548229, 0.9055948357880378, 0.015731607771722687, 0.6645364871151712, 0.2360981242596305, 0.8801558219506579, 0.4174904435791629, 0.9682260977914452, 0.700761916362391, 0.8296245060873857]
APTIDAO: 
50.6046026680938
GEN: 4100
Individuo: 
[1.0778263289975696, 1.5310886770278413, 2.3105851161594937, 0.2500161750548229, 0.9055948357880378, 0.015731607771722687, 0.6645364871151712, 0.2360981242596305, 0.8801558219506579, 0.4174904435791629, 0.9682260977914452, 0.700761916362391, 0.8296245060873857]
APTIDAO: 
50.604590799241855
GEN: 4200
Individuo: 
[1.0778263289975696, 1.5310886770278413, 2.3105851161594937, 0.2500161750548229, 0.9055948357880378, 0.015731607771722687, 0.6645364871151712, 0.2360981242596305, 0.8801558219506579, 0.4174904435791629, 0.9682260977914452, 0.700761916362391, 0.8296245060873857]
APTIDAO: 
50.604590799241855
GEN: 4300
Individuo: 
[1.0778263289975696, 1.5310886770278413, 2.3105851161594937, 0.2500161750548229, 0.9055948357880378, 0.015731607771722687, 0.6645364871151712, 0.2360981242596305, 0.8801558219506579, 0.4174904435791629, 0.9682260977914452, 0.700761916362391, 0.830843987562175]
APTIDAO: 
50.604577842140706
GEN: 4400
Individuo: 
[1.0778263289975696, 1.5310886770278413, 2.3105851161594937, 0.2500161750548229, 0.9055948357880378, 0.015731607771722687, 0.6645364871151712, 0.2360981242596305, 0.8801558219506579, 0.4174904435791629, 0.9682260977914452, 0.700761916362391, 0.830843987562175]
APTIDAO: 
50.604577842140706
GEN: 4500
Individuo: 
[1.0778263289975696, 1.5310886770278413, 2.3105851161594937, 0.2500161750548229, 0.9055948357880378, 0.015731607771722687, 0.6645364871151712, 0.2360981242596305, 0.8801558219506579, 0.4174904435791629, 0.9682260977914452, 0.700761916362391, 0.830843987562175]
APTIDAO: 
50.604577842140706
GEN: 4600
Individuo: 
[1.0778263289975696, 1.5310886770278413, 2.3105851161594937, 0.2500161750548229, 0.9055948357880378, 0.015731607771722687, 0.6645364871151712, 0.2360981242596305, 0.8801558219506579, 0.4174904435791629, 0.9682260977914452, 0.700761916362391, 0.830843987562175]
APTIDAO: 
50.604577842140706
GEN: 4700
Individuo: 
[1.0778263289975696, 1.5310886770278413, 2.3105851161594937, 0.2521995378262489, 0.9542284118380676, 0.015731607771722687, 0.6645364871151712, 0.2360981242596305, 0.8897604674872314, 0.4174904435791629, 0.968563551659017, 0.700761916362391, 0.9491383362386808]
APTIDAO: 
50.51473475854562
GEN: 4800
Individuo: 
[1.0778263289975696, 1.5310886770278413, 2.368203166883322, 0.2521995378262489, 0.9516931708354288, 0.015731607771722687, 0.6645364871151712, 0.23979187528618867, 0.9250135790104944, 0.40706678838670135, 0.968563551659017, 0.700761916362391, 0.9491383362386808]
APTIDAO: 
50.38498006023452
GEN: 4900
Individuo: 
[1.0778263289975696, 1.5310886770278413, 2.3490856179936728, 0.2521995378262489, 0.9516931708354288, 0.015731607771722687, 0.6645364871151712, 0.23979187528618867, 0.9250135790104944, 0.40706678838670135, 0.9679604387699785, 0.700761916362391, 0.9491383362386808]
APTIDAO: 
50.38348730865182
GEN: 5000
Individuo: 
[1.0778263289975696, 1.5310886770278413, 2.3490856179936728, 0.2521995378262489, 0.9516931708354288, 0.015731607771722687, 0.6645364871151712, 0.23979187528618867, 0.9250135790104944, 0.40706678838670135, 0.9679604387699785, 0.700603335112841, 0.9462497995636012]
APTIDAO: 
50.377656958065955
GEN: 5100
Individuo: 
[1.0778263289975696, 1.5310886770278413, 2.3490856179936728, 0.25880260286413864, 0.9516931708354288, 0.015731607771722687, 0.6645364871151712, 0.23979187528618867, 0.9250135790104944, 0.40706678838670135, 0.9679604387699785, 0.700603335112841, 0.9462497995636012]
APTIDAO: 
50.377324465758555
GEN: 5200
Individuo: 
[1.0778263289975696, 1.5310886770278413, 2.3399387544652748, 0.25880260286413864, 0.9516931708354288, 0.015731607771722687, 0.6645364871151712, 0.23979187528618867, 0.9250135790104944, 0.40706678838670135, 0.9679604387699785, 0.700603335112841, 0.9462497995636012]
APTIDAO: 
50.37685480308696
GEN: 5300
Individuo: 
[1.0778263289975696, 1.5310886770278413, 2.3399387544652748, 0.25880260286413864, 0.9516931708354288, 0.015731607771722687, 0.6645364871151712, 0.23979187528618867, 0.9250135790104944, 0.40706678838670135, 0.9666394096912503, 0.700603335112841, 0.9462497995636012]
APTIDAO: 
50.37572685480295
GEN: 5400
Individuo: 
[1.0778263289975696, 1.5310886770278413, 2.3399387544652748, 0.25880260286413864, 0.9516931708354288, 0.015731607771722687, 0.6645364871151712, 0.23979187528618867, 0.9250135790104944, 0.40706678838670135, 0.9666394096912503, 0.700603335112841, 0.9462497995636012]
APTIDAO: 
50.37572685480295
GEN: 5500
Individuo: 
[1.0778263289975696, 1.5310886770278413, 2.3399387544652748, 0.25880260286413864, 0.9516931708354288, 0.015767812082809116, 0.6645364871151712, 0.23979187528618867, 0.9250135790104944, 0.40706678838670135, 0.9664205167450267, 0.700603335112841, 0.9462497995636012]
APTIDAO: 
50.37399446372112
GEN: 5600
Individuo: 
[1.0778263289975696, 1.5310886770278413, 2.315576073398095, 0.25880260286413864, 0.9516931708354288, 0.015767812082809116, 0.6645364871151712, 0.23979187528618867, 0.9250135790104944, 0.40706678838670135, 0.9664205167450267, 0.700603335112841, 0.9462497995636012]
APTIDAO: 
50.37313345934432
GEN: 5700
Individuo: 
[1.0778263289975696, 1.5310886770278413, 2.315576073398095, 0.2580873865995333, 0.9516931708354288, 0.015767812082809116, 0.6645364871151712, 0.23979187528618867, 0.9250135790104944, 0.40706678838670135, 0.9664205167450267, 0.700603335112841, 0.9462497995636012]
APTIDAO: 
50.372965952881756
GEN: 5800
Individuo: 
[1.0778263289975696, 1.5310886770278413, 2.315576073398095, 0.2580873865995333, 0.9516931708354288, 0.015767812082809116, 0.6645364871151712, 0.23979187528618867, 0.9250135790104944, 0.40706678838670135, 0.9664205167450267, 0.700603335112841, 0.9462497995636012]
APTIDAO: 
50.372965952881756
GEN: 5900
Individuo: 
[1.0778263289975696, 1.5310886770278413, 2.315576073398095, 0.2580873865995333, 0.9516931708354288, 0.015767812082809116, 0.6645364871151712, 0.23979187528618867, 0.9250135790104944, 0.40706678838670135, 0.9664205167450267, 0.700603335112841, 0.9462497995636012]
APTIDAO: 
50.372965952881756
GEN: 6000
Individuo: 
[1.0778263289975696, 1.5310886770278413, 2.315576073398095, 0.2580873865995333, 0.9516931708354288, 0.015767812082809116, 0.6645364871151712, 0.23979187528618867, 0.9250135790104944, 0.40706678838670135, 0.9664205167450267, 0.700603335112841, 0.9462497995636012]
APTIDAO: 
50.372965952881756
GEN: 6100
Individuo: 
[1.0778263289975696, 1.5310886770278413, 2.315576073398095, 0.2580873865995333, 0.9516931708354288, 0.015767812082809116, 0.6645364871151712, 0.23979187528618867, 0.9250135790104944, 0.40706678838670135, 0.9664205167450267, 0.700603335112841, 0.9462497995636012]
APTIDAO: 
50.372965952881756
GEN: 6200
Individuo: 
[1.0778263289975696, 1.5310886770278413, 2.315576073398095, 0.2580873865995333, 0.9516931708354288, 0.015767812082809116, 0.6645364871151712, 0.23979187528618867, 0.9250135790104944, 0.40706678838670135, 0.9664205167450267, 0.700603335112841, 0.9462497995636012]
APTIDAO: 
50.372965952881756
GEN: 6300
Individuo: 
[1.0778263289975696, 1.5310886770278413, 2.315576073398095, 0.2580873865995333, 0.9516931708354288, 0.015767812082809116, 0.6645364871151712, 0.23979187528618867, 0.9250135790104944, 0.40706678838670135, 0.9664205167450267, 0.700603335112841, 0.9462497995636012]
APTIDAO: 
50.372965952881756
GEN: 6400
Individuo: 
[1.0778263289975696, 1.5310886770278413, 2.315576073398095, 0.2580873865995333, 0.9516931708354288, 0.015767812082809116, 0.6645364871151712, 0.23979187528618867, 0.9250135790104944, 0.40706678838670135, 0.9664205167450267, 0.700603335112841, 0.9462497995636012]
APTIDAO: 
50.372965952881756
GEN: 6500
Individuo: 
[1.0778263289975696, 1.5310886770278413, 2.315576073398095, 0.2580873865995333, 0.9516931708354288, 0.015767812082809116, 0.6645364871151712, 0.24029155323472395, 0.9250135790104944, 0.40706678838670135, 0.9664205167450267, 0.700603335112841, 0.9462497995636012]
APTIDAO: 
50.370833105435004
GEN: 6600
Individuo: 
[1.0778263289975696, 1.5310886770278413, 2.315576073398095, 0.2580873865995333, 0.9516931708354288, 0.015767812082809116, 0.6645364871151712, 0.24029155323472395, 0.9250135790104944, 0.40706678838670135, 0.9664205167450267, 0.700603335112841, 0.9462497995636012]
APTIDAO: 
50.370833105435004
GEN: 6700
Individuo: 
[1.0778263289975696, 1.5310886770278413, 2.315576073398095, 0.2580873865995333, 0.9516931708354288, 0.015767812082809116, 0.6645364871151712, 0.24029155323472395, 0.9250135790104944, 0.40706678838670135, 0.9664205167450267, 0.700603335112841, 0.9462497995636012]
APTIDAO: 
50.370833105435004
GEN: 6800
Individuo: 
[1.0778263289975696, 1.5310886770278413, 2.315576073398095, 0.2580873865995333, 0.9516931708354288, 0.015767812082809116, 0.6645364871151712, 0.24029155323472395, 0.923654623921934, 0.40706678838670135, 0.9664205167450267, 0.700603335112841, 0.9462497995636012]
APTIDAO: 
50.37042975105601
GEN: 6900
Individuo: 
[1.0778263289975696, 1.5310886770278413, 2.315576073398095, 0.2580873865995333, 0.9516931708354288, 0.015767812082809116, 0.6645364871151712, 0.24029155323472395, 0.923654623921934, 0.40706678838670135, 0.9664205167450267, 0.700603335112841, 0.9462497995636012]
APTIDAO: 
50.37042975105601
GEN: 7000
Individuo: 
[1.0778263289975696, 1.5310886770278413, 2.315576073398095, 0.2580873865995333, 0.9516931708354288, 0.015767812082809116, 0.6645364871151712, 0.24029155323472395, 0.923654623921934, 0.40706678838670135, 0.9664205167450267, 0.700603335112841, 0.9462497995636012]
APTIDAO: 
50.37042975105601
GEN: 7100
Individuo: 
[1.0778263289975696, 1.5310886770278413, 2.315576073398095, 0.2580873865995333, 0.9516931708354288, 0.015767812082809116, 0.6645364871151712, 0.24029155323472395, 0.923654623921934, 0.40706678838670135, 0.9664205167450267, 0.700603335112841, 0.9462497995636012]
APTIDAO: 
50.37042975105601
GEN: 7200
Individuo: 
[1.0778263289975696, 1.5310886770278413, 2.315576073398095, 0.2580873865995333, 0.9516931708354288, 0.015767812082809116, 0.6645364871151712, 0.24029155323472395, 0.923654623921934, 0.40706678838670135, 0.9664205167450267, 0.700603335112841, 0.9462497995636012]
APTIDAO: 
50.37042975105601
GEN: 7300
Individuo: 
[1.0778263289975696, 1.5310886770278413, 2.315576073398095, 0.2580873865995333, 0.9516931708354288, 0.015767812082809116, 0.6645364871151712, 0.24029155323472395, 0.923654623921934, 0.40706678838670135, 0.9664205167450267, 0.700603335112841, 0.9462497995636012]
APTIDAO: 
50.37042975105601
GEN: 7400
Individuo: 
[1.0778263289975696, 1.5310886770278413, 2.315576073398095, 0.2580873865995333, 0.9516931708354288, 0.015767812082809116, 0.6645364871151712, 0.24029155323472395, 0.923654623921934, 0.40706678838670135, 0.9664205167450267, 0.700603335112841, 0.9462497995636012]
APTIDAO: 
50.37042975105601
GEN: 7500
Individuo: 
[1.0778263289975696, 1.5310886770278413, 2.311591332664094, 0.2580873865995333, 0.9516931708354288, 0.015767812082809116, 0.6645364871151712, 0.24029155323472395, 0.923654623921934, 0.40706678838670135, 0.9664205167450267, 0.700603335112841, 0.9462497995636012]
APTIDAO: 
50.370337406182294
GEN: 7600
Individuo: 
[1.0778263289975696, 1.5310886770278413, 2.311591332664094, 0.2580873865995333, 0.9516931708354288, 0.015767812082809116, 0.6645364871151712, 0.24029155323472395, 0.923654623921934, 0.40706678838670135, 0.9664205167450267, 0.700603335112841, 0.9462497995636012]
APTIDAO: 
50.370337406182294
GEN: 7700
Individuo: 
[1.0778263289975696, 1.5310886770278413, 2.311591332664094, 0.2580873865995333, 0.9516931708354288, 0.015767812082809116, 0.6645364871151712, 0.24029155323472395, 0.923654623921934, 0.40706678838670135, 0.9664205167450267, 0.700603335112841, 0.9462497995636012]
APTIDAO: 
50.370337406182294
GEN: 7800
Individuo: 
[1.0778263289975696, 1.5310886770278413, 2.311591332664094, 0.2580873865995333, 0.9516931708354288, 0.015767812082809116, 0.6645364871151712, 0.24029155323472395, 0.923654623921934, 0.407068741994593, 0.9664205167450267, 0.700603335112841, 0.9462497995636012]
APTIDAO: 
50.3703362354072
GEN: 7900
Individuo: 
[1.0778263289975696, 1.5310886770278413, 2.311591332664094, 0.2580873865995333, 0.9516931708354288, 0.015767812082809116, 0.6645364871151712, 0.24029155323472395, 0.9233895539815057, 0.407068741994593, 0.9664205167450267, 0.700603335112841, 0.9462497995636012]
APTIDAO: 
50.37025740732036
GEN: 8000
Individuo: 
[1.0778263289975696, 1.5310886770278413, 2.311591332664094, 0.2580873865995333, 0.9516931708354288, 0.015767812082809116, 0.6645364871151712, 0.24029155323472395, 0.9233895539815057, 0.407068741994593, 0.9664205167450267, 0.700603335112841, 0.9462497995636012]
APTIDAO: 
50.37025740732036
GEN: 8100
Individuo: 
[1.0778263289975696, 1.5310886770278413, 2.311591332664094, 0.2580873865995333, 0.9516931708354288, 0.015767812082809116, 0.6645364871151712, 0.24032484637484663, 0.9233895539815057, 0.407068741994593, 0.9664205167450267, 0.700603335112841, 0.9462497995636012]
APTIDAO: 
50.37018418387075
GEN: 8200
Individuo: 
[1.0778263289975696, 1.5310886770278413, 2.311591332664094, 0.2580873865995333, 0.9516931708354288, 0.015767812082809116, 0.6645364871151712, 0.24032484637484663, 0.9233895539815057, 0.407068741994593, 0.9664205167450267, 0.700603335112841, 0.9462497995636012]
APTIDAO: 
50.37018418387075
GEN: 8300
Individuo: 
[1.0778263289975696, 1.5310886770278413, 2.311591332664094, 0.2580873865995333, 0.9516931708354288, 0.01578361808448284, 0.6645364871151712, 0.24032484637484663, 0.9233895539815057, 0.407068741994593, 0.9664205167450267, 0.700603335112841, 0.9462497995636012]
APTIDAO: 
50.36940873255558
GEN: 8400
Individuo: 
[1.0778263289975696, 1.5310886770278413, 2.311591332664094, 0.2580873865995333, 0.9516931708354288, 0.01578361808448284, 0.6645364871151712, 0.24032484637484663, 0.9233895539815057, 0.407068741994593, 0.9664205167450267, 0.700603335112841, 0.9462497995636012]
APTIDAO: 
50.36940873255558
GEN: 8500
Individuo: 
[1.0778263289975696, 1.5310886770278413, 2.311591332664094, 0.2580873865995333, 0.9516931708354288, 0.01578361808448284, 0.6645364871151712, 0.24032484637484663, 0.9233895539815057, 0.407068741994593, 0.9664205167450267, 0.700603335112841, 0.9462497995636012]
APTIDAO: 
50.36940873255558
GEN: 8600
Individuo: 
[1.0778263289975696, 1.5319067150223626, 2.311591332664094, 0.2580873865995333, 0.9516931708354288, 0.01578361808448284, 0.6645364871151712, 0.24032484637484663, 0.9233895539815057, 0.407068741994593, 0.9664205167450267, 0.700603335112841, 0.9462497995636012]
APTIDAO: 
50.369240179587855
GEN: 8700
Individuo: 
[1.0778263289975696, 1.5319067150223626, 2.311591332664094, 0.2580873865995333, 0.9516931708354288, 0.01578361808448284, 0.6645364871151712, 0.24032484637484663, 0.9233895539815057, 0.407068741994593, 0.9664205167450267, 0.700603335112841, 0.9462497995636012]
APTIDAO: 
50.369240179587855
GEN: 8800
Individuo: 
[1.0778263289975696, 1.5319067150223626, 2.311591332664094, 0.2580873865995333, 0.9516931708354288, 0.01578361808448284, 0.6645364871151712, 0.24032484637484663, 0.9233895539815057, 0.407068741994593, 0.9664205167450267, 0.700603335112841, 0.9462497995636012]
APTIDAO: 
50.369240179587855
GEN: 8900
Individuo: 
[1.0778263289975696, 1.5319067150223626, 2.311591332664094, 0.2580873865995333, 0.9516931708354288, 0.01578361808448284, 0.6645364871151712, 0.24032484637484663, 0.9233895539815057, 0.407068741994593, 0.9664205167450267, 0.700603335112841, 0.9462497995636012]
APTIDAO: 
50.369240179587855
GEN: 9000
Individuo: 
[1.0778263289975696, 1.5319067150223626, 2.311591332664094, 0.2580873865995333, 0.9516931708354288, 0.01578361808448284, 0.6645364871151712, 0.24032484637484663, 0.9233895539815057, 0.407068741994593, 0.9664205167450267, 0.700603335112841, 0.9462497995636012]
APTIDAO: 
50.369240179587855
GEN: 9100
Individuo: 
[1.0778263289975696, 1.5319067150223626, 2.311591332664094, 0.2580873865995333, 0.9516931708354288, 0.01578361808448284, 0.6645364871151712, 0.24032484637484663, 0.9233895539815057, 0.407068741994593, 0.9664205167450267, 0.700603335112841, 0.9462497995636012]
APTIDAO: 
50.369240179587855
GEN: 9200
Individuo: 
[1.0778263289975696, 1.5319067150223626, 2.311591332664094, 0.2580873865995333, 0.9516931708354288, 0.01578361808448284, 0.6645364871151712, 0.24032484637484663, 0.9233895539815057, 0.407068741994593, 0.9664205167450267, 0.700603335112841, 0.9462497995636012]
APTIDAO: 
50.369240179587855
GEN: 9300
Individuo: 
[1.0778263289975696, 1.5319067150223626, 2.311591332664094, 0.2580873865995333, 0.9516931708354288, 0.01578361808448284, 0.6645364871151712, 0.24032484637484663, 0.9233895539815057, 0.407068741994593, 0.9664205167450267, 0.700603335112841, 0.9462497995636012]
APTIDAO: 
50.369240179587855
GEN: 9400
Individuo: 
[1.0778263289975696, 1.5319067150223626, 2.311591332664094, 0.2580873865995333, 0.9516931708354288, 0.01578361808448284, 0.6645364871151712, 0.24032484637484663, 0.9233895539815057, 0.407068741994593, 0.9664205167450267, 0.700603335112841, 0.9462497995636012]
APTIDAO: 
50.369240179587855
GEN: 9500
Individuo: 
[1.0778263289975696, 1.5319067150223626, 2.311591332664094, 0.2580873865995333, 0.9516931708354288, 0.01578361808448284, 0.6645364871151712, 0.24032484637484663, 0.9233895539815057, 0.407068741994593, 0.9664205167450267, 0.700603335112841, 0.9462497995636012]
APTIDAO: 
50.369240179587855
GEN: 9600
Individuo: 
[1.0778263289975696, 1.5319067150223626, 2.311591332664094, 0.2580873865995333, 0.9516931708354288, 0.01578361808448284, 0.6645364871151712, 0.24032484637484663, 0.9233895539815057, 0.407068741994593, 0.9664205167450267, 0.700603335112841, 0.9462497995636012]
APTIDAO: 
50.369240179587855
GEN: 9700
Individuo: 
[1.0778263289975696, 1.5319067150223626, 2.311591332664094, 0.2580873865995333, 0.9516931708354288, 0.01578361808448284, 0.6645364871151712, 0.24032484637484663, 0.9233895539815057, 0.407068741994593, 0.9664205167450267, 0.700603335112841, 0.9462497995636012]
APTIDAO: 
50.369240179587855
GEN: 9800
Individuo: 
[1.0778263289975696, 1.5319067150223626, 2.311591332664094, 0.2580873865995333, 0.9516931708354288, 0.01578361808448284, 0.6645364871151712, 0.24032484637484663, 0.9233895539815057, 0.407068741994593, 0.9664205167450267, 0.700603335112841, 0.9462497995636012]
APTIDAO: 
50.369240179587855
GEN: 9900
Individuo: 
[1.0778263289975696, 1.5319067150223626, 2.311591332664094, 0.2580873865995333, 0.9516931708354288, 0.01578361808448284, 0.6645364871151712, 0.24032484637484663, 0.9233895539815057, 0.407068741994593, 0.9664205167450267, 0.700603335112841, 0.9462497995636012]
APTIDAO: 
50.369240179587855
GEN: 10000
Individuo: 
[1.0778263289975696, 1.5319067150223626, 2.311591332664094, 0.2580873865995333, 0.9516931708354288, 0.01578361808448284, 0.6645364871151712, 0.24032484637484663, 0.9233895539815057, 0.407068741994593, 0.9664205167450267, 0.700603335112841, 0.9462497995636012]
APTIDAO: 
50.369240179587855

--- RESULTADO FINAL ---
Erro (norma-1): 50.369240179587855
Parâmetros: [1.0778263289975696, 1.5319067150223626, 2.311591332664094, 0.2580873865995333, 0.9516931708354288, 0.01578361808448284, 0.6645364871151712, 0.24032484637484663, 0.9233895539815057, 0.407068741994593, 0.9664205167450267, 0.700603335112841, 0.9462497995636012]
Tempo total: 00h 54m 42s
