SEED: 1778633203
METODO: ABCD_MM
IND_SIZE: 13
GEN: 0
Individuo: 
[2.0536885612017355, 1.358750745068159, 0.1308809545672709, 2.4437199819083135, 0.3392977960325289, 0.7467295690613145, 0.10940639150273045, 0.08129797156360814, 0.5011810866687088, 0.11587352934588142, 0.7026370560561472, 0.4350808651429009, 0.8468909835332591]
APTIDAO: 
113.27855962222179
GEN: 100
Individuo: 
[0.8619638454380047, 1.9116334796602952, 2.389613408021904, 0.36302675485808483, 0.5207085668627011, 0.06683897888347606, 0.5006622283769387, 0.11568180817902389, 0.1973722081664025, 0.7166077028564225, 0.9937467087773306, 0.19802960516005552, 0.43381229942738825]
APTIDAO: 
71.36651690925396
