SEED: 1778719796
METODO: ABCD_MM
IND_SIZE: 15
GEN: 0
Individuo: 
[1.1989131233624937, 3.164277049142183, 1.736327770616619, 3.3986526680888227, 0.2898539625252068, 0.8109205082858243, 0.9933978089031513, 0.5722873236600006, 9.242162308152043, 5.920739026806636, 3.1940189204950786, 6.613673662238916, 4.050061509663173, 8.768415966953206, 1.0806160806937841]
APTIDAO: 
184.7616813495427
GEN: 100
Individuo: 
[1.001285138515543, 4.437162429633605, 3.16107910133542, 0.6748826158107536, 0.3985179362914062, 0.733526763459074, 0.9933978089031513, 0.27809137205549406, 2.4228341788923737, 3.08209196249833, 3.0089687261335687, 1.0287182697175112, 5.646552843516759, 3.278086347555237, 1.0806160806937841]
APTIDAO: 
30.89612134283912
GEN: 200
Individuo: 
[4.111650440759668, 4.437162429633605, 3.16107910133542, 0.5597724990396477, 0.3985179362914062, 0.733526763459074, 0.978135122159424, 0.27809137205549406, 2.634686011484073, 3.075642316213806, 2.8655763820724927, 1.0287182697175112, 5.717782294080866, 3.1659462860419705, 1.0806160806937841]
APTIDAO: 
27.861373447470868
GEN: 300
Individuo: 
[4.094961787616491, 4.437162429633605, 3.16107910133542, 0.5597724990396477, 0.41305566114841036, 0.733526763459074, 0.9771906438493553, 0.27420867300295393, 2.6961622146282695, 3.0465825391026886, 2.7546868647115077, 1.0577012744354932, 5.872087338016198, 3.140077312219549, 1.0806160806937841]
APTIDAO: 
26.938336239356364
GEN: 400
Individuo: 
[3.2620866788835463, 4.437162429633605, 3.165758347182924, 0.5597724990396477, 0.4640904443868724, 0.7171279272805752, 0.9781526115849776, 0.27420867300295393, 2.5347584989602363, 3.0465825391026886, 2.7546868647115077, 1.0669738583399504, 5.872087338016198, 3.140077312219549, 1.0806160806937841]
APTIDAO: 
25.653893535200194
GEN: 500
Individuo: 
[3.2906495952934387, 4.437162429633605, 3.165758347182924, 0.5267625161184638, 0.5097727650950585, 0.714005437486399, 0.9781526115849776, 0.27420867300295393, 5.013089057994934, 2.835273691867381, 2.7546868647115077, 1.3094689904687071, 5.872087338016198, 3.140077312219549, 1.0806160806937841]
APTIDAO: 
23.492527926457353
GEN: 600
Individuo: 
[3.239142572740628, 4.753190059112447, 3.165758347182924, 0.5267625161184638, 0.49671010716888264, 0.714005437486399, 0.9781526115849776, 0.27420867300295393, 3.0023605563679308, 2.7128448812385675, 2.7546868647115077, 1.3094689904687071, 6.02870718694593, 3.129406794017839, 1.0806160806937841]
APTIDAO: 
20.438694757132282
GEN: 700
Individuo: 
[3.115228875625899, 4.753190059112447, 3.165758347182924, 0.5267625161184638, 0.49671010716888264, 0.714005437486399, 0.9781526115849776, 0.27420867300295393, 3.0023605563679308, 2.7128448812385675, 2.8438927517287484, 1.3091483411096887, 6.02870718694593, 3.1148507333760715, 1.0806160806937841]
APTIDAO: 
20.022590331000185
GEN: 800
Individuo: 
[3.115228875625899, 4.753190059112447, 3.165758347182924, 0.5267625161184638, 0.49671010716888264, 0.714005437486399, 0.9781526115849776, 0.27440441679960004, 2.9825937782045955, 2.7128448812385675, 2.8388834140313266, 1.3091483411096887, 6.02870718694593, 3.1329655175901023, 1.0806160806937841]
APTIDAO: 
19.98223853047166
GEN: 900
Individuo: 
[3.115228875625899, 4.762306230001276, 3.165758347182924, 0.5267625161184638, 0.49671010716888264, 0.714005437486399, 0.9781526115849776, 0.27440441679960004, 2.9825937782045955, 2.7128448812385675, 2.8388834140313266, 1.3091483411096887, 6.02870718694593, 3.1329655175901023, 1.0806160806937841]
APTIDAO: 
19.970634084678206
GEN: 1000
Individuo: 
[3.115228875625899, 4.826569498547013, 3.165758347182924, 0.5179941698330005, 0.49671010716888264, 0.714005437486399, 0.9781526115849776, 0.27440441679960004, 2.9825937782045955, 2.7128448812385675, 2.8388834140313266, 1.3091483411096887, 6.02870718694593, 3.1329655175901023, 1.0806160806937841]
APTIDAO: 
19.964822207122946
GEN: 1100
Individuo: 
[3.115228875625899, 4.763423435944982, 3.165758347182924, 0.5179941698330005, 0.49671010716888264, 0.7114434436582621, 0.9781526115849776, 0.27440441679960004, 2.8539139298634835, 2.7128448812385675, 2.8388834140313266, 1.3091483411096887, 6.098550823170074, 3.1329655175901023, 1.0806160806937841]
APTIDAO: 
19.885698264723914
GEN: 1200
Individuo: 
[3.1569608452279785, 4.754313265200546, 3.179868892383959, 0.5179941698330005, 0.49671010716888264, 0.7114434436582621, 0.9781526115849776, 0.27440441679960004, 2.8539139298634835, 2.7128448812385675, 2.8388834140313266, 1.3091483411096887, 6.098550823170074, 3.1329655175901023, 1.0806160806937841]
APTIDAO: 
19.87793103848307
GEN: 1300
Individuo: 
[3.1569608452279785, 4.754313265200546, 3.179868892383959, 0.5179941698330005, 0.49671010716888264, 0.7114434436582621, 0.9781526115849776, 0.27440441679960004, 2.8539139298634835, 2.7128448812385675, 2.8388834140313266, 1.3091483411096887, 6.098550823170074, 3.1329655175901023, 1.0806160806937841]
APTIDAO: 
19.87793103848307
GEN: 1400
Individuo: 
[3.1569608452279785, 4.754313265200546, 3.179868892383959, 0.5179941698330005, 0.49671010716888264, 0.7114434436582621, 0.9781526115849776, 0.27391614948214205, 2.8539139298634835, 2.7128448812385675, 2.8388834140313266, 1.3091483411096887, 6.098550823170074, 3.1192598974119226, 1.0806160806937841]
APTIDAO: 
19.84118505908107
GEN: 1500
Individuo: 
[3.1569608452279785, 4.800502159548722, 3.179868892383959, 0.5103167562070566, 0.49671010716888264, 0.7114434436582621, 0.9781526115849776, 0.27391614948214205, 2.8012763980484596, 2.7128448812385675, 2.8388834140313266, 1.3091483411096887, 6.098550823170074, 3.1192598974119226, 1.0806160806937841]
APTIDAO: 
19.80657994736037
GEN: 1600
Individuo: 
[3.1569608452279785, 4.800502159548722, 3.179868892383959, 0.5103167562070566, 0.49765913242097687, 0.7114434436582621, 0.9781526115849776, 0.27391614948214205, 2.8012763980484596, 2.7128448812385675, 2.8388834140313266, 1.3091483411096887, 6.098550823170074, 3.1234901673897277, 1.0806160806937841]
APTIDAO: 
19.79792769097278
GEN: 1700
Individuo: 
[3.087659191701794, 4.8310981712240535, 3.179868892383959, 0.5103167562070566, 0.5024028277841796, 0.7114434436582621, 0.9781526115849776, 0.27391614948214205, 2.8012763980484596, 2.7128448812385675, 2.8388834140313266, 1.3091483411096887, 6.098550823170074, 3.1234901673897277, 1.0806160806937841]
APTIDAO: 
19.761649442380023
GEN: 1800
Individuo: 
[2.7761700040972874, 4.8310981712240535, 3.179868892383959, 0.5103167562070566, 0.5231614158385851, 0.7114434436582621, 0.9781526115849776, 0.2724619814724025, 2.43994147959485, 2.607581796824598, 2.8388834140313266, 1.3091483411096887, 6.098550823170074, 3.1234901673897277, 1.0806160806937841]
APTIDAO: 
18.879434637243172
GEN: 1900
Individuo: 
[2.7761700040972874, 4.8310981712240535, 3.179868892383959, 0.5103167562070566, 0.5231614158385851, 0.7114434436582621, 0.9757200225796736, 0.2724619814724025, 2.43994147959485, 2.607581796824598, 2.8388834140313266, 1.3173180005235365, 6.098550823170074, 3.1234901673897277, 1.0806160806937841]
APTIDAO: 
18.78250163851202
GEN: 2000
Individuo: 
[2.7761700040972874, 4.8310981712240535, 3.179868892383959, 0.5103167562070566, 0.5231614158385851, 0.7114434436582621, 0.9757200225796736, 0.2724619814724025, 2.4628341164874574, 2.607581796824598, 2.8388834140313266, 1.326758693101148, 6.098550823170074, 3.1234901673897277, 1.0806160806937841]
APTIDAO: 
18.739232227493506
GEN: 2100
Individuo: 
[2.7761700040972874, 4.851618970246758, 3.179868892383959, 0.5103167562070566, 0.5231614158385851, 0.7046257174888286, 0.9757200225796736, 0.2724619814724025, 2.288603165129547, 2.607581796824598, 2.8388834140313266, 1.326758693101148, 6.098550823170074, 3.1234901673897277, 1.0806160806937841]
APTIDAO: 
18.597561109417832
GEN: 2200
Individuo: 
[2.762827128079004, 4.851618970246758, 3.179868892383959, 0.5103167562070566, 0.5231614158385851, 0.7046257174888286, 0.9757200225796736, 0.2724619814724025, 2.288603165129547, 2.585436335170396, 2.8388834140313266, 1.326758693101148, 6.098550823170074, 3.1234901673897277, 1.0806160806937841]
APTIDAO: 
18.531312770000547
GEN: 2300
Individuo: 
[2.680447822094966, 4.851618970246758, 3.179868892383959, 0.5103167562070566, 0.5231614158385851, 0.7046257174888286, 0.9749949576073748, 0.2724619814724025, 2.251210475618054, 2.585436335170396, 2.8388834140313266, 1.326758693101148, 6.0511149189443705, 3.1234901673897277, 1.0806160806937841]
APTIDAO: 
18.471010760064914
GEN: 2400
Individuo: 
[2.6873325089800777, 4.851618970246758, 3.179868892383959, 0.5103167562070566, 0.5231614158385851, 0.7046257174888286, 0.9749949576073748, 0.2724619814724025, 2.2572543550602315, 2.5834044357542636, 2.848899765037982, 1.3326909632692037, 6.0511149189443705, 3.1234901673897277, 1.0806160806937841]
APTIDAO: 
18.42734231221131
GEN: 2500
Individuo: 
[2.6873325089800777, 4.851618970246758, 3.179868892383959, 0.5103167562070566, 0.5231614158385851, 0.7046257174888286, 0.9749949576073748, 0.2724619814724025, 2.2321534125302183, 2.559620277233695, 2.848899765037982, 1.332799317797288, 6.0511149189443705, 3.1234901673897277, 1.0806160806937841]
APTIDAO: 
18.320915975008703
GEN: 2600
Individuo: 
[2.6873325089800777, 4.851618970246758, 3.179868892383959, 0.5103167562070566, 0.5231614158385851, 0.7046257174888286, 0.9749949576073748, 0.2724619814724025, 2.2321534125302183, 2.559620277233695, 2.848899765037982, 1.3488953989453663, 6.0511149189443705, 3.1234901673897277, 1.0806160806937841]
APTIDAO: 
18.235916158362294
GEN: 2700
Individuo: 
[2.6319997813710923, 4.851618970246758, 3.179868892383959, 0.5103167562070566, 0.5231614158385851, 0.7046257174888286, 0.9749949576073748, 0.2724619814724025, 2.182575615260055, 2.5341583691682543, 2.848899765037982, 1.3488953989453663, 6.0511149189443705, 3.1234901673897277, 1.0806160806937841]
APTIDAO: 
18.109774795791413
GEN: 2800
Individuo: 
[2.6319997813710923, 4.851618970246758, 3.179868892383959, 0.5103167562070566, 0.5231614158385851, 0.7046257174888286, 0.9749949576073748, 0.27253897153914325, 2.182575615260055, 2.5341583691682543, 2.848899765037982, 1.3488953989453663, 6.0511149189443705, 3.1234901673897277, 1.0806160806937841]
APTIDAO: 
18.109681158601543
GEN: 2900
Individuo: 
[2.6439952494529995, 4.851618970246758, 3.179868892383959, 0.5202744211319765, 0.5231614158385851, 0.7046257174888286, 0.9749949576073748, 0.27253897153914325, 2.182575615260055, 2.5341583691682543, 2.848899765037982, 1.3488953989453663, 6.0511149189443705, 3.1234901673897277, 1.0806160806937841]
APTIDAO: 
18.085892929643194
GEN: 3000
Individuo: 
[2.6439952494529995, 4.851618970246758, 3.179868892383959, 0.5202744211319765, 0.5231614158385851, 0.7046257174888286, 0.9749949576073748, 0.27253897153914325, 2.182575615260055, 2.5341583691682543, 2.848899765037982, 1.3572992475932566, 6.0511149189443705, 3.1234901673897277, 1.0806160806937841]
APTIDAO: 
18.03390945002798
GEN: 3100
Individuo: 
[2.6439952494529995, 4.851618970246758, 3.179868892383959, 0.5202744211319765, 0.5231614158385851, 0.7046257174888286, 0.9749949576073748, 0.27253897153914325, 2.182575615260055, 2.5341583691682543, 2.848899765037982, 1.3572992475932566, 6.0511149189443705, 3.1234901673897277, 1.0806160806937841]
APTIDAO: 
18.03390945002798
GEN: 3200
Individuo: 
[2.6439952494529995, 4.851618970246758, 3.179868892383959, 0.5202744211319765, 0.5231614158385851, 0.7058655867910373, 0.9749949576073748, 0.27253897153914325, 2.182575615260055, 2.5167033673653205, 2.848899765037982, 1.3572992475932566, 6.0511149189443705, 3.1234901673897277, 1.0806160806937841]
APTIDAO: 
17.99207524084375
GEN: 3300
Individuo: 
[2.6439952494529995, 4.851618970246758, 3.179868892383959, 0.5202744211319765, 0.5231614158385851, 0.7066590581123677, 0.9749949576073748, 0.27253897153914325, 2.182575615260055, 2.5167033673653205, 2.848899765037982, 1.3572992475932566, 6.0511149189443705, 3.1234901673897277, 1.0806160806937841]
APTIDAO: 
17.995247637821315
GEN: 3400
Individuo: 
[2.6439952494529995, 4.851618970246758, 3.179868892383959, 0.5253637149828707, 0.5231614158385851, 0.7066590581123677, 0.9749949576073748, 0.27253897153914325, 2.182575615260055, 2.5167033673653205, 2.8839684203442704, 1.357786798643835, 6.0511149189443705, 3.1234901673897277, 1.0806160806937841]
APTIDAO: 
17.976356428532384
GEN: 3500
Individuo: 
[2.6439952494529995, 4.851618970246758, 3.179868892383959, 0.5253637149828707, 0.5231614158385851, 0.7066590581123677, 0.9749949576073748, 0.27253897153914325, 2.182575615260055, 2.5087820039966795, 2.8839684203442704, 1.357786798643835, 6.0511149189443705, 3.1234901673897277, 1.0806160806937841]
APTIDAO: 
17.9634303182121
GEN: 3600
Individuo: 
[2.6439952494529995, 4.829121390198393, 3.179868892383959, 0.5253637149828707, 0.5271926661306963, 0.7066590581123677, 0.9749949576073748, 0.27253897153914325, 2.182575615260055, 2.5087820039966795, 2.8839684203442704, 1.3642275236761547, 6.0511149189443705, 3.153409340441334, 1.0806160806937841]
APTIDAO: 
17.867122823487144
GEN: 3700
Individuo: 
[2.6439952494529995, 4.829121390198393, 3.179868892383959, 0.5253637149828707, 0.5271926661306963, 0.7066590581123677, 0.9749949576073748, 0.27253897153914325, 2.182575615260055, 2.5087820039966795, 2.8839684203442704, 1.3642275236761547, 6.0511149189443705, 3.153409340441334, 1.0806160806937841]
APTIDAO: 
17.867122823487144
GEN: 3800
Individuo: 
[2.6376975574851316, 4.829121390198393, 3.179868892383959, 0.5306803619212441, 0.5271926661306963, 0.7066590581123677, 0.9749949576073748, 0.27253897153914325, 2.182575615260055, 2.5087820039966795, 2.8839684203442704, 1.3642275236761547, 6.0511149189443705, 3.153409340441334, 1.0806160806937841]
APTIDAO: 
17.855872514481753
GEN: 3900
Individuo: 
[2.6376975574851316, 4.814742474816529, 3.179868892383959, 0.5306803619212441, 0.5317844619775451, 0.7066590581123677, 0.9749949576073748, 0.27253897153914325, 2.182575615260055, 2.5087820039966795, 2.8839684203442704, 1.3642275236761547, 6.0511149189443705, 3.165183979973876, 1.0806160806937841]
APTIDAO: 
17.84352474844296
GEN: 4000
Individuo: 
[2.5968417170938074, 4.814742474816529, 3.179868892383959, 0.5306803619212441, 0.5317844619775451, 0.7055793901723125, 0.9724990865685063, 0.27253897153914325, 2.182575615260055, 2.5087820039966795, 2.8839684203442704, 1.3642275236761547, 6.0511149189443705, 3.1360489933738513, 1.0806160806937841]
APTIDAO: 
17.801521852738652
GEN: 4100
Individuo: 
[2.5968417170938074, 4.814742474816529, 3.179868892383959, 0.5312639846671483, 0.5317844619775451, 0.7055793901723125, 0.9724990865685063, 0.27253897153914325, 2.2012053110542396, 2.5087820039966795, 2.8839684203442704, 1.3642275236761547, 6.0511149189443705, 3.1360489933738513, 1.0806160806937841]
APTIDAO: 
17.79689078331712
GEN: 4200
Individuo: 
[2.5968417170938074, 4.814742474816529, 3.179868892383959, 0.5391713788755594, 0.5317844619775451, 0.7055793901723125, 0.9724990865685063, 0.27253897153914325, 2.2573067579410884, 2.4937051797354006, 2.892299356898812, 1.3811747737594062, 6.0511149189443705, 3.1360489933738513, 1.0806160806937841]
APTIDAO: 
17.720059101617448
GEN: 4300
Individuo: 
[2.5968417170938074, 4.814742474816529, 3.179868892383959, 0.5391713788755594, 0.5317844619775451, 0.7055793901723125, 0.9724990865685063, 0.27253897153914325, 2.2573067579410884, 2.4937051797354006, 2.892299356898812, 1.3811747737594062, 6.0511149189443705, 3.1360489933738513, 1.0806160806937841]
APTIDAO: 
17.720059101617448
GEN: 4400
Individuo: 
[2.5968417170938074, 4.814742474816529, 3.179868892383959, 0.5391713788755594, 0.5317844619775451, 0.7051394527481687, 0.9724990865685063, 0.27253897153914325, 2.2573067579410884, 2.4937051797354006, 2.892299356898812, 1.3811747737594062, 6.0511149189443705, 3.1360489933738513, 1.0806160806937841]
APTIDAO: 
17.716780970738856
GEN: 4500
Individuo: 
[2.5949816372986443, 4.814742474816529, 3.179868892383959, 0.5391713788755594, 0.5354703762038279, 0.7051394527481687, 0.9724990865685063, 0.27253897153914325, 2.2573067579410884, 2.4937051797354006, 2.892299356898812, 1.3811747737594062, 6.0511149189443705, 3.1360489933738513, 1.0806160806937841]
APTIDAO: 
17.69542606353525
GEN: 4600
Individuo: 
[2.570337043980215, 4.814742474816529, 3.179868892383959, 0.5389972153736563, 0.5354703762038279, 0.7051394527481687, 0.9724990865685063, 0.27253897153914325, 2.2104232413466893, 2.4812573467841954, 2.892299356898812, 1.3811747737594062, 6.0511149189443705, 3.1360489933738513, 1.0806160806937841]
APTIDAO: 
17.619036697372838
GEN: 4700
Individuo: 
[2.570337043980215, 4.814742474816529, 3.179868892383959, 0.5389972153736563, 0.5354703762038279, 0.7051394527481687, 0.9714557780186933, 0.27253897153914325, 2.2050306319552875, 2.4812573467841954, 2.892299356898812, 1.3811747737594062, 6.041715503171164, 3.1360489933738513, 1.0806160806937841]
APTIDAO: 
17.606656712047158
GEN: 4800
Individuo: 
[2.570337043980215, 4.814742474816529, 3.179868892383959, 0.5389972153736563, 0.5354703762038279, 0.7051394527481687, 0.9714557780186933, 0.27253897153914325, 2.2050306319552875, 2.4812573467841954, 2.892299356898812, 1.3811747737594062, 6.041715503171164, 3.1360489933738513, 1.0806160806937841]
APTIDAO: 
17.606656712047158
GEN: 4900
Individuo: 
[2.5598094872122608, 4.814742474816529, 3.179868892383959, 0.5389972153736563, 0.5354703762038279, 0.7051394527481687, 0.9714557780186933, 0.27253897153914325, 2.2050306319552875, 2.4812573467841954, 2.892299356898812, 1.3811747737594062, 6.041715503171164, 3.1360489933738513, 1.0806160806937841]
APTIDAO: 
17.60354485206341
GEN: 5000
Individuo: 
[2.5324299770770957, 4.813599718030926, 3.179868892383959, 0.5389972153736563, 0.5354703762038279, 0.7051394527481687, 0.9714557780186933, 0.27253897153914325, 2.1968770051928317, 2.4812573467841954, 2.892299356898812, 1.3822908002704097, 6.041715503171164, 3.1360489933738513, 1.0806160806937841]
APTIDAO: 
17.59197764333019
GEN: 5100
Individuo: 
[2.5324299770770957, 4.813599718030926, 3.179868892383959, 0.5389972153736563, 0.5354703762038279, 0.7051394527481687, 0.9714557780186933, 0.27253897153914325, 2.1968770051928317, 2.4812573467841954, 2.892299356898812, 1.3822908002704097, 6.041715503171164, 3.1360489933738513, 1.0806160806937841]
APTIDAO: 
17.59197764333019
GEN: 5200
Individuo: 
[2.5324299770770957, 4.813599718030926, 3.179868892383959, 0.5389972153736563, 0.5354703762038279, 0.7051394527481687, 0.9704631567549736, 0.27253897153914325, 2.1968770051928317, 2.4812573467841954, 2.892299356898812, 1.3822908002704097, 6.041715503171164, 3.1360489933738513, 1.0806160806937841]
APTIDAO: 
17.59039186591881
GEN: 5300
Individuo: 
[2.5324299770770957, 4.813163837083089, 3.179868892383959, 0.5389972153736563, 0.5354703762038279, 0.7051394527481687, 0.9704631567549736, 0.27253897153914325, 2.1968770051928317, 2.4812573467841954, 2.892299356898812, 1.3822908002704097, 6.041715503171164, 3.1360489933738513, 1.0825501239902116]
APTIDAO: 
17.588733274280234
GEN: 5400
Individuo: 
[2.5324299770770957, 4.813163837083089, 3.179868892383959, 0.5389972153736563, 0.5354703762038279, 0.7051394527481687, 0.9704631567549736, 0.27253897153914325, 2.1968770051928317, 2.4812573467841954, 2.892299356898812, 1.385595490019012, 6.041715503171164, 3.1360489933738513, 1.0825501239902116]
APTIDAO: 
17.58161002326094
GEN: 5500
Individuo: 
[2.5324299770770957, 4.813163837083089, 3.179868892383959, 0.5389972153736563, 0.5354703762038279, 0.7051394527481687, 0.9704631567549736, 0.27253897153914325, 2.1968770051928317, 2.4812573467841954, 2.892299356898812, 1.385595490019012, 6.041715503171164, 3.1360489933738513, 1.0825501239902116]
APTIDAO: 
17.58161002326094
GEN: 5600
Individuo: 
[2.540376198289013, 4.813163837083089, 3.179868892383959, 0.5389972153736563, 0.5354703762038279, 0.7051394527481687, 0.9704631567549736, 0.27253897153914325, 2.1968770051928317, 2.4684996818563025, 2.892299356898812, 1.385595490019012, 6.041715503171164, 3.131298524044306, 1.0825501239902116]
APTIDAO: 
17.570368580286857
GEN: 5700
Individuo: 
[2.540376198289013, 4.813163837083089, 3.179868892383959, 0.5389972153736563, 0.5354703762038279, 0.7051394527481687, 0.9704631567549736, 0.27253897153914325, 2.1968770051928317, 2.4684996818563025, 2.892299356898812, 1.3947528050389493, 6.041715503171164, 3.131298524044306, 1.0825501239902116]
APTIDAO: 
17.53036199341289
GEN: 5800
Individuo: 
[2.540376198289013, 4.816347513896743, 3.179868892383959, 0.5389972153736563, 0.5354703762038279, 0.7051394527481687, 0.9704631567549736, 0.27253897153914325, 2.1968770051928317, 2.4684996818563025, 2.892299356898812, 1.3947528050389493, 6.041715503171164, 3.131298524044306, 1.0838386084577711]
APTIDAO: 
17.52110022032356
GEN: 5900
Individuo: 
[2.4928986764280157, 4.816347513896743, 3.179868892383959, 0.5389972153736563, 0.542931173910745, 0.7051394527481687, 0.9704631567549736, 0.27253897153914325, 2.1968770051928317, 2.4684996818563025, 2.892299356898812, 1.3947528050389493, 6.042083197385947, 3.131298524044306, 1.0838386084577711]
APTIDAO: 
17.484772506619848
GEN: 6000
Individuo: 
[2.480246721822092, 4.816347513896743, 3.179868892383959, 0.5389972153736563, 0.542931173910745, 0.7051394527481687, 0.9704631567549736, 0.2739374590285099, 2.1968770051928317, 2.4563989804931317, 2.892299356898812, 1.3984276063669094, 6.042083197385947, 3.131298524044306, 1.0838386084577711]
APTIDAO: 
17.409021200494852
GEN: 6100
Individuo: 
[2.480246721822092, 4.816347513896743, 3.179868892383959, 0.5389972153736563, 0.5438811033791903, 0.7051394527481687, 0.9704631567549736, 0.2739374590285099, 2.1354452514464417, 2.4563989804931317, 2.892299356898812, 1.3984276063669094, 6.022161992094917, 3.131298524044306, 1.0838386084577711]
APTIDAO: 
17.300271615830066
GEN: 6200
Individuo: 
[2.4747258824603136, 4.816347513896743, 3.179868892383959, 0.5389972153736563, 0.5438811033791903, 0.7051394527481687, 0.9704631567549736, 0.2739374590285099, 2.1354452514464417, 2.4563989804931317, 2.892299356898812, 1.3984276063669094, 6.022161992094917, 3.131298524044306, 1.0838386084577711]
APTIDAO: 
17.297679215661034
GEN: 6300
Individuo: 
[2.426762241416799, 4.816347513896743, 3.179868892383959, 0.5389972153736563, 0.5438811033791903, 0.7051394527481687, 0.9704631567549736, 0.2739374590285099, 2.1354452514464417, 2.4563989804931317, 2.892299356898812, 1.3984276063669094, 6.022161992094917, 3.131298524044306, 1.0838386084577711]
APTIDAO: 
17.28589711247322
GEN: 6400
Individuo: 
[2.426762241416799, 4.816347513896743, 3.179868892383959, 0.5389972153736563, 0.5488568530044929, 0.7051394527481687, 0.9704631567549736, 0.2739374590285099, 2.1354452514464417, 2.4563989804931317, 2.892299356898812, 1.3973175574636227, 6.0508854240143055, 3.131298524044306, 1.0838386084577711]
APTIDAO: 
17.27096173851821
GEN: 6500
Individuo: 
[2.426762241416799, 4.816347513896743, 3.179868892383959, 0.5389972153736563, 0.5488568530044929, 0.7051394527481687, 0.9704631567549736, 0.2739374590285099, 2.1354452514464417, 2.4563989804931317, 2.892299356898812, 1.3973175574636227, 6.0508854240143055, 3.131298524044306, 1.0838386084577711]
APTIDAO: 
17.27096173851821
GEN: 6600
Individuo: 
[2.426762241416799, 4.816347513896743, 3.179868892383959, 0.5403869464554677, 0.5488568530044929, 0.7051394527481687, 0.9704631567549736, 0.2739374590285099, 2.1354452514464417, 2.4563989804931317, 2.892299356898812, 1.397650820989718, 6.0508854240143055, 3.131298524044306, 1.0838386084577711]
APTIDAO: 
17.269834745639905
GEN: 6700
Individuo: 
[2.426762241416799, 4.816347513896743, 3.179868892383959, 0.5403869464554677, 0.5488568530044929, 0.7051394527481687, 0.9704631567549736, 0.27476405530283626, 2.1354452514464417, 2.4563989804931317, 2.9030427931046416, 1.397650820989718, 6.0508854240143055, 3.131298524044306, 1.0838386084577711]
APTIDAO: 
17.252177969562933
GEN: 6800
Individuo: 
[2.4243568158850346, 4.816347513896743, 3.179868892383959, 0.5403869464554677, 0.5488568530044929, 0.7051394527481687, 0.9700023534688187, 0.27476405530283626, 2.083647322802414, 2.4563989804931317, 2.9030427931046416, 1.397650820989718, 6.0508854240143055, 3.131298524044306, 1.0838386084577711]
APTIDAO: 
17.226745974247788
GEN: 6900
Individuo: 
[2.4243568158850346, 4.827827440855839, 3.179868892383959, 0.5403869464554677, 0.5530267132278138, 0.7051394527481687, 0.9700023534688187, 0.27476405530283626, 2.083647322802414, 2.4490316617021928, 2.9030427931046416, 1.397650820989718, 6.0508854240143055, 3.131298524044306, 1.0838386084577711]
APTIDAO: 
17.191546052805556
GEN: 7000
Individuo: 
[2.3884955212980197, 4.827827440855839, 3.179868892383959, 0.5403869464554677, 0.5530267132278138, 0.7051394527481687, 0.964805030933822, 0.27476405530283626, 2.0899217971575124, 2.4444900476779883, 2.9030427931046416, 1.4048534733281335, 6.0508854240143055, 3.131298524044306, 1.0838386084577711]
APTIDAO: 
17.131452253513977
GEN: 7100
Individuo: 
[2.3884955212980197, 4.827827440855839, 3.179868892383959, 0.5403869464554677, 0.5530267132278138, 0.7051394527481687, 0.964805030933822, 0.27476405530283626, 2.0899217971575124, 2.4444900476779883, 2.9030427931046416, 1.4048534733281335, 6.0508854240143055, 3.1264318108968436, 1.0838386084577711]
APTIDAO: 
17.125399924122345
GEN: 7200
Individuo: 
[2.3884955212980197, 4.827827440855839, 3.179868892383959, 0.5403869464554677, 0.5530267132278138, 0.7051394527481687, 0.964805030933822, 0.27476405530283626, 2.0899217971575124, 2.4444900476779883, 2.9030427931046416, 1.406960809474231, 6.0508854240143055, 3.1256750563978675, 1.0857239472751827]
APTIDAO: 
17.119035765547927
GEN: 7300
Individuo: 
[2.3884955212980197, 4.827827440855839, 3.179868892383959, 0.5403869464554677, 0.5530267132278138, 0.7051394527481687, 0.964805030933822, 0.27476405530283626, 2.0899217971575124, 2.4444900476779883, 2.9030427931046416, 1.406960809474231, 6.040001346330625, 3.1256750563978675, 1.0857239472751827]
APTIDAO: 
17.110103395671082
GEN: 7400
Individuo: 
[2.3884955212980197, 4.827827440855839, 3.179868892383959, 0.5403869464554677, 0.5589617077922427, 0.7051394527481687, 0.964805030933822, 0.27636134832485504, 2.0899217971575124, 2.4444900476779883, 2.9030427931046416, 1.406960809474231, 6.040001346330625, 3.1256750563978675, 1.0857239472751827]
APTIDAO: 
17.050022913902747
GEN: 7500
Individuo: 
[2.293397221573186, 4.827827440855839, 3.179868892383959, 0.5403869464554677, 0.5589617077922427, 0.7051394527481687, 0.964805030933822, 0.27636134832485504, 2.0471814549335625, 2.4444900476779883, 2.9030427931046416, 1.406960809474231, 6.040001346330625, 3.1256750563978675, 1.0857239472751827]
APTIDAO: 
16.9872308468022
GEN: 7600
Individuo: 
[2.293397221573186, 4.827827440855839, 3.179868892383959, 0.5403869464554677, 0.5589617077922427, 0.7051394527481687, 0.964805030933822, 0.27636134832485504, 2.0471814549335625, 2.4444900476779883, 2.9030427931046416, 1.406960809474231, 6.040001346330625, 3.1081742197653925, 1.0857239472751827]
APTIDAO: 
16.980616943095544
GEN: 7700
Individuo: 
[2.288726498411406, 4.827827440855839, 3.179868892383959, 0.5403869464554677, 0.5589617077922427, 0.7051394527481687, 0.964805030933822, 0.27636134832485504, 2.0471814549335625, 2.4444900476779883, 2.9030427931046416, 1.406960809474231, 6.040001346330625, 3.1081742197653925, 1.0857239472751827]
APTIDAO: 
16.98036916550084
GEN: 7800
Individuo: 
[2.288726498411406, 4.831069643110442, 3.179868892383959, 0.5403869464554677, 0.5623249187679286, 0.7051394527481687, 0.964805030933822, 0.27636134832485504, 2.0471814549335625, 2.4444900476779883, 2.9030427931046416, 1.406960809474231, 6.040001346330625, 3.1081742197653925, 1.0857239472751827]
APTIDAO: 
16.966031484377318
GEN: 7900
Individuo: 
[2.288726498411406, 4.831069643110442, 3.179868892383959, 0.5403869464554677, 0.5623249187679286, 0.7051394527481687, 0.964805030933822, 0.27636134832485504, 1.9979122843580477, 2.422670709846098, 2.9030427931046416, 1.406960809474231, 6.040001346330625, 3.1081742197653925, 1.0857239472751827]
APTIDAO: 
16.89217747373438
GEN: 8000
Individuo: 
[2.288726498411406, 4.805435510667077, 3.179868892383959, 0.5403869464554677, 0.5623249187679286, 0.7051394527481687, 0.964805030933822, 0.27636134832485504, 1.9979122843580477, 2.422670709846098, 2.9030427931046416, 1.406960809474231, 6.040001346330625, 3.1081742197653925, 1.0857239472751827]
APTIDAO: 
16.887081521265706
GEN: 8100
Individuo: 
[2.2768444650720348, 4.805435510667077, 3.179868892383959, 0.5450560605017202, 0.5658980333310119, 0.7051394527481687, 0.964805030933822, 0.27636134832485504, 1.9979122843580477, 2.4119449984396613, 2.9030427931046416, 1.4167822998769208, 6.044811309144083, 3.1081742197653925, 1.0857239472751827]
APTIDAO: 
16.77628170758141
GEN: 8200
Individuo: 
[2.266401817834607, 4.805435510667077, 3.179868892383959, 0.5450560605017202, 0.5658980333310119, 0.7051394527481687, 0.9632345734287647, 0.27636134832485504, 1.9979122843580477, 2.4119449984396613, 2.909236412014913, 1.4167822998769208, 6.044811309144083, 3.1081742197653925, 1.0857239472751827]
APTIDAO: 
16.770009937253644
GEN: 8300
Individuo: 
[2.266401817834607, 4.805435510667077, 3.179868892383959, 0.5493909848646871, 0.5683055586513005, 0.7051394527481687, 0.9632345734287647, 0.27636134832485504, 1.9979122843580477, 2.404190217624535, 2.909236412014913, 1.4237911211887704, 6.044811309144083, 3.1081742197653925, 1.0857239472751827]
APTIDAO: 
16.708465922073643
GEN: 8400
Individuo: 
[2.266401817834607, 4.805435510667077, 3.179868892383959, 0.5529252590314769, 0.5683055586513005, 0.6962184016941734, 0.9632345734287647, 0.27636134832485504, 1.8343063789872498, 2.404190217624535, 2.909236412014913, 1.4237911211887704, 6.041167406816509, 3.1081742197653925, 1.0857239472751827]
APTIDAO: 
16.60380944693
GEN: 8500
Individuo: 
[2.266401817834607, 4.805435510667077, 3.179868892383959, 0.5529252590314769, 0.5683055586513005, 0.6962184016941734, 0.9632345734287647, 0.27636134832485504, 1.8343063789872498, 2.404190217624535, 2.909236412014913, 1.429212402125182, 6.041167406816509, 3.1081742197653925, 1.0857239472751827]
APTIDAO: 
16.596761905674544
GEN: 8600
Individuo: 
[2.266401817834607, 4.805435510667077, 3.179868892383959, 0.5529252590314769, 0.5683055586513005, 0.6962184016941734, 0.9632345734287647, 0.27653566085362824, 1.8343063789872498, 2.404190217624535, 2.909236412014913, 1.429212402125182, 6.041167406816509, 3.1081742197653925, 1.0857239472751827]
APTIDAO: 
16.583525579590447
GEN: 8700
Individuo: 
[2.1734290583373452, 4.805435510667077, 3.179868892383959, 0.5529252590314769, 0.5683055586513005, 0.6962184016941734, 0.9632345734287647, 0.27653566085362824, 1.8343063789872498, 2.394805195332503, 2.909236412014913, 1.429212402125182, 6.048749487933097, 3.1081742197653925, 1.0857239472751827]
APTIDAO: 
16.572589953238904
GEN: 8800
Individuo: 
[2.1734290583373452, 4.805435510667077, 3.179868892383959, 0.5529252590314769, 0.5702595977322413, 0.6962184016941734, 0.9632345734287647, 0.27653566085362824, 1.8343063789872498, 2.394805195332503, 2.909236412014913, 1.429212402125182, 5.997618178200386, 3.1081742197653925, 1.0857239472751827]
APTIDAO: 
16.50408241480773
GEN: 8900
Individuo: 
[2.1734290583373452, 4.805435510667077, 3.179868892383959, 0.5529252590314769, 0.5702595977322413, 0.6928807396865564, 0.9632345734287647, 0.27653566085362824, 1.8343063789872498, 2.394805195332503, 2.909236412014913, 1.429212402125182, 5.997618178200386, 3.1081742197653925, 1.0857239472751827]
APTIDAO: 
16.498086676405222
GEN: 9000
Individuo: 
[2.1734290583373452, 4.805435510667077, 3.179868892383959, 0.5529252590314769, 0.5702595977322413, 0.6928807396865564, 0.9632345734287647, 0.27653566085362824, 1.819873368662141, 2.394805195332503, 2.909236412014913, 1.429212402125182, 5.997618178200386, 3.1081742197653925, 1.0857239472751827]
APTIDAO: 
16.480260300442673
GEN: 9100
Individuo: 
[2.0938975737474346, 4.805435510667077, 3.179868892383959, 0.5693999563569154, 0.5703341664928697, 0.6687857506459516, 0.9632345734287647, 0.27653566085362824, 1.3718664864737833, 2.394805195332503, 2.909236412014913, 1.429212402125182, 5.997618178200386, 3.1081742197653925, 1.0857239472751827]
APTIDAO: 
16.225016530704856
GEN: 9200
Individuo: 
[2.0938975737474346, 4.805435510667077, 3.179868892383959, 0.5693999563569154, 0.5703341664928697, 0.6687857506459516, 0.9632345734287647, 0.27653566085362824, 1.3345189870848833, 2.394805195332503, 2.909236412014913, 1.429212402125182, 5.997618178200386, 3.1081742197653925, 1.0857239472751827]
APTIDAO: 
16.198958179752065
GEN: 9300
Individuo: 
[1.9125161010622802, 4.805435510667077, 3.179868892383959, 0.5693999563569154, 0.5779649174043832, 0.6687857506459516, 0.9632345734287647, 0.27653566085362824, 1.3392835132483385, 2.394805195332503, 2.909236412014913, 1.429212402125182, 5.997618178200386, 3.1081742197653925, 1.0857239472751827]
APTIDAO: 
16.179668909983164
GEN: 9400
Individuo: 
[1.9125161010622802, 4.855570925342684, 3.179868892383959, 0.5693999563569154, 0.5779649174043832, 0.6687857506459516, 0.9632345734287647, 0.27653566085362824, 1.3263090209634005, 2.3809075857266855, 2.909236412014913, 1.429212402125182, 5.997618178200386, 3.1081742197653925, 1.0857239472751827]
APTIDAO: 
16.121445143606522
GEN: 9500
Individuo: 
[1.9125161010622802, 4.851342788384053, 3.179868892383959, 0.5693999563569154, 0.5779649174043832, 0.6687857506459516, 0.9632345734287647, 0.278307863905533, 1.3263090209634005, 2.3809075857266855, 2.909236412014913, 1.435096070769216, 5.997618178200386, 3.1081742197653925, 1.0857239472751827]
APTIDAO: 
16.057263819675892
GEN: 9600
Individuo: 
[1.9125161010622802, 4.851342788384053, 3.179868892383959, 0.5693999563569154, 0.5779649174043832, 0.6672042370662535, 0.9632345734287647, 0.278307863905533, 1.249329143179453, 2.3809075857266855, 2.928256172276074, 1.435096070769216, 5.997618178200386, 3.1081742197653925, 1.0857239472751827]
APTIDAO: 
15.966921534841033
GEN: 9700
Individuo: 
[1.8006204444328375, 4.851342788384053, 3.179868892383959, 0.5693999563569154, 0.5819297387896526, 0.6665275821982362, 0.9632345734287647, 0.278307863905533, 1.2573251601752828, 2.3809075857266855, 2.928256172276074, 1.435096070769216, 5.997618178200386, 3.1081742197653925, 1.0857239472751827]
APTIDAO: 
15.948687253954347
GEN: 9800
Individuo: 
[1.8006204444328375, 4.851342788384053, 3.179868892383959, 0.5693999563569154, 0.6005948223272379, 0.6665275821982362, 0.9544363536448353, 0.278307863905533, 1.304104686921904, 2.364029023600239, 2.9640748749056076, 1.435096070769216, 5.997618178200386, 3.0802945230787775, 1.0857239472751827]
APTIDAO: 
15.769056080224312
GEN: 9900
Individuo: 
[1.8006204444328375, 4.851342788384053, 3.179868892383959, 0.5693999563569154, 0.6005948223272379, 0.6665275821982362, 0.9544363536448353, 0.278307863905533, 1.2986023234949429, 2.364029023600239, 2.9640748749056076, 1.435096070769216, 5.997618178200386, 3.0802945230787775, 1.0857239472751827]
APTIDAO: 
15.76600680826912
GEN: 10000
Individuo: 
[1.779842300585973, 4.851342788384053, 3.179868892383959, 0.5693999563569154, 0.6005948223272379, 0.6665275821982362, 0.9544363536448353, 0.278307863905533, 1.2986023234949429, 2.364029023600239, 2.9640748749056076, 1.435096070769216, 5.997618178200386, 3.0802945230787775, 1.0857239472751827]
APTIDAO: 
15.760610168989784

--- RESULTADO FINAL ---
Erro (norma-1): 15.760610168989784
Parâmetros: [1.779842300585973, 4.851342788384053, 3.179868892383959, 0.5693999563569154, 0.6005948223272379, 0.6665275821982362, 0.9544363536448353, 0.278307863905533, 1.2986023234949429, 2.364029023600239, 2.9640748749056076, 1.435096070769216, 5.997618178200386, 3.0802945230787775, 1.0857239472751827]
Tempo total: 00h 42m 16s
