SEED: 1778688790
METODO: ABCD_MM
IND_SIZE: 13
GEN: 0
Individuo: 
[4.489919880130742, 0.19083710878684496, 2.8909539021656534, 1.059595285729379, 0.9936644295686742, 0.21829753636443414, 0.5422228151952744, 0.1537715135639189, 0.7456876443809399, 0.3106887175938666, 0.6934962740116776, 0.9831236809851248, 0.5780642519854154]
APTIDAO: 
83.43142620607112
GEN: 100
Individuo: 
[1.0363711866315286, 1.3393882299274968, 1.8571961462676494, 0.43769216290162205, 0.9029930610531596, 0.1349721470148978, 0.9788907653756865, 0.12431433528738214, 0.5003732710825322, 0.3106887175938666, 0.7339360137344557, 0.8377615862399618, 0.6158244477661099]
APTIDAO: 
51.1868567444773
GEN: 200
Individuo: 
[1.0363711866315286, 1.2971837596117572, 2.021993927829645, 0.37251213089836, 0.9029930610531596, 0.1349721470148978, 0.9788907653756865, 0.12431433528738214, 0.5239620172370292, 0.3106887175938666, 0.7339360137344557, 0.8419911683881988, 0.6313674967337952]
APTIDAO: 
50.841574271955835
GEN: 300
Individuo: 
[1.0363711866315286, 1.3642080934408845, 2.0709407190715217, 0.37251213089836, 0.9029930610531596, 0.13339012800914107, 0.9788907653756865, 0.12452948293003044, 0.5239620172370292, 0.3106887175938666, 0.7339360137344557, 0.8419911683881988, 0.6341235669292219]
APTIDAO: 
50.76121955551902
GEN: 400
Individuo: 
[1.0197498645584324, 1.3642080934408845, 2.159821091137128, 0.37251213089836, 0.9029930610531596, 0.13339012800914107, 0.9788907653756865, 0.12452948293003044, 0.5239620172370292, 0.3106887175938666, 0.7339360137344557, 0.8419911683881988, 0.6341235669292219]
APTIDAO: 
50.74606495145463
GEN: 500
Individuo: 
[1.0197498645584324, 1.3412945523382285, 2.159821091137128, 0.37251213089836, 0.9029930610531596, 0.13339012800914107, 0.9788907653756865, 0.12452948293003044, 0.5239620172370292, 0.3104635261697834, 0.7339360137344557, 0.8419911683881988, 0.6350345185831937]
APTIDAO: 
50.74324274770241
GEN: 600
Individuo: 
[1.0197498645584324, 1.3412945523382285, 2.159821091137128, 0.3681495180005881, 0.9029930610531596, 0.13339012800914107, 0.9788907653756865, 0.12452948293003044, 0.5239620172370292, 0.3104635261697834, 0.7365125742706112, 0.8419911683881988, 0.6350345185831937]
APTIDAO: 
50.73889738802673
GEN: 700
Individuo: 
[1.0197498645584324, 1.3412945523382285, 2.159821091137128, 0.3681495180005881, 0.9029930610531596, 0.13339012800914107, 0.9788907653756865, 0.12452948293003044, 0.5239620172370292, 0.3104635261697834, 0.7365125742706112, 0.8419911683881988, 0.6350345185831937]
APTIDAO: 
50.73889738802673
GEN: 800
Individuo: 
[1.0197498645584324, 1.3412945523382285, 2.159821091137128, 0.35888152457098865, 0.9029930610531596, 0.13284520232338184, 0.9788907653756865, 0.12452948293003044, 0.5239620172370292, 0.3104635261697834, 0.7365125742706112, 0.8419911683881988, 0.6350345185831937]
APTIDAO: 
50.72583037785854
GEN: 900
Individuo: 
[1.0197498645584324, 1.3412945523382285, 2.159821091137128, 0.35888152457098865, 0.9029930610531596, 0.13223467005885034, 0.9744376019102826, 0.12610136392825172, 0.5239620172370292, 0.3104635261697834, 0.7365125742706112, 0.8419911683881988, 0.6350345185831937]
APTIDAO: 
50.70418275807803
GEN: 1000
Individuo: 
[1.0197498645584324, 1.3715942475231255, 2.2018910717092117, 0.35888152457098865, 0.9029930610531596, 0.13223467005885034, 0.9744376019102826, 0.12610136392825172, 0.5239620172370292, 0.3104635261697834, 0.7365125742706112, 0.8419911683881988, 0.6350345185831937]
APTIDAO: 
50.69711508087001
GEN: 1100
Individuo: 
[1.0197498645584324, 1.3715942475231255, 2.2018910717092117, 0.35888152457098865, 0.9029930610531596, 0.13223467005885034, 0.9744376019102826, 0.12610136392825172, 0.5239620172370292, 0.3104635261697834, 0.7365125742706112, 0.8441172397958961, 0.6350345185831937]
APTIDAO: 
50.69479118416007
GEN: 1200
Individuo: 
[1.0197498645584324, 1.3715942475231255, 2.2018910717092117, 0.35888152457098865, 0.9029930610531596, 0.13223467005885034, 0.9744376019102826, 0.1266493405768176, 0.5239620172370292, 0.3104635261697834, 0.7360721711429633, 0.8441172397958961, 0.6350345185831937]
APTIDAO: 
50.68495461772682
GEN: 1300
Individuo: 
[1.0197498645584324, 1.3715942475231255, 2.2018910717092117, 0.35888152457098865, 0.9029930610531596, 0.13223467005885034, 0.9744376019102826, 0.1266493405768176, 0.5239620172370292, 0.3104635261697834, 0.7360721711429633, 0.8441172397958961, 0.6350345185831937]
APTIDAO: 
50.68495461772682
GEN: 1400
Individuo: 
[1.0197498645584324, 1.3715942475231255, 2.2018910717092117, 0.35888152457098865, 0.9029930610531596, 0.13223467005885034, 0.9744376019102826, 0.1266493405768176, 0.5239620172370292, 0.3104635261697834, 0.7360721711429633, 0.8441172397958961, 0.6350345185831937]
APTIDAO: 
50.68495461772682
GEN: 1500
Individuo: 
[1.0197498645584324, 1.3715942475231255, 2.2018910717092117, 0.3569936868304345, 0.9029930610531596, 0.13223467005885034, 0.9744376019102826, 0.1266493405768176, 0.5239620172370292, 0.3104635261697834, 0.7360721711429633, 0.8441172397958961, 0.6350345185831937]
APTIDAO: 
50.684924835500055
GEN: 1600
Individuo: 
[1.013590290481824, 1.3715942475231255, 2.2018910717092117, 0.3569936868304345, 0.9029930610531596, 0.13223467005885034, 0.9744376019102826, 0.1266493405768176, 0.5239620172370292, 0.3104635261697834, 0.7360721711429633, 0.8441172397958961, 0.6350345185831937]
APTIDAO: 
50.68449313989614
GEN: 1700
Individuo: 
[1.013590290481824, 1.3715942475231255, 2.2018910717092117, 0.3569936868304345, 0.9029930610531596, 0.13223467005885034, 0.9751314673882935, 0.1266493405768176, 0.5239620172370292, 0.3104635261697834, 0.7360721711429633, 0.8441172397958961, 0.6350345185831937]
APTIDAO: 
50.679439835427836
GEN: 1800
Individuo: 
[1.013590290481824, 1.3715942475231255, 2.2018910717092117, 0.3569936868304345, 0.9029930610531596, 0.13223467005885034, 0.9751314673882935, 0.1266493405768176, 0.5239620172370292, 0.3104635261697834, 0.7360721711429633, 0.8441172397958961, 0.6350345185831937]
APTIDAO: 
50.679439835427836
GEN: 1900
Individuo: 
[1.013590290481824, 1.3715942475231255, 2.2018910717092117, 0.3569936868304345, 0.9029930610531596, 0.13223467005885034, 0.9751314673882935, 0.1266493405768176, 0.5239620172370292, 0.3104635261697834, 0.73506077041167, 0.8441172397958961, 0.6350345185831937]
APTIDAO: 
50.67886226506069
GEN: 2000
Individuo: 
[1.013590290481824, 1.3715942475231255, 2.2018910717092117, 0.3477674772012572, 0.9029930610531596, 0.13202177680483188, 0.9751314673882935, 0.1266493405768176, 0.5239620172370292, 0.3104635261697834, 0.73506077041167, 0.8441172397958961, 0.6350345185831937]
APTIDAO: 
50.674812068496436
GEN: 2100
Individuo: 
[1.013590290481824, 1.3715942475231255, 2.2018910717092117, 0.3477674772012572, 0.9029930610531596, 0.13202177680483188, 0.9751314673882935, 0.1266493405768176, 0.5239620172370292, 0.3104635261697834, 0.73506077041167, 0.8441172397958961, 0.6350345185831937]
APTIDAO: 
50.674812068496436
GEN: 2200
Individuo: 
[1.013590290481824, 1.3715942475231255, 2.2018910717092117, 0.3477674772012572, 0.9029930610531596, 0.13202177680483188, 0.9751314673882935, 0.1266493405768176, 0.5239620172370292, 0.3104635261697834, 0.73506077041167, 0.8441172397958961, 0.6350345185831937]
APTIDAO: 
50.674812068496436
GEN: 2300
Individuo: 
[1.013590290481824, 1.3715942475231255, 2.2018910717092117, 0.3477674772012572, 0.9029930610531596, 0.13202177680483188, 0.9751314673882935, 0.1266493405768176, 0.5239620172370292, 0.3104635261697834, 0.73506077041167, 0.8441172397958961, 0.6350345185831937]
APTIDAO: 
50.674812068496436
GEN: 2400
Individuo: 
[1.013590290481824, 1.3715942475231255, 2.2018910717092117, 0.3477674772012572, 0.9029930610531596, 0.13202177680483188, 0.9751314673882935, 0.1266493405768176, 0.5239620172370292, 0.3104635261697834, 0.73506077041167, 0.8441172397958961, 0.6350345185831937]
APTIDAO: 
50.674812068496436
GEN: 2500
Individuo: 
[1.013590290481824, 1.3715942475231255, 2.2018910717092117, 0.3477674772012572, 0.9029930610531596, 0.13202177680483188, 0.9751314673882935, 0.1266493405768176, 0.5239620172370292, 0.3104635261697834, 0.73506077041167, 0.8441172397958961, 0.6350345185831937]
APTIDAO: 
50.674812068496436
GEN: 2600
Individuo: 
[1.013590290481824, 1.3715942475231255, 2.2018910717092117, 0.3477674772012572, 0.9029930610531596, 0.13202177680483188, 0.9751314673882935, 0.1266493405768176, 0.5239620172370292, 0.3104635261697834, 0.73506077041167, 0.8441172397958961, 0.6350345185831937]
APTIDAO: 
50.674812068496436
GEN: 2700
Individuo: 
[1.013590290481824, 1.3715942475231255, 2.2018910717092117, 0.3477674772012572, 0.9029930610531596, 0.13202177680483188, 0.9751314673882935, 0.1266493405768176, 0.5239620172370292, 0.3104635261697834, 0.73506077041167, 0.8441172397958961, 0.635675761323375]
APTIDAO: 
50.67425374828329
GEN: 2800
Individuo: 
[1.013590290481824, 1.3715942475231255, 2.2018910717092117, 0.3477674772012572, 0.9029930610531596, 0.13202177680483188, 0.9751314673882935, 0.1266493405768176, 0.5239620172370292, 0.3104635261697834, 0.73506077041167, 0.8441172397958961, 0.635675761323375]
APTIDAO: 
50.67425374828329
GEN: 2900
Individuo: 
[1.013590290481824, 1.3715942475231255, 2.2018910717092117, 0.3477674772012572, 0.9029930610531596, 0.13202177680483188, 0.9751314673882935, 0.1266493405768176, 0.5239620172370292, 0.3104635261697834, 0.73506077041167, 0.8441172397958961, 0.635675761323375]
APTIDAO: 
50.67425374828329
GEN: 3000
Individuo: 
[1.013590290481824, 1.3715942475231255, 2.2018910717092117, 0.3477674772012572, 0.9029930610531596, 0.13202177680483188, 0.9751314673882935, 0.1266493405768176, 0.5239620172370292, 0.3104635261697834, 0.73506077041167, 0.8441172397958961, 0.635675761323375]
APTIDAO: 
50.67425374828329
GEN: 3100
Individuo: 
[1.013590290481824, 1.3715942475231255, 2.2018910717092117, 0.3477674772012572, 0.9029930610531596, 0.13202177680483188, 0.9751314673882935, 0.1266493405768176, 0.5239620172370292, 0.3104635261697834, 0.73506077041167, 0.8441172397958961, 0.635675761323375]
APTIDAO: 
50.67425374828329
GEN: 3200
Individuo: 
[1.013590290481824, 1.3715942475231255, 2.2018910717092117, 0.3477674772012572, 0.9029930610531596, 0.13202177680483188, 0.9751314673882935, 0.1266493405768176, 0.5239620172370292, 0.3104635261697834, 0.73506077041167, 0.8441172397958961, 0.635675761323375]
APTIDAO: 
50.67425374828329
GEN: 3300
Individuo: 
[1.016713440656433, 1.3715942475231255, 2.2018910717092117, 0.3477674772012572, 0.9029930610531596, 0.13202177680483188, 0.9751314673882935, 0.1266493405768176, 0.5239620172370292, 0.3104635261697834, 0.73506077041167, 0.8441172397958961, 0.635675761323375]
APTIDAO: 
50.6742268011525
GEN: 3400
Individuo: 
[1.016713440656433, 1.3715942475231255, 2.2018910717092117, 0.3477674772012572, 0.9029930610531596, 0.13202177680483188, 0.9751314673882935, 0.1266493405768176, 0.5239620172370292, 0.3104635261697834, 0.73506077041167, 0.8441172397958961, 0.635675761323375]
APTIDAO: 
50.6742268011525
GEN: 3500
Individuo: 
[1.016713440656433, 1.3715942475231255, 2.2018910717092117, 0.3477674772012572, 0.9029930610531596, 0.13202177680483188, 0.9751314673882935, 0.1266493405768176, 0.5239620172370292, 0.3104635261697834, 0.73506077041167, 0.8441172397958961, 0.635675761323375]
APTIDAO: 
50.6742268011525
GEN: 3600
Individuo: 
[1.016713440656433, 1.3715942475231255, 2.2018910717092117, 0.3477674772012572, 0.9029930610531596, 0.13202177680483188, 0.9751314673882935, 0.1266493405768176, 0.5239620172370292, 0.3104635261697834, 0.73506077041167, 0.8441172397958961, 0.635675761323375]
APTIDAO: 
50.6742268011525
GEN: 3700
Individuo: 
[1.016713440656433, 1.3715942475231255, 2.2018910717092117, 0.3477674772012572, 0.9029930610531596, 0.13202177680483188, 0.9751314673882935, 0.1266493405768176, 0.5238960953179239, 0.3104635261697834, 0.73506077041167, 0.8441172397958961, 0.635675761323375]
APTIDAO: 
50.674109719836004
GEN: 3800
Individuo: 
[1.017705599682252, 1.3715942475231255, 2.2018910717092117, 0.3477674772012572, 0.9029930610531596, 0.13202177680483188, 0.9751314673882935, 0.1266493405768176, 0.5238960953179239, 0.3104635261697834, 0.73506077041167, 0.8441172397958961, 0.635675761323375]
APTIDAO: 
50.67410099217996
GEN: 3900
Individuo: 
[1.017705599682252, 1.3715942475231255, 2.2018910717092117, 0.347901480277187, 0.9029930610531596, 0.13202177680483188, 0.9751314673882935, 0.1266493405768176, 0.5238960953179239, 0.3104635261697834, 0.73506077041167, 0.8441172397958961, 0.635675761323375]
APTIDAO: 
50.674100039793565
GEN: 4000
Individuo: 
[1.017705599682252, 1.3715942475231255, 2.2018910717092117, 0.347901480277187, 0.9029930610531596, 0.13202177680483188, 0.9751314673882935, 0.1266493405768176, 0.5238960953179239, 0.3104635261697834, 0.73506077041167, 0.8441172397958961, 0.635675761323375]
APTIDAO: 
50.674100039793565
GEN: 4100
Individuo: 
[1.017705599682252, 1.3715942475231255, 2.2018910717092117, 0.347901480277187, 0.9029930610531596, 0.13202177680483188, 0.9751314673882935, 0.1266493405768176, 0.5238960953179239, 0.3104635261697834, 0.73506077041167, 0.8441172397958961, 0.635675761323375]
APTIDAO: 
50.674100039793565
GEN: 4200
Individuo: 
[1.017705599682252, 1.3715942475231255, 2.2018910717092117, 0.347901480277187, 0.9029930610531596, 0.13202177680483188, 0.9751314673882935, 0.1266493405768176, 0.5238960953179239, 0.3104635261697834, 0.73506077041167, 0.8441172397958961, 0.635675761323375]
APTIDAO: 
50.674100039793565
GEN: 4300
Individuo: 
[1.017705599682252, 1.3715942475231255, 2.2018910717092117, 0.347901480277187, 0.9029930610531596, 0.13202177680483188, 0.9751314673882935, 0.1266493405768176, 0.5238960953179239, 0.3104635261697834, 0.73506077041167, 0.8441172397958961, 0.635675761323375]
APTIDAO: 
50.674100039793565
GEN: 4400
Individuo: 
[1.017705599682252, 1.3715942475231255, 2.2018910717092117, 0.347901480277187, 0.9029930610531596, 0.13202177680483188, 0.9751314673882935, 0.1266493405768176, 0.5238960953179239, 0.3104635261697834, 0.73506077041167, 0.8441172397958961, 0.635675761323375]
APTIDAO: 
50.674100039793565
GEN: 4500
Individuo: 
[1.017705599682252, 1.3715942475231255, 2.2018910717092117, 0.347901480277187, 0.9029930610531596, 0.13202177680483188, 0.9751314673882935, 0.1266493405768176, 0.5238960953179239, 0.3104635261697834, 0.73506077041167, 0.8441172397958961, 0.635675761323375]
APTIDAO: 
50.674100039793565
GEN: 4600
Individuo: 
[1.017705599682252, 1.3715942475231255, 2.2018910717092117, 0.347901480277187, 0.9029930610531596, 0.13202177680483188, 0.9751314673882935, 0.1266493405768176, 0.5238960953179239, 0.3104635261697834, 0.73506077041167, 0.8441172397958961, 0.635675761323375]
APTIDAO: 
50.674100039793565
GEN: 4700
Individuo: 
[1.017705599682252, 1.3715942475231255, 2.2018910717092117, 0.347901480277187, 0.9029930610531596, 0.13202177680483188, 0.9751314673882935, 0.1266493405768176, 0.5238960953179239, 0.3104635261697834, 0.73506077041167, 0.8441172397958961, 0.635675761323375]
APTIDAO: 
50.674100039793565
GEN: 4800
Individuo: 
[1.017705599682252, 1.3715942475231255, 2.2018910717092117, 0.347901480277187, 0.9029930610531596, 0.13202177680483188, 0.9751314673882935, 0.1266493405768176, 0.5238960953179239, 0.3104635261697834, 0.7352303025694593, 0.8441172397958961, 0.635675761323375]
APTIDAO: 
50.67391902752261
GEN: 4900
Individuo: 
[1.017705599682252, 1.3715942475231255, 2.2018910717092117, 0.347901480277187, 0.9029930610531596, 0.13202177680483188, 0.9753907222246034, 0.1266493405768176, 0.5238960953179239, 0.3104635261697834, 0.7352303025694593, 0.8441172397958961, 0.635675761323375]
APTIDAO: 
50.67320549592883
GEN: 5000
Individuo: 
[1.017705599682252, 1.3715942475231255, 2.2018910717092117, 0.347901480277187, 0.9029930610531596, 0.13202177680483188, 0.9753907222246034, 0.1266493405768176, 0.5238960953179239, 0.3104635261697834, 0.7352303025694593, 0.8441172397958961, 0.635675761323375]
APTIDAO: 
50.67320549592883
GEN: 5100
Individuo: 
[1.017705599682252, 1.3715942475231255, 2.2018910717092117, 0.347901480277187, 0.9029930610531596, 0.13202177680483188, 0.9753907222246034, 0.1266493405768176, 0.5238960953179239, 0.3104635261697834, 0.7352303025694593, 0.8441172397958961, 0.635675761323375]
APTIDAO: 
50.67320549592883
GEN: 5200
Individuo: 
[1.017705599682252, 1.3715942475231255, 2.2018910717092117, 0.347901480277187, 0.9029930610531596, 0.13202177680483188, 0.9753907222246034, 0.1266493405768176, 0.5238960953179239, 0.3104635261697834, 0.7352303025694593, 0.8441172397958961, 0.635675761323375]
APTIDAO: 
50.67320549592883
GEN: 5300
Individuo: 
[1.017705599682252, 1.3715942475231255, 2.2018910717092117, 0.347901480277187, 0.9029930610531596, 0.13202177680483188, 0.9753907222246034, 0.1266493405768176, 0.5238960953179239, 0.3104635261697834, 0.7352303025694593, 0.8441172397958961, 0.635675761323375]
APTIDAO: 
50.67320549592883
GEN: 5400
Individuo: 
[1.017705599682252, 1.3715942475231255, 2.2018910717092117, 0.347901480277187, 0.9029930610531596, 0.13202177680483188, 0.9753907222246034, 0.1266493405768176, 0.5238960953179239, 0.3104635261697834, 0.7352303025694593, 0.8441172397958961, 0.635675761323375]
APTIDAO: 
50.67320549592883
GEN: 5500
Individuo: 
[1.0190343105041941, 1.3715942475231255, 2.2018910717092117, 0.347901480277187, 0.9029930610531596, 0.13202177680483188, 0.9753907222246034, 0.1266493405768176, 0.5238960953179239, 0.3104635261697834, 0.7352303025694593, 0.8441172397958961, 0.635675761323375]
APTIDAO: 
50.673192299628234
GEN: 5600
Individuo: 
[1.0190343105041941, 1.3715942475231255, 2.2018910717092117, 0.347901480277187, 0.9029930610531596, 0.13202177680483188, 0.9753907222246034, 0.1266493405768176, 0.5238960953179239, 0.3104635261697834, 0.7352303025694593, 0.8441172397958961, 0.635675761323375]
APTIDAO: 
50.673192299628234
GEN: 5700
Individuo: 
[1.0190343105041941, 1.3715942475231255, 2.2018910717092117, 0.347901480277187, 0.9029930610531596, 0.13202177680483188, 0.9753907222246034, 0.1266493405768176, 0.5238960953179239, 0.3104635261697834, 0.7352303025694593, 0.8441172397958961, 0.635675761323375]
APTIDAO: 
50.673192299628234
GEN: 5800
Individuo: 
[1.0190343105041941, 1.3715942475231255, 2.2018910717092117, 0.347901480277187, 0.9029930610531596, 0.13202177680483188, 0.9753907222246034, 0.1266493405768176, 0.5238960953179239, 0.3104635261697834, 0.7352303025694593, 0.8441172397958961, 0.635675761323375]
APTIDAO: 
50.673192299628234
GEN: 5900
Individuo: 
[1.0190343105041941, 1.3715942475231255, 2.2018910717092117, 0.347901480277187, 0.9029930610531596, 0.13202177680483188, 0.9753907222246034, 0.1266493405768176, 0.5238960953179239, 0.3104635261697834, 0.7352303025694593, 0.8441172397958961, 0.635675761323375]
APTIDAO: 
50.673192299628234
GEN: 6000
Individuo: 
[1.0190343105041941, 1.3715942475231255, 2.2018910717092117, 0.347901480277187, 0.9029930610531596, 0.13202177680483188, 0.9753907222246034, 0.1266493405768176, 0.5238960953179239, 0.3104635261697834, 0.7352303025694593, 0.8441172397958961, 0.635675761323375]
APTIDAO: 
50.673192299628234
GEN: 6100
Individuo: 
[1.0190343105041941, 1.3715942475231255, 2.2018910717092117, 0.347901480277187, 0.9029930610531596, 0.13202177680483188, 0.9753907222246034, 0.1266493405768176, 0.5238960953179239, 0.3104635261697834, 0.7352303025694593, 0.8441172397958961, 0.635675761323375]
APTIDAO: 
50.673192299628234
GEN: 6200
Individuo: 
[1.0190343105041941, 1.3715942475231255, 2.2018910717092117, 0.347901480277187, 0.9029930610531596, 0.13202177680483188, 0.9753907222246034, 0.1266493405768176, 0.5238960953179239, 0.3104635261697834, 0.7352303025694593, 0.8441172397958961, 0.635675761323375]
APTIDAO: 
50.673192299628234
GEN: 6300
Individuo: 
[1.0190343105041941, 1.3715942475231255, 2.2018910717092117, 0.347901480277187, 0.9029930610531596, 0.13202177680483188, 0.9753907222246034, 0.1266493405768176, 0.5238960953179239, 0.3104635261697834, 0.7352303025694593, 0.8441172397958961, 0.635675761323375]
APTIDAO: 
50.673192299628234
GEN: 6400
Individuo: 
[1.0190343105041941, 1.3715942475231255, 2.2018910717092117, 0.347901480277187, 0.9029930610531596, 0.13202177680483188, 0.9753907222246034, 0.1266493405768176, 0.5238960953179239, 0.3104635261697834, 0.7352303025694593, 0.8441172397958961, 0.635675761323375]
APTIDAO: 
50.673192299628234
GEN: 6500
Individuo: 
[1.0190343105041941, 1.3715942475231255, 2.2018910717092117, 0.347901480277187, 0.9029930610531596, 0.13202177680483188, 0.9753907222246034, 0.1266493405768176, 0.5238960953179239, 0.3104635261697834, 0.7352303025694593, 0.8441172397958961, 0.635675761323375]
APTIDAO: 
50.673192299628234
GEN: 6600
Individuo: 
[1.0190343105041941, 1.3715942475231255, 2.2018910717092117, 0.347901480277187, 0.9029930610531596, 0.13202177680483188, 0.9753907222246034, 0.1266493405768176, 0.5238960953179239, 0.3104635261697834, 0.7352303025694593, 0.8444878007313339, 0.635675761323375]
APTIDAO: 
50.672664134338156
GEN: 6700
Individuo: 
[1.0190343105041941, 1.3715942475231255, 2.2018910717092117, 0.347901480277187, 0.9029930610531596, 0.13202177680483188, 0.9753907222246034, 0.1266493405768176, 0.5238960953179239, 0.3104635261697834, 0.7352303025694593, 0.8444878007313339, 0.635675761323375]
APTIDAO: 
50.672664134338156
GEN: 6800
Individuo: 
[1.0190343105041941, 1.3715942475231255, 2.2018910717092117, 0.347901480277187, 0.9029930610531596, 0.13202177680483188, 0.9753907222246034, 0.1266493405768176, 0.5238960953179239, 0.3104635261697834, 0.7352303025694593, 0.8444878007313339, 0.635675761323375]
APTIDAO: 
50.672664134338156
GEN: 6900
Individuo: 
[1.0190343105041941, 1.3715942475231255, 2.2018910717092117, 0.347901480277187, 0.9029930610531596, 0.13202177680483188, 0.9753907222246034, 0.1266493405768176, 0.5238960953179239, 0.3104635261697834, 0.7352303025694593, 0.8444878007313339, 0.635675761323375]
APTIDAO: 
50.672664134338156
GEN: 7000
Individuo: 
[1.0190343105041941, 1.3715942475231255, 2.2018910717092117, 0.347901480277187, 0.9029930610531596, 0.13202177680483188, 0.9753907222246034, 0.1266493405768176, 0.5238960953179239, 0.3104635261697834, 0.7352303025694593, 0.8444878007313339, 0.635675761323375]
APTIDAO: 
50.672664134338156
GEN: 7100
Individuo: 
[1.0190343105041941, 1.3715942475231255, 2.2018910717092117, 0.347901480277187, 0.9029930610531596, 0.13202177680483188, 0.9753907222246034, 0.1266493405768176, 0.5238960953179239, 0.3104635261697834, 0.7352303025694593, 0.8444878007313339, 0.635675761323375]
APTIDAO: 
50.672664134338156
GEN: 7200
Individuo: 
[1.0190343105041941, 1.3715942475231255, 2.2018910717092117, 0.347901480277187, 0.9029930610531596, 0.13202177680483188, 0.9753907222246034, 0.1266493405768176, 0.5238960953179239, 0.3104635261697834, 0.7352303025694593, 0.8444878007313339, 0.635675761323375]
APTIDAO: 
50.672664134338156
GEN: 7300
Individuo: 
[1.0190343105041941, 1.3714926069529876, 2.2018910717092117, 0.347901480277187, 0.9029930610531596, 0.13202177680483188, 0.9753907222246034, 0.1266493405768176, 0.5238960953179239, 0.3104635261697834, 0.7352303025694593, 0.8444878007313339, 0.635675761323375]
APTIDAO: 
50.67266016237513
GEN: 7400
Individuo: 
[1.0190343105041941, 1.3714926069529876, 2.2018910717092117, 0.347901480277187, 0.9029930610531596, 0.13202177680483188, 0.9753907222246034, 0.1266493405768176, 0.5238960953179239, 0.3104635261697834, 0.7352303025694593, 0.8444878007313339, 0.635675761323375]
APTIDAO: 
50.67266016237513
GEN: 7500
Individuo: 
[1.0190343105041941, 1.3714926069529876, 2.2018910717092117, 0.347901480277187, 0.9029930610531596, 0.13202177680483188, 0.9753907222246034, 0.1266493405768176, 0.5238960953179239, 0.3104635261697834, 0.7352303025694593, 0.8444878007313339, 0.635675761323375]
APTIDAO: 
50.67266016237513
GEN: 7600
Individuo: 
[1.0190343105041941, 1.3714926069529876, 2.2018910717092117, 0.347901480277187, 0.9029930610531596, 0.13202177680483188, 0.9754804958405885, 0.1266493405768176, 0.5237242972860846, 0.3104635261697834, 0.7352303025694593, 0.8444878007313339, 0.635675761323375]
APTIDAO: 
50.6723429783843
GEN: 7700
Individuo: 
[1.0190343105041941, 1.3714926069529876, 2.2018910717092117, 0.347901480277187, 0.9029930610531596, 0.13202177680483188, 0.9754804958405885, 0.1266493405768176, 0.5237242972860846, 0.3104635261697834, 0.7352303025694593, 0.8444878007313339, 0.635675761323375]
APTIDAO: 
50.6723429783843
GEN: 7800
Individuo: 
[1.0190343105041941, 1.3714926069529876, 2.2018910717092117, 0.347901480277187, 0.9029930610531596, 0.13202177680483188, 0.9754804958405885, 0.1266493405768176, 0.5237242972860846, 0.3104635261697834, 0.7352303025694593, 0.8444878007313339, 0.635675761323375]
APTIDAO: 
50.6723429783843
GEN: 7900
Individuo: 
[1.0190343105041941, 1.3714926069529876, 2.2018910717092117, 0.347901480277187, 0.9029930610531596, 0.13202177680483188, 0.9754804958405885, 0.1266493405768176, 0.5237242972860846, 0.3104635261697834, 0.7352303025694593, 0.8444878007313339, 0.635675761323375]
APTIDAO: 
50.6723429783843
GEN: 8000
Individuo: 
[1.0190343105041941, 1.3714926069529876, 2.2018910717092117, 0.347901480277187, 0.9029930610531596, 0.13202177680483188, 0.9754804958405885, 0.1266493405768176, 0.5237242972860846, 0.3104635261697834, 0.7352303025694593, 0.8444878007313339, 0.635675761323375]
APTIDAO: 
50.6723429783843
GEN: 8100
Individuo: 
[1.0190343105041941, 1.3714926069529876, 2.2018910717092117, 0.347901480277187, 0.9029930610531596, 0.13202177680483188, 0.9754804958405885, 0.1266493405768176, 0.5237242972860846, 0.3104635261697834, 0.7352303025694593, 0.8444878007313339, 0.635675761323375]
APTIDAO: 
50.6723429783843
GEN: 8200
Individuo: 
[1.0190343105041941, 1.3714926069529876, 2.2018910717092117, 0.347901480277187, 0.9029930610531596, 0.13202177680483188, 0.9754804958405885, 0.1266493405768176, 0.5237242972860846, 0.3104635261697834, 0.7352303025694593, 0.8444878007313339, 0.635675761323375]
APTIDAO: 
50.6723429783843
GEN: 8300
Individuo: 
[1.0190343105041941, 1.3714926069529876, 2.2018910717092117, 0.347901480277187, 0.9029930610531596, 0.13202177680483188, 0.9754804958405885, 0.1266493405768176, 0.5237242972860846, 0.3104635261697834, 0.7352303025694593, 0.8444878007313339, 0.635675761323375]
APTIDAO: 
50.6723429783843
GEN: 8400
Individuo: 
[1.0190343105041941, 1.3714926069529876, 2.2018910717092117, 0.347901480277187, 0.9029930610531596, 0.13202177680483188, 0.9754804958405885, 0.1266493405768176, 0.5237242972860846, 0.3104635261697834, 0.7352303025694593, 0.8444878007313339, 0.635675761323375]
APTIDAO: 
50.6723429783843
GEN: 8500
Individuo: 
[1.0190343105041941, 1.3714926069529876, 2.2018910717092117, 0.347901480277187, 0.9029930610531596, 0.13202177680483188, 0.9754804958405885, 0.1266493405768176, 0.5237242972860846, 0.3104635261697834, 0.7352303025694593, 0.8444878007313339, 0.635675761323375]
APTIDAO: 
50.6723429783843
GEN: 8600
Individuo: 
[1.0190343105041941, 1.3714926069529876, 2.2018910717092117, 0.347901480277187, 0.9029930610531596, 0.13202177680483188, 0.9754804958405885, 0.1266493405768176, 0.5237242972860846, 0.3104635261697834, 0.7352303025694593, 0.8444878007313339, 0.635675761323375]
APTIDAO: 
50.6723429783843
GEN: 8700
Individuo: 
[1.0190343105041941, 1.3714926069529876, 2.2018910717092117, 0.347901480277187, 0.9029930610531596, 0.13202177680483188, 0.9754804958405885, 0.1266493405768176, 0.5237242972860846, 0.3104635261697834, 0.7352303025694593, 0.8444878007313339, 0.636224352053048]
APTIDAO: 
50.67207976118592
GEN: 8800
Individuo: 
[1.0190343105041941, 1.3714926069529876, 2.2018910717092117, 0.347901480277187, 0.9029930610531596, 0.13202177680483188, 0.9754804958405885, 0.12672232741942252, 0.5237242972860846, 0.3104635261697834, 0.7352303025694593, 0.8444878007313339, 0.636224352053048]
APTIDAO: 
50.671947124469945
GEN: 8900
Individuo: 
[1.0190343105041941, 1.3714926069529876, 2.2018910717092117, 0.35492905513653783, 0.9029930610531596, 0.13202177680483188, 0.9754804958405885, 0.12672232741942252, 0.5237242972860846, 0.3104635261697834, 0.7352303025694593, 0.8444878007313339, 0.636224352053048]
APTIDAO: 
50.67171093846123
GEN: 9000
Individuo: 
[1.0190343105041941, 1.3714926069529876, 2.2018910717092117, 0.35492905513653783, 0.9029930610531596, 0.13202177680483188, 0.9754804958405885, 0.12672232741942252, 0.5237242972860846, 0.3104635261697834, 0.7352303025694593, 0.8444878007313339, 0.636224352053048]
APTIDAO: 
50.67171093846123
GEN: 9100
Individuo: 
[1.0190343105041941, 1.3714926069529876, 2.2018910717092117, 0.35492905513653783, 0.9029930610531596, 0.13202177680483188, 0.9754804958405885, 0.12672232741942252, 0.5237242972860846, 0.3104635261697834, 0.7352303025694593, 0.8444878007313339, 0.636224352053048]
APTIDAO: 
50.67171093846123
GEN: 9200
Individuo: 
[1.0190343105041941, 1.3714926069529876, 2.2018910717092117, 0.35492905513653783, 0.9029930610531596, 0.13202177680483188, 0.9754804958405885, 0.12672232741942252, 0.5237242972860846, 0.3104635261697834, 0.7352303025694593, 0.8444878007313339, 0.636224352053048]
APTIDAO: 
50.67171093846123
GEN: 9300
Individuo: 
[1.0190343105041941, 1.3714926069529876, 2.2018910717092117, 0.35492905513653783, 0.9029930610531596, 0.13202177680483188, 0.9754804958405885, 0.12672232741942252, 0.5237242972860846, 0.3104635261697834, 0.7352303025694593, 0.8444878007313339, 0.636224352053048]
APTIDAO: 
50.67171093846123
GEN: 9400
Individuo: 
[1.0190343105041941, 1.3714926069529876, 2.2018910717092117, 0.35729441972667636, 0.9029930610531596, 0.13202177680483188, 0.9754804958405885, 0.12672232741942252, 0.5237242972860846, 0.3104635261697834, 0.7352303025694593, 0.8444878007313339, 0.636224352053048]
APTIDAO: 
50.67167584942327
GEN: 9500
Individuo: 
[1.0190343105041941, 1.3714926069529876, 2.2018910717092117, 0.35729441972667636, 0.9029930610531596, 0.13202177680483188, 0.9754804958405885, 0.12672232741942252, 0.5237242972860846, 0.3104635261697834, 0.7352303025694593, 0.8444878007313339, 0.636224352053048]
APTIDAO: 
50.67167584942327
GEN: 9600
Individuo: 
[1.0190343105041941, 1.3714926069529876, 2.2018910717092117, 0.35729441972667636, 0.9029930610531596, 0.13202177680483188, 0.9754804958405885, 0.12672232741942252, 0.5237242972860846, 0.3104635261697834, 0.7352303025694593, 0.8444878007313339, 0.636224352053048]
APTIDAO: 
50.67167584942327
GEN: 9700
Individuo: 
[1.0190343105041941, 1.3714926069529876, 2.2018910717092117, 0.35729441972667636, 0.9029930610531596, 0.13202177680483188, 0.9754804958405885, 0.12672232741942252, 0.5237242972860846, 0.3104635261697834, 0.7352303025694593, 0.8444878007313339, 0.636224352053048]
APTIDAO: 
50.67167584942327
GEN: 9800
Individuo: 
[1.0190343105041941, 1.3714926069529876, 2.2018910717092117, 0.35729441972667636, 0.9029930610531596, 0.13202177680483188, 0.9754804958405885, 0.12672232741942252, 0.5237242972860846, 0.3104635261697834, 0.7352303025694593, 0.8444878007313339, 0.636224352053048]
APTIDAO: 
50.67167584942327
GEN: 9900
Individuo: 
[1.0190343105041941, 1.3714926069529876, 2.2018910717092117, 0.35729441972667636, 0.9029930610531596, 0.13202177680483188, 0.9754804958405885, 0.12672232741942252, 0.5237242972860846, 0.3104635261697834, 0.7352303025694593, 0.8444878007313339, 0.636224352053048]
APTIDAO: 
50.67167584942327
GEN: 10000
Individuo: 
[0.9992791027067033, 1.4987932818821246, 2.2018910717092117, 0.329846756277537, 0.9029930610531596, 0.13202177680483188, 0.9754804958405885, 0.15899796317222153, 0.6181559409911623, 0.3104635261697834, 0.7352303025694593, 0.8444878007313339, 0.636224352053048]
APTIDAO: 
50.62477928518819

--- RESULTADO FINAL ---
Erro (norma-1): 50.62477928518819
Parâmetros: [0.9992791027067033, 1.4987932818821246, 2.2018910717092117, 0.329846756277537, 0.9029930610531596, 0.13202177680483188, 0.9754804958405885, 0.15899796317222153, 0.6181559409911623, 0.3104635261697834, 0.7352303025694593, 0.8444878007313339, 0.636224352053048]
Tempo total: 00h 44m 09s
