SEED: 1778633498
METODO: ABCD_MM
IND_SIZE: 13
GEN: 0
Individuo: 
[2.492841643749723, 3.504198268063795, 3.269025754398661, 0.35246545882495106, 0.6868448871207512, 0.48904142897523, 0.6720423194244304, 0.38825441190984294, 0.43139619376816496, 0.46749220946701464, 0.370985036583738, 0.44812797196763887, 0.10357834532605852]
APTIDAO: 
98.43097950520165
GEN: 100
Individuo: 
[0.8393073347071549, 1.7666635748952662, 2.1325217660134, 0.24471450876576437, 0.832621398856235, 0.1413879795289998, 0.9407973918237547, 0.2012843760489338, 0.6410458846348099, 0.3949792680145706, 0.8171362366862627, 0.8700239347979112, 0.38288156222375175]
APTIDAO: 
53.55461242683267
GEN: 200
Individuo: 
[0.9638975803828306, 1.491639116659904, 2.1828045555790716, 0.26594744356585287, 0.8533989223944198, 0.1413879795289998, 0.9407973918237547, 0.20760703165659297, 0.7124506186070463, 0.3949792680145706, 0.8394162298624672, 0.9033020959259164, 0.4090268099769885]
APTIDAO: 
52.548382777007824
GEN: 300
Individuo: 
[0.9638975803828306, 1.491639116659904, 2.1828045555790716, 0.2806488602190697, 0.8533989223944198, 0.1311446426296041, 0.9407973918237547, 0.20760703165659297, 0.7124506186070463, 0.3949792680145706, 0.8394162298624672, 0.9033020959259164, 0.43421884699871643]
APTIDAO: 
52.01720705438315
GEN: 400
Individuo: 
[0.9638975803828306, 1.517913356169332, 2.320475310068535, 0.2806488602190697, 0.8533989223944198, 0.1311446426296041, 0.9407973918237547, 0.20410471769121635, 0.7181319495177433, 0.38612812039873695, 0.8465940165046925, 0.9033020959259164, 0.4716235734946384]
APTIDAO: 
51.722137219659686
GEN: 500
Individuo: 
[0.9638975803828306, 1.517913356169332, 2.320475310068535, 0.26790329439699995, 0.8533989223944198, 0.12636612629588082, 0.9545155968757952, 0.20365791454139343, 0.7181319495177433, 0.38612812039873695, 0.8465940165046925, 0.9260576299913287, 0.4731860806606347]
APTIDAO: 
51.34633635195004
GEN: 600
Individuo: 
[0.9953362565463212, 1.5155607215832863, 2.320475310068535, 0.30094097932481834, 0.8533989223944198, 0.12344332349230615, 0.9545155968757952, 0.20365791454139343, 0.7332143043919567, 0.3769035223458436, 0.8547802173764342, 0.9454737367530729, 0.4731860806606347]
APTIDAO: 
51.04076890859442
GEN: 700
Individuo: 
[0.9953362565463212, 1.5155607215832863, 2.320475310068535, 0.3091190259582247, 0.8573788575603327, 0.12344332349230615, 0.9545155968757952, 0.20148700406027975, 0.7332143043919567, 0.3769035223458436, 0.8547802173764342, 0.972614189064053, 0.4731860806606347]
APTIDAO: 
50.997391263851874
GEN: 800
Individuo: 
[0.9953362565463212, 1.5155607215832863, 2.320475310068535, 0.29207245738907717, 0.8573788575603327, 0.1239165023378951, 0.9649885166994634, 0.20148700406027975, 0.7332143043919567, 0.3769035223458436, 0.8592620392050744, 0.972614189064053, 0.4731860806606347]
APTIDAO: 
50.89271810302628
GEN: 900
Individuo: 
[0.9953362565463212, 1.5155607215832863, 2.320475310068535, 0.30193591202018377, 0.8573788575603327, 0.1239165023378951, 0.9649885166994634, 0.20148700406027975, 0.7388903859865121, 0.3769035223458436, 0.8626564521584423, 0.972614189064053, 0.4731860806606347]
APTIDAO: 
50.86766176236357
GEN: 1000
Individuo: 
[0.9953362565463212, 1.5155607215832863, 2.320475310068535, 0.30193591202018377, 0.8573788575603327, 0.1239165023378951, 0.9649885166994634, 0.2020268969170319, 0.7429282670744467, 0.3769035223458436, 0.8626564521584423, 0.972614189064053, 0.4731860806606347]
APTIDAO: 
50.8647294190085
GEN: 1100
Individuo: 
[0.9953362565463212, 1.5155607215832863, 2.320475310068535, 0.30193591202018377, 0.8573788575603327, 0.1239165023378951, 0.9649885166994634, 0.2020268969170319, 0.7444545830394349, 0.3769035223458436, 0.8626564521584423, 0.972614189064053, 0.47614484677151175]
APTIDAO: 
50.86324358440679
GEN: 1200
Individuo: 
[0.9953362565463212, 1.493817862420363, 2.320475310068535, 0.3033971828110394, 0.8606733490392708, 0.1239165023378951, 0.9649885166994634, 0.2020268969170319, 0.7444545830394349, 0.3769035223458436, 0.8626564521584423, 0.9715197761250678, 0.482302845882058]
APTIDAO: 
50.831608216651276
GEN: 1300
Individuo: 
[0.9953362565463212, 1.493817862420363, 2.320475310068535, 0.27288808373577467, 0.8633175353203231, 0.1239165023378951, 0.9649885166994634, 0.2020268969170319, 0.7444545830394349, 0.3769035223458436, 0.8702994311092476, 0.9715197761250678, 0.482302845882058]
APTIDAO: 
50.80323817199204
GEN: 1400
Individuo: 
[0.9955282256892097, 1.493817862420363, 2.320475310068535, 0.2955409364958933, 0.8633175353203231, 0.1239165023378951, 0.9649885166994634, 0.2020268969170319, 0.7444545830394349, 0.3769035223458436, 0.8702994311092476, 0.9762122638368148, 0.482302845882058]
APTIDAO: 
50.79225667289927
GEN: 1500
Individuo: 
[0.9955282256892097, 1.493817862420363, 2.269267310144028, 0.2955409364958933, 0.8633175353203231, 0.1239165023378951, 0.9649885166994634, 0.2020268969170319, 0.7492505533091427, 0.3769035223458436, 0.8702994311092476, 0.9762122638368148, 0.482302845882058]
APTIDAO: 
50.784880342626614
GEN: 1600
Individuo: 
[0.9955282256892097, 1.4876719637484086, 2.269267310144028, 0.2955409364958933, 0.8633175353203231, 0.1239165023378951, 0.9649885166994634, 0.2020268969170319, 0.7492505533091427, 0.3769035223458436, 0.8702994311092476, 0.9762122638368148, 0.482302845882058]
APTIDAO: 
50.78368237321049
GEN: 1700
Individuo: 
[0.9955282256892097, 1.4876719637484086, 2.2835280920801573, 0.2955409364958933, 0.8633175353203231, 0.12312898273393773, 0.9649885166994634, 0.2020268969170319, 0.7489367470494062, 0.3769035223458436, 0.8702994311092476, 0.9762122638368148, 0.482302845882058]
APTIDAO: 
50.7676027184408
GEN: 1800
Individuo: 
[0.9955282256892097, 1.4876719637484086, 2.2835280920801573, 0.285491860313551, 0.8633175353203231, 0.12312898273393773, 0.9649885166994634, 0.2020268969170319, 0.7489367470494062, 0.3769035223458436, 0.8702994311092476, 0.9822288988097074, 0.482302845882058]
APTIDAO: 
50.7595705871245
GEN: 1900
Individuo: 
[0.9955282256892097, 1.4876719637484086, 2.2835280920801573, 0.285491860313551, 0.8633175353203231, 0.12312898273393773, 0.9649885166994634, 0.2020268969170319, 0.7489367470494062, 0.3769035223458436, 0.8702994311092476, 0.9822288988097074, 0.482302845882058]
APTIDAO: 
50.7595705871245
GEN: 2000
Individuo: 
[0.9955282256892097, 1.4876719637484086, 2.2835280920801573, 0.28761884893740103, 0.8633175353203231, 0.12312898273393773, 0.9649885166994634, 0.2020268969170319, 0.7489367470494062, 0.3769035223458436, 0.8702994311092476, 0.9822288988097074, 0.482302845882058]
APTIDAO: 
50.759400187054965
GEN: 2100
Individuo: 
[0.9955282256892097, 1.4872755637658472, 2.2835280920801573, 0.28761884893740103, 0.8633175353203231, 0.12312898273393773, 0.9649885166994634, 0.2020268969170319, 0.7489367470494062, 0.3769035223458436, 0.8702994311092476, 0.9822288988097074, 0.482302845882058]
APTIDAO: 
50.75933815327938
GEN: 2200
Individuo: 
[0.9955282256892097, 1.4872755637658472, 2.2835280920801573, 0.28761884893740103, 0.8633175353203231, 0.12312898273393773, 0.9649885166994634, 0.2020268969170319, 0.7489367470494062, 0.3769035223458436, 0.8702994311092476, 0.9822288988097074, 0.482302845882058]
APTIDAO: 
50.75933815327938
GEN: 2300
Individuo: 
[0.9955282256892097, 1.4872755637658472, 2.2835280920801573, 0.28761884893740103, 0.8633175353203231, 0.12312898273393773, 0.9649885166994634, 0.2020268969170319, 0.7489367470494062, 0.3769035223458436, 0.8702994311092476, 0.9822288988097074, 0.482302845882058]
APTIDAO: 
50.75933815327938
GEN: 2400
Individuo: 
[0.9955282256892097, 1.4872755637658472, 2.2835280920801573, 0.28761884893740103, 0.8633175353203231, 0.12312898273393773, 0.9649885166994634, 0.2020268969170319, 0.7489367470494062, 0.3769035223458436, 0.8702994311092476, 0.9822288988097074, 0.482302845882058]
APTIDAO: 
50.75933815327938
GEN: 2500
Individuo: 
[0.9955282256892097, 1.4872755637658472, 2.2835280920801573, 0.28761884893740103, 0.8633175353203231, 0.12312898273393773, 0.9649885166994634, 0.2020268969170319, 0.7489367470494062, 0.37677526334743067, 0.8702994311092476, 0.9822288988097074, 0.482302845882058]
APTIDAO: 
50.758670323529394
GEN: 2600
Individuo: 
[0.9955282256892097, 1.4872755637658472, 2.2835280920801573, 0.28761884893740103, 0.8633175353203231, 0.12312898273393773, 0.9649885166994634, 0.2020268969170319, 0.7489367470494062, 0.37677526334743067, 0.8702994311092476, 0.9822288988097074, 0.482302845882058]
APTIDAO: 
50.758670323529394
GEN: 2700
Individuo: 
[0.9955282256892097, 1.4872755637658472, 2.2835280920801573, 0.28761884893740103, 0.8633175353203231, 0.12312898273393773, 0.9649885166994634, 0.2020268969170319, 0.7489367470494062, 0.37677526334743067, 0.8702994311092476, 0.9822288988097074, 0.482302845882058]
APTIDAO: 
50.758670323529394
GEN: 2800
Individuo: 
[0.9955282256892097, 1.4872755637658472, 2.2835280920801573, 0.28761884893740103, 0.8633175353203231, 0.12312898273393773, 0.9649885166994634, 0.2020268969170319, 0.7489367470494062, 0.37677526334743067, 0.8702994311092476, 0.9822288988097074, 0.482302845882058]
APTIDAO: 
50.758670323529394
GEN: 2900
Individuo: 
[0.9955282256892097, 1.4872755637658472, 2.2835280920801573, 0.28761884893740103, 0.8633175353203231, 0.12312898273393773, 0.9649885166994634, 0.2020268969170319, 0.7489367470494062, 0.37677526334743067, 0.8702994311092476, 0.9822288988097074, 0.482302845882058]
APTIDAO: 
50.758670323529394
GEN: 3000
Individuo: 
[0.9955282256892097, 1.4872755637658472, 2.2835280920801573, 0.2828086727571107, 0.8633175353203231, 0.12312898273393773, 0.9670396611531016, 0.2020268969170319, 0.7489367470494062, 0.37677526334743067, 0.8702994311092476, 0.9822288988097074, 0.482302845882058]
APTIDAO: 
50.74764930751063
GEN: 3100
Individuo: 
[0.9955282256892097, 1.4872755637658472, 2.2835280920801573, 0.2850676037306115, 0.8633175353203231, 0.12312898273393773, 0.9670396611531016, 0.2020268969170319, 0.7489367470494062, 0.37677526334743067, 0.8702994311092476, 0.9822288988097074, 0.482302845882058]
APTIDAO: 
50.74750099996196
GEN: 3200
Individuo: 
[0.9955282256892097, 1.4872755637658472, 2.2835280920801573, 0.2850676037306115, 0.8633175353203231, 0.12312898273393773, 0.9670396611531016, 0.2020268969170319, 0.7489367470494062, 0.37677526334743067, 0.8702994311092476, 0.9822288988097074, 0.4883890199715339]
APTIDAO: 
50.74662728296726
GEN: 3300
Individuo: 
[0.9955282256892097, 1.4872755637658472, 2.2835280920801573, 0.2875271416973197, 0.8633175353203231, 0.12312898273393773, 0.9670396611531016, 0.2020268969170319, 0.7489367470494062, 0.37677526334743067, 0.8702994311092476, 0.9822288988097074, 0.4883890199715339]
APTIDAO: 
50.74639295086953
GEN: 3400
Individuo: 
[0.9955282256892097, 1.4872755637658472, 2.2835280920801573, 0.2910960281981273, 0.8633175353203231, 0.12312898273393773, 0.9670396611531016, 0.2020268969170319, 0.7489367470494062, 0.37677526334743067, 0.8702994311092476, 0.9759133906767222, 0.4875367596306078]
APTIDAO: 
50.74273999508996
GEN: 3500
Individuo: 
[0.9955282256892097, 1.4872755637658472, 2.2835280920801573, 0.2910960281981273, 0.8633175353203231, 0.12312898273393773, 0.9670396611531016, 0.2020268969170319, 0.7489367470494062, 0.37677526334743067, 0.8702994311092476, 0.9759133906767222, 0.4875367596306078]
APTIDAO: 
50.74273999508996
GEN: 3600
Individuo: 
[0.9955282256892097, 1.4872755637658472, 2.2835280920801573, 0.2840570070116696, 0.8633175353203231, 0.12312898273393773, 0.9670396611531016, 0.2020268969170319, 0.7489367470494062, 0.37677526334743067, 0.8702994311092476, 0.9759133906767222, 0.4875367596306078]
APTIDAO: 
50.74260385757233
GEN: 3700
Individuo: 
[0.9955282256892097, 1.4872755637658472, 2.2835280920801573, 0.2895987744537287, 0.8633175353203231, 0.12312898273393773, 0.9670396611531016, 0.2020268969170319, 0.7489367470494062, 0.37677526334743067, 0.8702994311092476, 0.9759133906767222, 0.4875367596306078]
APTIDAO: 
50.74257869427213
GEN: 3800
Individuo: 
[0.9955282256892097, 1.4872755637658472, 2.2835280920801573, 0.2895987744537287, 0.8633175353203231, 0.12312898273393773, 0.9670396611531016, 0.2020268969170319, 0.7489367470494062, 0.37677526334743067, 0.8702994311092476, 0.9759133906767222, 0.4875367596306078]
APTIDAO: 
50.74257869427213
GEN: 3900
Individuo: 
[0.9955282256892097, 1.4872755637658472, 2.2835280920801573, 0.2895987744537287, 0.8633175353203231, 0.12312898273393773, 0.9670396611531016, 0.2020268969170319, 0.7524910876650616, 0.37677526334743067, 0.8702994311092476, 0.9759133906767222, 0.4875367596306078]
APTIDAO: 
50.74173597493742
GEN: 4000
Individuo: 
[0.9955282256892097, 1.4872755637658472, 2.2835280920801573, 0.288844883821655, 0.8633175353203231, 0.12312898273393773, 0.9670396611531016, 0.2020268969170319, 0.7515993716369285, 0.37677526334743067, 0.8702994311092476, 0.9779171647917492, 0.4875367596306078]
APTIDAO: 
50.74054391503103
GEN: 4100
Individuo: 
[0.9955282256892097, 1.4870474110641363, 2.2835280920801573, 0.288844883821655, 0.8633175353203231, 0.12312898273393773, 0.9670396611531016, 0.2020268969170319, 0.7515993716369285, 0.37677526334743067, 0.8702994311092476, 0.9779171647917492, 0.48718646812088523]
APTIDAO: 
50.74051816017529
GEN: 4200
Individuo: 
[0.9955282256892097, 1.4870474110641363, 2.2835280920801573, 0.288844883821655, 0.8633175353203231, 0.12312898273393773, 0.9670396611531016, 0.2020268969170319, 0.7515993716369285, 0.37677526334743067, 0.8702994311092476, 0.9779171647917492, 0.48718646812088523]
APTIDAO: 
50.74051816017529
GEN: 4300
Individuo: 
[0.9955282256892097, 1.4870474110641363, 2.2835280920801573, 0.288844883821655, 0.8648547216486417, 0.12312898273393773, 0.9670396611531016, 0.2020268969170319, 0.7515993716369285, 0.3747064068525322, 0.8702994311092476, 0.9779171647917492, 0.4895164351924281]
APTIDAO: 
50.723661569026525
GEN: 4400
Individuo: 
[0.9955282256892097, 1.4870474110641363, 2.2835280920801573, 0.288844883821655, 0.8648547216486417, 0.12312898273393773, 0.9670396611531016, 0.20175406931560505, 0.7515993716369285, 0.3747064068525322, 0.8702994311092476, 0.9809757932831079, 0.4895164351924281]
APTIDAO: 
50.717945782716455
GEN: 4500
Individuo: 
[0.9955282256892097, 1.4870474110641363, 2.2868564750708136, 0.288844883821655, 0.8648547216486417, 0.12312898273393773, 0.9670396611531016, 0.20175406931560505, 0.7515993716369285, 0.3747064068525322, 0.8702994311092476, 0.9809757932831079, 0.4895164351924281]
APTIDAO: 
50.71785536429007
GEN: 4600
Individuo: 
[0.9955282256892097, 1.4870474110641363, 2.2868564750708136, 0.288844883821655, 0.8648547216486417, 0.12312898273393773, 0.9710558872735984, 0.20175406931560505, 0.7515993716369285, 0.3747064068525322, 0.8702994311092476, 0.9795619900059359, 0.4927734336188175]
APTIDAO: 
50.70699777664169
GEN: 4700
Individuo: 
[0.9955282256892097, 1.4870474110641363, 2.2868564750708136, 0.28064598784964306, 0.8648547216486417, 0.12312898273393773, 0.9710558872735984, 0.20175406931560505, 0.7515993716369285, 0.3749133462179809, 0.8702994311092476, 0.9795619900059359, 0.4927734336188175]
APTIDAO: 
50.70630425582701
GEN: 4800
Individuo: 
[0.9955282256892097, 1.4870474110641363, 2.2868564750708136, 0.28064598784964306, 0.8648547216486417, 0.12312898273393773, 0.9688787007924131, 0.20175406931560505, 0.7515993716369285, 0.3749133462179809, 0.8702994311092476, 0.9795619900059359, 0.4927734336188175]
APTIDAO: 
50.701872872446
GEN: 4900
Individuo: 
[0.9955282256892097, 1.4870474110641363, 2.2868564750708136, 0.28064598784964306, 0.8652340974032434, 0.12312898273393773, 0.9688787007924131, 0.20175406931560505, 0.7533580009404505, 0.3749133462179809, 0.8702994311092476, 0.9795619900059359, 0.4927734336188175]
APTIDAO: 
50.698180775713105
GEN: 5000
Individuo: 
[0.9955282256892097, 1.4870474110641363, 2.2868564750708136, 0.2825429146147078, 0.8652340974032434, 0.12312898273393773, 0.9688787007924131, 0.20176588066357504, 0.7533580009404505, 0.3749133462179809, 0.8716842912422175, 0.9795619900059359, 0.4927734336188175]
APTIDAO: 
50.69701429746407
GEN: 5100
Individuo: 
[0.9955282256892097, 1.4870474110641363, 2.2868564750708136, 0.2825429146147078, 0.8652340974032434, 0.12312898273393773, 0.9688787007924131, 0.20176588066357504, 0.7533580009404505, 0.3749133462179809, 0.8716842912422175, 0.9822649106711996, 0.4927734336188175]
APTIDAO: 
50.694898285046534
GEN: 5200
Individuo: 
[0.9955282256892097, 1.4870474110641363, 2.2868564750708136, 0.2839533592253958, 0.8652340974032434, 0.12312898273393773, 0.9688787007924131, 0.20176588066357504, 0.7533580009404505, 0.3749133462179809, 0.8716842912422175, 0.9822649106711996, 0.4927734336188175]
APTIDAO: 
50.69478003278099
GEN: 5300
Individuo: 
[0.9955282256892097, 1.4870474110641363, 2.2868564750708136, 0.2839533592253958, 0.8652340974032434, 0.12312898273393773, 0.9688787007924131, 0.20176588066357504, 0.7533580009404505, 0.3749133462179809, 0.8716842912422175, 0.9822649106711996, 0.4927734336188175]
APTIDAO: 
50.69478003278099
GEN: 5400
Individuo: 
[0.9955282256892097, 1.4870474110641363, 2.2868564750708136, 0.2839533592253958, 0.8652340974032434, 0.12312898273393773, 0.9688787007924131, 0.20176588066357504, 0.7533580009404505, 0.3749133462179809, 0.8716842912422175, 0.9822649106711996, 0.4927734336188175]
APTIDAO: 
50.69478003278099
GEN: 5500
Individuo: 
[0.9955282256892097, 1.4870474110641363, 2.2868564750708136, 0.2839533592253958, 0.8661907014527309, 0.12312898273393773, 0.9688787007924131, 0.20176588066357504, 0.7533580009404505, 0.3749133462179809, 0.8716842912422175, 0.9822649106711996, 0.4927734336188175]
APTIDAO: 
50.688076511309696
GEN: 5600
Individuo: 
[0.9955282256892097, 1.4870474110641363, 2.2868564750708136, 0.2897990822859106, 0.8663834395137953, 0.12312898273393773, 0.9688787007924131, 0.20176588066357504, 0.7533580009404505, 0.3749133462179809, 0.8716842912422175, 0.9822649106711996, 0.4927734336188175]
APTIDAO: 
50.68689798942932
GEN: 5700
Individuo: 
[0.9955282256892097, 1.4870474110641363, 2.2868564750708136, 0.2897990822859106, 0.8663834395137953, 0.12312898273393773, 0.9688787007924131, 0.20176588066357504, 0.7533580009404505, 0.3749133462179809, 0.8716842912422175, 0.9822649106711996, 0.4927734336188175]
APTIDAO: 
50.68689798942932
GEN: 5800
Individuo: 
[0.9955282256892097, 1.4870474110641363, 2.2868564750708136, 0.2897990822859106, 0.8669777447183687, 0.12312898273393773, 0.9688787007924131, 0.20176588066357504, 0.7533580009404505, 0.3749133462179809, 0.8716842912422175, 0.9822649106711996, 0.4927734336188175]
APTIDAO: 
50.68377955994236
GEN: 5900
Individuo: 
[0.9955282256892097, 1.4870474110641363, 2.2868564750708136, 0.2893749483736819, 0.8669777447183687, 0.12312898273393773, 0.9688787007924131, 0.20176588066357504, 0.7533580009404505, 0.3749133462179809, 0.8716842912422175, 0.9827212378955154, 0.4927734336188175]
APTIDAO: 
50.68319506789035
GEN: 6000
Individuo: 
[0.9963693195100564, 1.4870474110641363, 2.2868564750708136, 0.2893749483736819, 0.8669777447183687, 0.12312898273393773, 0.9688787007924131, 0.20133417659020106, 0.7533580009404505, 0.3749133462179809, 0.8716842912422175, 0.9827212378955154, 0.4951139567268861]
APTIDAO: 
50.680793621648206
GEN: 6100
Individuo: 
[0.9963693195100564, 1.4870474110641363, 2.2868564750708136, 0.2893749483736819, 0.8669777447183687, 0.12312898273393773, 0.9688787007924131, 0.20133417659020106, 0.7533580009404505, 0.3737838357874844, 0.8716842912422175, 0.9827212378955154, 0.4951139567268861]
APTIDAO: 
50.67714283033947
GEN: 6200
Individuo: 
[0.9963693195100564, 1.4870474110641363, 2.2868564750708136, 0.2893749483736819, 0.8669777447183687, 0.12312898273393773, 0.9688787007924131, 0.20133417659020106, 0.7533580009404505, 0.3737838357874844, 0.8716842912422175, 0.9827212378955154, 0.4951139567268861]
APTIDAO: 
50.67714283033947
GEN: 6300
Individuo: 
[0.9963604883002002, 1.4870474110641363, 2.2868564750708136, 0.2893749483736819, 0.8669777447183687, 0.12312898273393773, 0.9688787007924131, 0.20133417659020106, 0.7533580009404505, 0.3737838357874844, 0.8716842912422175, 0.9827212378955154, 0.4951139567268861]
APTIDAO: 
50.67714178880322
GEN: 6400
Individuo: 
[0.9963604883002002, 1.4870474110641363, 2.2868564750708136, 0.2893749483736819, 0.8669777447183687, 0.12312898273393773, 0.9688787007924131, 0.20133417659020106, 0.7533580009404505, 0.3737838357874844, 0.8716842912422175, 0.9827212378955154, 0.4951139567268861]
APTIDAO: 
50.67714178880322
GEN: 6500
Individuo: 
[0.9963604883002002, 1.4870474110641363, 2.2868564750708136, 0.29182581746294967, 0.8669777447183687, 0.12312898273393773, 0.9688787007924131, 0.20133417659020106, 0.7533580009404505, 0.3737838357874844, 0.8716842912422175, 0.7659369202247432, 0.7259334687307841]
APTIDAO: 
50.65306871130621
GEN: 6600
Individuo: 
[0.9963604883002002, 1.4870474110641363, 2.2868564750708136, 0.33842494204376916, 0.8669777447183687, 0.12312898273393773, 0.9688787007924131, 0.20133417659020106, 0.7533580009404505, 0.3737838357874844, 0.8716842912422175, 0.7695552986125468, 0.733959632109106]
APTIDAO: 
50.61993425655354
GEN: 6700
Individuo: 
[0.9963604883002002, 1.4870474110641363, 2.23030432507035, 0.3335775371384278, 0.8669777447183687, 0.12312898273393773, 0.9688787007924131, 0.20133417659020106, 0.7533580009404505, 0.3737838357874844, 0.8716842912422175, 0.768969070610436, 0.733959632109106]
APTIDAO: 
50.6181478651493
GEN: 6800
Individuo: 
[0.9963604883002002, 1.4820679405151507, 2.23030432507035, 0.3335775371384278, 0.8669777447183687, 0.12312898273393773, 0.9688787007924131, 0.20133417659020106, 0.7533580009404505, 0.3737838357874844, 0.8716842912422175, 0.768969070610436, 0.7328451005431911]
APTIDAO: 
50.616791473730366
GEN: 6900
Individuo: 
[0.9963604883002002, 1.4820679405151507, 2.2334012622419332, 0.3335775371384278, 0.8702790458705392, 0.12312898273393773, 0.9688787007924131, 0.20133417659020106, 0.7533580009404505, 0.3737838357874844, 0.8716842912422175, 0.7727709523065297, 0.7328451005431911]
APTIDAO: 
50.593281060610806
GEN: 7000
Individuo: 
[0.9963604883002002, 1.4820679405151507, 2.2334012622419332, 0.33144309375620407, 0.8702790458705392, 0.12312898273393773, 0.9688787007924131, 0.20133417659020106, 0.7533580009404505, 0.3737838357874844, 0.8716842912422175, 0.7727709523065297, 0.7328451005431911]
APTIDAO: 
50.5932483778055
GEN: 7100
Individuo: 
[0.9963604883002002, 1.4820679405151507, 2.2334012622419332, 0.32435610759735656, 0.8702790458705392, 0.12312898273393773, 0.9688787007924131, 0.20133417659020106, 0.7533580009404505, 0.3737838357874844, 0.8716842912422175, 0.7727709523065297, 0.7328451005431911]
APTIDAO: 
50.59322830768245
GEN: 7200
Individuo: 
[0.9963604883002002, 1.4820679405151507, 2.2334012622419332, 0.32435610759735656, 0.8702790458705392, 0.12312898273393773, 0.9688787007924131, 0.20133417659020106, 0.7533580009404505, 0.3737838357874844, 0.8738278380890362, 0.7727709523065297, 0.7328451005431911]
APTIDAO: 
50.59068826836955
GEN: 7300
Individuo: 
[0.9963604883002002, 1.4820679405151507, 2.2334012622419332, 0.32435610759735656, 0.8702790458705392, 0.12312898273393773, 0.9688787007924131, 0.20133417659020106, 0.7533580009404505, 0.3737838357874844, 0.8738278380890362, 0.7727709523065297, 0.7328451005431911]
APTIDAO: 
50.59068826836955
GEN: 7400
Individuo: 
[0.9963604883002002, 1.4820679405151507, 2.2334012622419332, 0.32785526205476756, 0.8702790458705392, 0.12312898273393773, 0.9688787007924131, 0.20073787247123767, 0.7533580009404505, 0.3737838357874844, 0.8735879324683237, 0.7727709523065297, 0.7328451005431911]
APTIDAO: 
50.58939710882862
GEN: 7500
Individuo: 
[0.9963604883002002, 1.4820679405151507, 2.2334012622419332, 0.32785526205476756, 0.8702790458705392, 0.12254189700584403, 0.9688787007924131, 0.20073787247123767, 0.7533580009404505, 0.3737838357874844, 0.8735879324683237, 0.7727709523065297, 0.7328451005431911]
APTIDAO: 
50.576383584337734
GEN: 7600
Individuo: 
[0.9963604883002002, 1.4820679405151507, 2.2334012622419332, 0.32785526205476756, 0.8702790458705392, 0.12254189700584403, 0.9688787007924131, 0.20073787247123767, 0.7533580009404505, 0.3737838357874844, 0.8735879324683237, 0.7736982932237865, 0.7328451005431911]
APTIDAO: 
50.57464921636096
GEN: 7700
Individuo: 
[0.9963604883002002, 1.4820679405151507, 2.2334012622419332, 0.32640945795705084, 0.8702790458705392, 0.12253020848412013, 0.9688787007924131, 0.20073787247123767, 0.7539575003006745, 0.3737838357874844, 0.8735879324683237, 0.7736982932237865, 0.7328451005431911]
APTIDAO: 
50.573874969610486
GEN: 7800
Individuo: 
[0.9950191182643261, 1.4796934129922974, 2.2334012622419332, 0.32640945795705084, 0.8702790458705392, 0.12253020848412013, 0.9688787007924131, 0.20073787247123767, 0.7539575003006745, 0.3737838357874844, 0.8735879324683237, 0.7736982932237865, 0.7328451005431911]
APTIDAO: 
50.573407884883515
GEN: 7900
Individuo: 
[0.9950191182643261, 1.4796934129922974, 2.2334012622419332, 0.32640945795705084, 0.8702790458705392, 0.12253020848412013, 0.9688787007924131, 0.20073787247123767, 0.7539575003006745, 0.3737838357874844, 0.8735879324683237, 0.7736982932237865, 0.7328451005431911]
APTIDAO: 
50.573407884883515
GEN: 8000
Individuo: 
[0.9950191182643261, 1.4796934129922974, 2.2334012622419332, 0.32640945795705084, 0.8702790458705392, 0.12253020848412013, 0.9688787007924131, 0.20073787247123767, 0.7539575003006745, 0.3737838357874844, 0.8735879324683237, 0.7736982932237865, 0.7328451005431911]
APTIDAO: 
50.573407884883515
GEN: 8100
Individuo: 
[0.9950191182643261, 1.4796934129922974, 2.2334012622419332, 0.32640945795705084, 0.8703866806390419, 0.12253020848412013, 0.9688787007924131, 0.20073787247123767, 0.7539575003006745, 0.3737838357874844, 0.8735879324683237, 0.7736982932237865, 0.7328451005431911]
APTIDAO: 
50.57287126363589
GEN: 8200
Individuo: 
[0.9950191182643261, 1.4796934129922974, 2.2334012622419332, 0.32640945795705084, 0.8703866806390419, 0.12253020848412013, 0.9688787007924131, 0.20073787247123767, 0.7539575003006745, 0.3737838357874844, 0.8735879324683237, 0.7736982932237865, 0.7328451005431911]
APTIDAO: 
50.57287126363589
GEN: 8300
Individuo: 
[0.9950191182643261, 1.4796934129922974, 2.2334012622419332, 0.32640945795705084, 0.8703866806390419, 0.12253020848412013, 0.9688787007924131, 0.20073787247123767, 0.7539575003006745, 0.3737838357874844, 0.8735879324683237, 0.7736982932237865, 0.7366386425720335]
APTIDAO: 
50.572853953242166
GEN: 8400
Individuo: 
[0.9950191182643261, 1.4796934129922974, 2.2334012622419332, 0.32640945795705084, 0.8703866806390419, 0.12253020848412013, 0.9688787007924131, 0.20073787247123767, 0.7539575003006745, 0.3737838357874844, 0.8735879324683237, 0.7736982932237865, 0.7366386425720335]
APTIDAO: 
50.572853953242166
GEN: 8500
Individuo: 
[0.9950191182643261, 1.4796934129922974, 2.2334012622419332, 0.32640945795705084, 0.8703866806390419, 0.12215257209490343, 0.9688787007924131, 0.20073787247123767, 0.7539575003006745, 0.3737838357874844, 0.8735879324683237, 0.7739424569552735, 0.7366386425720335]
APTIDAO: 
50.56380228688292
GEN: 8600
Individuo: 
[0.9950191182643261, 1.4796934129922974, 2.2334012622419332, 0.3261265781374221, 0.8703866806390419, 0.12215257209490343, 0.9688787007924131, 0.20073787247123767, 0.7539575003006745, 0.3737838357874844, 0.8735879324683237, 0.7739424569552735, 0.7366386425720335]
APTIDAO: 
50.56380176657808
GEN: 8700
Individuo: 
[0.9950191182643261, 1.4796934129922974, 2.2334012622419332, 0.3261265781374221, 0.8703866806390419, 0.12215257209490343, 0.9688787007924131, 0.20073787247123767, 0.7539575003006745, 0.3737838357874844, 0.8735879324683237, 0.7739424569552735, 0.7366386425720335]
APTIDAO: 
50.56380176657808
GEN: 8800
Individuo: 
[0.9928659793528087, 1.4796934129922974, 2.2334012622419332, 0.3261265781374221, 0.8703866806390419, 0.12215257209490343, 0.9688787007924131, 0.20073787247123767, 0.7551478811030785, 0.3737838357874844, 0.8735879324683237, 0.7739424569552735, 0.7366386425720335]
APTIDAO: 
50.5629158537767
GEN: 8900
Individuo: 
[0.9928659793528087, 1.4796934129922974, 2.241037159667346, 0.3261265781374221, 0.8703866806390419, 0.12215257209490343, 0.9688787007924131, 0.20073787247123767, 0.7551478811030785, 0.3737838357874844, 0.8735879324683237, 0.7739424569552735, 0.7366386425720335]
APTIDAO: 
50.562863472798014
GEN: 9000
Individuo: 
[0.9928659793528087, 1.4796934129922974, 2.241037159667346, 0.3261265781374221, 0.8703866806390419, 0.12215257209490343, 0.9688787007924131, 0.20073787247123767, 0.7551478811030785, 0.3737838357874844, 0.8735879324683237, 0.7739424569552735, 0.7366386425720335]
APTIDAO: 
50.562863472798014
GEN: 9100
Individuo: 
[0.9928659793528087, 1.4796934129922974, 2.241037159667346, 0.3261265781374221, 0.8703866806390419, 0.12215257209490343, 0.9688787007924131, 0.20073787247123767, 0.7551478811030785, 0.3737838357874844, 0.8735879324683237, 0.7739424569552735, 0.7366386425720335]
APTIDAO: 
50.562863472798014
GEN: 9200
Individuo: 
[0.9928659793528087, 1.4796934129922974, 2.241037159667346, 0.3270301820464351, 0.8703866806390419, 0.12215257209490343, 0.9691929110444407, 0.20073787247123767, 0.7551478811030785, 0.3737838357874844, 0.8735879324683237, 0.7739424569552735, 0.7366386425720335]
APTIDAO: 
50.561228192406666
GEN: 9300
Individuo: 
[0.9944011651667397, 1.4796934129922974, 2.241037159667346, 0.3268133713200144, 0.8703866806390419, 0.12215257209490343, 0.9691929110444407, 0.20073787247123767, 0.7551478811030785, 0.3737838357874844, 0.8735879324683237, 0.7739424569552735, 0.7366386425720335]
APTIDAO: 
50.56108514081628
GEN: 9400
Individuo: 
[0.9944011651667397, 1.4796934129922974, 2.241037159667346, 0.3268133713200144, 0.8703866806390419, 0.12215257209490343, 0.9691929110444407, 0.20073787247123767, 0.7551478811030785, 0.3737838357874844, 0.8735879324683237, 0.7739424569552735, 0.7366386425720335]
APTIDAO: 
50.56108514081628
GEN: 9500
Individuo: 
[0.9944011651667397, 1.4796934129922974, 2.241037159667346, 0.3291252733265215, 0.8703866806390419, 0.12215257209490343, 0.9691929110444407, 0.20073787247123767, 0.7551478811030785, 0.3737838357874844, 0.8735879324683237, 0.7739424569552735, 0.7366386425720335]
APTIDAO: 
50.56105993276033
GEN: 9600
Individuo: 
[0.9944011651667397, 1.4796934129922974, 2.241037159667346, 0.3291252733265215, 0.8703866806390419, 0.12215257209490343, 0.9691929110444407, 0.20073787247123767, 0.7551478811030785, 0.3737838357874844, 0.8735879324683237, 0.7739424569552735, 0.7366386425720335]
APTIDAO: 
50.56105993276033
GEN: 9700
Individuo: 
[0.9944011651667397, 1.4796934129922974, 2.241037159667346, 0.3291252733265215, 0.8703866806390419, 0.12215257209490343, 0.9691929110444407, 0.20073787247123767, 0.7551478811030785, 0.3737838357874844, 0.8735879324683237, 0.7739424569552735, 0.7366386425720335]
APTIDAO: 
50.56105993276033
GEN: 9800
Individuo: 
[0.9944011651667397, 1.4796934129922974, 2.241037159667346, 0.3291252733265215, 0.8703866806390419, 0.12215257209490343, 0.9691929110444407, 0.20059402141849922, 0.7551478811030785, 0.3737838357874844, 0.8735879324683237, 0.7739424569552735, 0.7366386425720335]
APTIDAO: 
50.56063524614549
GEN: 9900
Individuo: 
[0.9944011651667397, 1.4796934129922974, 2.241037159667346, 0.3291252733265215, 0.8703866806390419, 0.12215257209490343, 0.9691929110444407, 0.20059402141849922, 0.7551478811030785, 0.3737838357874844, 0.8735879324683237, 0.7739424569552735, 0.7366386425720335]
APTIDAO: 
50.56063524614549
GEN: 10000
Individuo: 
[0.9944011651667397, 1.4800525213652473, 2.241037159667346, 0.3291252733265215, 0.8703866806390419, 0.12215257209490343, 0.9691929110444407, 0.20059402141849922, 0.7551478811030785, 0.3737838357874844, 0.8746421538795935, 0.7739424569552735, 0.7366386425720335]
APTIDAO: 
50.55933730498659

--- RESULTADO FINAL ---
Erro (norma-1): 50.55933730498659
Parâmetros: [0.9944011651667397, 1.4800525213652473, 2.241037159667346, 0.3291252733265215, 0.8703866806390419, 0.12215257209490343, 0.9691929110444407, 0.20059402141849922, 0.7551478811030785, 0.3737838357874844, 0.8746421538795935, 0.7739424569552735, 0.7366386425720335]
Tempo total: 00h 45m 52s
