SEED: 1778691446
METODO: ABCD_MM
IND_SIZE: 13
GEN: 0
Individuo: 
[1.1972788752846781, 1.7347398759850625, 2.6512573801206067, 1.1839068381004507, 0.7375708489525848, 0.4020253594185912, 0.5080821788304225, 0.33363306503966783, 0.6800528576341744, 0.8474768967372435, 0.6824322344206403, 0.2436695301190948, 0.7138405663555344]
APTIDAO: 
101.30054337831899
GEN: 100
Individuo: 
[1.206826775933907, 1.5772185853889955, 2.3294638588245884, 0.5836417541339363, 0.8617167423807663, 0.2462652365341247, 0.977337924456585, 0.28901412131359844, 0.6800528576341744, 0.46679939433248163, 0.6824322344206403, 0.36080448953857486, 0.6180710416388748]
APTIDAO: 
62.45480860635539
GEN: 200
Individuo: 
[0.9303098937106727, 1.5772185853889955, 2.3294638588245884, 0.5508394151247604, 0.969876995290206, 0.23661023894800928, 0.977337924456585, 0.266964639574136, 0.7148465390899699, 0.46679939433248163, 0.7884344028230919, 0.4125589673920644, 0.7187125724244773]
APTIDAO: 
58.71994045546014
GEN: 300
Individuo: 
[0.9303098937106727, 1.5772185853889955, 2.3294638588245884, 0.47389639434957953, 0.8312786454705225, 0.1865135610716608, 0.977337924456585, 0.266964639574136, 0.7572013324771325, 0.46679939433248163, 0.8927985104044226, 0.4285960275465142, 0.9761758725198392]
APTIDAO: 
56.52967538887947
GEN: 400
Individuo: 
[0.9303098937106727, 1.5772185853889955, 2.3294638588245884, 0.4236293117711614, 0.8330391685934811, 0.16869650289735205, 0.9687000488341465, 0.2517738629933911, 0.7879017481066305, 0.46679939433248163, 0.8927985104044226, 0.47183535867879683, 0.9774749022589697]
APTIDAO: 
54.92026247845185
GEN: 500
Individuo: 
[0.9303098937106727, 1.5772185853889955, 2.3294638588245884, 0.34567065628938437, 0.8859894990854315, 0.1091896388909866, 0.7850050571601924, 0.2517738629933911, 0.7879017481066305, 0.46679939433248163, 0.9223267305042525, 0.5066911416059474, 0.9774749022589697]
APTIDAO: 
53.92106417203372
GEN: 600
Individuo: 
[0.9303098937106727, 1.517628182027004, 2.288368368668414, 0.27062036958287167, 0.8859894990854315, 0.1091896388909866, 0.7850050571601924, 0.2351770062640278, 0.7709227086460456, 0.45172303566582583, 0.9259449244403805, 0.5285371106358411, 0.9461145145639916]
APTIDAO: 
53.418951979846696
GEN: 700
Individuo: 
[0.9303098937106727, 1.5230176205875234, 2.2986894105670146, 0.2556029239990272, 0.8859894990854315, 0.10277867590784298, 0.7852700202026992, 0.2351770062640278, 0.7709227086460456, 0.45172303566582583, 0.9672381405437611, 0.5285371106358411, 0.988105662792445]
APTIDAO: 
53.0402342629933
GEN: 800
Individuo: 
[0.962718516885847, 1.5230176205875234, 2.2986894105670146, 0.36276499692753195, 0.8859894990854315, 0.10277867590784298, 0.7852700202026992, 0.2351770062640278, 0.7709227086460456, 0.45172303566582583, 0.954508977627415, 0.5375589282264835, 0.988105662792445]
APTIDAO: 
52.95195219305439
GEN: 900
Individuo: 
[0.962718516885847, 1.5576993132355097, 2.441525678696095, 0.22753584987759076, 0.8859894990854315, 0.07057529187693425, 0.7852700202026992, 0.2351770062640278, 0.882668082787744, 0.426294954426291, 0.9756523838851973, 0.633183714047872, 0.988105662792445]
APTIDAO: 
50.95100076157319
GEN: 1000
Individuo: 
[0.9750796278793554, 1.5576993132355097, 2.412160780339552, 0.2559554293115851, 0.8859894990854315, 0.07155364590751576, 0.7852700202026992, 0.2351770062640278, 0.8616239273799872, 0.426294954426291, 0.9756523838851973, 0.6332174787641996, 0.988105662792445]
APTIDAO: 
50.857519030693155
GEN: 1100
Individuo: 
[0.9750796278793554, 1.5576993132355097, 2.4016653628627944, 0.25772425122183695, 0.8859894990854315, 0.07155364590751576, 0.7852700202026992, 0.2351770062640278, 0.8637935236247495, 0.426294954426291, 0.9801687558740275, 0.6332174787641996, 0.9948530944342356]
APTIDAO: 
50.80654235558323
GEN: 1200
Individuo: 
[0.9750796278793554, 1.5576993132355097, 2.4016653628627944, 0.25784224785097454, 0.8859894990854315, 0.07155364590751576, 0.7852700202026992, 0.2351770062640278, 0.8637935236247495, 0.426294954426291, 0.9801687558740275, 0.6332174787641996, 0.9948530944342356]
APTIDAO: 
50.80652796495002
GEN: 1300
Individuo: 
[0.9750796278793554, 1.5576993132355097, 2.4016653628627944, 0.25826304003268136, 0.8859894990854315, 0.07155364590751576, 0.7852700202026992, 0.2351770062640278, 0.8637935236247495, 0.426294954426291, 0.9801687558740275, 0.6332174787641996, 0.9948530944342356]
APTIDAO: 
50.80648275067344
GEN: 1400
Individuo: 
[0.9750796278793554, 1.5576993132355097, 2.4016653628627944, 0.25826304003268136, 0.8859894990854315, 0.07155364590751576, 0.7852700202026992, 0.2351770062640278, 0.8637935236247495, 0.426294954426291, 0.9801687558740275, 0.6332174787641996, 0.9948530944342356]
APTIDAO: 
50.80648275067344
GEN: 1500
Individuo: 
[0.9750796278793554, 1.5576993132355097, 2.378708305205027, 0.25826304003268136, 0.8859894990854315, 0.07155364590751576, 0.7852700202026992, 0.2351770062640278, 0.8637935236247495, 0.426294954426291, 0.9801687558740275, 0.6332174787641996, 0.9948530944342356]
APTIDAO: 
50.80642939861022
GEN: 1600
Individuo: 
[0.9750796278793554, 1.5551969178025358, 2.378708305205027, 0.25826304003268136, 0.8859894990854315, 0.07155364590751576, 0.7852700202026992, 0.2351770062640278, 0.8637935236247495, 0.426294954426291, 0.9801687558740275, 0.6332174787641996, 0.9948530944342356]
APTIDAO: 
50.8055686135839
GEN: 1700
Individuo: 
[0.9750796278793554, 1.5551969178025358, 2.378708305205027, 0.25826304003268136, 0.8859894990854315, 0.07155364590751576, 0.7852700202026992, 0.2351770062640278, 0.8637935236247495, 0.426294954426291, 0.9801687558740275, 0.6332174787641996, 0.9948530944342356]
APTIDAO: 
50.8055686135839
GEN: 1800
Individuo: 
[0.9750796278793554, 1.5551969178025358, 2.381976400310371, 0.25826304003268136, 0.8859894990854315, 0.07155364590751576, 0.7852700202026992, 0.2351770062640278, 0.8637935236247495, 0.426294954426291, 0.9801687558740275, 0.6332174787641996, 0.9948530944342356]
APTIDAO: 
50.805493474020764
GEN: 1900
Individuo: 
[0.9750796278793554, 1.5551969178025358, 2.381976400310371, 0.25826304003268136, 0.8859894990854315, 0.07155364590751576, 0.7877093180509293, 0.2351770062640278, 0.8637935236247495, 0.426294954426291, 0.9801687558740275, 0.6372110440943204, 0.9948530944342356]
APTIDAO: 
50.76560867999973
GEN: 2000
Individuo: 
[0.9750796278793554, 1.5551969178025358, 2.381976400310371, 0.25826304003268136, 0.8859894990854315, 0.07155364590751576, 0.7877093180509293, 0.2351770062640278, 0.8637935236247495, 0.426294954426291, 0.9801687558740275, 0.6372110440943204, 0.9948530944342356]
APTIDAO: 
50.76560867999973
GEN: 2100
Individuo: 
[0.9750796278793554, 1.5551969178025358, 2.381976400310371, 0.25625077546245767, 0.8859894990854315, 0.07155364590751576, 0.7877093180509293, 0.2351770062640278, 0.8649782244782243, 0.426294954426291, 0.9801687558740275, 0.6372110440943204, 0.9948530944342356]
APTIDAO: 
50.76409688823235
GEN: 2200
Individuo: 
[0.9750796278793554, 1.5522632990402792, 2.381976400310371, 0.25625077546245767, 0.8859894990854315, 0.07141917652322233, 0.7877093180509293, 0.2351770062640278, 0.8649782244782243, 0.426294954426291, 0.9801687558740275, 0.6380685245171055, 0.9948530944342356]
APTIDAO: 
50.75858071698072
GEN: 2300
Individuo: 
[0.9750796278793554, 1.5522632990402792, 2.381976400310371, 0.2557264684169957, 0.8859894990854315, 0.07141917652322233, 0.7877093180509293, 0.2351770062640278, 0.8649782244782243, 0.426294954426291, 0.9801687558740275, 0.6380685245171055, 0.9948530944342356]
APTIDAO: 
50.758504467989965
GEN: 2400
Individuo: 
[0.9750796278793554, 1.5522632990402792, 2.381976400310371, 0.2557264684169957, 0.8859894990854315, 0.07141917652322233, 0.7877093180509293, 0.2351770062640278, 0.8649782244782243, 0.426294954426291, 0.9801687558740275, 0.6380685245171055, 0.9984518711644068]
APTIDAO: 
50.75718020056647
GEN: 2500
Individuo: 
[0.9750796278793554, 1.5522632990402792, 2.381976400310371, 0.2557264684169957, 0.8859894990854315, 0.07141917652322233, 0.788141119889564, 0.2351770062640278, 0.8649782244782243, 0.426294954426291, 0.9801687558740275, 0.6380685245171055, 0.9984518711644068]
APTIDAO: 
50.75239055785453
GEN: 2600
Individuo: 
[0.9750796278793554, 1.5522632990402792, 2.381976400310371, 0.2557264684169957, 0.8859894990854315, 0.07141917652322233, 0.788141119889564, 0.2351770062640278, 0.8649782244782243, 0.426294954426291, 0.9801687558740275, 0.6380685245171055, 0.9984518711644068]
APTIDAO: 
50.75239055785453
GEN: 2700
Individuo: 
[0.9750796278793554, 1.5522632990402792, 2.381976400310371, 0.2557264684169957, 0.8866859716930366, 0.07141917652322233, 0.788141119889564, 0.2351770062640278, 0.8649782244782243, 0.426294954426291, 0.9825068634431958, 0.6380685245171055, 0.9984518711644068]
APTIDAO: 
50.74595508777546
GEN: 2800
Individuo: 
[0.9750796278793554, 1.5522632990402792, 2.381976400310371, 0.2557264684169957, 0.8866859716930366, 0.07141917652322233, 0.788141119889564, 0.2351770062640278, 0.8649782244782243, 0.426294954426291, 0.9825068634431958, 0.6380685245171055, 0.9984518711644068]
APTIDAO: 
50.74595508777546
GEN: 2900
Individuo: 
[0.9750796278793554, 1.5522632990402792, 2.381976400310371, 0.2557264684169957, 0.8866859716930366, 0.07141917652322233, 0.788141119889564, 0.2351770062640278, 0.8649782244782243, 0.426294954426291, 0.9825068634431958, 0.6380685245171055, 0.9984518711644068]
APTIDAO: 
50.74595508777546
GEN: 3000
Individuo: 
[0.9750796278793554, 1.5522632990402792, 2.381976400310371, 0.2557264684169957, 0.8866859716930366, 0.07141917652322233, 0.788141119889564, 0.2351770062640278, 0.8649782244782243, 0.426294954426291, 0.9825068634431958, 0.6380685245171055, 0.9984518711644068]
APTIDAO: 
50.74595508777546
GEN: 3100
Individuo: 
[0.9750796278793554, 1.5522632990402792, 2.381976400310371, 0.2557264684169957, 0.887094280159043, 0.07141917652322233, 0.788141119889564, 0.2338260682454428, 0.8649782244782243, 0.426294954426291, 0.9825068634431958, 0.6380685245171055, 0.9984518711644068]
APTIDAO: 
50.743088032904716
GEN: 3200
Individuo: 
[0.9750796278793554, 1.5522632990402792, 2.381976400310371, 0.2557264684169957, 0.887094280159043, 0.07141917652322233, 0.788141119889564, 0.2338260682454428, 0.8649782244782243, 0.426294954426291, 0.9825068634431958, 0.6380685245171055, 0.9984518711644068]
APTIDAO: 
50.743088032904716
GEN: 3300
Individuo: 
[0.9750796278793554, 1.5522632990402792, 2.381976400310371, 0.2557264684169957, 0.887094280159043, 0.07141917652322233, 0.788141119889564, 0.2338260682454428, 0.8649782244782243, 0.426294954426291, 0.9845975769167161, 0.6380685245171055, 0.9984518711644068]
APTIDAO: 
50.74116284747846
GEN: 3400
Individuo: 
[0.9750796278793554, 1.5522632990402792, 2.381976400310371, 0.2557264684169957, 0.887094280159043, 0.07141917652322233, 0.788141119889564, 0.2338260682454428, 0.8649782244782243, 0.426294954426291, 0.9845975769167161, 0.6380685245171055, 0.9984518711644068]
APTIDAO: 
50.74116284747846
GEN: 3500
Individuo: 
[0.9750796278793554, 1.5522632990402792, 2.391940756073989, 0.2557264684169957, 0.887094280159043, 0.07141917652322233, 0.788141119889564, 0.2338260682454428, 0.8649782244782243, 0.426294954426291, 0.9845975769167161, 0.6380685245171055, 0.9984518711644068]
APTIDAO: 
50.74113272772074
GEN: 3600
Individuo: 
[0.9750796278793554, 1.5522632990402792, 2.391940756073989, 0.2557264684169957, 0.887094280159043, 0.07141917652322233, 0.788141119889564, 0.2338260682454428, 0.8649782244782243, 0.426294954426291, 0.9845975769167161, 0.6380685245171055, 0.9984518711644068]
APTIDAO: 
50.74113272772074
GEN: 3700
Individuo: 
[0.9750796278793554, 1.5522632990402792, 2.391940756073989, 0.2557264684169957, 0.887094280159043, 0.07141917652322233, 0.788141119889564, 0.2338260682454428, 0.8649782244782243, 0.426294954426291, 0.9838313801723692, 0.6380685245171055, 0.9984518711644068]
APTIDAO: 
50.74105004322107
GEN: 3800
Individuo: 
[0.9750796278793554, 1.5522632990402792, 2.391940756073989, 0.2557264684169957, 0.887094280159043, 0.07141917652322233, 0.788141119889564, 0.2338260682454428, 0.8649782244782243, 0.426294954426291, 0.9838313801723692, 0.6380685245171055, 0.9984518711644068]
APTIDAO: 
50.74105004322107
GEN: 3900
Individuo: 
[0.9750796278793554, 1.5522632990402792, 2.391940756073989, 0.2557264684169957, 0.887094280159043, 0.07141917652322233, 0.788141119889564, 0.2338260682454428, 0.8649782244782243, 0.426294954426291, 0.9838313801723692, 0.6380685245171055, 0.9984518711644068]
APTIDAO: 
50.74105004322107
GEN: 4000
Individuo: 
[0.9750796278793554, 1.5522632990402792, 2.391940756073989, 0.2557264684169957, 0.887094280159043, 0.07141917652322233, 0.788141119889564, 0.2338260682454428, 0.8649782244782243, 0.426294954426291, 0.9838313801723692, 0.6380685245171055, 0.9984518711644068]
APTIDAO: 
50.74105004322107
GEN: 4100
Individuo: 
[0.9750796278793554, 1.5522632990402792, 2.391940756073989, 0.2557264684169957, 0.887094280159043, 0.07141917652322233, 0.788141119889564, 0.2338260682454428, 0.8649782244782243, 0.426294954426291, 0.9838313801723692, 0.6380685245171055, 0.9984518711644068]
APTIDAO: 
50.74105004322107
GEN: 4200
Individuo: 
[0.9750796278793554, 1.5522632990402792, 2.391940756073989, 0.2557264684169957, 0.887094280159043, 0.07141917652322233, 0.788141119889564, 0.2338260682454428, 0.8649782244782243, 0.426294954426291, 0.9838313801723692, 0.6418110325752614, 0.9984518711644068]
APTIDAO: 
50.734837959523375
GEN: 4300
Individuo: 
[0.9750796278793554, 1.5522632990402792, 2.391940756073989, 0.2557264684169957, 0.887094280159043, 0.07141917652322233, 0.788141119889564, 0.2338260682454428, 0.8638333796058557, 0.42605707419392447, 0.9838313801723692, 0.6418110325752614, 0.9984518711644068]
APTIDAO: 
50.73208988353196
GEN: 4400
Individuo: 
[0.9750796278793554, 1.5522632990402792, 2.391940756073989, 0.2557264684169957, 0.887094280159043, 0.07141917652322233, 0.788141119889564, 0.2338260682454428, 0.8638333796058557, 0.42605707419392447, 0.9867383604138735, 0.6418110325752614, 0.9984518711644068]
APTIDAO: 
50.72645860389615
GEN: 4500
Individuo: 
[0.9750796278793554, 1.5522632990402792, 2.3867379189147107, 0.2557264684169957, 0.887094280159043, 0.07141917652322233, 0.788141119889564, 0.2338260682454428, 0.8638333796058557, 0.42605707419392447, 0.9867383604138735, 0.6418110325752614, 0.9984518711644068]
APTIDAO: 
50.72576533967449
GEN: 4600
Individuo: 
[0.9750796278793554, 1.5522632990402792, 2.3867379189147107, 0.2557264684169957, 0.887094280159043, 0.07141917652322233, 0.7881908258610912, 0.2338260682454428, 0.8638333796058557, 0.42605707419392447, 0.9867383604138735, 0.6418110325752614, 0.9984518711644068]
APTIDAO: 
50.72501403745508
GEN: 4700
Individuo: 
[0.9750796278793554, 1.5522632990402792, 2.3867379189147107, 0.2557264684169957, 0.8909146981044135, 0.07120348131959951, 0.7881908258610912, 0.2338260682454428, 0.8638333796058557, 0.42605707419392447, 0.9867383604138735, 0.648088883438343, 0.9927435622908608]
APTIDAO: 
50.69117236247689
GEN: 4800
Individuo: 
[0.9750796278793554, 1.5540435732770232, 2.3867379189147107, 0.2557264684169957, 0.8909146981044135, 0.07057112156670413, 0.7881908258610912, 0.2338260682454428, 0.8638333796058557, 0.4258119363917939, 0.9867383604138735, 0.648088883438343, 0.9927435622908608]
APTIDAO: 
50.66787431452202
GEN: 4900
Individuo: 
[0.9750796278793554, 1.5540435732770232, 2.3867379189147107, 0.2505915564204019, 0.8909146981044135, 0.07057112156670413, 0.7881908258610912, 0.2338260682454428, 0.8638333796058557, 0.4258119363917939, 0.9867383604138735, 0.648088883438343, 0.9927435622908608]
APTIDAO: 
50.66726023278234
GEN: 5000
Individuo: 
[0.9750796278793554, 1.5540435732770232, 2.3561539754800007, 0.2505915564204019, 0.8909146981044135, 0.07057112156670413, 0.7881908258610912, 0.2338260682454428, 0.8638333796058557, 0.4258119363917939, 0.9867383604138735, 0.648088883438343, 0.9927435622908608]
APTIDAO: 
50.66690688318586
GEN: 5100
Individuo: 
[0.9750796278793554, 1.5441997675786494, 2.3638819618434694, 0.2505915564204019, 0.8909146981044135, 0.07057112156670413, 0.7881908258610912, 0.2338260682454428, 0.8638333796058557, 0.4258119363917939, 0.9867383604138735, 0.648088883438343, 0.9927435622908608]
APTIDAO: 
50.66594088222369
GEN: 5200
Individuo: 
[0.9750796278793554, 1.5441997675786494, 2.3638819618434694, 0.2505915564204019, 0.8909146981044135, 0.07057112156670413, 0.7881908258610912, 0.23356538138240926, 0.8638333796058557, 0.4258119363917939, 0.9868773534570003, 0.648088883438343, 0.9927435622908608]
APTIDAO: 
50.66380166741312
GEN: 5300
Individuo: 
[0.9750796278793554, 1.5441997675786494, 2.3638819618434694, 0.2505915564204019, 0.8909146981044135, 0.07057112156670413, 0.7881908258610912, 0.23356538138240926, 0.8638333796058557, 0.4258119363917939, 0.9868773534570003, 0.648088883438343, 0.9927435622908608]
APTIDAO: 
50.66380166741312
GEN: 5400
Individuo: 
[0.9750796278793554, 1.5441997675786494, 2.3638819618434694, 0.2505915564204019, 0.8909146981044135, 0.07057112156670413, 0.7881908258610912, 0.23356538138240926, 0.8638333796058557, 0.4258119363917939, 0.9868773534570003, 0.648088883438343, 0.9927435622908608]
APTIDAO: 
50.66380166741312
GEN: 5500
Individuo: 
[0.9750796278793554, 1.5441997675786494, 2.3610017561996877, 0.2505915564204019, 0.8909146981044135, 0.07057112156670413, 0.7881908258610912, 0.23356538138240926, 0.8638333796058557, 0.4258119363917939, 0.9868773534570003, 0.648088883438343, 0.9927435622908608]
APTIDAO: 
50.663434852987415
GEN: 5600
Individuo: 
[0.9750796278793554, 1.5441997675786494, 2.3610017561996877, 0.2505915564204019, 0.8909146981044135, 0.07057112156670413, 0.7881908258610912, 0.23356538138240926, 0.8638333796058557, 0.4258119363917939, 0.9868773534570003, 0.648088883438343, 0.9927435622908608]
APTIDAO: 
50.663434852987415
GEN: 5700
Individuo: 
[0.9750796278793554, 1.5441997675786494, 2.3610017561996877, 0.2505915564204019, 0.8909146981044135, 0.07057112156670413, 0.7881908258610912, 0.23356538138240926, 0.8638333796058557, 0.4258119363917939, 0.9868773534570003, 0.648088883438343, 0.9927435622908608]
APTIDAO: 
50.663434852987415
GEN: 5800
Individuo: 
[0.9750796278793554, 1.5441997675786494, 2.3610017561996877, 0.2505915564204019, 0.8909146981044135, 0.07057112156670413, 0.7881908258610912, 0.23356538138240926, 0.8638333796058557, 0.4258119363917939, 0.9868773534570003, 0.648088883438343, 0.9927435622908608]
APTIDAO: 
50.663434852987415
GEN: 5900
Individuo: 
[0.9750796278793554, 1.5441997675786494, 2.3610017561996877, 0.2505915564204019, 0.8916440371643211, 0.07057112156670413, 0.7881908258610912, 0.23221792350212897, 0.8638333796058557, 0.4258119363917939, 0.9891475160418672, 0.648088883438343, 0.9927435622908608]
APTIDAO: 
50.65540660701153
GEN: 6000
Individuo: 
[0.9750796278793554, 1.5441997675786494, 2.3610017561996877, 0.2504174713965511, 0.8916440371643211, 0.07057112156670413, 0.7881908258610912, 0.23221792350212897, 0.8638333796058557, 0.4258119363917939, 0.9891475160418672, 0.6499424062817757, 0.9927435622908608]
APTIDAO: 
50.65251064247092
GEN: 6100
Individuo: 
[0.9750796278793554, 1.5441997675786494, 2.3610017561996877, 0.2504174713965511, 0.8916440371643211, 0.07057112156670413, 0.7881908258610912, 0.23221792350212897, 0.8638333796058557, 0.4258119363917939, 0.9891475160418672, 0.6499424062817757, 0.9927435622908608]
APTIDAO: 
50.65251064247092
GEN: 6200
Individuo: 
[0.9750201487397643, 1.5441997675786494, 2.3610017561996877, 0.2504174713965511, 0.8916440371643211, 0.07057112156670413, 0.7881908258610912, 0.23221792350212897, 0.8638333796058557, 0.4258119363917939, 0.9891475160418672, 0.6499424062817757, 0.9927435622908608]
APTIDAO: 
50.652503047947235
GEN: 6300
Individuo: 
[0.9750201487397643, 1.5441997675786494, 2.3610017561996877, 0.2504174713965511, 0.8916440371643211, 0.07057112156670413, 0.7881908258610912, 0.23221792350212897, 0.8638333796058557, 0.4258119363917939, 0.9891475160418672, 0.6499424062817757, 0.9927435622908608]
APTIDAO: 
50.652503047947235
GEN: 6400
Individuo: 
[0.9750201487397643, 1.5441997675786494, 2.3610017561996877, 0.2504174713965511, 0.8916440371643211, 0.07057112156670413, 0.7881908258610912, 0.23221792350212897, 0.8638333796058557, 0.4258119363917939, 0.9926858040937793, 0.6499424062817757, 0.9927435622908608]
APTIDAO: 
50.65004652007535
GEN: 6500
Individuo: 
[0.9750201487397643, 1.5441997675786494, 2.3610017561996877, 0.2504174713965511, 0.8916440371643211, 0.07057112156670413, 0.7881908258610912, 0.23221792350212897, 0.8638333796058557, 0.4258119363917939, 0.9926858040937793, 0.6499424062817757, 0.9927435622908608]
APTIDAO: 
50.65004652007535
GEN: 6600
Individuo: 
[0.9750201487397643, 1.5441997675786494, 2.3610017561996877, 0.2504174713965511, 0.8916440371643211, 0.07057112156670413, 0.7881908258610912, 0.23221792350212897, 0.8638333796058557, 0.4258119363917939, 0.9926858040937793, 0.6499424062817757, 0.9927435622908608]
APTIDAO: 
50.65004652007535
GEN: 6700
Individuo: 
[0.9750201487397643, 1.5441997675786494, 2.3610017561996877, 0.2504174713965511, 0.8916440371643211, 0.06988018975583336, 0.7881908258610912, 0.23221792350212897, 0.8638333796058557, 0.4258119363917939, 0.9926858040937793, 0.6502207594219078, 0.9961594439677757]
APTIDAO: 
50.626867034617305
GEN: 6800
Individuo: 
[0.9750201487397643, 1.5441997675786494, 2.3610017561996877, 0.2504174713965511, 0.8916440371643211, 0.06988018975583336, 0.7881908258610912, 0.23221792350212897, 0.8638333796058557, 0.4258119363917939, 0.9926858040937793, 0.6502207594219078, 0.9961594439677757]
APTIDAO: 
50.626867034617305
GEN: 6900
Individuo: 
[0.9773299031422923, 1.5441997675786494, 2.3610017561996877, 0.2504174713965511, 0.8916440371643211, 0.06988018975583336, 0.7881908258610912, 0.23221792350212897, 0.8638333796058557, 0.4258119363917939, 0.9926858040937793, 0.6502207594219078, 0.9961594439677757]
APTIDAO: 
50.62616280241004
GEN: 7000
Individuo: 
[0.9773299031422923, 1.5441997675786494, 2.3610017561996877, 0.2504174713965511, 0.8916440371643211, 0.06988018975583336, 0.7881908258610912, 0.23221792350212897, 0.8638333796058557, 0.4258119363917939, 0.9926858040937793, 0.6502207594219078, 0.9961594439677757]
APTIDAO: 
50.62616280241004
GEN: 7100
Individuo: 
[0.9773299031422923, 1.5441997675786494, 2.3610017561996877, 0.2504174713965511, 0.8916440371643211, 0.06988018975583336, 0.7881908258610912, 0.23221792350212897, 0.8638333796058557, 0.4258119363917939, 0.9926858040937793, 0.6506669612703581, 0.9961594439677757]
APTIDAO: 
50.623933275814544
GEN: 7200
Individuo: 
[0.9773299031422923, 1.5441997675786494, 2.3610017561996877, 0.25409803387617413, 0.8916440371643211, 0.06988018975583336, 0.7881908258610912, 0.23221792350212897, 0.8638333796058557, 0.4258119363917939, 0.9926858040937793, 0.6506669612703581, 0.9961594439677757]
APTIDAO: 
50.623839276917366
GEN: 7300
Individuo: 
[0.9773299031422923, 1.5441997675786494, 2.3610017561996877, 0.25409803387617413, 0.8916440371643211, 0.06988018975583336, 0.7881908258610912, 0.23221792350212897, 0.8638333796058557, 0.4258119363917939, 0.9926858040937793, 0.6506669612703581, 0.9961594439677757]
APTIDAO: 
50.623839276917366
GEN: 7400
Individuo: 
[0.9773299031422923, 1.5441997675786494, 2.3610017561996877, 0.25409803387617413, 0.8916440371643211, 0.06988018975583336, 0.7881908258610912, 0.23221792350212897, 0.8638333796058557, 0.4258119363917939, 0.9926858040937793, 0.6506669612703581, 0.9961594439677757]
APTIDAO: 
50.623839276917366
GEN: 7500
Individuo: 
[0.9773299031422923, 1.5441997675786494, 2.3610017561996877, 0.25409803387617413, 0.8916440371643211, 0.06988018975583336, 0.7881908258610912, 0.23221792350212897, 0.8638333796058557, 0.4258119363917939, 0.99225914502723, 0.6506669612703581, 0.9975852335942303]
APTIDAO: 
50.622210508387745
GEN: 7600
Individuo: 
[0.9773299031422923, 1.5441997675786494, 2.3610017561996877, 0.25409803387617413, 0.8916440371643211, 0.06988018975583336, 0.7881908258610912, 0.23221792350212897, 0.8638333796058557, 0.4258119363917939, 0.99225914502723, 0.6506669612703581, 0.9975852335942303]
APTIDAO: 
50.622210508387745
GEN: 7700
Individuo: 
[0.9773299031422923, 1.5441997675786494, 2.3610017561996877, 0.25409803387617413, 0.8916440371643211, 0.06988018975583336, 0.7881908258610912, 0.23221792350212897, 0.8638333796058557, 0.4258119363917939, 0.99225914502723, 0.6506669612703581, 0.9975852335942303]
APTIDAO: 
50.622210508387745
GEN: 7800
Individuo: 
[0.9773299031422923, 1.5441997675786494, 2.3610017561996877, 0.2539046292892143, 0.8916440371643211, 0.06988018975583336, 0.7881908258610912, 0.23221792350212897, 0.8638333796058557, 0.4258119363917939, 0.99225914502723, 0.6506669612703581, 0.9986257682822726]
APTIDAO: 
50.6215661784945
GEN: 7900
Individuo: 
[0.9773299031422923, 1.5441997675786494, 2.3610017561996877, 0.2539046292892143, 0.8916440371643211, 0.06948298637352747, 0.7881908258610912, 0.23221792350212897, 0.8638333796058557, 0.4258119363917939, 0.99225914502723, 0.6506669612703581, 0.9986257682822726]
APTIDAO: 
50.61353615120755
GEN: 8000
Individuo: 
[0.9773299031422923, 1.5441997675786494, 2.3610017561996877, 0.25211986645524176, 0.8916440371643211, 0.06948298637352747, 0.7881908258610912, 0.23221792350212897, 0.8638333796058557, 0.4258119363917939, 0.99225914502723, 0.6506669612703581, 0.9986257682822726]
APTIDAO: 
50.61328512548
GEN: 8100
Individuo: 
[0.98088342450462, 1.5441997675786494, 2.3610017561996877, 0.25794235727914067, 0.8916440371643211, 0.06948298637352747, 0.7881908258610912, 0.23221792350212897, 0.8638333796058557, 0.4258119363917939, 0.99225914502723, 0.6506669612703581, 0.9986257682822726]
APTIDAO: 
50.612201260611855
GEN: 8200
Individuo: 
[0.98088342450462, 1.5441997675786494, 2.3610017561996877, 0.25794235727914067, 0.8916440371643211, 0.06948298637352747, 0.7881908258610912, 0.23221792350212897, 0.8638333796058557, 0.4258119363917939, 0.99225914502723, 0.6506669612703581, 0.9986257682822726]
APTIDAO: 
50.612201260611855
GEN: 8300
Individuo: 
[0.98088342450462, 1.5441997675786494, 2.3610017561996877, 0.25794235727914067, 0.8916440371643211, 0.06948298637352747, 0.7881908258610912, 0.23221792350212897, 0.8638333796058557, 0.4258119363917939, 0.99225914502723, 0.6506669612703581, 0.9986257682822726]
APTIDAO: 
50.612201260611855
GEN: 8400
Individuo: 
[0.98088342450462, 1.5441997675786494, 2.3602755123115347, 0.25794235727914067, 0.8916440371643211, 0.06948298637352747, 0.7881908258610912, 0.23221792350212897, 0.8638333796058557, 0.4258119363917939, 0.99225914502723, 0.6506669612703581, 0.9986257682822726]
APTIDAO: 
50.61218088182455
GEN: 8500
Individuo: 
[0.98088342450462, 1.5441997675786494, 2.3602755123115347, 0.25794235727914067, 0.8916440371643211, 0.06948298637352747, 0.7881908258610912, 0.23221792350212897, 0.8638333796058557, 0.4258119363917939, 0.99225914502723, 0.6506669612703581, 0.9986257682822726]
APTIDAO: 
50.61218088182455
GEN: 8600
Individuo: 
[0.98088342450462, 1.5441997675786494, 2.3602755123115347, 0.25794235727914067, 0.8916440371643211, 0.06948298637352747, 0.7881908258610912, 0.23221792350212897, 0.8638333796058557, 0.4258119363917939, 0.99225914502723, 0.6506669612703581, 0.9986257682822726]
APTIDAO: 
50.61218088182455
GEN: 8700
Individuo: 
[0.98088342450462, 1.5441997675786494, 2.3602755123115347, 0.25794235727914067, 0.8916440371643211, 0.06948298637352747, 0.7881908258610912, 0.23221792350212897, 0.8638333796058557, 0.4258119363917939, 0.99225914502723, 0.6506669612703581, 0.9987663365257669]
APTIDAO: 
50.6118231416196
GEN: 8800
Individuo: 
[0.98088342450462, 1.5441997675786494, 2.3602755123115347, 0.25794235727914067, 0.8916440371643211, 0.06948298637352747, 0.7881908258610912, 0.23221792350212897, 0.8638333796058557, 0.4258119363917939, 0.99225914502723, 0.6506669612703581, 0.9987663365257669]
APTIDAO: 
50.6118231416196
GEN: 8900
Individuo: 
[0.98088342450462, 1.5441997675786494, 2.3602755123115347, 0.25794235727914067, 0.8916440371643211, 0.06948298637352747, 0.7881908258610912, 0.23221792350212897, 0.8638333796058557, 0.4258119363917939, 0.99225914502723, 0.6506669612703581, 0.9987663365257669]
APTIDAO: 
50.6118231416196
GEN: 9000
Individuo: 
[0.98088342450462, 1.5441997675786494, 2.3602755123115347, 0.25794235727914067, 0.8916440371643211, 0.06948298637352747, 0.7881908258610912, 0.23221792350212897, 0.8638333796058557, 0.4258119363917939, 0.99225914502723, 0.6506669612703581, 0.9987663365257669]
APTIDAO: 
50.6118231416196
GEN: 9100
Individuo: 
[0.98088342450462, 1.5441997675786494, 2.3602755123115347, 0.2581026260034044, 0.8916440371643211, 0.06948298637352747, 0.7881908258610912, 0.23221792350212897, 0.8638333796058557, 0.4258119363917939, 0.99225914502723, 0.6506669612703581, 0.9987663365257669]
APTIDAO: 
50.61179892464469
GEN: 9200
Individuo: 
[0.98088342450462, 1.5441997675786494, 2.3602755123115347, 0.2581026260034044, 0.8916440371643211, 0.06948298637352747, 0.7881908258610912, 0.23221792350212897, 0.8638333796058557, 0.4258119363917939, 0.99225914502723, 0.6506669612703581, 0.9987663365257669]
APTIDAO: 
50.61179892464469
GEN: 9300
Individuo: 
[0.98088342450462, 1.5441997675786494, 2.3602755123115347, 0.2581026260034044, 0.8916440371643211, 0.06948298637352747, 0.7881908258610912, 0.23221792350212897, 0.8638333796058557, 0.4258119363917939, 0.99225914502723, 0.6506669612703581, 0.9987663365257669]
APTIDAO: 
50.61179892464469
GEN: 9400
Individuo: 
[0.98088342450462, 1.5441997675786494, 2.3602755123115347, 0.2581026260034044, 0.8916440371643211, 0.06948298637352747, 0.7881908258610912, 0.23221792350212897, 0.8638333796058557, 0.4258119363917939, 0.99225914502723, 0.6506669612703581, 0.9987663365257669]
APTIDAO: 
50.61179892464469
GEN: 9500
Individuo: 
[0.98088342450462, 1.5441997675786494, 2.3602755123115347, 0.2581026260034044, 0.8916440371643211, 0.06948298637352747, 0.7881908258610912, 0.23221792350212897, 0.8638333796058557, 0.4258119363917939, 0.99225914502723, 0.6506669612703581, 0.9987663365257669]
APTIDAO: 
50.61179892464469
GEN: 9600
Individuo: 
[0.98088342450462, 1.5441997675786494, 2.3602755123115347, 0.2581026260034044, 0.8916440371643211, 0.06948298637352747, 0.7881908258610912, 0.23221792350212897, 0.8638333796058557, 0.4258119363917939, 0.99225914502723, 0.652152767503937, 0.9987663365257669]
APTIDAO: 
50.60758934065768
GEN: 9700
Individuo: 
[0.98088342450462, 1.5441997675786494, 2.3602755123115347, 0.2581026260034044, 0.8916440371643211, 0.06931253095394793, 0.7881908258610912, 0.23221792350212897, 0.8638333796058557, 0.4258119363917939, 0.99225914502723, 0.652152767503937, 0.9987663365257669]
APTIDAO: 
50.602779108832856
GEN: 9800
Individuo: 
[0.98088342450462, 1.5441997675786494, 2.3602755123115347, 0.2581026260034044, 0.892372228154829, 0.06931253095394793, 0.7881908258610912, 0.23221792350212897, 0.8638333796058557, 0.4258119363917939, 0.99225914502723, 0.652152767503937, 0.9987663365257669]
APTIDAO: 
50.60005740688571
GEN: 9900
Individuo: 
[0.98088342450462, 1.5441997675786494, 2.3602755123115347, 0.25720223487075333, 0.892372228154829, 0.06931253095394793, 0.7881908258610912, 0.23221792350212897, 0.8638333796058557, 0.4258119363917939, 0.99225914502723, 0.652152767503937, 0.9987663365257669]
APTIDAO: 
50.59995657315623
GEN: 10000
Individuo: 
[0.98088342450462, 1.5441997675786494, 2.3602755123115347, 0.25720223487075333, 0.892372228154829, 0.06931253095394793, 0.7881908258610912, 0.23221792350212897, 0.8638333796058557, 0.4258119363917939, 0.99225914502723, 0.652152767503937, 0.9987663365257669]
APTIDAO: 
50.59995657315623

--- RESULTADO FINAL ---
Erro (norma-1): 50.59995657315623
Parâmetros: [0.98088342450462, 1.5441997675786494, 2.3602755123115347, 0.25720223487075333, 0.892372228154829, 0.06931253095394793, 0.7881908258610912, 0.23221792350212897, 0.8638333796058557, 0.4258119363917939, 0.99225914502723, 0.652152767503937, 0.9987663365257669]
Tempo total: 00h 45m 46s
