SEED: 1778981565
METODO: ABCD_MM
IND_SIZE: 15
GEN: 0
Individuo: 
[0.2558723474402552, 0.4134219678268616, 1.530415945575318, 4.254625885516493, 0.2798629441779038, 0.8263624700167934, 0.4604141530230686, 0.023301856945550616, 4.427819732829269, 3.727706361362376, 6.855235629625884, 4.080770416488704, 5.763489443791055, 9.822338671921655, 1.5979124485681704]
APTIDAO: 
179.76992242913727
GEN: 100
Individuo: 
[0.9181468921126481, 4.392876685247124, 0.14629261662440785, 1.5701063117623033, 0.766637372344804, 0.807634123107342, 0.959952457643443, 0.4234772245020463, 8.247257166847415, 1.4813161567881183, 2.943483688020149, 5.895624419689964, 3.2905379631009244, 3.1229872140766664, 1.355365684921997]
APTIDAO: 
37.70878935411806
GEN: 200
Individuo: 
[0.9929057298018542, 4.9411921525982105, 0.14157573283089533, 1.3511397609386513, 0.766637372344804, 0.8393886588416583, 0.959952457643443, 0.4234772245020463, 9.028012755957882, 1.4813161567881183, 2.943483688020149, 5.895624419689964, 3.2905379631009244, 3.1229872140766664, 1.4854609294058545]
APTIDAO: 
36.92430226420457
GEN: 300
Individuo: 
[0.9929057298018542, 4.934627421690087, 0.1811317261294779, 1.3411758765257669, 0.766637372344804, 0.8393886588416583, 0.959952457643443, 0.4232824950591608, 9.09565433320751, 1.4813161567881183, 2.943483688020149, 5.895624419689964, 3.2905379631009244, 3.1229872140766664, 1.4136429657395297]
APTIDAO: 
36.81343524409719
GEN: 400
Individuo: 
[0.9973071428684479, 4.934627421690087, 0.17548341137825502, 1.3292655173765533, 0.727512635650944, 0.8393886588416583, 0.959952457643443, 0.4232824950591608, 7.995005786216374, 1.4813161567881183, 2.943483688020149, 5.895624419689964, 3.2905379631009244, 3.079387910047068, 1.4432212450017443]
APTIDAO: 
36.59082162061381
GEN: 500
Individuo: 
[0.9973071428684479, 4.934627421690087, 0.17446292303984554, 1.3170494315725934, 0.7131812962873658, 0.8393886588416583, 0.959952457643443, 0.4232824950591608, 7.995005786216374, 1.4813161567881183, 2.943483688020149, 5.895624419689964, 3.2905379631009244, 3.0403658270292966, 1.4409152183031877]
APTIDAO: 
36.52877611229301
GEN: 600
Individuo: 
[0.9973071428684479, 4.934627421690087, 0.17731942902339493, 1.3170494315725934, 0.7131812962873658, 0.8393886588416583, 0.959952457643443, 0.4232824950591608, 7.68329662342735, 1.4813161567881183, 2.943483688020149, 5.895624419689964, 3.2905379631009244, 3.0403658270292966, 1.4409152183031877]
APTIDAO: 
36.51862524023258
GEN: 700
Individuo: 
[0.9973071428684479, 4.965667963791342, 0.17731942902339493, 1.3170494315725934, 0.7131812962873658, 0.8393886588416583, 0.959952457643443, 0.4232824950591608, 7.666245277191683, 1.4813161567881183, 2.943483688020149, 5.895624419689964, 3.2905379631009244, 3.0403658270292966, 1.4378369683908439]
APTIDAO: 
36.511607346339744
GEN: 800
Individuo: 
[0.9973071428684479, 4.983499145780495, 0.17731942902339493, 1.3170494315725934, 0.6992529314215081, 0.84225982486654, 0.959952457643443, 0.4232824950591608, 7.666245277191683, 1.4813161567881183, 2.943483688020149, 5.895624419689964, 3.2905379631009244, 3.0403658270292966, 1.4378369683908439]
APTIDAO: 
36.49283499110561
GEN: 900
Individuo: 
[0.9973071428684479, 4.983499145780495, 0.17731942902339493, 1.3170494315725934, 0.6992529314215081, 0.8454569849524226, 0.959952457643443, 0.4232824950591608, 7.642918546509743, 1.4813161567881183, 2.943483688020149, 5.895624419689964, 3.2905379631009244, 3.0403658270292966, 1.4378369683908439]
APTIDAO: 
36.48885792948974
GEN: 1000
Individuo: 
[0.9973071428684479, 4.983499145780495, 0.18087535912801214, 1.3170494315725934, 0.6939153722974454, 0.8454569849524226, 0.959952457643443, 0.4232824950591608, 7.564429768804896, 1.4813161567881183, 2.901453952174442, 5.895624419689964, 3.2905379631009244, 3.008629367939077, 1.4378369683908439]
APTIDAO: 
36.424755911916726
GEN: 1100
Individuo: 
[0.9973071428684479, 4.983499145780495, 0.18087535912801214, 1.3170494315725934, 0.6841768087827994, 0.8454569849524226, 0.959952457643443, 0.4232824950591608, 7.277456580815999, 1.4813161567881183, 2.901453952174442, 5.895624419689964, 3.2905379631009244, 3.008629367939077, 1.4378369683908439]
APTIDAO: 
36.412589196541546
GEN: 1200
Individuo: 
[0.9973071428684479, 4.99552320302937, 0.18087535912801214, 1.3170494315725934, 0.6620441921813601, 0.8454569849524226, 0.959952457643443, 0.4248346448382671, 6.450560132335952, 1.4813161567881183, 2.901453952174442, 6.019404546140949, 3.2905379631009244, 3.008629367939077, 1.4378369683908439]
APTIDAO: 
36.377945248608704
GEN: 1300
Individuo: 
[0.9973071428684479, 4.996104181481416, 0.18087535912801214, 1.3170494315725934, 0.6436015434091638, 0.8454569849524226, 0.959952457643443, 0.4248346448382671, 6.450560132335952, 1.4813161567881183, 2.901453952174442, 5.9335275458563475, 3.2941168185592167, 2.9972880412669984, 1.4378369683908439]
APTIDAO: 
36.356797323579364
GEN: 1400
Individuo: 
[0.9973071428684479, 4.996104181481416, 0.18087535912801214, 1.3170494315725934, 0.6436015434091638, 0.8454569849524226, 0.959952457643443, 0.4248346448382671, 6.527992752605142, 1.4875935503564146, 2.901453952174442, 5.99578964447469, 3.2941168185592167, 2.9972880412669984, 1.4378369683908439]
APTIDAO: 
36.34883906030914
GEN: 1500
Individuo: 
[0.9973071428684479, 4.996104181481416, 0.18712294242976735, 1.3170494315725934, 0.6436015434091638, 0.8454569849524226, 0.959952457643443, 0.4248346448382671, 6.450560132335952, 1.4875935503564146, 2.8873669924821956, 6.019303829873116, 3.2941168185592167, 2.9653390713340997, 1.4378369683908439]
APTIDAO: 
36.306956497433426
GEN: 1600
Individuo: 
[0.36371035158332826, 4.996104181481416, 1.3526322902253807, 1.3170494315725934, 0.6422609455174085, 0.8454569849524226, 0.9689512133280199, 0.30036916174824785, 5.549277693411879, 1.4875935503564146, 2.851177061614569, 2.115931584618796, 3.2941168185592167, 2.99463639015837, 1.4378369683908439]
APTIDAO: 
29.7281406586572
GEN: 1700
Individuo: 
[0.16772115829020756, 4.932768782779126, 1.5566897622020903, 1.2999539102544995, 0.5964501590422592, 0.8552354330341008, 0.9689512133280199, 0.30036916174824785, 5.001458084549919, 1.4875935503564146, 2.634956329523363, 2.1531887788433504, 3.2460420552668574, 2.9179159079327626, 1.4378369683908439]
APTIDAO: 
24.63682683771642
GEN: 1800
Individuo: 
[0.10256648734682162, 4.876298450937754, 1.588349538053769, 1.2999539102544995, 0.5964501590422592, 0.8552354330341008, 0.9689512133280199, 0.30036916174824785, 5.075383423902527, 1.4875935503564146, 2.585414316200177, 2.1531887788433504, 3.2460420552668574, 2.817238912561641, 1.3922478973425911]
APTIDAO: 
23.527379514449752
GEN: 1900
Individuo: 
[0.10947558747841483, 4.72929170685736, 1.588349538053769, 1.2861687740430845, 0.5787344308135307, 0.8552354330341008, 0.9689512133280199, 0.30036916174824785, 5.075383423902527, 1.4875935503564146, 2.585414316200177, 2.1605701675486513, 3.2460420552668574, 2.7716641308637304, 1.3922478973425911]
APTIDAO: 
23.051358480169206
GEN: 2000
Individuo: 
[0.10371566354080586, 4.72929170685736, 1.640904399358073, 1.2374120386832912, 0.5711345736720821, 0.8552354330341008, 0.9689512133280199, 0.30036916174824785, 5.075383423902527, 1.4875935503564146, 2.585414316200177, 2.1605701675486513, 3.2460420552668574, 2.7042575225644834, 1.3655759761850106]
APTIDAO: 
22.375476717467606
GEN: 2100
Individuo: 
[0.7955537871360797, 4.72929170685736, 1.8036675170885572, 1.15823207072982, 0.033258004765834216, 0.8681096956807673, 0.9689512133280199, 0.30036916174824785, 1.1859603741916889, 1.4875935503564146, 2.585414316200177, 2.1605701675486513, 3.2460420552668574, 2.7042575225644834, 1.3516785713410089]
APTIDAO: 
20.33496854814355
GEN: 2200
Individuo: 
[1.1125916495673092, 4.72929170685736, 1.8419511825857005, 1.1180823035816172, 0.012472031023467596, 0.8681096956807673, 0.9689512133280199, 0.30036916174824785, 1.1198975438047212, 1.489511427792047, 2.5422274441606456, 2.1605701675486513, 3.2460420552668574, 2.7042575225644834, 1.3531516663876197]
APTIDAO: 
19.855504586564795
GEN: 2300
Individuo: 
[1.0164292988707886, 4.72929170685736, 1.8925030629470976, 1.1180823035816172, 0.0010852516511979814, 0.8681096956807673, 0.9720036457755636, 0.30036916174824785, 3.113308797401827, 1.5189250455136405, 2.5422274441606456, 2.1605701675486513, 3.2460420552668574, 2.7042575225644834, 1.3531516663876197]
APTIDAO: 
19.14070854718446
GEN: 2400
Individuo: 
[0.9966463038529076, 4.72929170685736, 1.8925030629470976, 1.1141181950791292, 0.0010215646867322646, 0.8681096956807673, 0.9720036457755636, 0.30036916174824785, 6.91318212231288, 1.5189250455136405, 2.5422274441606456, 2.1605701675486513, 3.2570233112475515, 2.7042575225644834, 1.3531516663876197]
APTIDAO: 
19.095158696044365
GEN: 2500
Individuo: 
[0.9966463038529076, 4.72929170685736, 2.0469818694910646, 0.9785519098155021, 0.0021559814438547775, 0.8681096956807673, 0.9720036457755636, 0.30036916174824785, 9.367473876410685, 1.5189250455136405, 2.5422274441606456, 2.1605701675486513, 3.2570233112475515, 2.7042575225644834, 1.3531516663876197]
APTIDAO: 
18.125414366251995
GEN: 2600
Individuo: 
[0.9966463038529076, 4.72929170685736, 2.1118555598720494, 0.9785519098155021, 0.0011743111429389605, 0.8681096956807673, 0.9720036457755636, 0.30036916174824785, 6.077254322220469, 1.5189250455136405, 2.5422274441606456, 2.1512426848930666, 3.2570233112475515, 2.7042575225644834, 1.3531516663876197]
APTIDAO: 
17.66726676774542
GEN: 2700
Individuo: 
[0.9966463038529076, 4.69546294247357, 2.1118555598720494, 0.9772781616272632, 0.0011244010715007213, 0.8681096956807673, 0.9720036457755636, 0.30036916174824785, 5.120901284138655, 1.5189250455136405, 2.5422274441606456, 2.1512426848930666, 3.2570233112475515, 2.7042575225644834, 1.3531516663876197]
APTIDAO: 
17.645485998099907
GEN: 2800
Individuo: 
[0.9966463038529076, 4.69546294247357, 2.1671197219691476, 0.93947029173289, 0.001531610277288292, 0.8681096956807673, 0.9720036457755636, 0.30036916174824785, 6.4758881886688755, 1.5189250455136405, 2.5422274441606456, 2.1512426848930666, 3.2570233112475515, 2.7042575225644834, 1.3531516663876197]
APTIDAO: 
17.445021062743564
GEN: 2900
Individuo: 
[0.9966463038529076, 4.69546294247357, 2.3286441385907337, 0.8765651862025965, 0.001203468120361749, 0.8681096956807673, 0.9720036457755636, 0.30009877183911327, 6.2868433013231, 1.5189250455136405, 2.5422274441606456, 2.1512426848930666, 3.3121570189766474, 2.7042575225644834, 1.3531516663876197]
APTIDAO: 
16.82740206627934
GEN: 3000
Individuo: 
[0.9966463038529076, 4.69546294247357, 2.3286441385907337, 0.8765651862025965, 0.001214173717672839, 0.8681096956807673, 0.9720036457755636, 0.30009877183911327, 8.274317593373414, 1.5189250455136405, 2.54900968193576, 2.1512426848930666, 3.3121570189766474, 2.7160143807851806, 1.3445830344317742]
APTIDAO: 
16.74167405659518
GEN: 3100
Individuo: 
[0.9966463038529076, 4.69546294247357, 2.3286441385907337, 0.8765651862025965, 0.001465525489033136, 0.8806597812733997, 0.9720036457755636, 0.30009877183911327, 9.849415222493434, 1.5189250455136405, 2.54900968193576, 2.1686483074434837, 3.349543804648155, 2.7160143807851806, 1.3595638455138357]
APTIDAO: 
16.507236010509747
GEN: 3200
Individuo: 
[0.9966463038529076, 4.606199042779548, 2.4232734997824554, 0.8765651862025965, 0.0022055410383554383, 0.8806597812733997, 0.9720036457755636, 0.30009877183911327, 9.849415222493434, 1.5189250455136405, 2.561279629026557, 2.1686483074434837, 3.349543804648155, 2.7160143807851806, 1.3595638455138357]
APTIDAO: 
16.13846682824048
GEN: 3300
Individuo: 
[0.9966463038529076, 4.606199042779548, 2.4232734997824554, 0.8688356070039215, 0.0016560999080524434, 0.8806597812733997, 0.9720036457755636, 0.30009877183911327, 8.070334304127378, 1.5203096083020213, 2.561279629026557, 2.1686483074434837, 3.349543804648155, 2.7160143807851806, 1.3595638455138357]
APTIDAO: 
16.09772464104427
GEN: 3400
Individuo: 
[0.9966463038529076, 4.572138141455692, 2.4232734997824554, 0.8688356070039215, 0.0010959226500315612, 0.8806597812733997, 0.9720036457755636, 0.29999481972405145, 3.2081619405094166, 1.537146760508684, 2.561279629026557, 2.1686483074434837, 3.349543804648155, 2.7160143807851806, 1.3595638455138357]
APTIDAO: 
16.04789558744542
GEN: 3500
Individuo: 
[0.9966463038529076, 4.572138141455692, 2.5110474426106926, 0.8695844609000063, 0.00154429575600727, 0.8806597812733997, 0.9720036457755636, 0.29999481972405145, 7.7488780755906355, 1.537146760508684, 2.561279629026557, 2.1686483074434837, 3.349543804648155, 2.716708960487379, 1.3671510099871536]
APTIDAO: 
15.870567699054995
GEN: 3600
Individuo: 
[0.9966463038529076, 4.497828518312897, 2.539095612083006, 0.8695844609000063, 0.0010380646183115177, 0.8721578925182255, 0.9720036457755636, 0.29999481972405145, 9.025852359435433, 1.537146760508684, 2.561279629026557, 2.1686483074434837, 3.349543804648155, 2.716708960487379, 1.3671510099871536]
APTIDAO: 
15.66857200524549
GEN: 3700
Individuo: 
[0.9966463038529076, 4.490110974663791, 2.539095612083006, 0.8679088288479715, 0.0011710379646490325, 0.8721578925182255, 0.9720036457755636, 0.29999481972405145, 9.782516052334307, 1.537146760508684, 2.561279629026557, 2.193178215326609, 3.349543804648155, 2.7461250683773706, 1.3671510099871536]
APTIDAO: 
15.50995204214595
GEN: 3800
Individuo: 
[0.9966463038529076, 4.490110974663791, 2.539095612083006, 0.8632003588692078, 0.0014584960499680962, 0.8721578925182255, 0.9720036457755636, 0.29999481972405145, 9.74151155187838, 1.5491901519131275, 2.561279629026557, 2.193178215326609, 3.349543804648155, 2.7461250683773706, 1.3916936270300346]
APTIDAO: 
15.479862344686019
GEN: 3900
Individuo: 
[0.9966463038529076, 4.490110974663791, 2.6211905550047105, 0.8632003588692078, 0.0012609513941498425, 0.8756157121074868, 0.9720036457755636, 0.29999481972405145, 3.8132607639066736, 1.5491901519131275, 2.561279629026557, 2.193178215326609, 3.349543804648155, 2.7461250683773706, 1.3916936270300346]
APTIDAO: 
15.438453145085571
GEN: 4000
Individuo: 
[0.9966463038529076, 4.194097090334503, 2.8290605912865825, 0.8397260060761634, 0.0018846238428775258, 0.8756157121074868, 0.9720036457755636, 0.29999481972405145, 3.0941295804190307, 1.5491901519131275, 2.561279629026557, 2.193178215326609, 3.349543804648155, 2.7461250683773706, 1.3916936270300346]
APTIDAO: 
14.710611313349013
GEN: 4100
Individuo: 
[0.9966463038529076, 4.178004335079761, 2.8290605912865825, 0.8257553507548128, 0.0017759509968094172, 0.8756157121074868, 0.971487224554628, 0.29999481972405145, 7.344527216461959, 1.5491901519131275, 2.561279629026557, 2.193178215326609, 3.349543804648155, 2.747760941394253, 1.3916936270300346]
APTIDAO: 
14.63326541365152
GEN: 4200
Individuo: 
[0.9966463038529076, 4.178004335079761, 2.8991430084112304, 0.8275619809281091, 0.0028318421178393097, 0.8756157121074868, 0.9703839807609794, 0.29999481972405145, 5.31795719575141, 1.5596661019036095, 2.561279629026557, 2.193178215326609, 3.349543804648155, 2.747760941394253, 1.3916936270300346]
APTIDAO: 
14.579959343526612
GEN: 4300
Individuo: 
[0.9966463038529076, 4.094458226784931, 2.8991430084112304, 0.8275619809281091, 0.001966216691129607, 0.8756157121074868, 0.9703839807609794, 0.29999481972405145, 3.4338254694032364, 1.5596661019036095, 2.561279629026557, 2.193178215326609, 3.349543804648155, 2.747760941394253, 1.3918951164634619]
APTIDAO: 
14.467638168985864
GEN: 4400
Individuo: 
[0.9966463038529076, 4.108528360038063, 2.924228010780209, 0.8275619809281091, 0.0013279972141506577, 0.8756157121074868, 0.9703839807609794, 0.29999481972405145, 8.295692255348458, 1.5596661019036095, 2.561279629026557, 2.193178215326609, 3.354148640529618, 2.769998225496581, 1.3918951164634619]
APTIDAO: 
14.368434958217025
GEN: 4500
Individuo: 
[0.9966463038529076, 4.108528360038063, 2.924228010780209, 0.8139150363429964, 0.0011377581775915732, 0.8756157121074868, 0.9703839807609794, 0.29999481972405145, 5.856040318223675, 1.5596661019036095, 2.561279629026557, 2.193178215326609, 3.354148640529618, 2.769998225496581, 1.3918951164634619]
APTIDAO: 
14.36038349592175
GEN: 4600
Individuo: 
[1.001293259687244, 4.135316001280276, 2.924228010780209, 0.8079965004051332, 0.0011126160222756172, 0.8756157121074868, 0.9703839807609794, 0.29999481972405145, 7.671520625102608, 1.5596661019036095, 2.5825816390394283, 2.193178215326609, 3.354148640529618, 2.769998225496581, 1.3918951164634619]
APTIDAO: 
14.323332556753996
GEN: 4700
Individuo: 
[1.001293259687244, 4.04856679254506, 2.9940255712392734, 0.8082675056031625, 0.0010888642384159425, 0.8756157121074868, 0.9703839807609794, 0.29999481972405145, 6.001147061140053, 1.5596661019036095, 2.5825816390394283, 2.191413960484783, 3.354148640529618, 2.7746538935321947, 1.3918951164634619]
APTIDAO: 
14.17776794249024
GEN: 4800
Individuo: 
[1.001293259687244, 4.04856679254506, 3.0137704252373183, 0.8082675056031625, 0.0016802861683918359, 0.8731321531054826, 0.9703839807609794, 0.29999481972405145, 6.945083528245351, 1.5596661019036095, 2.5825816390394283, 2.191413960484783, 3.354148640529618, 2.7746538935321947, 1.3867156650238632]
APTIDAO: 
14.128307136846072
GEN: 4900
Individuo: 
[1.001293259687244, 4.04856679254506, 3.0137704252373183, 0.8082675056031625, 0.0019665467429082917, 0.8731321531054826, 0.9703839807609794, 0.29999481972405145, 6.945083528245351, 1.5596661019036095, 2.5825816390394283, 2.191413960484783, 3.354148640529618, 2.82022145109701, 1.3867156650238632]
APTIDAO: 
14.11406635283899
GEN: 5000
Individuo: 
[1.001293259687244, 4.04856679254506, 3.0527717006619497, 0.8082675056031625, 0.0014388410291152611, 0.8764768107805276, 0.9703839807609794, 0.3004374577567083, 4.2678546467195515, 1.5596661019036095, 2.62557115425411, 2.191413960484783, 3.354148640529618, 2.82022145109701, 1.3867156650238632]
APTIDAO: 
13.994663765115508
GEN: 5100
Individuo: 
[1.001293259687244, 4.023820219522268, 3.0527717006619497, 0.806927141685808, 0.0014118334823238427, 0.8764768107805276, 0.9703839807609794, 0.3004374577567083, 5.339741288278145, 1.5596661019036095, 2.616992844806208, 2.191413960484783, 3.354148640529618, 2.82022145109701, 1.3867156650238632]
APTIDAO: 
13.965593168685698
GEN: 5200
Individuo: 
[1.001293259687244, 4.023820219522268, 3.0527717006619497, 0.806927141685808, 0.0016016858979658497, 0.8764768107805276, 0.9703839807609794, 0.3004374577567083, 4.857922659893263, 1.5577156760433328, 2.616992844806208, 2.191413960484783, 3.354148640529618, 2.82022145109701, 1.3755644232914215]
APTIDAO: 
13.963907183408887
GEN: 5300
Individuo: 
[1.001293259687244, 4.023820219522268, 3.0951746924098833, 0.806927141685808, 0.0017419087023559736, 0.8781171702544234, 0.9703839807609794, 0.3004374577567083, 3.4431430094765725, 1.5678381535333388, 2.616992844806208, 2.191413960484783, 3.3957691016889617, 2.82022145109701, 1.3755644232914215]
APTIDAO: 
13.794175697482366
GEN: 5400
Individuo: 
[1.001293259687244, 4.023820219522268, 3.0951746924098833, 0.8032671710953301, 0.001828851089035793, 0.8781171702544234, 0.9703839807609794, 0.3004374577567083, 9.790887748101246, 1.5678381535333388, 2.616992844806208, 2.191413960484783, 3.3957691016889617, 2.82022145109701, 1.3755644232914215]
APTIDAO: 
13.77259817038202
GEN: 5500
Individuo: 
[1.001293259687244, 4.023820219522268, 3.109521710575931, 0.7990329676565635, 0.001034794688425207, 0.8781171702544234, 0.9703839807609794, 0.3011864117634763, 9.790887748101246, 1.576844909484826, 2.616992844806208, 2.191413960484783, 3.419646187501263, 2.82022145109701, 1.3647583287856837]
APTIDAO: 
13.70040350308362
GEN: 5600
Individuo: 
[1.001293259687244, 4.023820219522268, 3.1294416798590134, 0.7983476871301735, 0.0041873123163194675, 0.8781171702544234, 0.9703839807609794, 0.3032028325603853, 9.56808846170721, 1.576844909484826, 2.616992844806208, 2.191413960484783, 3.433023700669268, 2.82022145109701, 1.3647583287856837]
APTIDAO: 
13.663272935252394
GEN: 5700
Individuo: 
[1.001293259687244, 4.0526056010146805, 3.1592182021373225, 0.7689084276955716, 0.0018303865393813254, 0.8781171702544234, 0.9703839807609794, 0.3032028325603853, 7.190196174613115, 1.576844909484826, 2.616992844806208, 2.182179580491831, 3.433023700669268, 2.82022145109701, 1.3647583287856837]
APTIDAO: 
13.582092006220964
GEN: 5800
Individuo: 
[1.001293259687244, 4.0526056010146805, 3.1592182021373225, 0.7689084276955716, 0.0018045428735989559, 0.8781171702544234, 0.9703839807609794, 0.3032028325603853, 4.0991127963802505, 1.576844909484826, 2.616992844806208, 2.182179580491831, 3.433023700669268, 2.82022145109701, 1.3647583287856837]
APTIDAO: 
13.582091820425964
GEN: 5900
Individuo: 
[1.001293259687244, 4.0526056010146805, 3.1592182021373225, 0.7689084276955716, 0.002013575121299653, 0.8781171702544234, 0.9703839807609794, 0.3032028325603853, 4.975382491746198, 1.576844909484826, 2.6624353298724017, 2.182179580491831, 3.433023700669268, 2.8696220012588847, 1.3647583287856837]
APTIDAO: 
13.429268263156883
GEN: 6000
Individuo: 
[1.001293259687244, 4.0526056010146805, 3.1592182021373225, 0.7689084276955716, 0.0016493335361033137, 0.8781171702544234, 0.9703839807609794, 0.30102737050564127, 5.5294702431668865, 1.576844909484826, 2.6624353298724017, 2.182179580491831, 3.433023700669268, 2.8696220012588847, 1.3647583287856837]
APTIDAO: 
13.417443248730443
GEN: 6100
Individuo: 
[1.001293259687244, 4.0526056010146805, 3.1592182021373225, 0.7689084276955716, 0.0016493335361033137, 0.8781171702544234, 0.9703839807609794, 0.30102737050564127, 4.53760423917567, 1.576844909484826, 2.6624353298724017, 2.182179580491831, 3.433023700669268, 2.8696220012588847, 1.3647583287856837]
APTIDAO: 
13.417443127991515
GEN: 6200
Individuo: 
[1.001293259687244, 4.017902101908149, 3.2397513273918555, 0.7689084276955716, 0.001767864642800117, 0.8781171702544234, 0.9703839807609794, 0.30102737050564127, 8.144854182873067, 1.576844909484826, 2.6624353298724017, 2.182179580491831, 3.434809158917728, 2.8696220012588847, 1.3647583287856837]
APTIDAO: 
13.324334826078458
GEN: 6300
Individuo: 
[1.001293259687244, 4.017902101908149, 3.2397513273918555, 0.7689084276955716, 0.0014640895673560855, 0.8781171702544234, 0.9703839807609794, 0.30102737050564127, 5.874040022480829, 1.576844909484826, 2.6624353298724017, 2.1747402996306127, 3.434809158917728, 2.8696220012588847, 1.3576958734374602]
APTIDAO: 
13.302686477830953
GEN: 6400
Individuo: 
[1.001293259687244, 4.017902101908149, 3.2397513273918555, 0.7689084276955716, 0.0014640895673560855, 0.8781171702544234, 0.9703839807609794, 0.30102737050564127, 6.515906711602125, 1.576844909484826, 2.6624353298724017, 2.1747402996306127, 3.460342118179344, 2.8696220012588847, 1.3576958734374602]
APTIDAO: 
13.286823904201578
GEN: 6500
Individuo: 
[1.001293259687244, 4.017902101908149, 3.2397513273918555, 0.7689084276955716, 0.0014640895673560855, 0.8785721392463889, 0.9703839807609794, 0.30102737050564127, 5.30909483518359, 1.5840584349253675, 2.6624353298724017, 2.1747402996306127, 3.460342118179344, 2.8696220012588847, 1.3576958734374602]
APTIDAO: 
13.269102862335433
GEN: 6600
Individuo: 
[1.001293259687244, 4.017902101908149, 3.2397513273918555, 0.7689084276955716, 0.0015808316674462775, 0.8782947106779809, 0.9703839807609794, 0.30102737050564127, 5.30909483518359, 1.5840584349253675, 2.6624353298724017, 2.1747402996306127, 3.460342118179344, 2.887553656383912, 1.3576958734374602]
APTIDAO: 
13.245626415706791
GEN: 6700
Individuo: 
[1.001293259687244, 4.026737002883127, 3.2397513273918555, 0.7689084276955716, 0.0014426453201763724, 0.8782947106779809, 0.9716696272162155, 0.30102737050564127, 5.131689234642058, 1.5840584349253675, 2.6624353298724017, 2.1747402996306127, 3.460342118179344, 2.887553656383912, 1.3576958734374602]
APTIDAO: 
13.236634032023705
GEN: 6800
Individuo: 
[1.001293259687244, 4.026737002883127, 3.2397513273918555, 0.7689084276955716, 0.0016705944588955854, 0.8782947106779809, 0.9716696272162155, 0.30102737050564127, 4.986793434045853, 1.5840584349253675, 2.6624353298724017, 2.1747402996306127, 3.460342118179344, 2.894323345694797, 1.3576958734374602]
APTIDAO: 
13.22964436720891
GEN: 6900
Individuo: 
[1.001293259687244, 4.026737002883127, 3.2397513273918555, 0.7689084276955716, 0.0016705944588955854, 0.8782947106779809, 0.9716696272162155, 0.30102737050564127, 3.8800283752190228, 1.5840584349253675, 2.6748118314968843, 2.1747402996306127, 3.460342118179344, 2.894323345694797, 1.3551630328090467]
APTIDAO: 
13.217011164752176
GEN: 7000
Individuo: 
[1.001293259687244, 4.026737002883127, 3.255739934511431, 0.7689084276955716, 0.0017047039606722396, 0.8782947106779809, 0.9716696272162155, 0.30102737050564127, 4.0721299219097595, 1.5840584349253675, 2.6748118314968843, 2.156736356606733, 3.460342118179344, 2.894323345694797, 1.3551630328090467]
APTIDAO: 
13.205442817130157
GEN: 7100
Individuo: 
[1.001293259687244, 4.026737002883127, 3.260262403999055, 0.7516004444949639, 0.001871194106948647, 0.8782947106779809, 0.9716696272162155, 0.30102737050564127, 4.0721299219097595, 1.5863580373530333, 2.6748118314968843, 2.156736356606733, 3.460342118179344, 2.894323345694797, 1.3551630328090467]
APTIDAO: 
13.123185489405579
GEN: 7200
Individuo: 
[1.001293259687244, 4.026737002883127, 3.260262403999055, 0.7516004444949639, 0.0021535902240079267, 0.8782947106779809, 0.9716696272162155, 0.30102737050564127, 7.098775719213077, 1.5863580373530333, 2.68024274721219, 2.156736356606733, 3.4648367945480647, 2.894323345694797, 1.3551630328090467]
APTIDAO: 
13.116347645770306
GEN: 7300
Individuo: 
[1.001293259687244, 4.026737002883127, 3.29770957051683, 0.7421999379370053, 0.0019502110575247103, 0.8777401403382918, 0.9716696272162155, 0.30102737050564127, 3.781470610194309, 1.5863580373530333, 2.68024274721219, 2.156736356606733, 3.4648367945480647, 2.894323345694797, 1.3551630328090467]
APTIDAO: 
13.095075915852284
GEN: 7400
Individuo: 
[1.001293259687244, 4.026737002883127, 3.29770957051683, 0.7421999379370053, 0.0012255004764586594, 0.8777401403382918, 0.9716696272162155, 0.30102737050564127, 3.781470610194309, 1.5863580373530333, 2.68024274721219, 2.156736356606733, 3.4648367945480647, 2.894323345694797, 1.3551630328090467]
APTIDAO: 
13.095075279221595
GEN: 7500
Individuo: 
[1.001293259687244, 4.026737002883127, 3.29770957051683, 0.7417949194949021, 0.001454282144352965, 0.8777401403382918, 0.9716696272162155, 0.30102737050564127, 3.800209163026233, 1.5863580373530333, 2.687158382999503, 2.156736356606733, 3.4648367945480647, 2.894323345694797, 1.3551630328090467]
APTIDAO: 
13.094526703908606
GEN: 7600
Individuo: 
[1.001293259687244, 4.026737002883127, 3.29770957051683, 0.7417949194949021, 0.0019173316181707296, 0.8777401403382918, 0.9716696272162155, 0.30102737050564127, 1.050050723397027, 1.5863580373530333, 2.687158382999503, 2.156736356606733, 3.4648367945480647, 2.9147409023966007, 1.3551630328090467]
APTIDAO: 
13.058473934653682
GEN: 7700
Individuo: 
[1.001293259687244, 4.026737002883127, 3.338595463053108, 0.7417949194949021, 0.0027283699715775337, 0.8777401403382918, 0.9670014480403997, 0.30102737050564127, 5.233141139526205, 1.5863580373530333, 2.6939376331405165, 2.156736356606733, 3.4648367945480647, 2.9147409023966007, 1.34834006967121]
APTIDAO: 
12.988152201024045
GEN: 7800
Individuo: 
[1.001293259687244, 4.026737002883127, 3.347178789380335, 0.7417949194949021, 0.0016910634413574617, 0.8777401403382918, 0.9657893233952336, 0.30102737050564127, 6.257268882879703, 1.5863580373530333, 2.7318689244157315, 2.156736356606733, 3.4648367945480647, 2.9147409023966007, 1.34834006967121]
APTIDAO: 
12.93622160607341
GEN: 7900
Individuo: 
[1.001293259687244, 4.026737002883127, 3.347178789380335, 0.7417949194949021, 0.0027366080087317273, 0.8763524844761524, 0.9657893233952336, 0.30102737050564127, 8.519307847574499, 1.5863580373530333, 2.7318689244157315, 2.156736356606733, 3.4648367945480647, 2.9147409023966007, 1.34834006967121]
APTIDAO: 
12.92897481052212
GEN: 8000
Individuo: 
[1.001293259687244, 4.026737002883127, 3.347178789380335, 0.7417949194949021, 0.0027366080087317273, 0.8763524844761524, 0.9657893233952336, 0.30102737050564127, 8.465717882290688, 1.5863580373530333, 2.7318689244157315, 2.156736356606733, 3.4648367945480647, 2.9147409023966007, 1.34834006967121]
APTIDAO: 
12.928974760864445
GEN: 8100
Individuo: 
[1.001293259687244, 4.026737002883127, 3.347178789380335, 0.7417949194949021, 0.0028269447560843645, 0.8763524844761524, 0.9636006757320785, 0.30102737050564127, 1.1466651913994768, 1.5863580373530333, 2.7318689244157315, 2.156736356606733, 3.4648367945480647, 2.9147409023966007, 1.3403237683974047]
APTIDAO: 
12.917155725107383
GEN: 8200
Individuo: 
[1.001293259687244, 4.026737002883127, 3.349208656070807, 0.7417949194949021, 0.0028269447560843645, 0.8763524844761524, 0.9636006757320785, 0.30102737050564127, 9.076278760748263, 1.5863580373530333, 2.7318689244157315, 2.156736356606733, 3.4648367945480647, 2.9147409023966007, 1.3403237683974047]
APTIDAO: 
12.911381018410363
GEN: 8300
Individuo: 
[1.001293259687244, 4.026737002883127, 3.349208656070807, 0.7417949194949021, 0.00252262077695648, 0.8763524844761524, 0.9636006757320785, 0.30102737050564127, 8.433226132468965, 1.5863580373530333, 2.7318689244157315, 2.156736356606733, 3.4648367945480647, 2.9147409023966007, 1.3419559499043743]
APTIDAO: 
12.907689197136841
GEN: 8400
Individuo: 
[1.001293259687244, 4.026737002883127, 3.349208656070807, 0.7417949194949021, 0.00252262077695648, 0.8763524844761524, 0.9631927526736618, 0.30102737050564127, 6.113608735609063, 1.5863580373530333, 2.7318689244157315, 2.156736356606733, 3.4648367945480647, 2.9147409023966007, 1.3419559499043743]
APTIDAO: 
12.90698633224176
GEN: 8500
Individuo: 
[1.001293259687244, 4.033280233992715, 3.349208656070807, 0.7417949194949021, 0.00252262077695648, 0.8763524844761524, 0.9631927526736618, 0.30102737050564127, 8.560821052635816, 1.5863580373530333, 2.7318689244157315, 2.156736356606733, 3.4648367945480647, 2.9147409023966007, 1.3419559499043743]
APTIDAO: 
12.899162894702926
GEN: 8600
Individuo: 
[1.001293259687244, 4.0917713680248475, 3.349208656070807, 0.7417949194949021, 0.001464230708551652, 0.8773693218634655, 0.9631927526736618, 0.30102737050564127, 4.530896000967944, 1.5863580373530333, 2.7318689244157315, 2.156736356606733, 3.4648367945480647, 2.9464644709157337, 1.3419559499043743]
APTIDAO: 
12.860446388004057
GEN: 8700
Individuo: 
[1.001293259687244, 4.0917713680248475, 3.349208656070807, 0.7417949194949021, 0.0021781330113910305, 0.8773693218634655, 0.9631927526736618, 0.30102737050564127, 5.0947819334224835, 1.5863580373530333, 2.7318689244157315, 2.156736356606733, 3.4648367945480647, 2.9464644709157337, 1.3419559499043743]
APTIDAO: 
12.860445218058771
GEN: 8800
Individuo: 
[1.001293259687244, 4.0917713680248475, 3.349208656070807, 0.7417949194949021, 0.0017989841112407998, 0.8773693218634655, 0.9631927526736618, 0.30102737050564127, 4.504948292323771, 1.5863580373530333, 2.7539140298075075, 2.156736356606733, 3.4648367945480647, 2.9464644709157337, 1.3419559499043743]
APTIDAO: 
12.824770133341183
GEN: 8900
Individuo: 
[1.001293259687244, 4.0917713680248475, 3.349208656070807, 0.7417949194949021, 0.0017989841112407998, 0.8773693218634655, 0.9631927526736618, 0.30102737050564127, 4.504948292323771, 1.5863580373530333, 2.7539140298075075, 2.156736356606733, 3.4648367945480647, 2.9464644709157337, 1.3419559499043743]
APTIDAO: 
12.824770133341183
GEN: 9000
Individuo: 
[1.001293259687244, 4.0917713680248475, 3.349208656070807, 0.7417949194949021, 0.0017989841112407998, 0.8773693218634655, 0.9631927526736618, 0.30102737050564127, 4.504948292323771, 1.5863580373530333, 2.7539140298075075, 2.156736356606733, 3.4648367945480647, 2.9532449030665444, 1.3419559499043743]
APTIDAO: 
12.807626630093534
GEN: 9100
Individuo: 
[1.001293259687244, 4.0917713680248475, 3.349208656070807, 0.7224617780383961, 0.0028672647508982685, 0.8773693218634655, 0.9631927526736618, 0.30289733808628927, 5.445953835719579, 1.5863580373530333, 2.7733920324225028, 2.156736356606733, 3.4648367945480647, 2.9532449030665444, 1.3419559499043743]
APTIDAO: 
12.714925436448281
GEN: 9200
Individuo: 
[1.001293259687244, 4.0917713680248475, 3.349208656070807, 0.7224617780383961, 0.0014741812124083504, 0.8773693218634655, 0.9631927526736618, 0.30289733808628927, 5.281770096429846, 1.5863580373530333, 2.7733920324225028, 2.156736356606733, 3.4648367945480647, 2.9532449030665444, 1.3419559499043743]
APTIDAO: 
12.714924301635534
GEN: 9300
Individuo: 
[1.001293259687244, 4.0917713680248475, 3.349208656070807, 0.7224617780383961, 0.0014844494360705502, 0.8773693218634655, 0.9631927526736618, 0.30289733808628927, 4.417441042811515, 1.5863580373530333, 2.7746387866134636, 2.156736356606733, 3.4648367945480647, 2.9532449030665444, 1.3419559499043743]
APTIDAO: 
12.714410746807028
GEN: 9400
Individuo: 
[1.001293259687244, 4.0917713680248475, 3.349208656070807, 0.7224617780383961, 0.0014962737553395097, 0.8773693218634655, 0.9631927526736618, 0.30289733808628927, 6.701306060431945, 1.5863580373530333, 2.7746387866134636, 2.156736356606733, 3.4648367945480647, 2.9532449030665444, 1.3419559499043743]
APTIDAO: 
12.714410321126318
GEN: 9500
Individuo: 
[1.001293259687244, 4.098856905258167, 3.349208656070807, 0.7224617780383961, 0.0023205684299038736, 0.8773693218634655, 0.9631927526736618, 0.30289733808628927, 6.701306060431945, 1.5863580373530333, 2.7746387866134636, 2.156736356606733, 3.4648367945480647, 2.9532449030665444, 1.3419559499043743]
APTIDAO: 
12.70652484174257
GEN: 9600
Individuo: 
[1.001293259687244, 4.111224710450683, 3.349208656070807, 0.7224617780383961, 0.003105714346735118, 0.8773693218634655, 0.9631927526736618, 0.30289733808628927, 7.553994304983856, 1.5863580373530333, 2.7746387866134636, 2.156736356606733, 3.4648367945480647, 2.9632640431662365, 1.3419559499043743]
APTIDAO: 
12.684013333920012
GEN: 9700
Individuo: 
[1.001293259687244, 4.122762874520231, 3.349208656070807, 0.7224617780383961, 0.0018077463293787505, 0.8773693218634655, 0.9631927526736618, 0.3027353877283754, 8.273363461785932, 1.5863580373530333, 2.7746387866134636, 2.156736356606733, 3.4648367945480647, 2.9632640431662365, 1.3419559499043743]
APTIDAO: 
12.676261094221246
GEN: 9800
Individuo: 
[1.001293259687244, 4.122762874520231, 3.349208656070807, 0.7224617780383961, 0.001416765190223127, 0.8773693218634655, 0.9631927526736618, 0.3027353877283754, 3.5954877976625617, 1.5863580373530333, 2.7746387866134636, 2.156736356606733, 3.4648367945480647, 2.9632640431662365, 1.3397921133111803]
APTIDAO: 
12.660148081348863
GEN: 9900
Individuo: 
[1.001293259687244, 4.128092576083905, 3.3572200836694672, 0.7192248448714456, 0.001499501436517704, 0.8773693218634655, 0.9631927526736618, 0.3027353877283754, 3.620494120999398, 1.5863580373530333, 2.7746387866134636, 2.156736356606733, 3.4648367945480647, 2.9632640431662365, 1.3334880730653906]
APTIDAO: 
12.631597125786591
GEN: 10000
Individuo: 
[0.9972024093788232, 4.128092576083905, 3.3572200836694672, 0.7192248448714456, 0.0018335008713883728, 0.8773693218634655, 0.9631927526736618, 0.3027353877283754, 3.373236632555855, 1.5863580373530333, 2.7746387866134636, 2.1521331091665075, 3.4648367945480647, 2.9632640431662365, 1.3334880730653906]
APTIDAO: 
12.62950460632052

--- RESULTADO FINAL ---
Erro (norma-1): 12.62950460632052
Parâmetros: [0.9972024093788232, 4.128092576083905, 3.3572200836694672, 0.7192248448714456, 0.0018335008713883728, 0.8773693218634655, 0.9631927526736618, 0.3027353877283754, 3.373236632555855, 1.5863580373530333, 2.7746387866134636, 2.1521331091665075, 3.4648367945480647, 2.9632640431662365, 1.3334880730653906]
Tempo total: 00h 52m 14s
