SEED: 1778697320
METODO: ABCD_MM
IND_SIZE: 13
GEN: 0
Individuo: 
[2.6041338133168574, 0.553628592712487, 2.742159336545772, 2.058298080423476, 0.8098439639140829, 0.6857315505756083, 0.9449164170184894, 0.39947121387396123, 0.5930944525081996, 0.5021164121035921, 0.37114801108307693, 0.17494663242628986, 0.24274186179963553]
APTIDAO: 
93.51338463255351
GEN: 100
Individuo: 
[0.9541095065595383, 1.6053638622423614, 2.327054860253576, 0.6808931637071011, 0.872622481878331, 0.34341265935730303, 0.9449164170184894, 0.37069912233942853, 0.5748654558309991, 0.42674662906588573, 0.40112512676963075, 0.24228884581601973, 0.22347715247141822]
APTIDAO: 
73.12680154094141
GEN: 200
Individuo: 
[0.9325054855224608, 1.6053638622423614, 2.0334121862582366, 0.34351452737563143, 0.6590142585913089, 0.1313472687431663, 0.9449164170184894, 0.22363886789837548, 0.6388903231477139, 0.26226728127332394, 0.41573257215570025, 0.9778831780635806, 0.22347715247141822]
APTIDAO: 
60.23353395135748
GEN: 300
Individuo: 
[0.9779195660841649, 1.6053638622423614, 1.9914839675151925, 0.35680887044157006, 0.8542120199241962, 0.13686017727047153, 0.9449164170184894, 0.22363886789837548, 0.7760461216742304, 0.20482399426502806, 0.4912775129446585, 0.9607559947419493, 0.41638425242700916]
APTIDAO: 
52.22688367320655
GEN: 400
Individuo: 
[1.011678608633914, 1.441995132696595, 1.9914839675151925, 0.2835667043726136, 0.8973014225819361, 0.13686017727047153, 0.9449164170184894, 0.22363886789837548, 0.7872659021602131, 0.19259135562393742, 0.4912775129446585, 0.9975484004100761, 0.41638425242700916]
APTIDAO: 
51.333630954560114
GEN: 500
Individuo: 
[1.011678608633914, 1.441995132696595, 2.099965959200656, 0.35168480656022116, 0.8973014225819361, 0.13671337669900757, 0.9449164170184894, 0.2206212964520062, 0.7900485508477121, 0.19259135562393742, 0.4912775129446585, 0.9989732298529344, 0.41638425242700916]
APTIDAO: 
51.28287897769288
GEN: 600
Individuo: 
[1.011678608633914, 1.441995132696595, 2.099965959200656, 0.35168480656022116, 0.8973014225819361, 0.13671337669900757, 0.9449164170184894, 0.2206212964520062, 0.7889121054556368, 0.1871446974521635, 0.4912775129446585, 0.9989732298529344, 0.4187858054771876]
APTIDAO: 
51.209138362175594
GEN: 700
Individuo: 
[1.011678608633914, 1.441995132696595, 2.099965959200656, 0.36963483396337443, 0.8973014225819361, 0.13671337669900757, 0.9449164170184894, 0.2206212964520062, 0.7892966552053975, 0.18749814402964401, 0.4912775129446585, 0.9989732298529344, 0.42292449473287386]
APTIDAO: 
51.188662148049524
GEN: 800
Individuo: 
[1.0123520277608784, 1.4476769696320706, 2.099965959200656, 0.36963483396337443, 0.8973014225819361, 0.13671337669900757, 0.9449164170184894, 0.2206212964520062, 0.7919331132148381, 0.18749814402964401, 0.4912775129446585, 0.9989732298529344, 0.42292449473287386]
APTIDAO: 
51.183250971771564
GEN: 900
Individuo: 
[1.0123520277608784, 1.4611916872833646, 2.099965959200656, 0.36963483396337443, 0.8973014225819361, 0.13671337669900757, 0.9449164170184894, 0.2206212964520062, 0.7960931634434485, 0.18749814402964401, 0.49637839063937517, 0.9989732298529344, 0.42906869519148466]
APTIDAO: 
51.142853636859975
GEN: 1000
Individuo: 
[1.0123520277608784, 1.4823165099385793, 2.207109534993251, 0.37448161160572363, 0.8973014225819361, 0.13635964353277238, 0.9449164170184894, 0.2206212964520062, 0.7979064595331046, 0.18749814402964401, 0.49637839063937517, 0.9989732298529344, 0.42906869519148466]
APTIDAO: 
51.123970510848785
GEN: 1100
Individuo: 
[1.0123520277608784, 1.4865123697073046, 2.173417113220741, 0.37448161160572363, 0.8973014225819361, 0.13635964353277238, 0.9449164170184894, 0.2206212964520062, 0.7979064595331046, 0.18749814402964401, 0.49637839063937517, 0.9989732298529344, 0.43550273525354266]
APTIDAO: 
51.099798163066346
GEN: 1200
Individuo: 
[1.0123520277608784, 1.4865123697073046, 2.1324754766734495, 0.37448161160572363, 0.8973014225819361, 0.13377561116898962, 0.9449164170184894, 0.2206212964520062, 0.7979064595331046, 0.18749814402964401, 0.49637839063937517, 0.9989732298529344, 0.43550273525354266]
APTIDAO: 
50.995983286468245
GEN: 1300
Individuo: 
[1.0123520277608784, 1.4865123697073046, 2.1324754766734495, 0.35641462041132743, 0.8973014225819361, 0.13144524024481868, 0.9449164170184894, 0.2206212964520062, 0.7979064595331046, 0.18749814402964401, 0.49637839063937517, 0.9989732298529344, 0.4503889373163275]
APTIDAO: 
50.91352297879006
GEN: 1400
Individuo: 
[1.0123520277608784, 1.4865123697073046, 2.1324754766734495, 0.3510494429794236, 0.8973014225819361, 0.130549425897328, 0.9449164170184894, 0.22039068759726246, 0.7988140891808162, 0.18749814402964401, 0.5004423055554166, 0.9989732298529344, 0.4503889373163275]
APTIDAO: 
50.85389692228147
GEN: 1500
Individuo: 
[1.0123520277608784, 1.4916135546978786, 2.1324754766734495, 0.37493662380529014, 0.8973014225819361, 0.130549425897328, 0.9449164170184894, 0.22039068759726246, 0.8033608444721987, 0.18749814402964401, 0.5004423055554166, 0.9989732298529344, 0.4503889373163275]
APTIDAO: 
50.84040967609474
GEN: 1600
Individuo: 
[1.0123520277608784, 1.4916135546978786, 2.1324754766734495, 0.37493662380529014, 0.8973014225819361, 0.130549425897328, 0.9449164170184894, 0.22039068759726246, 0.8033608444721987, 0.18749814402964401, 0.5004423055554166, 0.9989732298529344, 0.4503889373163275]
APTIDAO: 
50.84040967609474
GEN: 1700
Individuo: 
[1.0123520277608784, 1.4916135546978786, 2.142761595840611, 0.37493662380529014, 0.8973014225819361, 0.130549425897328, 0.9449164170184894, 0.22039068759726246, 0.8033608444721987, 0.18749814402964401, 0.5004423055554166, 0.9989732298529344, 0.4503889373163275]
APTIDAO: 
50.839582348815604
GEN: 1800
Individuo: 
[1.0123520277608784, 1.4916135546978786, 2.142761595840611, 0.37493662380529014, 0.8996263103778577, 0.130549425897328, 0.9449164170184894, 0.22039068759726246, 0.8033608444721987, 0.18749814402964401, 0.5004423055554166, 0.9989732298529344, 0.4503889373163275]
APTIDAO: 
50.822534831864616
GEN: 1900
Individuo: 
[1.0123520277608784, 1.4916135546978786, 2.142761595840611, 0.35879579190622535, 0.8996263103778577, 0.130549425897328, 0.9449164170184894, 0.22039068759726246, 0.8033608444721987, 0.18749814402964401, 0.5004423055554166, 0.9989732298529344, 0.4503889373163275]
APTIDAO: 
50.82190550177537
GEN: 2000
Individuo: 
[1.0123520277608784, 1.4916135546978786, 2.140490691393399, 0.35879579190622535, 0.8996263103778577, 0.130549425897328, 0.9449164170184894, 0.22012433726761726, 0.8076315301850602, 0.18611456641885057, 0.5004423055554166, 0.9989732298529344, 0.451236575538761]
APTIDAO: 
50.81358726608549
GEN: 2100
Individuo: 
[1.0123520277608784, 1.4916135546978786, 2.140490691393399, 0.3774645232989642, 0.9005353740047808, 0.130549425897328, 0.9449164170184894, 0.22012433726761726, 0.8076315301850602, 0.18611456641885057, 0.5004423055554166, 0.9989732298529344, 0.461928957371014]
APTIDAO: 
50.79905710641411
GEN: 2200
Individuo: 
[1.0129921958630164, 1.4916135546978786, 2.140490691393399, 0.3677961978639221, 0.910965854015263, 0.130549425897328, 0.9449164170184894, 0.22012433726761726, 0.822225964401017, 0.18611456641885057, 0.5004423055554166, 0.9989732298529344, 0.461928957371014]
APTIDAO: 
50.737090599481995
GEN: 2300
Individuo: 
[1.0129921958630164, 1.4916135546978786, 2.1582768004209925, 0.3677961978639221, 0.910965854015263, 0.130549425897328, 0.9449164170184894, 0.2217921561065007, 0.822225964401017, 0.18611456641885057, 0.5004423055554166, 0.9989732298529344, 0.461928957371014]
APTIDAO: 
50.72187882584584
GEN: 2400
Individuo: 
[1.0129921958630164, 1.4916135546978786, 2.1582768004209925, 0.3676934032280374, 0.910965854015263, 0.130549425897328, 0.9449164170184894, 0.2217921561065007, 0.822225964401017, 0.18611456641885057, 0.5004423055554166, 0.9989732298529344, 0.461928957371014]
APTIDAO: 
50.721865127233585
GEN: 2500
Individuo: 
[1.0129921958630164, 1.4916135546978786, 2.1404491030249004, 0.3676934032280374, 0.910965854015263, 0.130549425897328, 0.9449164170184894, 0.2217921561065007, 0.822225964401017, 0.18611456641885057, 0.5040878505031667, 0.9989732298529344, 0.4675491728987089]
APTIDAO: 
50.67829809768661
GEN: 2600
Individuo: 
[1.0129921958630164, 1.4916135546978786, 2.1404491030249004, 0.3676934032280374, 0.910965854015263, 0.130549425897328, 0.9449164170184894, 0.2217921561065007, 0.822225964401017, 0.18611456641885057, 0.5040878505031667, 0.9989732298529344, 0.4675491728987089]
APTIDAO: 
50.67829809768661
GEN: 2700
Individuo: 
[1.0129921958630164, 1.4916135546978786, 2.163025016366387, 0.3676934032280374, 0.910965854015263, 0.130549425897328, 0.9449164170184894, 0.2217921561065007, 0.822225964401017, 0.18611456641885057, 0.5040878505031667, 0.9989732298529344, 0.4675491728987089]
APTIDAO: 
50.67795113153211
GEN: 2800
Individuo: 
[1.0129921958630164, 1.4916135546978786, 2.163025016366387, 0.35949254123088475, 0.910965854015263, 0.12999997717933773, 0.9449164170184894, 0.2217921561065007, 0.822225964401017, 0.18611456641885057, 0.5040878505031667, 0.9989732298529344, 0.4675491728987089]
APTIDAO: 
50.665085425009835
GEN: 2900
Individuo: 
[1.0129921958630164, 1.4916135546978786, 2.1456564903871334, 0.35949254123088475, 0.910965854015263, 0.12999997717933773, 0.9449164170184894, 0.2217921561065007, 0.822225964401017, 0.18611456641885057, 0.5040878505031667, 0.9989732298529344, 0.4675491728987089]
APTIDAO: 
50.66462683092374
GEN: 3000
Individuo: 
[1.0129921958630164, 1.4916135546978786, 2.1456564903871334, 0.35949254123088475, 0.910965854015263, 0.12999997717933773, 0.9449164170184894, 0.2217921561065007, 0.822225964401017, 0.18611456641885057, 0.5040878505031667, 0.9989732298529344, 0.4675491728987089]
APTIDAO: 
50.66462683092374
GEN: 3100
Individuo: 
[1.0117730266889764, 1.4916135546978786, 2.1456564903871334, 0.3609524966188537, 0.910965854015263, 0.12999997717933773, 0.9449164170184894, 0.2217921561065007, 0.822225964401017, 0.18611456641885057, 0.5040878505031667, 0.9989732298529344, 0.4675491728987089]
APTIDAO: 
50.66436979720852
GEN: 3200
Individuo: 
[1.0117730266889764, 1.4916135546978786, 2.1471708061962635, 0.3609524966188537, 0.910965854015263, 0.12999997717933773, 0.9449164170184894, 0.2217921561065007, 0.822225964401017, 0.18611456641885057, 0.5040878505031667, 0.9989732298529344, 0.4675491728987089]
APTIDAO: 
50.66416875252661
GEN: 3300
Individuo: 
[1.0117730266889764, 1.4916135546978786, 2.1471708061962635, 0.3624919930368008, 0.910965854015263, 0.12999997717933773, 0.9449164170184894, 0.2217921561065007, 0.822225964401017, 0.18585691379350777, 0.5040878505031667, 0.9989732298529344, 0.46903203039756475]
APTIDAO: 
50.660608708249626
GEN: 3400
Individuo: 
[1.0117730266889764, 1.4916135546978786, 2.1471708061962635, 0.3624919930368008, 0.910965854015263, 0.12999997717933773, 0.9449164170184894, 0.2217921561065007, 0.822225964401017, 0.18585691379350777, 0.5046390220886312, 0.9989732298529344, 0.46903203039756475]
APTIDAO: 
50.660303714154644
GEN: 3500
Individuo: 
[1.0117730266889764, 1.4916135546978786, 2.1471708061962635, 0.3624919930368008, 0.910965854015263, 0.12999997717933773, 0.9449164170184894, 0.2217921561065007, 0.822225964401017, 0.18585691379350777, 0.5046390220886312, 0.9989732298529344, 0.4710947303727629]
APTIDAO: 
50.65888489715568
GEN: 3600
Individuo: 
[1.0117730266889764, 1.4916135546978786, 2.1471708061962635, 0.3624919930368008, 0.9129979532375173, 0.12999997717933773, 0.9449164170184894, 0.2217921561065007, 0.822225964401017, 0.18585691379350777, 0.5046390220886312, 0.9989732298529344, 0.4710947303727629]
APTIDAO: 
50.64602970169824
GEN: 3700
Individuo: 
[1.0117730266889764, 1.4916135546978786, 2.1471708061962635, 0.3624919930368008, 0.9129979532375173, 0.12999997717933773, 0.9449164170184894, 0.2217921561065007, 0.822225964401017, 0.18585691379350777, 0.5048458581074774, 0.9989732298529344, 0.4710947303727629]
APTIDAO: 
50.6457902520165
GEN: 3800
Individuo: 
[1.0117730266889764, 1.494583695902655, 2.149351910521127, 0.3624919930368008, 0.9129979532375173, 0.12999997717933773, 0.9449164170184894, 0.2217921561065007, 0.822225964401017, 0.18585691379350777, 0.5048458581074774, 0.9989732298529344, 0.4710947303727629]
APTIDAO: 
50.64544166322749
GEN: 3900
Individuo: 
[1.0117730266889764, 1.494583695902655, 2.149351910521127, 0.3624919930368008, 0.9129979532375173, 0.12999997717933773, 0.9449164170184894, 0.2217921561065007, 0.822225964401017, 0.18585691379350777, 0.5048458581074774, 0.9989732298529344, 0.4710947303727629]
APTIDAO: 
50.64544166322749
GEN: 4000
Individuo: 
[1.0117730266889764, 1.494583695902655, 2.149351910521127, 0.3624919930368008, 0.9129979532375173, 0.12999997717933773, 0.9449164170184894, 0.2217921561065007, 0.822225964401017, 0.18585691379350777, 0.5048458581074774, 0.9989732298529344, 0.4710947303727629]
APTIDAO: 
50.64544166322749
GEN: 4100
Individuo: 
[1.0117730266889764, 1.494583695902655, 2.149351910521127, 0.3624919930368008, 0.9129979532375173, 0.12999997717933773, 0.9449164170184894, 0.2217921561065007, 0.822225964401017, 0.18585691379350777, 0.5048458581074774, 0.9989732298529344, 0.47347912429203826]
APTIDAO: 
50.6442191013767
GEN: 4200
Individuo: 
[1.0117730266889764, 1.494583695902655, 2.149351910521127, 0.3624919930368008, 0.9129979532375173, 0.12999997717933773, 0.9449164170184894, 0.2217921561065007, 0.822225964401017, 0.18585691379350777, 0.5064906525969899, 0.9989732298529344, 0.47347912429203826]
APTIDAO: 
50.642347948567775
GEN: 4300
Individuo: 
[1.0117730266889764, 1.494583695902655, 2.149351910521127, 0.3624919930368008, 0.9129979532375173, 0.12999997717933773, 0.9449164170184894, 0.2217921561065007, 0.822225964401017, 0.18585691379350777, 0.5064906525969899, 0.9989732298529344, 0.4752212368554479]
APTIDAO: 
50.63909512661044
GEN: 4400
Individuo: 
[1.0117730266889764, 1.494583695902655, 2.149351910521127, 0.3644576256275077, 0.9129979532375173, 0.12999997717933773, 0.9449164170184894, 0.2217921561065007, 0.822225964401017, 0.18585691379350777, 0.5064906525969899, 0.9989732298529344, 0.4752212368554479]
APTIDAO: 
50.63899738417252
GEN: 4500
Individuo: 
[1.0117730266889764, 1.494583695902655, 2.149351910521127, 0.3644576256275077, 0.9129979532375173, 0.12999997717933773, 0.9449164170184894, 0.2217921561065007, 0.822225964401017, 0.18585691379350777, 0.5064906525969899, 0.9989732298529344, 0.4752212368554479]
APTIDAO: 
50.63899738417252
GEN: 4600
Individuo: 
[1.0117730266889764, 1.494583695902655, 2.149351910521127, 0.3644576256275077, 0.9129979532375173, 0.12964623783277385, 0.9449164170184894, 0.2217921561065007, 0.8230760851858674, 0.18585691379350777, 0.5064906525969899, 0.9989732298529344, 0.47613590375484804]
APTIDAO: 
50.627508313109274
GEN: 4700
Individuo: 
[1.0117730266889764, 1.494583695902655, 2.149351910521127, 0.3644576256275077, 0.9148975028570476, 0.12964623783277385, 0.9449164170184894, 0.2217921561065007, 0.8254612074378973, 0.18585691379350777, 0.5064906525969899, 0.9989732298529344, 0.47613590375484804]
APTIDAO: 
50.61309388088571
GEN: 4800
Individuo: 
[1.0117730266889764, 1.494583695902655, 2.149351910521127, 0.3644576256275077, 0.9148975028570476, 0.12964623783277385, 0.9449164170184894, 0.2217921561065007, 0.8254612074378973, 0.18585691379350777, 0.5064906525969899, 0.9989732298529344, 0.47613590375484804]
APTIDAO: 
50.61309388088571
GEN: 4900
Individuo: 
[1.0117730266889764, 1.494314233783541, 2.149351910521127, 0.3644576256275077, 0.9148975028570476, 0.12964623783277385, 0.9449164170184894, 0.2217921561065007, 0.8254612074378973, 0.18585691379350777, 0.5064906525969899, 0.9989732298529344, 0.47613590375484804]
APTIDAO: 
50.61305479697815
GEN: 5000
Individuo: 
[1.0117730266889764, 1.494314233783541, 2.149351910521127, 0.3644576256275077, 0.9151229950878754, 0.12964623783277385, 0.9449164170184894, 0.2217921561065007, 0.8254612074378973, 0.18585691379350777, 0.5064906525969899, 0.9989732298529344, 0.47790759948001393]
APTIDAO: 
50.609704344678036
GEN: 5100
Individuo: 
[1.0117730266889764, 1.494314233783541, 2.149351910521127, 0.3644576256275077, 0.9151229950878754, 0.12964623783277385, 0.9449164170184894, 0.2217921561065007, 0.8281892627361589, 0.18465389043200997, 0.5064906525969899, 0.9989732298529344, 0.47790759948001393]
APTIDAO: 
50.608289996033854
GEN: 5200
Individuo: 
[1.0117730266889764, 1.494314233783541, 2.155584922251955, 0.3644576256275077, 0.9151229950878754, 0.12964623783277385, 0.9449164170184894, 0.2217921561065007, 0.8281892627361589, 0.18465389043200997, 0.5064906525969899, 0.9989732298529344, 0.47895194540388053]
APTIDAO: 
50.60517594630101
GEN: 5300
Individuo: 
[1.0117730266889764, 1.494314233783541, 2.155584922251955, 0.3644576256275077, 0.9185808808271578, 0.12964623783277385, 0.9449164170184894, 0.2217921561065007, 0.8290350080384695, 0.18465389043200997, 0.5064906525969899, 0.9989732298529344, 0.48178844438449714]
APTIDAO: 
50.57607854542568
GEN: 5400
Individuo: 
[1.0117730266889764, 1.494314233783541, 2.155584922251955, 0.36271964548743724, 0.9185808808271578, 0.12964623783277385, 0.9449164170184894, 0.2217921561065007, 0.8290350080384695, 0.18465389043200997, 0.5064906525969899, 0.9989732298529344, 0.48178844438449714]
APTIDAO: 
50.57605528853841
GEN: 5500
Individuo: 
[1.0117730266889764, 1.494314233783541, 2.155584922251955, 0.36271964548743724, 0.9185808808271578, 0.12964623783277385, 0.9449164170184894, 0.2217921561065007, 0.8290350080384695, 0.18465389043200997, 0.5064906525969899, 0.9989732298529344, 0.48178844438449714]
APTIDAO: 
50.57605528853841
GEN: 5600
Individuo: 
[1.0117730266889764, 1.494314233783541, 2.155584922251955, 0.36271964548743724, 0.9206354175851097, 0.12964623783277385, 0.9449164170184894, 0.2217921561065007, 0.8290350080384695, 0.18465389043200997, 0.5064906525969899, 0.9989732298529344, 0.4849856471964228]
APTIDAO: 
50.561460651849586
GEN: 5700
Individuo: 
[1.0116788603809468, 1.494314233783541, 2.155584922251955, 0.36271964548743724, 0.9206354175851097, 0.12964623783277385, 0.9449164170184894, 0.2217921561065007, 0.8290350080384695, 0.18465389043200997, 0.5064906525969899, 0.9989732298529344, 0.4849856471964228]
APTIDAO: 
50.56145524504776
GEN: 5800
Individuo: 
[1.0116788603809468, 1.494314233783541, 2.155584922251955, 0.36271964548743724, 0.9211995310683907, 0.12964623783277385, 0.9449164170184894, 0.2217921561065007, 0.8290350080384695, 0.18465389043200997, 0.5064906525969899, 0.9989732298529344, 0.4849856471964228]
APTIDAO: 
50.558790836354035
GEN: 5900
Individuo: 
[1.0116788603809468, 1.494314233783541, 2.163348932382552, 0.36271964548743724, 0.9211995310683907, 0.12964623783277385, 0.9449164170184894, 0.2209736750463023, 0.8290350080384695, 0.18465389043200997, 0.5064906525969899, 0.9989732298529344, 0.4849856471964228]
APTIDAO: 
50.557040187791934
GEN: 6000
Individuo: 
[1.0116788603809468, 1.494314233783541, 2.163348932382552, 0.36271964548743724, 0.9222780616166507, 0.12964623783277385, 0.9449164170184894, 0.2209736750463023, 0.8290350080384695, 0.18465389043200997, 0.5064906525969899, 0.9989732298529344, 0.4849856471964228]
APTIDAO: 
50.554321935698475
GEN: 6100
Individuo: 
[1.0116788603809468, 1.494314233783541, 2.163348932382552, 0.36271964548743724, 0.9222780616166507, 0.12964623783277385, 0.9449164170184894, 0.22076570352732183, 0.8290350080384695, 0.18465389043200997, 0.5064906525969899, 0.9989732298529344, 0.4849856471964228]
APTIDAO: 
50.55306661091116
GEN: 6200
Individuo: 
[1.0116788603809468, 1.494314233783541, 2.163348932382552, 0.36271964548743724, 0.9222780616166507, 0.12964623783277385, 0.9449164170184894, 0.22076570352732183, 0.8290350080384695, 0.18465389043200997, 0.5064906525969899, 0.9989732298529344, 0.4849856471964228]
APTIDAO: 
50.55306661091116
GEN: 6300
Individuo: 
[1.0116788603809468, 1.494314233783541, 2.163348932382552, 0.3599569154278966, 0.9222780616166507, 0.12964623783277385, 0.9449164170184894, 0.22076570352732183, 0.8290350080384695, 0.18465389043200997, 0.5064906525969899, 0.9989732298529344, 0.4849856471964228]
APTIDAO: 
50.55305824114178
GEN: 6400
Individuo: 
[1.0116788603809468, 1.494314233783541, 2.163348932382552, 0.3612723190929023, 0.9222780616166507, 0.12964623783277385, 0.9449164170184894, 0.22076570352732183, 0.8290350080384695, 0.18465389043200997, 0.5064906525969899, 0.9989732298529344, 0.4849856471964228]
APTIDAO: 
50.55300126592533
GEN: 6500
Individuo: 
[1.0116788603809468, 1.494314233783541, 2.163348932382552, 0.3612723190929023, 0.9222780616166507, 0.12964623783277385, 0.9449164170184894, 0.22076570352732183, 0.8290350080384695, 0.18465389043200997, 0.5076105402236631, 0.9989732298529344, 0.48922859298943083]
APTIDAO: 
50.54576351973726
GEN: 6600
Individuo: 
[1.0116788603809468, 1.494314233783541, 2.163348932382552, 0.3612723190929023, 0.9241992584693796, 0.12964623783277385, 0.9449164170184894, 0.22065130560914126, 0.8290350080384695, 0.18465389043200997, 0.5076105402236631, 0.9989732298529344, 0.48922859298943083]
APTIDAO: 
50.532686153326495
GEN: 6700
Individuo: 
[1.0116788603809468, 1.494314233783541, 2.163348932382552, 0.3612723190929023, 0.9241992584693796, 0.12964623783277385, 0.9449164170184894, 0.22065130560914126, 0.8290350080384695, 0.18465389043200997, 0.5076105402236631, 0.9989732298529344, 0.48922859298943083]
APTIDAO: 
50.532686153326495
GEN: 6800
Individuo: 
[1.0116788603809468, 1.494314233783541, 2.163348932382552, 0.3612723190929023, 0.9241992584693796, 0.12964623783277385, 0.9449164170184894, 0.22065130560914126, 0.8290350080384695, 0.18465389043200997, 0.5076105402236631, 0.9989732298529344, 0.48922859298943083]
APTIDAO: 
50.532686153326495
GEN: 6900
Individuo: 
[1.0116788603809468, 1.494314233783541, 2.163348932382552, 0.3612723190929023, 0.9241992584693796, 0.12964623783277385, 0.9449164170184894, 0.22065130560914126, 0.8290350080384695, 0.18465389043200997, 0.5076105402236631, 0.9989732298529344, 0.48922859298943083]
APTIDAO: 
50.532686153326495
GEN: 7000
Individuo: 
[1.0116788603809468, 1.494314233783541, 2.163348932382552, 0.3612723190929023, 0.9241992584693796, 0.12964623783277385, 0.9449164170184894, 0.22065130560914126, 0.8290350080384695, 0.18465389043200997, 0.5094553827692573, 0.9989732298529344, 0.48922859298943083]
APTIDAO: 
50.53216482027421
GEN: 7100
Individuo: 
[1.0116788603809468, 1.494314233783541, 2.163348932382552, 0.361623342266507, 0.9241992584693796, 0.12964623783277385, 0.9449164170184894, 0.22065130560914126, 0.8291614370085886, 0.18465389043200997, 0.5094553827692573, 0.9989732298529344, 0.49127838459710804]
APTIDAO: 
50.528216850662496
GEN: 7200
Individuo: 
[1.0116788603809468, 1.494314233783541, 2.163348932382552, 0.361623342266507, 0.9241992584693796, 0.12964623783277385, 0.9449164170184894, 0.22007722564747959, 0.8291614370085886, 0.18465389043200997, 0.5094553827692573, 0.9989732298529344, 0.49127838459710804]
APTIDAO: 
50.52777607091796
GEN: 7300
Individuo: 
[1.0116788603809468, 1.494314233783541, 2.163348932382552, 0.3650385762176687, 0.9241992584693796, 0.12964623783277385, 0.9449164170184894, 0.22007722564747959, 0.8291614370085886, 0.18465389043200997, 0.5094553827692573, 0.9989732298529344, 0.49127838459710804]
APTIDAO: 
50.52768862754742
GEN: 7400
Individuo: 
[1.0116788603809468, 1.494314233783541, 2.163348932382552, 0.3650385762176687, 0.9241992584693796, 0.12964623783277385, 0.9449164170184894, 0.22007722564747959, 0.8291614370085886, 0.18465389043200997, 0.5094553827692573, 0.9989732298529344, 0.49127838459710804]
APTIDAO: 
50.52768862754742
GEN: 7500
Individuo: 
[1.0116788603809468, 1.494314233783541, 2.163348932382552, 0.3650385762176687, 0.9241992584693796, 0.12964623783277385, 0.9449164170184894, 0.22007722564747959, 0.8291614370085886, 0.18465389043200997, 0.5094553827692573, 0.9989732298529344, 0.49127838459710804]
APTIDAO: 
50.52768862754742
GEN: 7600
Individuo: 
[1.0116788603809468, 1.494314233783541, 2.163348932382552, 0.3650385762176687, 0.9241992584693796, 0.12964623783277385, 0.9449164170184894, 0.22007722564747959, 0.8291614370085886, 0.18465389043200997, 0.5094553827692573, 0.9989732298529344, 0.49127838459710804]
APTIDAO: 
50.52768862754742
GEN: 7700
Individuo: 
[1.0116788603809468, 1.494314233783541, 2.163348932382552, 0.3650385762176687, 0.9241992584693796, 0.12964623783277385, 0.9449164170184894, 0.22007722564747959, 0.8291614370085886, 0.18465389043200997, 0.5094553827692573, 0.9989732298529344, 0.49127838459710804]
APTIDAO: 
50.52768862754742
GEN: 7800
Individuo: 
[1.0116788603809468, 1.494314233783541, 2.0855715341375363, 0.3650385762176687, 0.9241992584693796, 0.12964623783277385, 0.9449164170184894, 0.22007722564747959, 0.8291614370085886, 0.1167220752167028, 0.4091340109142512, 0.9989732298529344, 0.49127838459710804]
APTIDAO: 
50.47686459146297
GEN: 7900
Individuo: 
[1.0116788603809468, 1.494314233783541, 2.0855715341375363, 0.3454688923004898, 0.9241992584693796, 0.12929628005104646, 0.9449164170184894, 0.22131749733402223, 0.8286453170792916, 0.11512999342905526, 0.4091340109142512, 0.9989732298529344, 0.49127838459710804]
APTIDAO: 
50.46058831148095
GEN: 8000
Individuo: 
[1.0116788603809468, 1.494314233783541, 2.0855715341375363, 0.35626859945564354, 0.9241992584693796, 0.12929628005104646, 0.9449164170184894, 0.22131749733402223, 0.8316123410358269, 0.11512999342905526, 0.4091340109142512, 0.9989732298529344, 0.49127838459710804]
APTIDAO: 
50.446407734348455
GEN: 8100
Individuo: 
[1.0116788603809468, 1.494314233783541, 2.0855715341375363, 0.35626859945564354, 0.9241992584693796, 0.12929628005104646, 0.9449164170184894, 0.22131749733402223, 0.8326046364364633, 0.11512999342905526, 0.4091340109142512, 0.9989732298529344, 0.49127838459710804]
APTIDAO: 
50.444973627440476
GEN: 8200
Individuo: 
[1.0116788603809468, 1.494314233783541, 2.0855715341375363, 0.35626859945564354, 0.9241992584693796, 0.12929628005104646, 0.9449164170184894, 0.22131749733402223, 0.8326046364364633, 0.11512999342905526, 0.4091340109142512, 0.9989732298529344, 0.49127838459710804]
APTIDAO: 
50.444973627440476
GEN: 8300
Individuo: 
[1.0116788603809468, 1.494314233783541, 2.0649407880859822, 0.35626859945564354, 0.9241992584693796, 0.12929628005104646, 0.9449164170184894, 0.22131749733402223, 0.8326046364364633, 0.11512999342905526, 0.4091340109142512, 0.9989732298529344, 0.49127838459710804]
APTIDAO: 
50.44467653499204
GEN: 8400
Individuo: 
[1.0116788603809468, 1.494314233783541, 2.060540578814526, 0.35626859945564354, 0.9241992584693796, 0.12929628005104646, 0.9449164170184894, 0.22131749733402223, 0.8331546613969603, 0.11512999342905526, 0.4091340109142512, 0.9989732298529344, 0.49127838459710804]
APTIDAO: 
50.44409356747129
GEN: 8500
Individuo: 
[1.0116788603809468, 1.4954041949121224, 2.060540578814526, 0.3581846583478116, 0.9241992584693796, 0.12929628005104646, 0.9449164170184894, 0.22131749733402223, 0.8331546613969603, 0.11512999342905526, 0.4091340109142512, 0.9989732298529344, 0.49127838459710804]
APTIDAO: 
50.4435599437981
GEN: 8600
Individuo: 
[1.0116788603809468, 1.4954041949121224, 2.060540578814526, 0.3581846583478116, 0.9241992584693796, 0.12929628005104646, 0.9449164170184894, 0.22131749733402223, 0.8331546613969603, 0.11512999342905526, 0.4091340109142512, 0.9989732298529344, 0.49127838459710804]
APTIDAO: 
50.4435599437981
GEN: 8700
Individuo: 
[1.0116788603809468, 1.4954041949121224, 2.060540578814526, 0.3581846583478116, 0.9244579950586445, 0.12929628005104646, 0.9449164170184894, 0.22131749733402223, 0.8331546613969603, 0.11512999342905526, 0.4091340109142512, 0.9989732298529344, 0.49127838459710804]
APTIDAO: 
50.442491473835744
GEN: 8800
Individuo: 
[1.0116788603809468, 1.4954041949121224, 2.060540578814526, 0.3581846583478116, 0.9244579950586445, 0.12929628005104646, 0.9449164170184894, 0.22131749733402223, 0.8331546613969603, 0.11512999342905526, 0.4091340109142512, 0.9989732298529344, 0.49127838459710804]
APTIDAO: 
50.442491473835744
GEN: 8900
Individuo: 
[1.0116788603809468, 1.4954041949121224, 2.060540578814526, 0.3581846583478116, 0.9244579950586445, 0.12929628005104646, 0.9449164170184894, 0.22131749733402223, 0.8331925491300565, 0.11512999342905526, 0.4091340109142512, 0.9989732298529344, 0.49127838459710804]
APTIDAO: 
50.44244410010863
GEN: 9000
Individuo: 
[1.0116788603809468, 1.4954041949121224, 2.060540578814526, 0.3581846583478116, 0.9244579950586445, 0.12929628005104646, 0.9449164170184894, 0.22131749733402223, 0.8331925491300565, 0.11512999342905526, 0.4091340109142512, 0.9963763021476068, 0.49349287193469565]
APTIDAO: 
50.44111166502959
GEN: 9100
Individuo: 
[1.0116788603809468, 1.4955517818559743, 2.060540578814526, 0.35915353499907016, 0.9244579950586445, 0.12929628005104646, 0.9449164170184894, 0.22131749733402223, 0.8331925491300565, 0.11512999342905526, 0.4091340109142512, 0.9963763021476068, 0.49349287193469565]
APTIDAO: 
50.440980090897064
GEN: 9200
Individuo: 
[1.0116788603809468, 1.4955517818559743, 2.060540578814526, 0.35915353499907016, 0.9244579950586445, 0.12929628005104646, 0.9449164170184894, 0.22131749733402223, 0.8331925491300565, 0.11512999342905526, 0.4091340109142512, 0.9963763021476068, 0.49352627569766994]
APTIDAO: 
50.44094986002945
GEN: 9300
Individuo: 
[1.0116788603809468, 1.4955517818559743, 2.060540578814526, 0.3593413858383224, 0.9244579950586445, 0.12929628005104646, 0.9449164170184894, 0.22131749733402223, 0.8331925491300565, 0.11512999342905526, 0.4091340109142512, 0.9963763021476068, 0.49352627569766994]
APTIDAO: 
50.44093412700145
GEN: 9400
Individuo: 
[1.0116788603809468, 1.5051160697803345, 2.060540578814526, 0.3593413858383224, 0.9244579950586445, 0.12929628005104646, 0.9449164170184894, 0.22131749733402223, 0.8331925491300565, 0.11512999342905526, 0.4091340109142512, 0.9963763021476068, 0.49352627569766994]
APTIDAO: 
50.4393762568061
GEN: 9500
Individuo: 
[1.0116788603809468, 1.5051160697803345, 2.0776478704085504, 0.36325751711779497, 0.9244579950586445, 0.12929628005104646, 0.9449164170184894, 0.22131749733402223, 0.8331925491300565, 0.11512999342905526, 0.4091340109142512, 0.9963763021476068, 0.49352627569766994]
APTIDAO: 
50.43766296254969
GEN: 9600
Individuo: 
[1.0116788603809468, 1.5051160697803345, 2.0776478704085504, 0.36325751711779497, 0.9244579950586445, 0.12929628005104646, 0.9449164170184894, 0.22131749733402223, 0.8331925491300565, 0.11512999342905526, 0.4091340109142512, 0.9963763021476068, 0.49352627569766994]
APTIDAO: 
50.43766296254969
GEN: 9700
Individuo: 
[1.0116788603809468, 1.5051160697803345, 2.0776478704085504, 0.36325751711779497, 0.9244579950586445, 0.12929628005104646, 0.9449164170184894, 0.22131749733402223, 0.8331925491300565, 0.11512622617353918, 0.4091340109142512, 0.9963763021476068, 0.49352627569766994]
APTIDAO: 
50.437657915120745
GEN: 9800
Individuo: 
[1.0116788603809468, 1.5051160697803345, 2.0776478704085504, 0.36325751711779497, 0.9244579950586445, 0.12929628005104646, 0.9449164170184894, 0.22131749733402223, 0.8331925491300565, 0.11512622617353918, 0.4091340109142512, 0.9963763021476068, 0.49352627569766994]
APTIDAO: 
50.437657915120745
GEN: 9900
Individuo: 
[1.0116788603809468, 1.5051160697803345, 2.0776478704085504, 0.36325751711779497, 0.9244579950586445, 0.12929628005104646, 0.9449164170184894, 0.22131749733402223, 0.8331925491300565, 0.11512622617353918, 0.4091340109142512, 0.9963763021476068, 0.49352627569766994]
APTIDAO: 
50.437657915120745
GEN: 10000
Individuo: 
[1.0116788603809468, 1.5051160697803345, 2.0730600199470985, 0.36325751711779497, 0.9244579950586445, 0.12929628005104646, 0.9449164170184894, 0.22131749733402223, 0.8331925491300565, 0.11512622617353918, 0.4091340109142512, 0.9963763021476068, 0.49352627569766994]
APTIDAO: 
50.437549667576576

--- RESULTADO FINAL ---
Erro (norma-1): 50.437549667576576
Parâmetros: [1.0116788603809468, 1.5051160697803345, 2.0730600199470985, 0.36325751711779497, 0.9244579950586445, 0.12929628005104646, 0.9449164170184894, 0.22131749733402223, 0.8331925491300565, 0.11512622617353918, 0.4091340109142512, 0.9963763021476068, 0.49352627569766994]
Tempo total: 00h 48m 50s
