SEED: 1778749666
METODO: ABCD_MM
IND_SIZE: 11
GEN: 0
Individuo: 
[2.315042614178047, 0.4039076125135159, 0.7471529953160583, 1.1658523012851032, 0.028088920082078382, 0.9759963048377879, 0.9702588211958291, 0.11633455196070833, 3.906283341734647, 4.978753559600321, 1.638293280918211]
APTIDAO: 
250.32602471681537
GEN: 100
Individuo: 
[1.0005990258316957, 2.5887313800497984, 1.8026127990709973, 1.0598112949664245, 0.12392242693114526, 0.979697979195056, 0.9702588211958291, 0.05451438815871253, 3.906283341734647, 1.4438254512199067, 1.9968877439105819]
APTIDAO: 
48.61239762706438
GEN: 200
Individuo: 
[1.0005990258316957, 1.6688645811327862, 1.8026127990709973, 1.5191802600034237, 0.5271894511566682, 0.979697979195056, 0.9702588211958291, 0.054568768482914635, 3.9183325396397746, 1.4513904827610025, 2.9022232447584995]
APTIDAO: 
38.96086736023385
GEN: 300
Individuo: 
[1.0005990258316957, 1.965400182908064, 1.516706601692386, 1.3628660853021874, 0.6119244425842082, 0.9722323923731209, 0.9780858724128414, 0.054568768482914635, 3.945376727633686, 1.4513904827610025, 3.012718697717759]
APTIDAO: 
38.33079733651192
GEN: 400
Individuo: 
[1.0005990258316957, 1.684382051667617, 1.516706601692386, 1.4697584785011035, 0.6231328704064504, 0.9722323923731209, 0.9780858724128414, 0.054568768482914635, 3.945376727633686, 1.4513904827610025, 3.1353569713569756]
APTIDAO: 
37.518759731253375
GEN: 500
Individuo: 
[1.0005990258316957, 1.6971051626478066, 1.516706601692386, 1.4697584785011035, 0.6293142794172515, 0.9722323923731209, 0.9780858724128414, 0.054568768482914635, 3.945376727633686, 1.4513904827610025, 3.1353569713569756]
APTIDAO: 
37.487243708932574
GEN: 600
Individuo: 
[1.0005990258316957, 1.6971051626478066, 1.516706601692386, 1.4697584785011035, 0.6374826799554373, 0.9922754557664282, 0.9713588758718866, 0.05526407500670113, 3.945376727633686, 1.4513904827610025, 3.1582898237007826]
APTIDAO: 
37.301375901634174
GEN: 700
Individuo: 
[1.0005990258316957, 1.6822853261329105, 1.516706601692386, 1.5021522879435436, 0.6374826799554373, 0.9877453954587769, 0.9713588758718866, 0.05526407500670113, 3.945376727633686, 1.4596723548271646, 3.1582898237007826]
APTIDAO: 
37.260296484128055
GEN: 800
Individuo: 
[1.0005990258316957, 1.6503257442376738, 1.516706601692386, 1.5021522879435436, 0.6374826799554373, 0.9877453954587769, 0.9828670740561407, 0.05540397580974231, 3.945376727633686, 1.4725131289551276, 3.1582898237007826]
APTIDAO: 
37.223927085487794
GEN: 900
Individuo: 
[1.0005990258316957, 1.6503257442376738, 1.516706601692386, 1.5021522879435436, 0.6289852201343304, 0.9974705973481659, 0.9902054252287869, 0.05587023428687366, 3.945376727633686, 1.4725131289551276, 3.1582898237007826]
APTIDAO: 
37.14082808849055
GEN: 1000
Individuo: 
[0.9992471843589333, 1.6503257442376738, 1.516706601692386, 1.5041232461848142, 0.6289852201343304, 0.9974705973481659, 0.9902054252287869, 0.05587023428687366, 3.945376727633686, 1.4725131289551276, 3.1582898237007826]
APTIDAO: 
37.1390406630285
GEN: 1100
Individuo: 
[0.9992471843589333, 1.6503257442376738, 1.516706601692386, 1.5041232461848142, 0.6292755669174914, 0.9974705973481659, 0.9902054252287869, 0.05587023428687366, 3.945376727633686, 1.4725131289551276, 3.1582898237007826]
APTIDAO: 
37.138562344791644
GEN: 1200
Individuo: 
[0.9992471843589333, 1.6503257442376738, 1.5133784848511844, 1.5041232461848142, 0.6292755669174914, 0.9974705973481659, 0.9902054252287869, 0.056135018154683566, 3.945376727633686, 1.4725131289551276, 3.1582898237007826]
APTIDAO: 
37.13703689789626
GEN: 1300
Individuo: 
[0.9992471843589333, 1.6503257442376738, 1.5133784848511844, 1.5041232461848142, 0.6409850024871685, 0.9974705973481659, 0.9902054252287869, 0.056135018154683566, 3.945376727633686, 1.4725131289551276, 3.1582898237007826]
APTIDAO: 
37.116789343243916
GEN: 1400
Individuo: 
[0.9992471843589333, 1.6064612312873188, 1.5133784848511844, 1.51464309081093, 0.6409850024871685, 0.9974705973481659, 0.9902054252287869, 0.056135018154683566, 3.945376727633686, 1.4725131289551276, 3.1582898237007826]
APTIDAO: 
37.11072495088402
GEN: 1500
Individuo: 
[0.9992471843589333, 1.6256323858729487, 1.5133784848511844, 1.51464309081093, 0.6409850024871685, 0.9974705973481659, 0.9902054252287869, 0.056135018154683566, 3.945376727633686, 1.4756222047913732, 3.1582898237007826]
APTIDAO: 
37.10037295379979
GEN: 1600
Individuo: 
[0.9992471843589333, 1.6256323858729487, 1.5133784848511844, 1.51464309081093, 0.6409850024871685, 0.9974705973481659, 0.9902054252287869, 0.056135018154683566, 3.945376727633686, 1.4756222047913732, 3.161170948098872]
APTIDAO: 
37.09677030677179
GEN: 1700
Individuo: 
[0.9992471843589333, 1.6256323858729487, 1.5133784848511844, 1.51464309081093, 0.6400729784606775, 0.9974705973481659, 0.9934598498408578, 0.056135018154683566, 3.945376727633686, 1.4756222047913732, 3.161170948098872]
APTIDAO: 
37.093616541575926
GEN: 1800
Individuo: 
[0.9992471843589333, 1.6256323858729487, 1.5133784848511844, 1.51464309081093, 0.6400729784606775, 0.9974705973481659, 0.9934598498408578, 0.056135018154683566, 3.945376727633686, 1.4756222047913732, 3.161170948098872]
APTIDAO: 
37.093616541575926
GEN: 1900
Individuo: 
[0.9992471843589333, 1.6256323858729487, 1.5133784848511844, 1.51464309081093, 0.6400729784606775, 0.9974705973481659, 0.9934598498408578, 0.056135018154683566, 3.945376727633686, 1.4756222047913732, 3.161170948098872]
APTIDAO: 
37.093616541575926
GEN: 2000
Individuo: 
[0.9992471843589333, 1.6256323858729487, 1.5133784848511844, 1.51464309081093, 0.6400729784606775, 0.9974705973481659, 0.9934598498408578, 0.056135018154683566, 3.945376727633686, 1.4756222047913732, 3.161170948098872]
APTIDAO: 
37.093616541575926
GEN: 2100
Individuo: 
[0.9992471843589333, 1.6256323858729487, 1.5101618941700066, 1.51464309081093, 0.6400729784606775, 0.9974705973481659, 0.9934598498408578, 0.05624973185345536, 3.945376727633686, 1.4756222047913732, 3.161170948098872]
APTIDAO: 
37.0860489563425
GEN: 2200
Individuo: 
[0.9992471843589333, 1.6197243304429434, 1.5065121801967372, 1.51464309081093, 0.6400729784606775, 0.9974705973481659, 0.9934598498408578, 0.056500462355125895, 3.945376727633686, 1.4756222047913732, 3.161170948098872]
APTIDAO: 
37.07782875390227
GEN: 2300
Individuo: 
[0.9992471843589333, 1.6197243304429434, 1.5065121801967372, 1.51464309081093, 0.6400729784606775, 0.9974705973481659, 0.9934598498408578, 0.056500462355125895, 3.945376727633686, 1.4756222047913732, 3.161170948098872]
APTIDAO: 
37.07782875390227
GEN: 2400
Individuo: 
[0.9992471843589333, 1.6128969219079854, 1.5065121801967372, 1.51464309081093, 0.6400729784606775, 0.9974705973481659, 0.9934598498408578, 0.056500462355125895, 3.945376727633686, 1.4756222047913732, 3.161170948098872]
APTIDAO: 
37.075559739614285
GEN: 2500
Individuo: 
[0.9992471843589333, 1.6128969219079854, 1.5065121801967372, 1.51464309081093, 0.6400729784606775, 0.9974705973481659, 0.9934598498408578, 0.056500462355125895, 3.945376727633686, 1.4756222047913732, 3.161170948098872]
APTIDAO: 
37.075559739614285
GEN: 2600
Individuo: 
[0.9992471843589333, 1.6128969219079854, 1.5065121801967372, 1.51464309081093, 0.6400729784606775, 0.9974705973481659, 0.9942816485192197, 0.056500462355125895, 3.945376727633686, 1.4756222047913732, 3.1562887768713175]
APTIDAO: 
37.07422113018766
GEN: 2700
Individuo: 
[0.9992471843589333, 1.6128969219079854, 1.5065121801967372, 1.51464309081093, 0.6400729784606775, 0.9974705973481659, 0.9942816485192197, 0.056500462355125895, 3.945376727633686, 1.4756222047913732, 3.1562887768713175]
APTIDAO: 
37.07422113018766
GEN: 2800
Individuo: 
[0.9992471843589333, 1.6128969219079854, 1.5065121801967372, 1.51464309081093, 0.6400729784606775, 0.9974705973481659, 0.9942816485192197, 0.056500462355125895, 3.945376727633686, 1.4756222047913732, 3.1562887768713175]
APTIDAO: 
37.07422113018766
GEN: 2900
Individuo: 
[0.9992471843589333, 1.6128969219079854, 1.5065121801967372, 1.51464309081093, 0.6400729784606775, 0.9974705973481659, 0.9942816485192197, 0.056500462355125895, 3.945376727633686, 1.4767499976331213, 3.1562887768713175]
APTIDAO: 
37.07248754317844
GEN: 3000
Individuo: 
[0.9992471843589333, 1.6128969219079854, 1.5065121801967372, 1.51464309081093, 0.6400729784606775, 0.9974705973481659, 0.9942816485192197, 0.056500462355125895, 3.945376727633686, 1.4767499976331213, 3.1562887768713175]
APTIDAO: 
37.07248754317844
GEN: 3100
Individuo: 
[0.9992471843589333, 1.6128969219079854, 1.5065121801967372, 1.51464309081093, 0.6400729784606775, 0.9974705973481659, 0.9942816485192197, 0.056500462355125895, 3.945376727633686, 1.4767499976331213, 3.1562887768713175]
APTIDAO: 
37.07248754317844
GEN: 3200
Individuo: 
[0.9992471843589333, 1.6128969219079854, 1.5065121801967372, 1.51464309081093, 0.6400729784606775, 0.9974705973481659, 0.9942816485192197, 0.056500462355125895, 3.945376727633686, 1.4767499976331213, 3.1562887768713175]
APTIDAO: 
37.07248754317844
GEN: 3300
Individuo: 
[0.9992471843589333, 1.6128969219079854, 1.5065121801967372, 1.51464309081093, 0.6400729784606775, 0.9974705973481659, 0.9967270061649407, 0.056500462355125895, 3.945376727633686, 1.4767499976331213, 3.1562887768713175]
APTIDAO: 
37.072355725365234
GEN: 3400
Individuo: 
[0.9992471843589333, 1.6128969219079854, 1.5065121801967372, 1.51464309081093, 0.6400729784606775, 0.9974705973481659, 0.9967270061649407, 0.056500462355125895, 3.945376727633686, 1.4767499976331213, 3.1562887768713175]
APTIDAO: 
37.072355725365234
GEN: 3500
Individuo: 
[0.9992471843589333, 1.6128969219079854, 1.5065121801967372, 1.51464309081093, 0.6400729784606775, 0.9974705973481659, 0.9967270061649407, 0.05664521150776267, 3.945376727633686, 1.4767499976331213, 3.1562887768713175]
APTIDAO: 
37.07205524290406
GEN: 3600
Individuo: 
[0.9992471843589333, 1.6128969219079854, 1.5065121801967372, 1.51464309081093, 0.6400729784606775, 0.9976197506325648, 0.9967270061649407, 0.05664521150776267, 3.945376727633686, 1.4767499976331213, 3.1562887768713175]
APTIDAO: 
37.07106798422055
GEN: 3700
Individuo: 
[0.9992471843589333, 1.6128969219079854, 1.5065121801967372, 1.51464309081093, 0.6437288109707914, 0.9976197506325648, 0.9967270061649407, 0.05664521150776267, 3.945376727633686, 1.4767499976331213, 3.1562887768713175]
APTIDAO: 
37.064792329857575
GEN: 3800
Individuo: 
[0.9992471843589333, 1.6128969219079854, 1.5065121801967372, 1.5254757231120446, 0.6437288109707914, 0.9976197506325648, 0.9945034704235788, 0.05664521150776267, 3.945376727633686, 1.4767499976331213, 3.1562887768713175]
APTIDAO: 
37.06386194077452
GEN: 3900
Individuo: 
[0.9992471843589333, 1.6128969219079854, 1.5065121801967372, 1.5254757231120446, 0.6437288109707914, 0.9976197506325648, 0.9960061399857865, 0.05664521150776267, 3.945376727633686, 1.4767499976331213, 3.1562887768713175]
APTIDAO: 
37.06378250916425
GEN: 4000
Individuo: 
[0.9992471843589333, 1.6128969219079854, 1.5144112027985652, 1.5254757231120446, 0.6437288109707914, 0.9976197506325648, 0.9960061399857865, 0.07287173373248078, 3.945376727633686, 1.4767499976331213, 2.536912951308095]
APTIDAO: 
37.04788325178341
GEN: 4100
Individuo: 
[0.9992471843589333, 1.6128969219079854, 1.6494164226625567, 1.5254757231120446, 0.6538930042244439, 0.9976197506325648, 0.9960061399857865, 0.07287173373248078, 3.945376727633686, 1.4767499976331213, 2.536912951308095]
APTIDAO: 
36.97224790863328
GEN: 4200
Individuo: 
[0.9992471843589333, 1.6128969219079854, 1.6996219392789627, 1.379147671286723, 0.6538930042244439, 0.9976197506325648, 0.9960061399857865, 0.07287173373248078, 3.945376727633686, 1.4767499976331213, 2.536912951308095]
APTIDAO: 
36.8351580188613
GEN: 4300
Individuo: 
[0.9992471843589333, 1.6126228370292106, 1.6996219392789627, 1.366619311187218, 0.6538930042244439, 0.9976197506325648, 0.9960061399857865, 0.07287173373248078, 3.945376727633686, 1.4767499976331213, 2.536912951308095]
APTIDAO: 
36.82905068532542
GEN: 4400
Individuo: 
[0.9992471843589333, 1.6126228370292106, 1.6996219392789627, 1.366619311187218, 0.6538930042244439, 0.9976197506325648, 0.9960061399857865, 0.07287173373248078, 3.945376727633686, 1.4767499976331213, 2.536912951308095]
APTIDAO: 
36.82905068532542
GEN: 4500
Individuo: 
[0.9992471843589333, 1.6325908750187237, 1.6996219392789627, 1.3365176905897058, 0.6538930042244439, 0.9976197506325648, 0.9960061399857865, 0.07287173373248078, 3.945376727633686, 1.4775156774838192, 2.536912951308095]
APTIDAO: 
36.82112026212866
GEN: 4600
Individuo: 
[0.9992471843589333, 1.6325908750187237, 1.6996219392789627, 1.3365176905897058, 0.6538930042244439, 0.9976197506325648, 0.9960061399857865, 0.07322415753727456, 3.9346514201635285, 1.4775156774838192, 2.547688680503696]
APTIDAO: 
36.800354880551716
GEN: 4700
Individuo: 
[0.9992471843589333, 1.6325908750187237, 1.6996219392789627, 1.3365176905897058, 0.6538930042244439, 0.9976197506325648, 0.9960061399857865, 0.07322415753727456, 3.9346514201635285, 1.4775156774838192, 2.547688680503696]
APTIDAO: 
36.800354880551716
GEN: 4800
Individuo: 
[0.9992471843589333, 1.6325908750187237, 1.6996219392789627, 1.3365176905897058, 0.6552301895843966, 0.9976197506325648, 0.9960061399857865, 0.07322415753727456, 3.9346514201635285, 1.4775156774838192, 2.547688680503696]
APTIDAO: 
36.79707908620456
GEN: 4900
Individuo: 
[0.9992471843589333, 1.6325908750187237, 1.6996219392789627, 1.3342367386748775, 0.6552301895843966, 0.9976197506325648, 0.9960061399857865, 0.07322415753727456, 3.9346514201635285, 1.4775156774838192, 2.547688680503696]
APTIDAO: 
36.79674303265679
GEN: 5000
Individuo: 
[0.9992471843589333, 1.6325908750187237, 1.6996219392789627, 1.3342367386748775, 0.6552301895843966, 0.9976197506325648, 0.9960061399857865, 0.07322415753727456, 3.9346514201635285, 1.4775156774838192, 2.547688680503696]
APTIDAO: 
36.79674303265679
GEN: 5100
Individuo: 
[0.9992471843589333, 1.6325908750187237, 1.6996219392789627, 1.3342367386748775, 0.6552301895843966, 0.9976197506325648, 0.9960061399857865, 0.07322415753727456, 3.9346514201635285, 1.4775156774838192, 2.547688680503696]
APTIDAO: 
36.79674303265679
GEN: 5200
Individuo: 
[0.9992471843589333, 1.6325908750187237, 1.6996219392789627, 1.3342367386748775, 0.6552301895843966, 0.9976197506325648, 0.9960061399857865, 0.07322415753727456, 3.9346514201635285, 1.4775156774838192, 2.547688680503696]
APTIDAO: 
36.79674303265679
GEN: 5300
Individuo: 
[0.9992471843589333, 1.6325908750187237, 1.6996219392789627, 1.3342367386748775, 0.6552301895843966, 0.9976197506325648, 0.9960061399857865, 0.07322415753727456, 3.9346514201635285, 1.4775156774838192, 2.547688680503696]
APTIDAO: 
36.79674303265679
GEN: 5400
Individuo: 
[0.9992471843589333, 1.6325908750187237, 1.6996219392789627, 1.3342367386748775, 0.6552301895843966, 0.9976197506325648, 0.9960061399857865, 0.07322415753727456, 3.9346514201635285, 1.4775156774838192, 2.547688680503696]
APTIDAO: 
36.79674303265679
GEN: 5500
Individuo: 
[0.9992471843589333, 1.6325908750187237, 1.6996219392789627, 1.3342367386748775, 0.6552301895843966, 0.9976197506325648, 0.9960061399857865, 0.07322415753727456, 3.9346514201635285, 1.4775156774838192, 2.547688680503696]
APTIDAO: 
36.79674303265679
GEN: 5600
Individuo: 
[0.9992471843589333, 1.6325908750187237, 1.6996219392789627, 1.3342367386748775, 0.6552301895843966, 0.9976197506325648, 0.9960061399857865, 0.07322415753727456, 3.9346514201635285, 1.4775156774838192, 2.547688680503696]
APTIDAO: 
36.79674303265679
GEN: 5700
Individuo: 
[0.9992471843589333, 1.6325908750187237, 1.6996219392789627, 1.3342367386748775, 0.6552301895843966, 0.9976197506325648, 0.9960061399857865, 0.07322415753727456, 3.9346514201635285, 1.4775156774838192, 2.547688680503696]
APTIDAO: 
36.79674303265679
GEN: 5800
Individuo: 
[0.9992471843589333, 1.6325908750187237, 1.6996219392789627, 1.3342367386748775, 0.6552301895843966, 0.9976197506325648, 0.9960061399857865, 0.07322415753727456, 3.9346514201635285, 1.4775156774838192, 2.547688680503696]
APTIDAO: 
36.79674303265679
GEN: 5900
Individuo: 
[0.9992471843589333, 1.6334653072315266, 1.6996219392789627, 1.3342367386748775, 0.6552301895843966, 0.9976197506325648, 0.9960061399857865, 0.07322415753727456, 3.9346514201635285, 1.4775156774838192, 2.547688680503696]
APTIDAO: 
36.79668616301711
GEN: 6000
Individuo: 
[0.9992471843589333, 1.6334653072315266, 1.6996219392789627, 1.3342367386748775, 0.6552301895843966, 0.9976197506325648, 0.9960061399857865, 0.07322415753727456, 3.9346514201635285, 1.4775156774838192, 2.547688680503696]
APTIDAO: 
36.79668616301711
GEN: 6100
Individuo: 
[0.9992471843589333, 1.6334653072315266, 1.6996219392789627, 1.3342367386748775, 0.6552301895843966, 0.9976197506325648, 0.9960061399857865, 0.07322415753727456, 3.9346514201635285, 1.4775156774838192, 2.547688680503696]
APTIDAO: 
36.79668616301711
GEN: 6200
Individuo: 
[0.9992471843589333, 1.6334653072315266, 1.6996219392789627, 1.3342367386748775, 0.6552301895843966, 0.9976197506325648, 0.9960061399857865, 0.07322415753727456, 3.9346514201635285, 1.4775156774838192, 2.547688680503696]
APTIDAO: 
36.79668616301711
GEN: 6300
Individuo: 
[0.9992471843589333, 1.6334653072315266, 1.6996219392789627, 1.3342367386748775, 0.6553611233184788, 0.9976197506325648, 0.9960061399857865, 0.07322415753727456, 3.9346514201635285, 1.4775156774838192, 2.547688680503696]
APTIDAO: 
36.79656591689645
GEN: 6400
Individuo: 
[0.9992471843589333, 1.6334653072315266, 1.6996219392789627, 1.3342367386748775, 0.6553611233184788, 0.9976197506325648, 0.9960061399857865, 0.07322415753727456, 3.9346514201635285, 1.4775156774838192, 2.547688680503696]
APTIDAO: 
36.79656591689645
GEN: 6500
Individuo: 
[0.9992471843589333, 1.6334653072315266, 1.6996219392789627, 1.3342367386748775, 0.6553611233184788, 0.9976197506325648, 0.9960061399857865, 0.07322415753727456, 3.9346514201635285, 1.4775156774838192, 2.547688680503696]
APTIDAO: 
36.79656591689645
GEN: 6600
Individuo: 
[0.9992471843589333, 1.6334653072315266, 1.6996219392789627, 1.3342367386748775, 0.6553611233184788, 0.9976197506325648, 0.9960061399857865, 0.07322415753727456, 3.9346514201635285, 1.4775156774838192, 2.547688680503696]
APTIDAO: 
36.79656591689645
GEN: 6700
Individuo: 
[0.9992471843589333, 1.6334653072315266, 1.6996219392789627, 1.3342367386748775, 0.6553611233184788, 0.9976197506325648, 0.9960061399857865, 0.07322415753727456, 3.9346514201635285, 1.479288335224488, 2.547688680503696]
APTIDAO: 
36.79652884499359
GEN: 6800
Individuo: 
[0.9992471843589333, 1.6334653072315266, 1.6996219392789627, 1.3342367386748775, 0.6553611233184788, 0.9976197506325648, 0.9960061399857865, 0.07322415753727456, 3.9346514201635285, 1.479288335224488, 2.547688680503696]
APTIDAO: 
36.79652884499359
GEN: 6900
Individuo: 
[0.9992471843589333, 1.6334653072315266, 1.6996219392789627, 1.3342367386748775, 0.658398629261475, 0.9989742555383597, 0.9960061399857865, 0.07322415753727456, 3.9346514201635285, 1.479288335224488, 2.547688680503696]
APTIDAO: 
36.792803673148654
GEN: 7000
Individuo: 
[0.9992471843589333, 1.6334653072315266, 1.6996219392789627, 1.3342367386748775, 0.658398629261475, 0.9989742555383597, 0.9960061399857865, 0.07322415753727456, 3.9346514201635285, 1.479288335224488, 2.547688680503696]
APTIDAO: 
36.792803673148654
GEN: 7100
Individuo: 
[0.9992471843589333, 1.631185654139374, 1.6996219392789627, 1.3342367386748775, 0.658398629261475, 0.9989742555383597, 0.9960061399857865, 0.07318665185323268, 3.9346514201635285, 1.479288335224488, 2.5504249392321108]
APTIDAO: 
36.79179086781744
GEN: 7200
Individuo: 
[0.9992471843589333, 1.631185654139374, 1.6996219392789627, 1.3328714422182704, 0.658398629261475, 0.9989742555383597, 0.9960061399857865, 0.07318665185323268, 3.9346514201635285, 1.479288335224488, 2.5504249392321108]
APTIDAO: 
36.791688428179235
GEN: 7300
Individuo: 
[0.9992471843589333, 1.631185654139374, 1.702467004487214, 1.3328714422182704, 0.658398629261475, 0.9989742555383597, 0.9958766230542169, 0.07318665185323268, 3.9346514201635285, 1.479288335224488, 2.5504249392321108]
APTIDAO: 
36.79078448097248
GEN: 7400
Individuo: 
[0.9992471843589333, 1.631185654139374, 1.702467004487214, 1.3328714422182704, 0.658398629261475, 0.9989742555383597, 0.9958766230542169, 0.07318665185323268, 3.9401560932869986, 1.479288335224488, 2.5504249392321108]
APTIDAO: 
36.79006761397552
GEN: 7500
Individuo: 
[0.9992471843589333, 1.631185654139374, 1.702467004487214, 1.3328714422182704, 0.658398629261475, 0.9989742555383597, 0.9958766230542169, 0.07318665185323268, 3.9401560932869986, 1.479288335224488, 2.5504249392321108]
APTIDAO: 
36.79006761397552
GEN: 7600
Individuo: 
[0.9992471843589333, 1.631185654139374, 1.702467004487214, 1.3328714422182704, 0.658398629261475, 0.9989742555383597, 0.9958766230542169, 0.07318665185323268, 3.9401560932869986, 1.479288335224488, 2.5504249392321108]
APTIDAO: 
36.79006761397552
GEN: 7700
Individuo: 
[0.9992471843589333, 1.631185654139374, 1.702467004487214, 1.3328714422182704, 0.658398629261475, 0.9989742555383597, 0.9958766230542169, 0.07318665185323268, 3.9401560932869986, 1.479288335224488, 2.5504249392321108]
APTIDAO: 
36.79006761397552
GEN: 7800
Individuo: 
[0.9992471843589333, 1.631185654139374, 1.702467004487214, 1.3328714422182704, 0.658398629261475, 0.9989742555383597, 0.9958766230542169, 0.07318665185323268, 3.9401560932869986, 1.479288335224488, 2.5504249392321108]
APTIDAO: 
36.79006761397552
GEN: 7900
Individuo: 
[0.9992471843589333, 1.631185654139374, 1.702467004487214, 1.3328714422182704, 0.658398629261475, 0.9989742555383597, 0.9958766230542169, 0.07318665185323268, 3.9401560932869986, 1.479288335224488, 2.5504249392321108]
APTIDAO: 
36.79006761397552
GEN: 8000
Individuo: 
[0.9992471843589333, 1.631185654139374, 1.702467004487214, 1.3328714422182704, 0.658398629261475, 0.9989742555383597, 0.9958766230542169, 0.07318665185323268, 3.9364673858196784, 1.479288335224488, 2.5504249392321108]
APTIDAO: 
36.78988209103633
GEN: 8100
Individuo: 
[0.9992471843589333, 1.62950864518986, 1.702467004487214, 1.3328714422182704, 0.658398629261475, 0.9989742555383597, 0.9958766230542169, 0.07318665185323268, 3.9364673858196784, 1.479288335224488, 2.5504249392321108]
APTIDAO: 
36.78963139602679
GEN: 8200
Individuo: 
[0.9992471843589333, 1.62950864518986, 1.702467004487214, 1.3328714422182704, 0.658398629261475, 0.9989742555383597, 0.9958766230542169, 0.07318665185323268, 3.9364673858196784, 1.479288335224488, 2.5504249392321108]
APTIDAO: 
36.78963139602679
GEN: 8300
Individuo: 
[0.9992471843589333, 1.62950864518986, 1.702467004487214, 1.3328714422182704, 0.658398629261475, 0.9989742555383597, 0.9958766230542169, 0.07318665185323268, 3.9364673858196784, 1.479288335224488, 2.5504249392321108]
APTIDAO: 
36.78963139602679
GEN: 8400
Individuo: 
[0.9992471843589333, 1.62950864518986, 1.702467004487214, 1.3329597585228155, 0.658398629261475, 0.9989742555383597, 0.9958766230542169, 0.07318665185323268, 3.9364673858196784, 1.479288335224488, 2.5504249392321108]
APTIDAO: 
36.7896256759991
GEN: 8500
Individuo: 
[0.9992471843589333, 1.62950864518986, 1.7156207134988513, 1.3329597585228155, 0.658398629261475, 0.9989742555383597, 0.9958766230542169, 0.07318665185323268, 3.9364673858196784, 1.481122800064496, 2.5504249392321108]
APTIDAO: 
36.7896044508969
GEN: 8600
Individuo: 
[0.9992471843589333, 1.62950864518986, 1.7156207134988513, 1.3329597585228155, 0.658398629261475, 0.9989742555383597, 0.9958766230542169, 0.07318665185323268, 3.9364673858196784, 1.481122800064496, 2.5504249392321108]
APTIDAO: 
36.7896044508969
GEN: 8700
Individuo: 
[0.9992471843589333, 1.62950864518986, 1.7156207134988513, 1.3329597585228155, 0.658398629261475, 0.9989742555383597, 0.9958766230542169, 0.07318665185323268, 3.9364673858196784, 1.481122800064496, 2.5504249392321108]
APTIDAO: 
36.7896044508969
GEN: 8800
Individuo: 
[0.9992471843589333, 1.62950864518986, 1.7121826272294045, 1.3285506782023393, 0.658398629261475, 0.9989742555383597, 0.9958766230542169, 0.07318665185323268, 3.9364673858196784, 1.481122800064496, 2.5504249392321108]
APTIDAO: 
36.78842966029309
GEN: 8900
Individuo: 
[0.9992471843589333, 1.62950864518986, 1.7121826272294045, 1.3285506782023393, 0.6598254807638854, 0.9989742555383597, 0.9958766230542169, 0.07318665185323268, 3.9364673858196784, 1.481122800064496, 2.5504249392321108]
APTIDAO: 
36.78668750835028
GEN: 9000
Individuo: 
[0.9992471843589333, 1.62950864518986, 1.7121826272294045, 1.3285506782023393, 0.6598254807638854, 0.9989742555383597, 0.9958766230542169, 0.07318665185323268, 3.9364673858196784, 1.481122800064496, 2.5504249392321108]
APTIDAO: 
36.78668750835028
GEN: 9100
Individuo: 
[0.9992471843589333, 1.62950864518986, 1.7121826272294045, 1.3285506782023393, 0.6598254807638854, 0.9989742555383597, 0.9958766230542169, 0.07318665185323268, 3.9364673858196784, 1.481122800064496, 2.5504249392321108]
APTIDAO: 
36.78668750835028
GEN: 9200
Individuo: 
[0.9992471843589333, 1.62950864518986, 1.7121826272294045, 1.3285506782023393, 0.6598254807638854, 0.9989742555383597, 0.9958766230542169, 0.07318665185323268, 3.9364673858196784, 1.481122800064496, 2.5504249392321108]
APTIDAO: 
36.78668750835028
GEN: 9300
Individuo: 
[0.9992471843589333, 1.62950864518986, 1.7121826272294045, 1.3285506782023393, 0.6598254807638854, 0.9989742555383597, 0.9958766230542169, 0.07318665185323268, 3.9364673858196784, 1.481122800064496, 2.5504249392321108]
APTIDAO: 
36.78668750835028
GEN: 9400
Individuo: 
[0.9992471843589333, 1.62950864518986, 1.7121826272294045, 1.3285506782023393, 0.6598254807638854, 0.9989742555383597, 0.9958766230542169, 0.07318665185323268, 3.9364673858196784, 1.481122800064496, 2.5504249392321108]
APTIDAO: 
36.78668750835028
GEN: 9500
Individuo: 
[0.9992471843589333, 1.62950864518986, 1.7121826272294045, 1.3285506782023393, 0.6598254807638854, 0.9989742555383597, 0.9958766230542169, 0.07318665185323268, 3.9364673858196784, 1.481122800064496, 2.5504249392321108]
APTIDAO: 
36.78668750835028
GEN: 9600
Individuo: 
[0.9992471843589333, 1.62950864518986, 1.7121826272294045, 1.3285506782023393, 0.6598254807638854, 0.9989742555383597, 0.9958766230542169, 0.07318665185323268, 3.9364673858196784, 1.481122800064496, 2.5504249392321108]
APTIDAO: 
36.78668750835028
GEN: 9700
Individuo: 
[0.9992471843589333, 1.62950864518986, 1.7121826272294045, 1.3285506782023393, 0.6598254807638854, 0.9989742555383597, 0.9958766230542169, 0.07318665185323268, 3.9364673858196784, 1.481122800064496, 2.5504249392321108]
APTIDAO: 
36.78668750835028
GEN: 9800
Individuo: 
[0.9992471843589333, 1.62950864518986, 1.7121826272294045, 1.3285506782023393, 0.6598254807638854, 0.9989742555383597, 0.9975822910045407, 0.07318665185323268, 3.9364673858196784, 1.481122800064496, 2.5504249392321108]
APTIDAO: 
36.786624675946115
GEN: 9900
Individuo: 
[0.9992471843589333, 1.62950864518986, 1.7121826272294045, 1.3285506782023393, 0.6598254807638854, 0.9989742555383597, 0.9960890040562188, 0.07318665185323268, 3.9364673858196784, 1.481122800064496, 2.5504249392321108]
APTIDAO: 
36.7861522593949
GEN: 10000
Individuo: 
[0.9992471843589333, 1.62950864518986, 1.7121826272294045, 1.3285506782023393, 0.6598254807638854, 0.9989742555383597, 0.9960890040562188, 0.07318665185323268, 3.9364673858196784, 1.481122800064496, 2.5504249392321108]
APTIDAO: 
36.7861522593949

--- RESULTADO FINAL ---
Erro (norma-1): 36.7861522593949
Parâmetros: [0.9992471843589333, 1.62950864518986, 1.7121826272294045, 1.3285506782023393, 0.6598254807638854, 0.9989742555383597, 0.9960890040562188, 0.07318665185323268, 3.9364673858196784, 1.481122800064496, 2.5504249392321108]
Tempo total: 00h 25m 13s
