SEED: 1778694514
METODO: ABCD_MM
IND_SIZE: 13
GEN: 0
Individuo: 
[0.8415495289326417, 0.9500508571726779, 4.905677608815529, 2.1270375948301377, 0.5969866727893647, 0.0651072771653286, 0.7596794238270067, 0.03274694474862013, 0.4293511833646026, 0.018058238334037035, 0.12195391323445456, 0.7659600338217069, 0.07238979023162963]
APTIDAO: 
104.71253879774419
GEN: 100
Individuo: 
[1.1452501062536715, 1.1247240497608262, 1.6438411610059478, 0.9292228900105894, 0.6442192923875936, 0.0651072771653286, 0.4566604422730626, 0.014696236540007134, 0.12090023375039419, 0.0010156301492567582, 0.12195391323445456, 0.6935172492961654, 0.07268546069724828]
APTIDAO: 
69.3123195258489
GEN: 200
Individuo: 
[1.149888294962715, 1.1247240497608262, 1.6004835062647493, 0.9072311543907395, 0.6442192923875936, 0.0651072771653286, 0.4566604422730626, 0.014696236540007134, 0.12090023375039419, 0.0010156301492567582, 0.12296557916778546, 0.7010740948068093, 0.07268546069724828]
APTIDAO: 
69.16532893869368
GEN: 300
Individuo: 
[1.188396005718197, 1.1247240497608262, 1.6542564744716286, 0.9072311543907395, 0.6442192923875936, 0.0651072771653286, 0.4566604422730626, 0.014298185279134438, 0.12090023375039419, 0.0010156301492567582, 0.12389407386488512, 0.7010740948068093, 0.07268546069724828]
APTIDAO: 
69.12541920980891
GEN: 400
Individuo: 
[1.188396005718197, 1.0419013396423127, 1.6542564744716286, 0.9072311543907395, 0.6444071962466115, 0.0651072771653286, 0.4566604422730626, 0.014298185279134438, 0.12090023375039419, 0.0010148283879347236, 0.12389407386488512, 0.7010740948068093, 0.07268546069724828]
APTIDAO: 
69.12311433747321
GEN: 500
Individuo: 
[1.188396005718197, 1.0419013396423127, 1.6280373021626413, 0.9072311543907395, 0.6444071962466115, 0.0651072771653286, 0.4566604422730626, 0.014298185279134438, 0.12090023375039419, 0.0010005720546771354, 0.12389407386488512, 0.7010740948068093, 0.07280362154698981]
APTIDAO: 
69.1191214817926
GEN: 600
Individuo: 
[1.188645245127558, 1.0691377036640104, 1.6280373021626413, 0.9072311543907395, 0.6444071962466115, 0.0651072771653286, 0.4566604422730626, 0.014298185279134438, 0.12090023375039419, 0.0010005720546771354, 0.12389407386488512, 0.7010740948068093, 0.07280362154698981]
APTIDAO: 
69.11722196897432
GEN: 700
Individuo: 
[1.188645245127558, 1.0884989277153672, 1.6351665443735877, 0.9072311543907395, 0.6444071962466115, 0.0651072771653286, 0.4566604422730626, 0.014298185279134438, 0.12090023375039419, 0.0010005720546771354, 0.12389407386488512, 0.7010740948068093, 0.07280362154698981]
APTIDAO: 
69.11676082476681
GEN: 800
Individuo: 
[1.188645245127558, 1.0884989277153672, 1.6351665443735877, 0.9072311543907395, 0.6444071962466115, 0.0651072771653286, 0.4566604422730626, 0.014298185279134438, 0.1210367908356139, 0.0010005720546771354, 0.12389407386488512, 0.7010740948068093, 0.07280362154698981]
APTIDAO: 
69.11642159086698
GEN: 900
Individuo: 
[1.188645245127558, 1.0884989277153672, 1.6351665443735877, 0.9072311543907395, 0.6444071962466115, 0.0651072771653286, 0.4566604422730626, 0.014298185279134438, 0.1210367908356139, 0.0010005720546771354, 0.12389407386488512, 0.7010740948068093, 0.07280362154698981]
APTIDAO: 
69.11642159086698
GEN: 1000
Individuo: 
[1.188645245127558, 1.0884989277153672, 1.6351665443735877, 0.9072311543907395, 0.6444071962466115, 0.0651072771653286, 0.4570334856358076, 0.014298185279134438, 0.1210367908356139, 0.0010005720546771354, 0.12389407386488512, 0.7010740948068093, 0.07280362154698981]
APTIDAO: 
69.10875240895658
GEN: 1100
Individuo: 
[1.188645245127558, 1.0884989277153672, 1.6306327502996205, 0.9072311543907395, 0.6444071962466115, 0.0651072771653286, 0.4570334856358076, 0.014298185279134438, 0.1210367908356139, 0.0010005720546771354, 0.12389407386488512, 0.7010740948068093, 0.07280362154698981]
APTIDAO: 
69.10874733591926
GEN: 1200
Individuo: 
[1.188645245127558, 1.0884989277153672, 1.6306327502996205, 0.9072311543907395, 0.6444071962466115, 0.0651072771653286, 0.4570334856358076, 0.014298185279134438, 0.1210367908356139, 0.0010005720546771354, 0.12389407386488512, 0.703140516256579, 0.07280362154698981]
APTIDAO: 
69.10397435938206
GEN: 1300
Individuo: 
[1.188645245127558, 1.0884989277153672, 1.6306327502996205, 0.9072311543907395, 0.6444071962466115, 0.0651072771653286, 0.4570334856358076, 0.014298185279134438, 0.1210367908356139, 0.0010005720546771354, 0.12389407386488512, 0.703140516256579, 0.07280362154698981]
APTIDAO: 
69.10397435938206
GEN: 1400
Individuo: 
[1.188645245127558, 1.0884989277153672, 1.6306327502996205, 0.9072311543907395, 0.6444071962466115, 0.0651072771653286, 0.4570334856358076, 0.014298185279134438, 0.1210367908356139, 0.0010005720546771354, 0.12389407386488512, 0.703140516256579, 0.07280362154698981]
APTIDAO: 
69.10397435938206
GEN: 1500
Individuo: 
[1.188645245127558, 1.0884989277153672, 1.6306327502996205, 0.9072311543907395, 0.6444071962466115, 0.0651072771653286, 0.4570334856358076, 0.014298185279134438, 0.1210367908356139, 0.0010005720546771354, 0.12389407386488512, 0.703140516256579, 0.07280362154698981]
APTIDAO: 
69.10397435938206
GEN: 1600
Individuo: 
[1.188645245127558, 1.0884989277153672, 1.6306327502996205, 0.9072311543907395, 0.6444071962466115, 0.0651072771653286, 0.4570334856358076, 0.01414541446783566, 0.1210367908356139, 0.0010005720546771354, 0.12389407386488512, 0.703140516256579, 0.07280362154698981]
APTIDAO: 
69.1037463981765
GEN: 1700
Individuo: 
[1.188645245127558, 1.0884989277153672, 1.6306327502996205, 0.9072311543907395, 0.6444071962466115, 0.0651072771653286, 0.4570334856358076, 0.01414541446783566, 0.1210367908356139, 0.0010005720546771354, 0.12389407386488512, 0.703140516256579, 0.07280362154698981]
APTIDAO: 
69.1037463981765
GEN: 1800
Individuo: 
[1.188645245127558, 1.0884989277153672, 1.6306327502996205, 0.9072311543907395, 0.6444071962466115, 0.0651072771653286, 0.4570334856358076, 0.01414541446783566, 0.1210367908356139, 0.0010005720546771354, 0.12389407386488512, 0.703140516256579, 0.07271790523319514]
APTIDAO: 
69.10269826930345
GEN: 1900
Individuo: 
[1.188645245127558, 1.0884989277153672, 1.6306327502996205, 0.9060607535766854, 0.6444071962466115, 0.0651072771653286, 0.4570334856358076, 0.01414541446783566, 0.1210367908356139, 0.0010165994579219417, 0.12417962305327039, 0.7045929896367686, 0.07271790523319514]
APTIDAO: 
69.09878165053487
GEN: 2000
Individuo: 
[1.188645245127558, 1.0884989277153672, 1.6306327502996205, 0.9060607535766854, 0.6444071962466115, 0.0651072771653286, 0.4570334856358076, 0.01414541446783566, 0.1210367908356139, 0.0010165994579219417, 0.12417962305327039, 0.7045929896367686, 0.07271790523319514]
APTIDAO: 
69.09878165053487
GEN: 2100
Individuo: 
[1.188645245127558, 1.0884989277153672, 1.6306327502996205, 0.9060607535766854, 0.6444071962466115, 0.0651072771653286, 0.4570334856358076, 0.01414541446783566, 0.1210367908356139, 0.0010165994579219417, 0.12417962305327039, 0.7045929896367686, 0.07271790523319514]
APTIDAO: 
69.09878165053487
GEN: 2200
Individuo: 
[1.188645245127558, 1.0884989277153672, 1.6306327502996205, 0.9060607535766854, 0.6444071962466115, 0.0651072771653286, 0.4570334856358076, 0.01414541446783566, 0.1210367908356139, 0.001017463112953915, 0.12417962305327039, 0.7045929896367686, 0.07271790523319514]
APTIDAO: 
69.09878083889227
GEN: 2300
Individuo: 
[1.188645245127558, 1.0884989277153672, 1.6306327502996205, 0.9060607535766854, 0.6455304332128002, 0.0651072771653286, 0.4570334856358076, 0.01414541446783566, 0.1210367908356139, 0.001017463112953915, 0.12417962305327039, 0.7045929896367686, 0.07271790523319514]
APTIDAO: 
69.08490175638153
GEN: 2400
Individuo: 
[1.188645245127558, 1.0884989277153672, 1.6306327502996205, 0.9060607535766854, 0.6454442557169887, 0.0651072771653286, 0.4570334856358076, 0.01414541446783566, 0.1210367908356139, 0.001047849577027641, 0.12417962305327039, 0.7045929896367686, 0.07271790523319514]
APTIDAO: 
69.08315564154866
GEN: 2500
Individuo: 
[1.188645245127558, 1.0884989277153672, 1.6306327502996205, 0.9060607535766854, 0.6454442557169887, 0.0651072771653286, 0.4570334856358076, 0.01414541446783566, 0.1210367908356139, 0.001047849577027641, 0.12417962305327039, 0.7053668512800456, 0.07271790523319514]
APTIDAO: 
69.07636833310534
GEN: 2600
Individuo: 
[1.188645245127558, 1.0884989277153672, 1.6306327502996205, 0.9031723222138651, 0.6454442557169887, 0.0651072771653286, 0.4570334856358076, 0.01414541446783566, 0.1210367908356139, 0.001012808400091072, 0.12417962305327039, 0.7053668512800456, 0.07271790523319514]
APTIDAO: 
69.07623857324802
GEN: 2700
Individuo: 
[1.188645245127558, 1.0884989277153672, 1.6306327502996205, 0.9031723222138651, 0.6454442557169887, 0.0651072771653286, 0.4570334856358076, 0.01414541446783566, 0.1210367908356139, 0.001012808400091072, 0.12417962305327039, 0.7053668512800456, 0.07276435685700507]
APTIDAO: 
69.07571377482145
GEN: 2800
Individuo: 
[1.188645245127558, 1.0884989277153672, 1.6306327502996205, 0.9031723222138651, 0.6454442557169887, 0.0651072771653286, 0.4570334856358076, 0.01414541446783566, 0.1210367908356139, 0.001012808400091072, 0.12417962305327039, 0.7053668512800456, 0.07276435685700507]
APTIDAO: 
69.07571377482145
GEN: 2900
Individuo: 
[1.188645245127558, 1.0884989277153672, 1.6306327502996205, 0.9031723222138651, 0.6454442557169887, 0.0651072771653286, 0.4570334856358076, 0.01414541446783566, 0.1210367908356139, 0.001012808400091072, 0.12417962305327039, 0.7053668512800456, 0.07276435685700507]
APTIDAO: 
69.07571377482145
GEN: 3000
Individuo: 
[1.188645245127558, 1.0852552028129279, 1.6306327502996205, 0.9031723222138651, 0.6454442557169887, 0.0651072771653286, 0.4570334856358076, 0.01414541446783566, 0.1210367908356139, 0.001012808400091072, 0.12417962305327039, 0.7053668512800456, 0.07276435685700507]
APTIDAO: 
69.07568829539572
GEN: 3100
Individuo: 
[1.188645245127558, 1.0852552028129279, 1.6306327502996205, 0.9031723222138651, 0.6454442557169887, 0.0651072771653286, 0.4570334856358076, 0.01414541446783566, 0.1210367908356139, 0.001012808400091072, 0.12417962305327039, 0.7053668512800456, 0.07276435685700507]
APTIDAO: 
69.07568829539572
GEN: 3200
Individuo: 
[1.188645245127558, 1.0870923879821357, 1.6306327502996205, 0.9031723222138651, 0.6454442557169887, 0.0651072771653286, 0.4570334856358076, 0.01414541446783566, 0.1210367908356139, 0.001012808400091072, 0.12417962305327039, 0.7053668512800456, 0.07276435685700507]
APTIDAO: 
69.07567719656403
GEN: 3300
Individuo: 
[1.188645245127558, 1.0870923879821357, 1.6306327502996205, 0.9031723222138651, 0.6454442557169887, 0.0651072771653286, 0.4570334856358076, 0.01414541446783566, 0.1210367908356139, 0.001012808400091072, 0.12417962305327039, 0.7053668512800456, 0.07276435685700507]
APTIDAO: 
69.07567719656403
GEN: 3400
Individuo: 
[1.188645245127558, 1.0870923879821357, 1.6306327502996205, 0.9031723222138651, 0.6454442557169887, 0.0651072771653286, 0.4570334856358076, 0.01414541446783566, 0.12106255911270623, 0.001012808400091072, 0.12417962305327039, 0.7053668512800456, 0.07276435685700507]
APTIDAO: 
69.07558679687584
GEN: 3500
Individuo: 
[1.188645245127558, 1.0870923879821357, 1.6306327502996205, 0.9031723222138651, 0.6454442557169887, 0.0651072771653286, 0.4570334856358076, 0.01414541446783566, 0.12106255911270623, 0.0010041923900220287, 0.12417962305327039, 0.7053668512800456, 0.07276435685700507]
APTIDAO: 
69.07556191629763
GEN: 3600
Individuo: 
[1.188645245127558, 1.0870923879821357, 1.6306327502996205, 0.9031723222138651, 0.6458979230439645, 0.0651072771653286, 0.4570334856358076, 0.01414541446783566, 0.12106255911270623, 0.0010041923900220287, 0.12417962305327039, 0.7053668512800456, 0.07276435685700507]
APTIDAO: 
69.07170353585461
GEN: 3700
Individuo: 
[1.188645245127558, 1.0805422869884986, 1.6306327502996205, 0.9031723222138651, 0.6458979230439645, 0.0651072771653286, 0.4570334856358076, 0.013775442098203151, 0.12106255911270623, 0.0010041923900220287, 0.12417962305327039, 0.7053668512800456, 0.07276435685700507]
APTIDAO: 
69.06734581447432
GEN: 3800
Individuo: 
[1.188645245127558, 1.0805422869884986, 1.6306327502996205, 0.9031723222138651, 0.6458979230439645, 0.0651072771653286, 0.4570334856358076, 0.013775442098203151, 0.12106255911270623, 0.0010041923900220287, 0.12417962305327039, 0.7053668512800456, 0.07276435685700507]
APTIDAO: 
69.06734581447432
GEN: 3900
Individuo: 
[1.188645245127558, 1.0805422869884986, 1.6306327502996205, 0.9031723222138651, 0.6458979230439645, 0.0651072771653286, 0.4570334856358076, 0.013775442098203151, 0.12106255911270623, 0.0010041923900220287, 0.12417962305327039, 0.7053668512800456, 0.07276435685700507]
APTIDAO: 
69.06734581447432
GEN: 4000
Individuo: 
[1.188645245127558, 1.0805422869884986, 1.6306327502996205, 0.9031723222138651, 0.6458979230439645, 0.0651072771653286, 0.4570334856358076, 0.013775442098203151, 0.12106255911270623, 0.0010041923900220287, 0.12417962305327039, 0.7061799523525004, 0.07276435685700507]
APTIDAO: 
69.06622933604474
GEN: 4100
Individuo: 
[1.188645245127558, 1.0805422869884986, 1.6306327502996205, 0.9031723222138651, 0.6458979230439645, 0.0651072771653286, 0.4570334856358076, 0.013775442098203151, 0.12106255911270623, 0.0010041923900220287, 0.12417962305327039, 0.7061799523525004, 0.07276435685700507]
APTIDAO: 
69.06622933604474
GEN: 4200
Individuo: 
[1.188645245127558, 1.0805422869884986, 1.6306327502996205, 0.9031723222138651, 0.6463991643670053, 0.0651072771653286, 0.4570334856358076, 0.013775442098203151, 0.12106255911270623, 0.0010041923900220287, 0.12417962305327039, 0.7061799523525004, 0.07276435685700507]
APTIDAO: 
69.05965574320003
GEN: 4300
Individuo: 
[1.188645245127558, 1.0805422869884986, 1.6306327502996205, 0.9031723222138651, 0.6463991643670053, 0.0651072771653286, 0.4570334856358076, 0.013775442098203151, 0.12106255911270623, 0.0010041923900220287, 0.12417962305327039, 0.7075260748653849, 0.07276435685700507]
APTIDAO: 
69.05565314178857
GEN: 4400
Individuo: 
[1.188645245127558, 1.0805422869884986, 1.6306327502996205, 0.9031723222138651, 0.6463991643670053, 0.0651072771653286, 0.4570334856358076, 0.013775442098203151, 0.12106255911270623, 0.0010041923900220287, 0.12417962305327039, 0.7075260748653849, 0.07276435685700507]
APTIDAO: 
69.05565314178857
GEN: 4500
Individuo: 
[1.188645245127558, 1.0805422869884986, 1.6306327502996205, 0.9031723222138651, 0.6463991643670053, 0.0651072771653286, 0.4570334856358076, 0.013775442098203151, 0.12106255911270623, 0.0010041923900220287, 0.12417962305327039, 0.7075260748653849, 0.07276435685700507]
APTIDAO: 
69.05565314178857
GEN: 4600
Individuo: 
[1.188645245127558, 1.0805422869884986, 1.6306327502996205, 0.9031723222138651, 0.6463991643670053, 0.0651072771653286, 0.4570334856358076, 0.013775442098203151, 0.12106255911270623, 0.0010041923900220287, 0.12417962305327039, 0.7075260748653849, 0.07276435685700507]
APTIDAO: 
69.05565314178857
GEN: 4700
Individuo: 
[1.188645245127558, 1.0805422869884986, 1.6306327502996205, 0.9031723222138651, 0.6463991643670053, 0.0651072771653286, 0.4570334856358076, 0.013775442098203151, 0.12106255911270623, 0.0010041923900220287, 0.12417962305327039, 0.7075260748653849, 0.07276435685700507]
APTIDAO: 
69.05565314178857
GEN: 4800
Individuo: 
[1.188645245127558, 1.0805422869884986, 1.6306327502996205, 0.9031723222138651, 0.6464086643361598, 0.0651072771653286, 0.4570334856358076, 0.013933997610006325, 0.12106255911270623, 0.0010041923900220287, 0.12417962305327039, 0.7075260748653849, 0.07276435685700507]
APTIDAO: 
69.0551423410111
GEN: 4900
Individuo: 
[1.188645245127558, 1.0805422869884986, 1.6306327502996205, 0.9031723222138651, 0.6464086643361598, 0.0651072771653286, 0.4570334856358076, 0.013895815790386816, 0.12106255911270623, 0.0010041923900220287, 0.12417962305327039, 0.7075260748653849, 0.07276435685700507]
APTIDAO: 
69.0550344694506
GEN: 5000
Individuo: 
[1.188645245127558, 1.083418577237552, 1.6306327502996205, 0.9031723222138651, 0.6464086643361598, 0.0651072771653286, 0.4570334856358076, 0.013895815790386816, 0.12106255911270623, 0.001003186547049752, 0.12417962305327039, 0.7075260748653849, 0.07276435685700507]
APTIDAO: 
69.0549922533659
GEN: 5100
Individuo: 
[1.188645245127558, 1.083418577237552, 1.6306327502996205, 0.9031723222138651, 0.6464086643361598, 0.0651072771653286, 0.4570334856358076, 0.013895815790386816, 0.12106255911270623, 0.001003186547049752, 0.12417962305327039, 0.7075260748653849, 0.07276435685700507]
APTIDAO: 
69.0549922533659
GEN: 5200
Individuo: 
[1.188645245127558, 1.0845433355652578, 1.6306327502996205, 0.9031723222138651, 0.6464086643361598, 0.0651072771653286, 0.4570334856358076, 0.013895815790386816, 0.12106255911270623, 0.001003186547049752, 0.12417962305327039, 0.7075260748653849, 0.07276435685700507]
APTIDAO: 
69.05498565015411
GEN: 5300
Individuo: 
[1.188645245127558, 1.0845433355652578, 1.6306327502996205, 0.9031723222138651, 0.6464086643361598, 0.0651072771653286, 0.4570334856358076, 0.013895815790386816, 0.12106255911270623, 0.001003186547049752, 0.12417962305327039, 0.7075260748653849, 0.07276435685700507]
APTIDAO: 
69.05498565015411
GEN: 5400
Individuo: 
[1.188645245127558, 1.0845433355652578, 1.6306327502996205, 0.9031723222138651, 0.6464086643361598, 0.0651072771653286, 0.4570334856358076, 0.013895815790386816, 0.12106255911270623, 0.001003186547049752, 0.12417962305327039, 0.7075260748653849, 0.07276435685700507]
APTIDAO: 
69.05498565015411
GEN: 5500
Individuo: 
[1.188645245127558, 1.0845433355652578, 1.6306327502996205, 0.9031723222138651, 0.6464086643361598, 0.0651072771653286, 0.4570334856358076, 0.013895815790386816, 0.12106255911270623, 0.001003186547049752, 0.12417962305327039, 0.7075260748653849, 0.07276435685700507]
APTIDAO: 
69.05498565015411
GEN: 5600
Individuo: 
[1.188645245127558, 1.0845433355652578, 1.6306327502996205, 0.9031723222138651, 0.6464086643361598, 0.0651072771653286, 0.4570334856358076, 0.013895815790386816, 0.12106255911270623, 0.001003186547049752, 0.1241801935092927, 0.7075260748653849, 0.07276435685700507]
APTIDAO: 
69.0549666470445
GEN: 5700
Individuo: 
[1.188645245127558, 1.0847075934269035, 1.6306327502996205, 0.9031723222138651, 0.6464086643361598, 0.0651072771653286, 0.4570334856358076, 0.013895815790386816, 0.12106255911270623, 0.001003186547049752, 0.1241801935092927, 0.7075260748653849, 0.07276435685700507]
APTIDAO: 
69.05496588657094
GEN: 5800
Individuo: 
[1.188645245127558, 1.0847075934269035, 1.6306327502996205, 0.9031723222138651, 0.6464086643361598, 0.0651072771653286, 0.4570334856358076, 0.013895815790386816, 0.12106255911270623, 0.001003186547049752, 0.1241801935092927, 0.7075260748653849, 0.07276435685700507]
APTIDAO: 
69.05496588657094
GEN: 5900
Individuo: 
[1.188645245127558, 1.0847075934269035, 1.6306327502996205, 0.9031723222138651, 0.6464086643361598, 0.0651072771653286, 0.4570334856358076, 0.013895815790386816, 0.12106255911270623, 0.001003186547049752, 0.12418874183324141, 0.7075260748653849, 0.07276435685700507]
APTIDAO: 
69.05468113196824
GEN: 6000
Individuo: 
[1.188645245127558, 1.0847075934269035, 1.6306327502996205, 0.9031723222138651, 0.6464086643361598, 0.0651072771653286, 0.4570334856358076, 0.013895815790386816, 0.12106255911270623, 0.001003186547049752, 0.12418874183324141, 0.7075260748653849, 0.07276435685700507]
APTIDAO: 
69.05468113196824
GEN: 6100
Individuo: 
[1.188645245127558, 1.0847075934269035, 1.6306327502996205, 0.9031723222138651, 0.6464086643361598, 0.0651072771653286, 0.4570334856358076, 0.013895815790386816, 0.12106255911270623, 0.001003186547049752, 0.12418874183324141, 0.7075260748653849, 0.07276435685700507]
APTIDAO: 
69.05468113196824
GEN: 6200
Individuo: 
[1.188645245127558, 1.0847075934269035, 1.6306327502996205, 0.9031723222138651, 0.6464086643361598, 0.0651072771653286, 0.4570334856358076, 0.013895815790386816, 0.12106255911270623, 0.001003186547049752, 0.12418874183324141, 0.7075260748653849, 0.07276435685700507]
APTIDAO: 
69.05468113196824
GEN: 6300
Individuo: 
[1.188645245127558, 1.0847075934269035, 1.6306327502996205, 0.9031723222138651, 0.6464086643361598, 0.0651072771653286, 0.4570334856358076, 0.013895815790386816, 0.12106255911270623, 0.001003186547049752, 0.12418874183324141, 0.7075260748653849, 0.07276435685700507]
APTIDAO: 
69.05468113196824
GEN: 6400
Individuo: 
[1.188645245127558, 1.0847075934269035, 1.6306327502996205, 0.9031723222138651, 0.6464086643361598, 0.0651072771653286, 0.4570334856358076, 0.013895815790386816, 0.12106255911270623, 0.001003186547049752, 0.12418874183324141, 0.7075260748653849, 0.07276435685700507]
APTIDAO: 
69.05468113196824
GEN: 6500
Individuo: 
[1.188645245127558, 1.0847075934269035, 1.6306327502996205, 0.9031723222138651, 0.6464086643361598, 0.0651072771653286, 0.4570334856358076, 0.013895815790386816, 0.12106255911270623, 0.001003186547049752, 0.12418874183324141, 0.7075260748653849, 0.07276435685700507]
APTIDAO: 
69.05468113196824
GEN: 6600
Individuo: 
[1.188645245127558, 1.0847075934269035, 1.6306327502996205, 0.9031723222138651, 0.6464086643361598, 0.0651072771653286, 0.4570334856358076, 0.013895815790386816, 0.12106255911270623, 0.0014086907258170555, 0.12460581981372923, 0.7074511382827572, 0.07276435685700507]
APTIDAO: 
69.05220694321982
GEN: 6700
Individuo: 
[1.188645245127558, 1.0834912168050468, 1.6306327502996205, 0.9137864395666996, 0.6464086643361598, 0.0651072771653286, 0.4570334856358076, 0.013895815790386816, 0.12106255911270623, 0.0014086907258170555, 0.12460581981372923, 0.7074511382827572, 0.07276435685700507]
APTIDAO: 
69.05126174742215
GEN: 6800
Individuo: 
[1.188645245127558, 1.0834912168050468, 1.6306327502996205, 0.9137864395666996, 0.6464086643361598, 0.0651072771653286, 0.4570334856358076, 0.013895815790386816, 0.12106255911270623, 0.0014086907258170555, 0.12460581981372923, 0.7074511382827572, 0.07276435685700507]
APTIDAO: 
69.05126174742215
GEN: 6900
Individuo: 
[1.188645245127558, 1.0834912168050468, 1.6306327502996205, 0.9137864395666996, 0.6464086643361598, 0.0651072771653286, 0.4570334856358076, 0.013895815790386816, 0.12106255911270623, 0.0014086907258170555, 0.12460581981372923, 0.7074511382827572, 0.07276435685700507]
APTIDAO: 
69.05126174742215
GEN: 7000
Individuo: 
[1.188645245127558, 1.0834912168050468, 1.6306327502996205, 0.9137864395666996, 0.6464086643361598, 0.0651072771653286, 0.4570334856358076, 0.013895815790386816, 0.12106255911270623, 0.0014140284142407655, 0.12460581981372923, 0.7074511382827572, 0.07276435685700507]
APTIDAO: 
69.05123947141641
GEN: 7100
Individuo: 
[1.188645245127558, 1.0834912168050468, 1.6306327502996205, 0.9137864395666996, 0.6464086643361598, 0.0651072771653286, 0.4570334856358076, 0.013895815790386816, 0.12106255911270623, 0.0014532896415425246, 0.12460581981372923, 0.7074511382827572, 0.07276435685700507]
APTIDAO: 
69.05121576913987
GEN: 7200
Individuo: 
[1.188645245127558, 1.0834912168050468, 1.6306327502996205, 0.9137864395666996, 0.6464086643361598, 0.0651072771653286, 0.4570334856358076, 0.013895815790386816, 0.12106255911270623, 0.0014664194686976573, 0.12460581981372923, 0.7074511382827572, 0.07276435685700507]
APTIDAO: 
69.05121327473258
GEN: 7300
Individuo: 
[1.188645245127558, 1.0834912168050468, 1.6306327502996205, 0.9137864395666996, 0.6464086643361598, 0.0651072771653286, 0.4570334856358076, 0.013895815790386816, 0.12106255911270623, 0.0014664194686976573, 0.12460581981372923, 0.7074511382827572, 0.07276435685700507]
APTIDAO: 
69.05121327473258
GEN: 7400
Individuo: 
[1.188645245127558, 1.0834912168050468, 1.6306327502996205, 0.9137864395666996, 0.6464086643361598, 0.0651072771653286, 0.4570334856358076, 0.013895815790386816, 0.12106255911270623, 0.0014664194686976573, 0.12460581981372923, 0.7074511382827572, 0.07276435685700507]
APTIDAO: 
69.05121327473258
GEN: 7500
Individuo: 
[1.188645245127558, 1.0834912168050468, 1.6306327502996205, 0.9137864395666996, 0.6464086643361598, 0.0651072771653286, 0.4570334856358076, 0.013895815790386816, 0.12106255911270623, 0.0014664194686976573, 0.12460581981372923, 0.7074511382827572, 0.07276435685700507]
APTIDAO: 
69.05121327473258
GEN: 7600
Individuo: 
[1.188645245127558, 1.0834912168050468, 1.6306327502996205, 0.9137864395666996, 0.6464086643361598, 0.0651072771653286, 0.4570334856358076, 0.013895815790386816, 0.12106255911270623, 0.0012894495192171396, 0.12460581981372923, 0.7080842390803701, 0.07276435685700507]
APTIDAO: 
69.0510541969785
GEN: 7700
Individuo: 
[1.188645245127558, 1.0834912168050468, 1.6306327502996205, 0.9137864395666996, 0.6464086643361598, 0.0651072771653286, 0.4570334856358076, 0.013895815790386816, 0.12106255911270623, 0.0013910589092909758, 0.12460581981372923, 0.7080842390803701, 0.07276435685700507]
APTIDAO: 
69.05086447058996
GEN: 7800
Individuo: 
[1.188645245127558, 1.0834912168050468, 1.6306327502996205, 0.9137864395666996, 0.6464086643361598, 0.0651072771653286, 0.4570334856358076, 0.013895815790386816, 0.12106255911270623, 0.0013910589092909758, 0.12460581981372923, 0.7080842390803701, 0.07276435685700507]
APTIDAO: 
69.05086447058996
GEN: 7900
Individuo: 
[1.188645245127558, 1.0834912168050468, 1.6306327502996205, 0.9137864395666996, 0.6464086643361598, 0.0651072771653286, 0.4570334856358076, 0.013895815790386816, 0.12106255911270623, 0.00135671995020176, 0.12460581981372923, 0.7080842390803701, 0.07276435685700507]
APTIDAO: 
69.05085330965329
GEN: 8000
Individuo: 
[1.188645245127558, 1.0834912168050468, 1.6306327502996205, 0.9133589714445816, 0.6464086643361598, 0.0651072771653286, 0.4570334856358076, 0.013895815790386816, 0.12106255911270623, 0.001361019648753757, 0.12460581981372923, 0.7080842390803701, 0.07276435685700507]
APTIDAO: 
69.05084561760049
GEN: 8100
Individuo: 
[1.188645245127558, 1.0834912168050468, 1.6306327502996205, 0.9133589714445816, 0.6464086643361598, 0.0651072771653286, 0.4570334856358076, 0.013825498124471095, 0.12106255911270623, 0.001361019648753757, 0.12460581981372923, 0.7080842390803701, 0.07276435685700507]
APTIDAO: 
69.0507875683109
GEN: 8200
Individuo: 
[1.188645245127558, 1.0834912168050468, 1.6306327502996205, 0.9133589714445816, 0.6464086643361598, 0.0651072771653286, 0.4570334856358076, 0.013825498124471095, 0.12106255911270623, 0.001361019648753757, 0.12460581981372923, 0.7080842390803701, 0.07276435685700507]
APTIDAO: 
69.0507875683109
GEN: 8300
Individuo: 
[1.188645245127558, 1.0834912168050468, 1.6306327502996205, 0.9133589714445816, 0.6464086643361598, 0.0651072771653286, 0.4570334856358076, 0.013825498124471095, 0.12106255911270623, 0.001361019648753757, 0.12460581981372923, 0.7080842390803701, 0.07276435685700507]
APTIDAO: 
69.0507875683109
GEN: 8400
Individuo: 
[1.188645245127558, 1.0834912168050468, 1.6306327502996205, 0.9133589714445816, 0.6464086643361598, 0.0651072771653286, 0.4570334856358076, 0.013825498124471095, 0.12106255911270623, 0.001361019648753757, 0.12460581981372923, 0.7080842390803701, 0.07276435685700507]
APTIDAO: 
69.0507875683109
GEN: 8500
Individuo: 
[1.188645245127558, 1.0834912168050468, 1.6306327502996205, 0.9133589714445816, 0.6464086643361598, 0.0651072771653286, 0.4570334856358076, 0.013825498124471095, 0.12106255911270623, 0.001361019648753757, 0.12460581981372923, 0.7080842390803701, 0.07276435685700507]
APTIDAO: 
69.0507875683109
GEN: 8600
Individuo: 
[1.188645245127558, 1.0834912168050468, 1.6306327502996205, 0.9133589714445816, 0.6464086643361598, 0.0651072771653286, 0.4570334856358076, 0.013857006002822305, 0.12106255911270623, 0.001361019648753757, 0.12460581981372923, 0.7080842390803701, 0.07276435685700507]
APTIDAO: 
69.05076691405091
GEN: 8700
Individuo: 
[1.188645245127558, 1.0834912168050468, 1.6306327502996205, 0.9133589714445816, 0.6464086643361598, 0.0651072771653286, 0.4570334856358076, 0.013857006002822305, 0.12106255911270623, 0.0013849519300317126, 0.12460581981372923, 0.7080842390803701, 0.07276435685700507]
APTIDAO: 
69.05075967835046
GEN: 8800
Individuo: 
[1.188645245127558, 1.0834912168050468, 1.6306327502996205, 0.9133589714445816, 0.6464086643361598, 0.0651072771653286, 0.4570334856358076, 0.013857006002822305, 0.12106255911270623, 0.0013849519300317126, 0.12460581981372923, 0.7080842390803701, 0.07276435685700507]
APTIDAO: 
69.05075967835046
GEN: 8900
Individuo: 
[1.188645245127558, 1.0834912168050468, 1.6306327502996205, 0.9133589714445816, 0.6464086643361598, 0.0651072771653286, 0.4570334856358076, 0.013857006002822305, 0.12106255911270623, 0.0013849519300317126, 0.12460581981372923, 0.7080842390803701, 0.07276435685700507]
APTIDAO: 
69.05075967835046
GEN: 9000
Individuo: 
[1.188645245127558, 1.0834912168050468, 1.6306327502996205, 0.9133589714445816, 0.6464086643361598, 0.0651072771653286, 0.4570334856358076, 0.013857006002822305, 0.12106255911270623, 0.0013839080030142114, 0.12460581981372923, 0.7080842390803701, 0.07276435685700507]
APTIDAO: 
69.05075954425516
GEN: 9100
Individuo: 
[1.188645245127558, 1.0834912168050468, 1.6306327502996205, 0.9133589714445816, 0.6464086643361598, 0.0651072771653286, 0.4570334856358076, 0.013857006002822305, 0.12106255911270623, 0.0012195791097866714, 0.12460581981372923, 0.7090706186917832, 0.07276435685700507]
APTIDAO: 
69.05033054473822
GEN: 9200
Individuo: 
[1.188645245127558, 1.0834912168050468, 1.6306327502996205, 0.9133589714445816, 0.6464086643361598, 0.0651072771653286, 0.4570334856358076, 0.013857006002822305, 0.12106255911270623, 0.0012482973232817455, 0.12460581981372923, 0.7090706186917832, 0.07276435685700507]
APTIDAO: 
69.05031296275016
GEN: 9300
Individuo: 
[1.188645245127558, 1.0834912168050468, 1.6306327502996205, 0.9133589714445816, 0.6477428169172267, 0.0651072771653286, 0.4570334856358076, 0.013529345149225092, 0.12106255911270623, 0.0012482973232817455, 0.12460581981372923, 0.7090706186917832, 0.07276435685700507]
APTIDAO: 
69.03267842372091
GEN: 9400
Individuo: 
[1.188645245127558, 1.0834912168050468, 1.6306327502996205, 0.9133589714445816, 0.6477428169172267, 0.0651072771653286, 0.4570334856358076, 0.013529345149225092, 0.12106255911270623, 0.0012793329010802358, 0.12460581981372923, 0.7090706186917832, 0.07276435685700507]
APTIDAO: 
69.03264546901062
GEN: 9500
Individuo: 
[1.188645245127558, 1.0834912168050468, 1.6306327502996205, 0.9133589714445816, 0.6474279082003919, 0.0651072771653286, 0.4570334856358076, 0.013505859440478503, 0.12106255911270623, 0.0012629058142815256, 0.12460581981372923, 0.7113405725446639, 0.07276435685700507]
APTIDAO: 
69.02822953323856
GEN: 9600
Individuo: 
[1.188645245127558, 1.0834912168050468, 1.6306327502996205, 0.9133589714445816, 0.6474279082003919, 0.0651072771653286, 0.4570334856358076, 0.013505859440478503, 0.12106255911270623, 0.0010000929113709851, 0.12460581981372923, 0.7113405725446639, 0.07276435685700507]
APTIDAO: 
69.02685381225304
GEN: 9700
Individuo: 
[1.188645245127558, 1.0834912168050468, 1.6306327502996205, 0.9133589714445816, 0.6474279082003919, 0.0651072771653286, 0.4576585738428439, 0.013505859440478503, 0.12106255911270623, 0.0010000929113709851, 0.12460581981372923, 0.7113405725446639, 0.07276435685700507]
APTIDAO: 
69.01174452103345
GEN: 9800
Individuo: 
[1.188645245127558, 1.0834912168050468, 1.6306327502996205, 0.9133589714445816, 0.6474279082003919, 0.0651072771653286, 0.4576585738428439, 0.01315307348777767, 0.12106255911270623, 0.0010000929113709851, 0.12460581981372923, 0.7113405725446639, 0.07276435685700507]
APTIDAO: 
69.00721665090603
GEN: 9900
Individuo: 
[1.188645245127558, 1.0834912168050468, 1.6306327502996205, 0.9133589714445816, 0.6474279082003919, 0.0651072771653286, 0.4576585738428439, 0.048566339768018274, 0.15360163016207085, 0.0014508345958195341, 0.12460581981372923, 0.7113405725446639, 0.07276435685700507]
APTIDAO: 
68.9207229220038
GEN: 10000
Individuo: 
[1.188645245127558, 1.2856151821623043, 1.729930840573066, 0.9133589714445816, 0.6474279082003919, 0.0651072771653286, 0.4576585738428439, 0.048566339768018274, 0.15360163016207085, 0.001060041711300399, 0.12460581981372923, 0.7113405725446639, 0.07276435685700507]
APTIDAO: 
68.85369466805844

--- RESULTADO FINAL ---
Erro (norma-1): 68.85369466805844
Parâmetros: [1.188645245127558, 1.2856151821623043, 1.729930840573066, 0.9133589714445816, 0.6474279082003919, 0.0651072771653286, 0.4576585738428439, 0.048566339768018274, 0.15360163016207085, 0.001060041711300399, 0.12460581981372923, 0.7113405725446639, 0.07276435685700507]
Tempo total: 00h 46m 26s
