SEED: 1778663936
METODO: ABCD_MM
IND_SIZE: 15
GEN: 0
Individuo: 
[0.4819923175999281, 0.5948467888055414, 3.503141240166792, 1.4372500786372056, 0.8559958937800412, 0.8804899602899995, 0.5239980780375952, 0.23780255506420192, 9.300722148109742, 9.127940237910384, 4.3995575957430715, 9.905773131500172, 3.371682175072718, 3.6328270654524433, 2.6971482322941767]
APTIDAO: 
168.71940825547776
GEN: 100
Individuo: 
[0.49740944731045, 0.22679929617427477, 4.400691598871662, 4.744688328067235, 0.8559958937800412, 0.8316797262562746, 0.9899363320312268, 0.43494979749559476, 9.300722148109742, 1.39882034066298, 2.9897863657132504, 5.547334164286592, 3.371682175072718, 3.6328270654524433, 1.4122423946322304]
APTIDAO: 
28.88726615774504
GEN: 200
Individuo: 
[0.49740944731045, 0.24888025574948855, 4.400691598871662, 4.744688328067235, 0.8559958937800412, 0.8316797262562746, 0.9899363320312268, 0.42826745532175214, 9.191836874649375, 1.397100893490575, 2.9897863657132504, 5.547334164286592, 3.371682175072718, 3.6328270654524433, 1.4122423946322304]
APTIDAO: 
28.35627685116775
GEN: 300
Individuo: 
[0.42322203796077434, 0.24888025574948855, 4.400691598871662, 4.744688328067235, 0.8559958937800412, 0.8274401894787687, 0.9899363320312268, 0.4267408857423933, 9.191836874649375, 1.397100893490575, 2.9897863657132504, 5.3987174896874315, 3.371682175072718, 3.6328270654524433, 1.4122423946322304]
APTIDAO: 
28.166884008574435
GEN: 400
Individuo: 
[0.42322203796077434, 0.24888025574948855, 4.400691598871662, 4.744688328067235, 0.8559958937800412, 0.8274401894787687, 0.9899363320312268, 0.41686858560588175, 9.438212021564283, 1.397100893490575, 3.063837439610244, 4.84661417050247, 3.371682175072718, 3.6604874109655183, 1.4122423946322304]
APTIDAO: 
27.30629180468831
GEN: 500
Individuo: 
[0.4236295815980799, 0.2645552306428656, 4.400691598871662, 4.746859709466986, 0.8559958937800412, 0.8274401894787687, 0.9899363320312268, 0.41452232806565925, 9.438212021564283, 1.397100893490575, 3.063837439610244, 5.001585746337508, 3.371682175072718, 3.6604874109655183, 1.4107725969277596]
APTIDAO: 
27.0554348775067
GEN: 600
Individuo: 
[0.5007407623987339, 0.25497845652762335, 4.400691598871662, 4.746859709466986, 0.8559958937800412, 0.8246234401579041, 0.9899363320312268, 0.41452232806565925, 9.19430811803086, 1.397100893490575, 3.063837439610244, 5.001585746337508, 3.371682175072718, 3.6604874109655183, 1.4512021456621176]
APTIDAO: 
26.952967559471666
GEN: 700
Individuo: 
[0.5007407623987339, 0.25497845652762335, 4.400691598871662, 4.746859709466986, 0.8559958937800412, 0.8246234401579041, 0.9899363320312268, 0.41452232806565925, 9.160641501468405, 1.397100893490575, 3.063837439610244, 5.001585746337508, 3.371682175072718, 3.6604874109655183, 1.4512021456621176]
APTIDAO: 
26.951628815122024
GEN: 800
Individuo: 
[0.5007407623987339, 0.25395303510053896, 4.400691598871662, 4.746859709466986, 0.8559958937800412, 0.8246234401579041, 0.9899363320312268, 0.408601760402949, 9.160641501468405, 1.397100893490575, 3.063837439610244, 5.001585746337508, 3.381295183322305, 3.6604874109655183, 1.4512021456621176]
APTIDAO: 
26.81802678203869
GEN: 900
Individuo: 
[0.6121915266501251, 0.25395303510053896, 4.414221194447161, 4.743626785257805, 0.8559958937800412, 0.8246234401579041, 0.9899363320312268, 0.40693960815957886, 9.160641501468405, 1.397100893490575, 3.063837439610244, 4.759873570460897, 3.371682175072718, 3.6604874109655183, 1.4512021456621176]
APTIDAO: 
26.47855175682681
GEN: 1000
Individuo: 
[0.6121915266501251, 0.25395303510053896, 4.414221194447161, 4.743626785257805, 0.8559958937800412, 0.8246234401579041, 0.9899363320312268, 0.40693960815957886, 9.160641501468405, 1.397100893490575, 3.1120729075246945, 4.820112964101628, 3.371682175072718, 3.751802514051849, 1.4512021456621176]
APTIDAO: 
26.19739676090031
GEN: 1100
Individuo: 
[0.6121915266501251, 0.25395303510053896, 4.414221194447161, 4.743626785257805, 0.8559958937800412, 0.8246234401579041, 0.9961107564067103, 0.40693960815957886, 9.155758812188486, 1.397100893490575, 3.1120729075246945, 4.772934762226881, 3.371682175072718, 3.880569595138515, 1.4512021456621176]
APTIDAO: 
26.094999325074703
GEN: 1200
Individuo: 
[0.5939246499972449, 0.25395303510053896, 4.466808746917001, 4.743626785257805, 0.8559958937800412, 0.8246234401579041, 0.9961107564067103, 0.40693960815957886, 9.183417710267763, 1.397100893490575, 3.1840839881631697, 4.772934762226881, 3.371682175072718, 3.880569595138515, 1.4512021456621176]
APTIDAO: 
25.854735057289155
GEN: 1300
Individuo: 
[0.5939246499972449, 0.25395303510053896, 4.466808746917001, 4.757540631353307, 0.8559958937800412, 0.8246234401579041, 0.9961107564067103, 0.40434270603185773, 9.183417710267763, 1.397100893490575, 3.1840839881631697, 4.772934762226881, 3.371682175072718, 3.9242400310641155, 1.4512021456621176]
APTIDAO: 
25.705116791554495
GEN: 1400
Individuo: 
[0.5840676056838353, 0.25395303510053896, 4.466808746917001, 4.757540631353307, 0.8559958937800412, 0.8246234401579041, 0.9961107564067103, 0.40434270603185773, 9.087655719549996, 1.397100893490575, 3.1840839881631697, 4.772934762226881, 3.371682175072718, 3.9242400310641155, 1.4740274763041337]
APTIDAO: 
25.666576802700625
GEN: 1500
Individuo: 
[0.5840676056838353, 0.25395303510053896, 4.486530719030768, 4.757540631353307, 0.8559958937800412, 0.8246234401579041, 0.9961107564067103, 0.40434270603185773, 6.421304122846313, 1.397100893490575, 3.1840839881631697, 4.770454693165761, 3.683031862090178, 3.9242400310641155, 1.4740274763041337]
APTIDAO: 
25.638847865565513
GEN: 1600
Individuo: 
[0.5791484054028608, 0.25395303510053896, 4.486530719030768, 4.757540631353307, 0.8559958937800412, 0.8246234401579041, 0.9961107564067103, 0.40434270603185773, 6.421304122846313, 1.397100893490575, 3.1840839881631697, 4.770454693165761, 3.683031862090178, 3.9952760961139013, 1.4740274763041337]
APTIDAO: 
25.614577741443565
GEN: 1700
Individuo: 
[0.5791484054028608, 0.25395303510053896, 4.4867803463857525, 4.757540631353307, 0.8559958937800412, 0.8246234401579041, 0.9961107564067103, 0.40434270603185773, 6.421304122846313, 1.397100893490575, 3.222893625951703, 4.770454693165761, 3.683031862090178, 3.9952760961139013, 1.4740274763041337]
APTIDAO: 
25.52426546142452
GEN: 1800
Individuo: 
[0.5791484054028608, 0.25395303510053896, 4.515182526277251, 4.757540631353307, 0.8559958937800412, 0.8246234401579041, 0.9961107564067103, 0.40434270603185773, 6.31167601912317, 1.397100893490575, 3.222893625951703, 4.770454693165761, 3.7037200404373998, 3.9952760961139013, 1.4740274763041337]
APTIDAO: 
25.493524449309103
GEN: 1900
Individuo: 
[0.5791484054028608, 0.25395303510053896, 4.515182526277251, 4.757540631353307, 0.8559958937800412, 0.8129995942950883, 0.9961107564067103, 0.40434270603185773, 6.144463902518269, 1.397100893490575, 3.222893625951703, 4.65173086542978, 3.7037200404373998, 3.9952760961139013, 1.442139363418729]
APTIDAO: 
25.360801383893527
GEN: 2000
Individuo: 
[0.5791484054028608, 0.25395303510053896, 4.515182526277251, 4.757540631353307, 0.8559958937800412, 0.8129995942950883, 0.9961107564067103, 0.40434270603185773, 6.144463902518269, 1.397100893490575, 3.2327403778380033, 4.65173086542978, 3.7037200404373998, 3.9952760961139013, 1.442139363418729]
APTIDAO: 
25.333530256847926
GEN: 2100
Individuo: 
[0.5791484054028608, 0.25395303510053896, 4.515182526277251, 4.737205655477745, 0.8559958937800412, 0.8129995942950883, 0.9961107564067103, 0.40434270603185773, 6.144463902518269, 1.397100893490575, 3.2638171482341423, 4.65173086542978, 3.7037200404373998, 4.048662687527818, 1.442139363418729]
APTIDAO: 
25.25457276588844
GEN: 2200
Individuo: 
[0.5791484054028608, 0.25395303510053896, 4.515182526277251, 4.737205655477745, 0.8559958937800412, 0.8129995942950883, 0.9927274755290982, 0.40434270603185773, 6.144463902518269, 1.397100893490575, 3.2638171482341423, 4.65173086542978, 3.7037200404373998, 4.048662687527818, 1.442139363418729]
APTIDAO: 
25.254476195180814
GEN: 2300
Individuo: 
[0.5791484054028608, 0.25395303510053896, 4.521254084413452, 4.737205655477745, 0.8559958937800412, 0.8129995942950883, 0.9927274755290982, 0.40434270603185773, 6.144463902518269, 1.397100893490575, 3.2668660969683985, 4.65173086542978, 3.7037200404373998, 4.065780429385639, 1.442139363418729]
APTIDAO: 
25.236899640889327
GEN: 2400
Individuo: 
[0.5791484054028608, 0.25395303510053896, 4.521254084413452, 4.737205655477745, 0.8559958937800412, 0.8129995942950883, 0.9927274755290982, 0.40434270603185773, 6.144463902518269, 1.397100893490575, 3.279606047856757, 4.586269420469364, 3.7037200404373998, 4.065780429385639, 1.442139363418729]
APTIDAO: 
25.184967801834006
GEN: 2500
Individuo: 
[0.5791484054028608, 0.25395303510053896, 4.531886166641901, 4.737205655477745, 0.8559958937800412, 0.8129995942950883, 0.9927274755290982, 0.39595784598528094, 6.4096458799720315, 1.397100893490575, 3.279606047856757, 4.4479398431706985, 3.7037200404373998, 4.005029521048995, 1.442139363418729]
APTIDAO: 
24.720797302121532
GEN: 2600
Individuo: 
[0.6543322789464987, 0.25395303510053896, 4.531886166641901, 4.737205655477745, 0.8559958937800412, 0.8129995942950883, 0.9927274755290982, 0.39595784598528094, 6.4096458799720315, 1.397100893490575, 3.279606047856757, 4.408365621108313, 3.7037200404373998, 4.019317416121784, 1.442139363418729]
APTIDAO: 
24.644829063126156
GEN: 2700
Individuo: 
[0.9042779240180258, 0.28131296925884924, 4.531886166641901, 4.737205655477745, 0.0010034832670815933, 0.8129995942950883, 0.9955845239363235, 0.39595784598528094, 7.4570806850381395, 1.397100893490575, 3.279606047856757, 4.408365621108313, 2.692024627719159, 4.100305113456827, 1.442139363418729]
APTIDAO: 
23.92831923953393
GEN: 2800
Individuo: 
[0.9042779240180258, 0.28131296925884924, 4.535814104206299, 4.737205655477745, 0.0010034832670815933, 0.8129995942950883, 0.9955845239363235, 0.39595784598528094, 2.778645839744286, 1.397100893490575, 3.279606047856757, 4.393520382191205, 2.692024627719159, 4.100305113456827, 1.442139363418729]
APTIDAO: 
23.915922788679598
GEN: 2900
Individuo: 
[0.9909738117592984, 0.27021973300197466, 4.535814104206299, 4.737205655477745, 0.0010034832670815933, 0.8129995942950883, 0.9955845239363235, 0.39595784598528094, 8.434117383104441, 1.397100893490575, 3.279606047856757, 4.393520382191205, 2.692024627719159, 4.100305113456827, 1.442139363418729]
APTIDAO: 
23.797396496903716
GEN: 3000
Individuo: 
[0.9909738117592984, 0.27925450915827965, 4.52711796406827, 4.737205655477745, 0.0010034832670815933, 0.8129995942950883, 0.9955845239363235, 0.39431486044459113, 3.385540727640253, 1.3975215819077875, 3.279606047856757, 4.316486001597546, 2.692024627719159, 4.100305113456827, 1.442139363418729]
APTIDAO: 
23.691719982915895
GEN: 3100
Individuo: 
[0.9909738117592984, 0.2767530701187901, 4.593881205621436, 4.732820368181157, 0.0010034832670815933, 0.8140522264730586, 0.9955845239363235, 0.39431486044459113, 1.1306433924798933, 1.3975215819077875, 3.3483424240456303, 4.316486001597546, 2.692024627719159, 4.237397324509351, 1.442139363418729]
APTIDAO: 
23.44257913634373
GEN: 3200
Individuo: 
[0.9909738117592984, 0.2767530701187901, 4.593881205621436, 4.732820368181157, 0.0010034832670815933, 0.8140522264730586, 0.9955845239363235, 0.39431486044459113, 1.0215779149617377, 1.3975215819077875, 3.3708433810473055, 4.316486001597546, 2.692024627719159, 4.231847315257742, 1.442139363418729]
APTIDAO: 
23.362184862969748
GEN: 3300
Individuo: 
[0.9909738117592984, 0.271622653870613, 4.593881205621436, 4.732820368181157, 0.0010034832670815933, 0.8140522264730586, 0.9955845239363235, 0.3942824122929078, 1.0215779149617377, 1.3975215819077875, 3.3708433810473055, 4.316486001597546, 2.692024627719159, 4.231847315257742, 1.442139363418729]
APTIDAO: 
23.350327301903576
GEN: 3400
Individuo: 
[0.9909738117592984, 0.271622653870613, 4.593881205621436, 4.732820368181157, 0.0010034832670815933, 0.8139513693156406, 0.9958069653152457, 0.3942824122929078, 1.0072066457314341, 1.3975215819077875, 3.3708433810473055, 4.277105873142036, 2.692024627719159, 4.231847315257742, 1.442139363418729]
APTIDAO: 
23.329349397203675
GEN: 3500
Individuo: 
[0.9909738117592984, 0.271622653870613, 4.593881205621436, 4.732820368181157, 0.0010034832670815933, 0.8139513693156406, 0.9958069653152457, 0.3942824122929078, 1.0072066457314341, 1.3975215819077875, 3.3708433810473055, 4.2785632809737075, 2.692024627719159, 4.231847315257742, 1.442139363418729]
APTIDAO: 
23.328992012796714
GEN: 3600
Individuo: 
[0.9988029388696271, 0.266865108422546, 4.617895897266671, 4.732820368181157, 0.0010034832670815933, 0.8139513693156406, 0.9958069653152457, 0.3942824122929078, 1.0072066457314341, 1.3975215819077875, 3.3731273512185584, 4.2785632809737075, 2.692024627719159, 4.231847315257742, 1.442139363418729]
APTIDAO: 
23.28488027747798
GEN: 3700
Individuo: 
[0.9988029388696271, 0.266865108422546, 4.617895897266671, 4.732820368181157, 0.002421502517615142, 0.8139513693156406, 0.9958069653152457, 0.3942824122929078, 1.0036657177893658, 1.3975215819077875, 3.3731273512185584, 4.2785632809737075, 2.692024627719159, 4.231847315257742, 1.442139363418729]
APTIDAO: 
23.283152550152465
GEN: 3800
Individuo: 
[0.9988029388696271, 0.266865108422546, 4.617895897266671, 4.732820368181157, 0.011620567766526913, 0.8139513693156406, 0.9958069653152457, 0.3936652363021888, 1.1153130966041818, 1.3859229130689334, 3.3731273512185584, 4.2785632809737075, 2.683871309181179, 4.231847315257742, 1.442139363418729]
APTIDAO: 
23.176482880643775
GEN: 3900
Individuo: 
[0.9988029388696271, 0.26662521331152506, 4.617895897266671, 4.732820368181157, 0.011620567766526913, 0.8139513693156406, 0.9958069653152457, 0.3936652363021888, 1.1153130966041818, 1.3859229130689334, 3.3731273512185584, 4.2785632809737075, 2.683871309181179, 4.231847315257742, 1.442139363418729]
APTIDAO: 
23.17615038502357
GEN: 4000
Individuo: 
[0.9988029388696271, 0.26662521331152506, 4.617895897266671, 4.732820368181157, 0.011702347225473033, 0.8139513693156406, 0.9958069653152457, 0.3936652363021888, 1.1153130966041818, 1.3859229130689334, 3.3731273512185584, 4.2785632809737075, 2.683871309181179, 4.231847315257742, 1.442139363418729]
APTIDAO: 
23.17610624215517
GEN: 4100
Individuo: 
[0.9988029388696271, 0.26662521331152506, 4.617895897266671, 4.732820368181157, 0.011702347225473033, 0.8139513693156406, 0.9958069653152457, 0.3936652363021888, 1.1153130966041818, 1.3859229130689334, 3.3731273512185584, 4.2785632809737075, 2.683871309181179, 4.231847315257742, 1.442139363418729]
APTIDAO: 
23.17610624215517
GEN: 4200
Individuo: 
[0.9988029388696271, 0.26662521331152506, 4.617895897266671, 4.732820368181157, 0.011702347225473033, 0.8139513693156406, 0.9958069653152457, 0.3936652363021888, 1.1153130966041818, 1.3859229130689334, 3.3731273512185584, 4.2785632809737075, 2.683871309181179, 4.231847315257742, 1.442139363418729]
APTIDAO: 
23.17610624215517
GEN: 4300
Individuo: 
[0.9988029388696271, 0.2646528260580427, 4.617895897266671, 4.741476243294467, 0.022616314560450677, 0.8139513693156406, 0.9958069653152457, 0.3928893560231539, 1.534024660284244, 1.3859229130689334, 3.3731273512185584, 4.2785632809737075, 2.683871309181179, 4.231847315257742, 1.442139363418729]
APTIDAO: 
23.12533617582262
GEN: 4400
Individuo: 
[0.9988029388696271, 0.2646528260580427, 4.617895897266671, 4.741476243294467, 0.02260257400797104, 0.8139513693156406, 0.9958069653152457, 0.3928893560231539, 1.534024660284244, 1.3859229130689334, 3.3731273512185584, 4.2785632809737075, 2.683871309181179, 4.231847315257742, 1.442139363418729]
APTIDAO: 
23.125334793144823
GEN: 4500
Individuo: 
[0.9988029388696271, 0.2646528260580427, 4.617895897266671, 4.741476243294467, 0.02260257400797104, 0.8139513693156406, 0.9958069653152457, 0.3928893560231539, 1.612215596552114, 1.3859229130689334, 3.3767992245641048, 4.2785632809737075, 2.683871309181179, 4.231847315257742, 1.442139363418729]
APTIDAO: 
23.115475515428823
GEN: 4600
Individuo: 
[0.9988029388696271, 0.2646528260580427, 4.617895897266671, 4.741476243294467, 0.02260257400797104, 0.8139513693156406, 0.9958069653152457, 0.3928893560231539, 1.612215596552114, 1.3859229130689334, 3.3767992245641048, 4.272599608843981, 2.683871309181179, 4.231847315257742, 1.442139363418729]
APTIDAO: 
23.113265123479398
GEN: 4700
Individuo: 
[0.9988029388696271, 0.2646528260580427, 4.617895897266671, 4.741476243294467, 0.02260257400797104, 0.8139513693156406, 0.9958069653152457, 0.3928893560231539, 1.581100057197264, 1.3859229130689334, 3.3767992245641048, 4.272599608843981, 2.683871309181179, 4.231847315257742, 1.442139363418729]
APTIDAO: 
23.113155346563794
GEN: 4800
Individuo: 
[0.9988029388696271, 0.2646528260580427, 4.637147509401772, 4.741476243294467, 0.022291578208035193, 0.8139513693156406, 0.9958069653152457, 0.3928893560231539, 1.581100057197264, 1.3859229130689334, 3.3767992245641048, 4.272599608843981, 2.683871309181179, 4.231847315257742, 1.442139363418729]
APTIDAO: 
23.10715569314779
GEN: 4900
Individuo: 
[0.9988029388696271, 0.2646528260580427, 4.637147509401772, 4.741476243294467, 0.029557756385100206, 0.8139513693156406, 0.9958069653152457, 0.3928893560231539, 1.581100057197264, 1.3859229130689334, 3.3767992245641048, 4.272599608843981, 2.683871309181179, 4.231847315257742, 1.442139363418729]
APTIDAO: 
23.105273694516196
GEN: 5000
Individuo: 
[0.9988029388696271, 0.2646528260580427, 4.637147509401772, 4.741476243294467, 0.029557756385100206, 0.8139513693156406, 0.9958069653152457, 0.3928893560231539, 1.5534386425422477, 1.3859229130689334, 3.3767992245641048, 4.272599608843981, 2.683871309181179, 4.231847315257742, 1.442139363418729]
APTIDAO: 
23.105150085202716
GEN: 5100
Individuo: 
[0.9988029388696271, 0.2646528260580427, 4.637147509401772, 4.741476243294467, 0.027266855616268293, 0.8139513693156406, 0.9965309433331777, 0.3928893560231539, 1.6309679561965758, 1.3859229130689334, 3.383353367010301, 4.272599608843981, 2.683871309181179, 4.263930036429473, 1.442139363418729]
APTIDAO: 
23.076248017728005
GEN: 5200
Individuo: 
[0.9988029388696271, 0.2646528260580427, 4.637147509401772, 4.741476243294467, 0.032832218094083106, 0.8139513693156406, 0.9965309433331777, 0.3928893560231539, 1.5837194488626656, 1.3859229130689334, 3.383353367010301, 4.272599608843981, 2.683871309181179, 4.263930036429473, 1.442139363418729]
APTIDAO: 
23.07473893274062
GEN: 5300
Individuo: 
[0.9988029388696271, 0.2646528260580427, 4.637147509401772, 4.741476243294467, 0.027586711170359816, 0.8139513693156406, 0.9973211734931178, 0.3928893560231539, 1.5837194488626656, 1.3859229130689334, 3.383353367010301, 4.272599608843981, 2.683871309181179, 4.263930036429473, 1.442139363418729]
APTIDAO: 
23.064624703181305
GEN: 5400
Individuo: 
[0.9988029388696271, 0.2631727972763561, 4.637147509401772, 4.741476243294467, 0.025901455568043623, 0.8139513693156406, 0.9973211734931178, 0.3928893560231539, 1.5262251740876396, 1.3859229130689334, 3.383353367010301, 4.272599608843981, 2.683871309181179, 4.263930036429473, 1.442139363418729]
APTIDAO: 
23.0612566725002
GEN: 5500
Individuo: 
[0.9988029388696271, 0.2631727972763561, 4.637147509401772, 4.741476243294467, 0.023389754343381138, 0.8139513693156406, 0.9973211734931178, 0.3928893560231539, 1.5262251740876396, 1.3859229130689334, 3.383353367010301, 4.272599608843981, 2.683871309181179, 4.263930036429473, 1.442139363418729]
APTIDAO: 
23.06110617531322
GEN: 5600
Individuo: 
[0.9988029388696271, 0.2631727972763561, 4.655104112539597, 4.741476243294467, 0.020297957721758977, 0.8139513693156406, 0.9973211734931178, 0.3928893560231539, 1.46692477118632, 1.3859229130689334, 3.383353367010301, 4.272599608843981, 2.682179019536132, 4.263930036429473, 1.442139363418729]
APTIDAO: 
23.05869829045252
GEN: 5700
Individuo: 
[0.9988029388696271, 0.2594628027159907, 4.655104112539597, 4.741476243294467, 0.013156931522820216, 0.8139513693156406, 0.9973211734931178, 0.3928893560231539, 1.4487329817639314, 1.3859229130689334, 3.383353367010301, 4.272599608843981, 2.682179019536132, 4.263930036429473, 1.442139363418729]
APTIDAO: 
23.051649098409225
GEN: 5800
Individuo: 
[0.9898274777261815, 0.2594628027159907, 4.682676147499583, 4.741476243294467, 0.0017886779204858223, 0.8139513693156406, 0.9973211734931178, 0.39223190995029306, 1.3035491649679187, 1.3859229130689334, 3.39583953219533, 4.272599608843981, 2.682179019536132, 4.263930036429473, 1.442139363418729]
APTIDAO: 
22.975419377644858
GEN: 5900
Individuo: 
[0.9898274777261815, 0.2594628027159907, 4.682676147499583, 4.741476243294467, 0.0019321361803550073, 0.8139513693156406, 0.9973211734931178, 0.39223190995029306, 1.3035491649679187, 1.3859229130689334, 3.39583953219533, 4.272599608843981, 2.682179019536132, 4.263930036429473, 1.442139363418729]
APTIDAO: 
22.975412035760048
GEN: 6000
Individuo: 
[0.9898274777261815, 0.2594628027159907, 4.682676147499583, 4.741476243294467, 0.0027672101969732047, 0.8139513693156406, 0.9973211734931178, 0.39223190995029306, 1.3035491649679187, 1.3859229130689334, 3.39583953219533, 4.272599608843981, 2.682179019536132, 4.279581224319965, 1.442139363418729]
APTIDAO: 
22.972938784593534
GEN: 6100
Individuo: 
[0.9898274777261815, 0.2594628027159907, 4.682676147499583, 4.741476243294467, 0.0037574021414188545, 0.8139513693156406, 0.9973211734931178, 0.39223190995029306, 1.4188960581519947, 1.3859229130689334, 3.400441507106189, 4.272599608843981, 2.682179019536132, 4.279581224319965, 1.442139363418729]
APTIDAO: 
22.95820515068242
GEN: 6200
Individuo: 
[1.0007914924968042, 0.2594628027159907, 4.682676147499583, 4.741476243294467, 0.0011056702465916017, 0.8139513693156406, 0.9973211734931178, 0.39223190995029306, 1.132432400525603, 1.3859229130689334, 3.400441507106189, 4.272599608843981, 2.682179019536132, 4.279581224319965, 1.442139363418729]
APTIDAO: 
22.94765523115262
GEN: 6300
Individuo: 
[1.0007914924968042, 0.2594628027159907, 4.682676147499583, 4.741476243294467, 0.0017175331811903132, 0.8139513693156406, 0.9973211734931178, 0.3913539343668635, 8.406487230956582, 1.3859229130689334, 3.400441507106189, 4.272599608843981, 2.682179019536132, 4.279581224319965, 1.442139363418729]
APTIDAO: 
22.935946976311044
GEN: 6400
Individuo: 
[1.0007914924968042, 0.2594628027159907, 4.682676147499583, 4.741476243294467, 0.010555971361488089, 0.8086202609937629, 0.9973211734931178, 0.3913539343668635, 1.1189158920616518, 1.3859229130689334, 3.400441507106189, 4.240212053659475, 2.682179019536132, 4.279581224319965, 1.442139363418729]
APTIDAO: 
22.90053189073747
GEN: 6500
Individuo: 
[1.0007914924968042, 0.2594628027159907, 4.682676147499583, 4.741476243294467, 0.0149500409775387, 0.8086202609937629, 0.9973211734931178, 0.3913539343668635, 1.1924496651346173, 1.3859229130689334, 3.400441507106189, 4.240212053659475, 2.682179019536132, 4.279581224319965, 1.4400619544247573]
APTIDAO: 
22.893626786028634
GEN: 6600
Individuo: 
[1.0007914924968042, 0.2594628027159907, 4.682676147499583, 4.741476243294467, 0.014786543961352016, 0.8086202609937629, 0.9973211734931178, 0.3913539343668635, 1.1924496651346173, 1.3859229130689334, 3.400441507106189, 4.240212053659475, 2.682179019536132, 4.279581224319965, 1.4400619544247573]
APTIDAO: 
22.893555638535013
GEN: 6700
Individuo: 
[1.0007914924968042, 0.2594628027159907, 4.682676147499583, 4.741476243294467, 0.014786543961352016, 0.8086202609937629, 0.9973211734931178, 0.3913539343668635, 1.1924496651346173, 1.3859229130689334, 3.400441507106189, 4.240212053659475, 2.682179019536132, 4.279581224319965, 1.4400619544247573]
APTIDAO: 
22.893555638535013
GEN: 6800
Individuo: 
[1.0007914924968042, 0.2594628027159907, 4.682676147499583, 4.741476243294467, 0.014786543961352016, 0.8086202609937629, 0.9973211734931178, 0.3913539343668635, 1.1924496651346173, 1.3859229130689334, 3.400441507106189, 4.240212053659475, 2.682179019536132, 4.279581224319965, 1.4400619544247573]
APTIDAO: 
22.893555638535013
GEN: 6900
Individuo: 
[1.0007914924968042, 0.2594628027159907, 4.682676147499583, 4.741476243294467, 0.00869649946070513, 0.8086202609937629, 0.9973211734931178, 0.389654369219386, 1.2936522786968274, 1.3859229130689334, 3.404564353679659, 4.207063188743165, 2.682179019536132, 4.279581224319965, 1.4400619544247573]
APTIDAO: 
22.795551601285965
GEN: 7000
Individuo: 
[0.9997894886818084, 0.2594628027159907, 4.682676147499583, 4.741476243294467, 0.00869649946070513, 0.8086202609937629, 0.9973211734931178, 0.389654369219386, 1.3049691648229793, 1.3859229130689334, 3.404564353679659, 4.207063188743165, 2.682179019536132, 4.279581224319965, 1.4400619544247573]
APTIDAO: 
22.794135491694917
GEN: 7100
Individuo: 
[0.9997894886818084, 0.2594628027159907, 4.682676147499583, 4.741476243294467, 0.00857418301700498, 0.8086202609937629, 0.9973211734931178, 0.389654369219386, 1.3049691648229793, 1.3859229130689334, 3.404564353679659, 4.207063188743165, 2.682179019536132, 4.279581224319965, 1.4400619544247573]
APTIDAO: 
22.7941205737256
GEN: 7200
Individuo: 
[0.9997894886818084, 0.2594628027159907, 4.682676147499583, 4.741476243294467, 0.00857418301700498, 0.8086202609937629, 0.9973211734931178, 0.389654369219386, 1.3049691648229793, 1.3859229130689334, 3.404564353679659, 4.207063188743165, 2.682179019536132, 4.279581224319965, 1.4400619544247573]
APTIDAO: 
22.7941205737256
GEN: 7300
Individuo: 
[0.9997894886818084, 0.2594628027159907, 4.682676147499583, 4.741476243294467, 0.00857418301700498, 0.8086202609937629, 0.9973211734931178, 0.389654369219386, 1.3049691648229793, 1.3859229130689334, 3.404564353679659, 4.207063188743165, 2.682179019536132, 4.279581224319965, 1.4400619544247573]
APTIDAO: 
22.7941205737256
GEN: 7400
Individuo: 
[0.9997894886818084, 0.2594628027159907, 4.682676147499583, 4.741476243294467, 0.00857428669240035, 0.8086202609937629, 0.9973211734931178, 0.389654369219386, 1.3049691648229793, 1.3859229130689334, 3.404564353679659, 4.207063188743165, 2.682179019536132, 4.279581224319965, 1.4400619544247573]
APTIDAO: 
22.794120082719168
GEN: 7500
Individuo: 
[0.9997894886818084, 0.2594628027159907, 4.682676147499583, 4.741476243294467, 0.00857428669240035, 0.8086202609937629, 0.9973211734931178, 0.389654369219386, 1.3049691648229793, 1.3859229130689334, 3.404564353679659, 4.207063188743165, 2.682179019536132, 4.279581224319965, 1.4400619544247573]
APTIDAO: 
22.794120082719168
GEN: 7600
Individuo: 
[0.9997894886818084, 0.2594628027159907, 4.682676147499583, 4.741476243294467, 0.00857428669240035, 0.8086202609937629, 0.9973211734931178, 0.389654369219386, 1.3049691648229793, 1.3859229130689334, 3.404564353679659, 4.207063188743165, 2.682179019536132, 4.279581224319965, 1.4400619544247573]
APTIDAO: 
22.794120082719168
GEN: 7700
Individuo: 
[0.9997894886818084, 0.2594628027159907, 4.682676147499583, 4.741476243294467, 0.00857428669240035, 0.8086202609937629, 0.9973211734931178, 0.389654369219386, 1.3049691648229793, 1.3859229130689334, 3.404564353679659, 4.207063188743165, 2.682179019536132, 4.279581224319965, 1.4400619544247573]
APTIDAO: 
22.794120082719168
GEN: 7800
Individuo: 
[0.9997894886818084, 0.2594628027159907, 4.682676147499583, 4.741476243294467, 0.00857428669240035, 0.8086202609937629, 0.9973211734931178, 0.389654369219386, 1.3049691648229793, 1.3859229130689334, 3.404564353679659, 4.207063188743165, 2.682179019536132, 4.279581224319965, 1.4400619544247573]
APTIDAO: 
22.794120082719168
GEN: 7900
Individuo: 
[0.9997894886818084, 0.2594628027159907, 4.682676147499583, 4.741476243294467, 0.00857428669240035, 0.8086202609937629, 0.9973211734931178, 0.389654369219386, 1.3049691648229793, 1.3859229130689334, 3.404564353679659, 4.207063188743165, 2.682179019536132, 4.279581224319965, 1.4400619544247573]
APTIDAO: 
22.794120082719168
GEN: 8000
Individuo: 
[0.9997894886818084, 0.2594628027159907, 4.682676147499583, 4.741476243294467, 0.006263225643681988, 0.8086202609937629, 0.9973211734931178, 0.389654369219386, 1.312919996018664, 1.3812977227740635, 3.4169374139559396, 4.207063188743165, 2.682179019536132, 4.279581224319965, 1.4400619544247573]
APTIDAO: 
22.77877494223054
GEN: 8100
Individuo: 
[0.9997894886818084, 0.2594628027159907, 4.682676147499583, 4.741476243294467, 0.012823565486858014, 0.8086202609937629, 0.9973211734931178, 0.389654369219386, 1.246363009066592, 1.3812977227740635, 3.4169374139559396, 4.207063188743165, 2.682179019536132, 4.279581224319965, 1.4400619544247573]
APTIDAO: 
22.764410714202477
GEN: 8200
Individuo: 
[0.9997894886818084, 0.2594628027159907, 4.682676147499583, 4.741476243294467, 0.01302042048989204, 0.8086202609937629, 0.9973211734931178, 0.389654369219386, 1.246363009066592, 1.3812977227740635, 3.4169374139559396, 4.207063188743165, 2.682179019536132, 4.291097699835736, 1.4400619544247573]
APTIDAO: 
22.738448688420135
GEN: 8300
Individuo: 
[0.9997808611713427, 0.2594628027159907, 4.682676147499583, 4.741476243294467, 0.01302042048989204, 0.8086202609937629, 0.9973211734931178, 0.389654369219386, 1.246363009066592, 1.3812977227740635, 3.4169374139559396, 4.207063188743165, 2.682179019536132, 4.291097699835736, 1.4400619544247573]
APTIDAO: 
22.738437279982875
GEN: 8400
Individuo: 
[0.9997808611713427, 0.2594628027159907, 4.682676147499583, 4.741476243294467, 0.01289708966985223, 0.8086202609937629, 0.9973211734931178, 0.389654369219386, 1.246363009066592, 1.3812977227740635, 3.4169374139559396, 4.207063188743165, 2.682179019536132, 4.291097699835736, 1.4400619544247573]
APTIDAO: 
22.738422328846784
GEN: 8500
Individuo: 
[0.9997808611713427, 0.2594628027159907, 4.682676147499583, 4.741476243294467, 0.0037915122542970755, 0.8126210866958884, 0.9973211734931178, 0.389654369219386, 1.19249625424572, 1.3812977227740635, 3.4169374139559396, 4.207063188743165, 2.682179019536132, 4.315809933436284, 1.4400619544247573]
APTIDAO: 
22.727962462878054
GEN: 8600
Individuo: 
[0.9997808611713427, 0.2594628027159907, 4.682676147499583, 4.741476243294467, 0.0028928914900533597, 0.8126210866958884, 0.9973211734931178, 0.389654369219386, 1.19249625424572, 1.3812977227740635, 3.4169374139559396, 4.207063188743165, 2.682179019536132, 4.315809933436284, 1.4400619544247573]
APTIDAO: 
22.727737939653803
GEN: 8700
Individuo: 
[0.9997808611713427, 0.2594628027159907, 4.682676147499583, 4.741476243294467, 0.0010029364291200124, 0.8126210866958884, 0.9973211734931178, 0.389654369219386, 1.19249625424572, 1.3812977227740635, 3.4358252970806014, 4.207063188743165, 2.682179019536132, 4.315809933436284, 1.4400619544247573]
APTIDAO: 
22.71748941445105
GEN: 8800
Individuo: 
[0.9997808611713427, 0.2594628027159907, 4.682676147499583, 4.741476243294467, 0.0010029364291200124, 0.8126210866958884, 0.9973211734931178, 0.389654369219386, 1.2716297450582428, 1.3812977227740635, 3.4358252970806014, 4.207063188743165, 2.682179019536132, 4.315809933436284, 1.4400619544247573]
APTIDAO: 
22.717480983521735
GEN: 8900
Individuo: 
[0.9997808611713427, 0.2594628027159907, 4.685523229107006, 4.741476243294467, 0.0011378137297353538, 0.8126210866958884, 0.9973211734931178, 0.389654369219386, 1.2716297450582428, 1.3812977227740635, 3.4358252970806014, 4.207063188743165, 2.682179019536132, 4.315809933436284, 1.4400619544247573]
APTIDAO: 
22.713459498782434
GEN: 9000
Individuo: 
[0.9997808611713427, 0.2621805250475632, 4.685523229107006, 4.741476243294467, 0.0046450653045989115, 0.8126210866958884, 0.9973211734931178, 0.389654369219386, 1.0955477854452962, 1.3812977227740635, 3.4358252970806014, 4.207063188743165, 2.682179019536132, 4.385106012051789, 1.4400619544247573]
APTIDAO: 
22.677406325733013
GEN: 9100
Individuo: 
[0.9997808611713427, 0.2620256515086162, 4.685523229107006, 4.741476243294467, 0.0037276670989900987, 0.8126210866958884, 0.9973211734931178, 0.389654369219386, 1.0895216149681224, 1.3799101616116145, 3.4745208990636094, 4.207063188743165, 2.682179019536132, 4.385106012051789, 1.4400619544247573]
APTIDAO: 
22.661217595140883
GEN: 9200
Individuo: 
[0.9997808611713427, 0.2620256515086162, 4.739640531985377, 4.741476243294467, 0.005179164185660924, 0.8126210866958884, 0.9945042960354991, 0.389654369219386, 1.0895216149681224, 1.3799101616116145, 3.4745208990636094, 4.207063188743165, 2.682179019536132, 4.385106012051789, 1.4400619544247573]
APTIDAO: 
22.597641105864845
GEN: 9300
Individuo: 
[0.9997808611713427, 0.2620256515086162, 4.739640531985377, 4.741476243294467, 0.007119609561936543, 0.8126210866958884, 0.9945042960354991, 0.389654369219386, 1.0276793845657695, 1.378139877055299, 3.4745208990636094, 4.207063188743165, 2.682179019536132, 4.4014342361664145, 1.4400619544247573]
APTIDAO: 
22.585644306579738
GEN: 9400
Individuo: 
[0.9997808611713427, 0.2620256515086162, 4.739640531985377, 4.741476243294467, 0.006976886998357269, 0.8126210866958884, 0.9945042960354991, 0.389654369219386, 1.0193950045347342, 1.378139877055299, 3.4745208990636094, 4.207063188743165, 2.682179019536132, 4.4014342361664145, 1.4400619544247573]
APTIDAO: 
22.585616489153303
GEN: 9500
Individuo: 
[0.9997808611713427, 0.25482922938569974, 4.739640531985377, 4.741476243294467, 0.006976886998357269, 0.81120142264572, 0.9945042960354991, 0.389654369219386, 1.0290506845274088, 1.378139877055299, 3.4745208990636094, 4.207063188743165, 2.682179019536132, 4.4014342361664145, 1.4400619544247573]
APTIDAO: 
22.52876932835551
GEN: 9600
Individuo: 
[0.9997808611713427, 0.25482922938569974, 4.739640531985377, 4.741476243294467, 0.006976886998357269, 0.81120142264572, 0.9945042960354991, 0.389654369219386, 1.0290506845274088, 1.378139877055299, 3.4745208990636094, 4.207063188743165, 2.682179019536132, 4.4014342361664145, 1.4400619544247573]
APTIDAO: 
22.52876932835551
GEN: 9700
Individuo: 
[0.9997808611713427, 0.25482922938569974, 4.739640531985377, 4.741476243294467, 0.006976886998357269, 0.81120142264572, 0.9945042960354991, 0.389654369219386, 1.0290506845274088, 1.378139877055299, 3.4745208990636094, 4.207063188743165, 2.682179019536132, 4.4014342361664145, 1.4400619544247573]
APTIDAO: 
22.52876932835551
GEN: 9800
Individuo: 
[0.9997808611713427, 0.25482922938569974, 4.739640531985377, 4.741476243294467, 0.006976886998357269, 0.81120142264572, 0.9945042960354991, 0.389654369219386, 1.0290506845274088, 1.378139877055299, 3.4745208990636094, 4.207063188743165, 2.682179019536132, 4.4014342361664145, 1.4400619544247573]
APTIDAO: 
22.52876932835551
GEN: 9900
Individuo: 
[0.9997808611713427, 0.25482922938569974, 4.739640531985377, 4.741476243294467, 0.006976886998357269, 0.81120142264572, 0.9945042960354991, 0.389654369219386, 1.0290506845274088, 1.378139877055299, 3.4745208990636094, 4.207063188743165, 2.682179019536132, 4.4014342361664145, 1.4400619544247573]
APTIDAO: 
22.52876932835551
GEN: 10000
Individuo: 
[0.9997808611713427, 0.25482922938569974, 4.739640531985377, 4.741476243294467, 0.006976886998357269, 0.81120142264572, 0.9945042960354991, 0.389654369219386, 1.0290506845274088, 1.378139877055299, 3.4880489848471794, 4.207063188743165, 2.682179019536132, 4.4014342361664145, 1.4400619544247573]
APTIDAO: 
22.513923020112447

--- RESULTADO FINAL ---
Erro (norma-1): 22.513923020112447
Parâmetros: [0.9997808611713427, 0.25482922938569974, 4.739640531985377, 4.741476243294467, 0.006976886998357269, 0.81120142264572, 0.9945042960354991, 0.389654369219386, 1.0290506845274088, 1.378139877055299, 3.4880489848471794, 4.207063188743165, 2.682179019536132, 4.4014342361664145, 1.4400619544247573]
Tempo total: 01h 00m 02s
