SEED: 1778578247
METODO: ABCD_MM
IND_SIZE: 11
GEN: 0
Individuo: 
[2.5955871405188398, 3.756030327880936, 1.0244259468618293, 2.0963025429112774, 0.8128909906144908, 0.8601183940087471, 0.7319282550150025, 0.17591353232630128, 2.2185072688818845, 4.337088265996407, 8.765028279134786]
APTIDAO: 
378.4519832807163
GEN: 100
Individuo: 
[0.9920891205570671, 1.5173387824877866, 1.0244259468618293, 1.8549304474591568, 0.7928709913920985, 0.8601183940087471, 0.7669743957461547, 0.022496779613986426, 3.935490933383643, 1.245557777382596, 7.076445519203009]
APTIDAO: 
41.48841001848695
GEN: 200
Individuo: 
[0.9920891205570671, 1.572440216091804, 0.9149826423595038, 1.8549304474591568, 0.7928709913920985, 0.8739887240558282, 0.7669743957461547, 0.022496779613986426, 3.935490933383643, 1.2626528661671261, 7.233800605772068]
APTIDAO: 
41.18755289215023
GEN: 300
Individuo: 
[0.9920891205570671, 1.572440216091804, 1.0059418283164168, 1.8549304474591568, 0.7928709913920985, 0.8739887240558282, 0.7694184553650162, 0.022496779613986426, 3.935490933383643, 1.2626528661671261, 7.26510315109979]
APTIDAO: 
41.1543927617751
GEN: 400
Individuo: 
[0.9920891205570671, 1.572440216091804, 0.9655387600428025, 1.8549304474591568, 0.7928709913920985, 0.8739887240558282, 0.7694184553650162, 0.022496779613986426, 3.935490933383643, 1.2659418615190308, 7.26510315109979]
APTIDAO: 
41.14876907568206
GEN: 500
Individuo: 
[0.9920891205570671, 1.572440216091804, 0.9631547715660538, 1.8549304474591568, 0.8088326224366259, 0.8739887240558282, 0.7694184553650162, 0.022496779613986426, 3.935490933383643, 1.2647331243074622, 7.372954839193293]
APTIDAO: 
41.09934828885902
GEN: 600
Individuo: 
[1.003130031005543, 1.572440216091804, 0.9631547715660538, 1.8549304474591568, 0.8088326224366259, 0.8739887240558282, 0.7694184553650162, 0.022496779613986426, 3.935490933383643, 1.2647331243074622, 7.372954839193293]
APTIDAO: 
41.097420941449826
GEN: 700
Individuo: 
[1.003130031005543, 1.5695269245447505, 1.1390500219158806, 1.8549304474591568, 0.8088326224366259, 0.8887991159330318, 0.7694184553650162, 0.03358237337635116, 3.935490933383643, 1.269251980861326, 5.146528611173143]
APTIDAO: 
39.256922809095364
GEN: 800
Individuo: 
[1.003130031005543, 1.5695269245447505, 1.1390500219158806, 1.7332141794682694, 0.8088326224366259, 0.892075857929918, 0.7694184553650162, 0.03358237337635116, 3.935490933383643, 1.269251980861326, 5.146528611173143]
APTIDAO: 
39.247914216017044
GEN: 900
Individuo: 
[1.003130031005543, 1.5445167378913687, 1.0980002203178905, 1.816557133463972, 0.8088326224366259, 0.892075857929918, 0.7694184553650162, 0.03358237337635116, 3.935490933383643, 1.269251980861326, 5.146528611173143]
APTIDAO: 
39.24103861395765
GEN: 1000
Individuo: 
[1.003130031005543, 1.5513470070430326, 1.0980002203178905, 1.816557133463972, 0.8088326224366259, 0.892075857929918, 0.7721832566892763, 0.03358237337635116, 3.935490933383643, 1.269251980861326, 5.146528611173143]
APTIDAO: 
39.23971636075409
GEN: 1100
Individuo: 
[1.003130031005543, 1.5513470070430326, 1.0980002203178905, 1.816557133463972, 0.8088326224366259, 0.8889640087296728, 0.7721832566892763, 0.03358237337635116, 3.935490933383643, 1.269251980861326, 5.146528611173143]
APTIDAO: 
39.23837083584972
GEN: 1200
Individuo: 
[1.003130031005543, 1.5574153215269386, 1.0980002203178905, 1.816557133463972, 0.8088326224366259, 0.8889640087296728, 0.7721832566892763, 0.03358237337635116, 3.935490933383643, 1.269251980861326, 5.146528611173143]
APTIDAO: 
39.238102178510445
GEN: 1300
Individuo: 
[1.003130031005543, 1.5758061891749877, 1.0980002203178905, 1.816557133463972, 0.8088326224366259, 0.8889640087296728, 0.7721832566892763, 0.03358237337635116, 3.935490933383643, 1.270851879820653, 5.146528611173143]
APTIDAO: 
39.234991907489736
GEN: 1400
Individuo: 
[1.003130031005543, 1.5758061891749877, 1.0980002203178905, 1.816557133463972, 0.8088326224366259, 0.8889640087296728, 0.7721832566892763, 0.03358237337635116, 3.935490933383643, 1.270851879820653, 5.146528611173143]
APTIDAO: 
39.234991907489736
GEN: 1500
Individuo: 
[1.003130031005543, 1.5758061891749877, 1.0900447236147273, 1.816557133463972, 0.8088326224366259, 0.8889640087296728, 0.7721832566892763, 0.03358237337635116, 3.935490933383643, 1.270851879820653, 5.146528611173143]
APTIDAO: 
39.23470082766385
GEN: 1600
Individuo: 
[1.003130031005543, 1.5758061891749877, 1.0900447236147273, 1.816557133463972, 0.8088326224366259, 0.8889640087296728, 0.7721832566892763, 0.03358237337635116, 3.935490933383643, 1.270851879820653, 5.146528611173143]
APTIDAO: 
39.23470082766385
GEN: 1700
Individuo: 
[1.003130031005543, 1.5758061891749877, 1.0900447236147273, 1.816557133463972, 0.8088326224366259, 0.8899467957712468, 0.7721832566892763, 0.03358237337635116, 3.935490933383643, 1.270851879820653, 5.146528611173143]
APTIDAO: 
39.23464698990863
GEN: 1800
Individuo: 
[1.003130031005543, 1.5758061891749877, 1.0984252575034639, 1.816557133463972, 0.8088326224366259, 0.8899467957712468, 0.7721832566892763, 0.03358237337635116, 3.935490933383643, 1.270851879820653, 5.146528611173143]
APTIDAO: 
39.2344300790116
GEN: 1900
Individuo: 
[1.003130031005543, 1.5758061891749877, 1.0984252575034639, 1.816557133463972, 0.8088326224366259, 0.8902599334310598, 0.7721832566892763, 0.03358237337635116, 3.935490933383643, 1.270851879820653, 5.146528611173143]
APTIDAO: 
39.23432049367776
GEN: 2000
Individuo: 
[0.9961041454746503, 1.5758061891749877, 1.0984252575034639, 1.8043964450072087, 0.8088326224366259, 0.8902599334310598, 0.7721832566892763, 0.03358237337635116, 3.935490933383643, 1.270877831734671, 5.146528611173143]
APTIDAO: 
39.23346085959106
GEN: 2100
Individuo: 
[0.9961041454746503, 1.5758061891749877, 1.0889572857161154, 1.8043964450072087, 0.8088326224366259, 0.8902599334310598, 0.7721832566892763, 0.03358237337635116, 3.935490933383643, 1.270877831734671, 5.146528611173143]
APTIDAO: 
39.23344930940952
GEN: 2200
Individuo: 
[0.9961041454746503, 1.5758061891749877, 1.0889572857161154, 1.8043964450072087, 0.8088326224366259, 0.8902599334310598, 0.7721832566892763, 0.03358237337635116, 3.935490933383643, 1.270877831734671, 5.146528611173143]
APTIDAO: 
39.23344930940952
GEN: 2300
Individuo: 
[0.9961041454746503, 1.5758061891749877, 1.093928410393559, 1.8043964450072087, 0.8088326224366259, 0.8902599334310598, 0.7721832566892763, 0.03358237337635116, 3.935490933383643, 1.2716950501280881, 5.146528611173143]
APTIDAO: 
39.23288205187548
GEN: 2400
Individuo: 
[0.9961041454746503, 1.5758061891749877, 1.093928410393559, 1.8043964450072087, 0.8088326224366259, 0.8902599334310598, 0.7721832566892763, 0.03358237337635116, 3.935490933383643, 1.2716950501280881, 5.146528611173143]
APTIDAO: 
39.23288205187548
GEN: 2500
Individuo: 
[0.9961041454746503, 1.5758061891749877, 1.093928410393559, 1.8043964450072087, 0.8088326224366259, 0.8902599334310598, 0.7721832566892763, 0.03358237337635116, 3.935490933383643, 1.2716950501280881, 5.146528611173143]
APTIDAO: 
39.23288205187548
GEN: 2600
Individuo: 
[0.9961041454746503, 1.5758061891749877, 1.093928410393559, 1.8043964450072087, 0.8088326224366259, 0.8918481247965685, 0.7721832566892763, 0.03358237337635116, 3.935490933383643, 1.2716950501280881, 5.146528611173143]
APTIDAO: 
39.23236846109862
GEN: 2700
Individuo: 
[0.9961041454746503, 1.5758061891749877, 1.093928410393559, 1.8043964450072087, 0.8088326224366259, 0.8918481247965685, 0.7721832566892763, 0.03358237337635116, 3.935490933383643, 1.2716950501280881, 5.146528611173143]
APTIDAO: 
39.23236846109862
GEN: 2800
Individuo: 
[0.9961041454746503, 1.5758061891749877, 1.093928410393559, 1.8043964450072087, 0.8088326224366259, 0.8918481247965685, 0.7721832566892763, 0.03358237337635116, 3.935490933383643, 1.2716950501280881, 5.146528611173143]
APTIDAO: 
39.23236846109862
GEN: 2900
Individuo: 
[0.9992878634901897, 1.5758061891749877, 1.093928410393559, 1.8043964450072087, 0.8088326224366259, 0.8918481247965685, 0.7721832566892763, 0.03358237337635116, 3.935490933383643, 1.2716950501280881, 5.146528611173143]
APTIDAO: 
39.22812570237033
GEN: 3000
Individuo: 
[0.9992878634901897, 1.5758061891749877, 1.093928410393559, 1.8043964450072087, 0.8088326224366259, 0.8918481247965685, 0.7721832566892763, 0.03358237337635116, 3.935490933383643, 1.2716950501280881, 5.146528611173143]
APTIDAO: 
39.22812570237033
GEN: 3100
Individuo: 
[0.9992878634901897, 1.5758061891749877, 1.093928410393559, 1.8043964450072087, 0.80794070611915, 0.8918481247965685, 0.7721832566892763, 0.03358237337635116, 3.935490933383643, 1.2716950501280881, 5.146528611173143]
APTIDAO: 
39.22778353601513
GEN: 3200
Individuo: 
[0.9992878634901897, 1.5758061891749877, 1.093928410393559, 1.8043964450072087, 0.80794070611915, 0.8918481247965685, 0.7721832566892763, 0.03358237337635116, 3.935490933383643, 1.2726664804360788, 5.146528611173143]
APTIDAO: 
39.227775972449386
GEN: 3300
Individuo: 
[0.9992878634901897, 1.5758061891749877, 1.093928410393559, 1.8043964450072087, 0.80794070611915, 0.8918481247965685, 0.7721832566892763, 0.03358237337635116, 3.935490933383643, 1.2726664804360788, 5.146528611173143]
APTIDAO: 
39.227775972449386
GEN: 3400
Individuo: 
[0.9992878634901897, 1.5758061891749877, 1.093928410393559, 1.8043964450072087, 0.80794070611915, 0.8918481247965685, 0.7721832566892763, 0.03358237337635116, 3.935490933383643, 1.2726664804360788, 5.146528611173143]
APTIDAO: 
39.227775972449386
GEN: 3500
Individuo: 
[0.9992878634901897, 1.5758061891749877, 1.093928410393559, 1.8043964450072087, 0.80794070611915, 0.8918481247965685, 0.7721832566892763, 0.03358237337635116, 3.935490933383643, 1.2726664804360788, 5.146528611173143]
APTIDAO: 
39.227775972449386
GEN: 3600
Individuo: 
[0.9992878634901897, 1.5758061891749877, 1.093928410393559, 1.8043964450072087, 0.80794070611915, 0.8918481247965685, 0.7721832566892763, 0.03373411737798641, 3.935490933383643, 1.2726664804360788, 5.146528611173143]
APTIDAO: 
39.22262826007878
GEN: 3700
Individuo: 
[0.9992878634901897, 1.5758061891749877, 1.093928410393559, 1.8043964450072087, 0.812343535302164, 0.8918481247965685, 0.7740520512823652, 0.03373411737798641, 3.935490933383643, 1.2726664804360788, 5.146528611173143]
APTIDAO: 
39.20827523980311
GEN: 3800
Individuo: 
[0.9992878634901897, 1.5758061891749877, 1.093928410393559, 1.7963938680584788, 0.812343535302164, 0.8918481247965685, 0.7740520512823652, 0.03373411737798641, 3.935490933383643, 1.2726664804360788, 5.146528611173143]
APTIDAO: 
39.20820025636671
GEN: 3900
Individuo: 
[0.9992878634901897, 1.5758061891749877, 1.093928410393559, 1.7963938680584788, 0.812343535302164, 0.8918481247965685, 0.7740520512823652, 0.03373411737798641, 3.935490933383643, 1.2726664804360788, 5.146528611173143]
APTIDAO: 
39.20820025636671
GEN: 4000
Individuo: 
[0.9992878634901897, 1.5758061891749877, 1.093928410393559, 1.7963938680584788, 0.812343535302164, 0.8918481247965685, 0.7740520512823652, 0.03373411737798641, 3.935490933383643, 1.2726664804360788, 5.146528611173143]
APTIDAO: 
39.20820025636671
GEN: 4100
Individuo: 
[0.9992878634901897, 1.5765176805897438, 1.093928410393559, 1.7963938680584788, 0.812343535302164, 0.8918481247965685, 0.7740520512823652, 0.03373411737798641, 3.935490933383643, 1.2726664804360788, 5.146528611173143]
APTIDAO: 
39.208177400682644
GEN: 4200
Individuo: 
[0.9992878634901897, 1.5765176805897438, 1.093928410393559, 1.7963938680584788, 0.8101505520204727, 0.8918481247965685, 0.7755608820680139, 0.03373411737798641, 3.935490933383643, 1.2726664804360788, 5.142482149811813]
APTIDAO: 
39.20612270665772
GEN: 4300
Individuo: 
[0.9992878634901897, 1.5765176805897438, 1.093928410393559, 1.7963938680584788, 0.8101505520204727, 0.8918481247965685, 0.7755608820680139, 0.03373411737798641, 3.935490933383643, 1.2726664804360788, 5.142482149811813]
APTIDAO: 
39.20612270665772
GEN: 4400
Individuo: 
[0.9992878634901897, 1.5765176805897438, 1.0972833395911803, 1.8128972703839514, 0.8101505520204727, 0.8918481247965685, 0.7755608820680139, 0.03373411737798641, 3.935490933383643, 1.2726664804360788, 5.142482149811813]
APTIDAO: 
39.20609179747698
GEN: 4500
Individuo: 
[0.9992878634901897, 1.5765176805897438, 1.0972833395911803, 1.8128972703839514, 0.8074588064279253, 0.8918481247965685, 0.7755608820680139, 0.03373411737798641, 3.935490933383643, 1.2726664804360788, 5.142482149811813]
APTIDAO: 
39.20590740695274
GEN: 4600
Individuo: 
[0.9992878634901897, 1.5765176805897438, 1.0972833395911803, 1.8128972703839514, 0.8074588064279253, 0.8918481247965685, 0.7755608820680139, 0.03373411737798641, 3.935490933383643, 1.2726664804360788, 5.142482149811813]
APTIDAO: 
39.20590740695274
GEN: 4700
Individuo: 
[0.9992878634901897, 1.5765176805897438, 1.0972833395911803, 1.8128972703839514, 0.8074588064279253, 0.8936245402717433, 0.7755608820680139, 0.03373411737798641, 3.935490933383643, 1.2726664804360788, 5.142482149811813]
APTIDAO: 
39.20471596834989
GEN: 4800
Individuo: 
[0.9992878634901897, 1.5765176805897438, 1.0972833395911803, 1.8128972703839514, 0.8074588064279253, 0.8936245402717433, 0.7755608820680139, 0.03373411737798641, 3.935490933383643, 1.2726664804360788, 5.142482149811813]
APTIDAO: 
39.20471596834989
GEN: 4900
Individuo: 
[0.9992878634901897, 1.5765176805897438, 1.0972833395911803, 1.8128972703839514, 0.8074588064279253, 0.8936245402717433, 0.7755608820680139, 0.03373411737798641, 3.935490933383643, 1.2726664804360788, 5.142482149811813]
APTIDAO: 
39.20471596834989
GEN: 5000
Individuo: 
[0.9992878634901897, 1.5765176805897438, 1.095497128181757, 1.8128972703839514, 0.8074588064279253, 0.8936245402717433, 0.7755608820680139, 0.03373411737798641, 3.935490933383643, 1.2726664804360788, 5.142482149811813]
APTIDAO: 
39.20465212195981
GEN: 5100
Individuo: 
[0.9992878634901897, 1.5765176805897438, 1.095497128181757, 1.8128972703839514, 0.8051390358696497, 0.8936245402717433, 0.7755608820680139, 0.03373411737798641, 3.935490933383643, 1.2726664804360788, 5.142482149811813]
APTIDAO: 
39.20433522972445
GEN: 5200
Individuo: 
[0.9992878634901897, 1.5765176805897438, 1.095497128181757, 1.8128972703839514, 0.8051390358696497, 0.8936245402717433, 0.7755608820680139, 0.03373411737798641, 3.935490933383643, 1.2726664804360788, 5.142482149811813]
APTIDAO: 
39.20433522972445
GEN: 5300
Individuo: 
[0.9992878634901897, 1.5765176805897438, 1.095497128181757, 1.8128972703839514, 0.8051390358696497, 0.8936245402717433, 0.7755608820680139, 0.03373411737798641, 3.935490933383643, 1.2726664804360788, 5.142482149811813]
APTIDAO: 
39.20433522972445
GEN: 5400
Individuo: 
[0.9992878634901897, 1.5765176805897438, 1.095497128181757, 1.8128972703839514, 0.8051390358696497, 0.8936245402717433, 0.7755608820680139, 0.03373411737798641, 3.935490933383643, 1.2726664804360788, 5.142482149811813]
APTIDAO: 
39.20433522972445
GEN: 5500
Individuo: 
[0.9992878634901897, 1.5765176805897438, 1.095497128181757, 1.8128972703839514, 0.8051390358696497, 0.8936245402717433, 0.7755608820680139, 0.03373411737798641, 3.935490933383643, 1.2726664804360788, 5.142482149811813]
APTIDAO: 
39.20433522972445
GEN: 5600
Individuo: 
[0.9992878634901897, 1.5765176805897438, 1.095497128181757, 1.8128972703839514, 0.8051390358696497, 0.8936245402717433, 0.7755608820680139, 0.03373411737798641, 3.935490933383643, 1.2726664804360788, 5.142482149811813]
APTIDAO: 
39.20433522972445
GEN: 5700
Individuo: 
[0.9992878634901897, 1.5765176805897438, 1.095497128181757, 1.8096566890519825, 0.8051390358696497, 0.8936245402717433, 0.7755608820680139, 0.03373411737798641, 3.935490933383643, 1.2726664804360788, 5.142482149811813]
APTIDAO: 
39.204279308459675
GEN: 5800
Individuo: 
[0.9992878634901897, 1.5765176805897438, 1.095497128181757, 1.8096566890519825, 0.8051390358696497, 0.8936245402717433, 0.7755608820680139, 0.03380165007360083, 3.935490933383643, 1.2726664804360788, 5.142482149811813]
APTIDAO: 
39.200922206196665
GEN: 5900
Individuo: 
[0.9992878634901897, 1.5765176805897438, 1.0882939059792835, 1.8083956512776818, 0.8051390358696497, 0.8936245402717433, 0.7755608820680139, 0.03380165007360083, 3.935490933383643, 1.2726664804360788, 5.142482149811813]
APTIDAO: 
39.20085558911737
GEN: 6000
Individuo: 
[0.9992878634901897, 1.5765176805897438, 1.090444896510098, 1.8083956512776818, 0.8078802694843762, 0.8936245402717433, 0.7755608820680139, 0.033876309974518626, 3.935490933383643, 1.2726664804360788, 5.142482149811813]
APTIDAO: 
39.19786408859851
GEN: 6100
Individuo: 
[0.9992878634901897, 1.5765176805897438, 1.090444896510098, 1.8083956512776818, 0.8078802694843762, 0.8936245402717433, 0.7755608820680139, 0.033876309974518626, 3.935490933383643, 1.2726664804360788, 5.142482149811813]
APTIDAO: 
39.19786408859851
GEN: 6200
Individuo: 
[0.9992878634901897, 1.5765176805897438, 1.090444896510098, 1.8083956512776818, 0.8078802694843762, 0.8936245402717433, 0.7755608820680139, 0.033876309974518626, 3.935490933383643, 1.2726664804360788, 5.142482149811813]
APTIDAO: 
39.19786408859851
GEN: 6300
Individuo: 
[0.9992878634901897, 1.5765176805897438, 1.090444896510098, 1.8083956512776818, 0.8078802694843762, 0.8936245402717433, 0.7755608820680139, 0.033876309974518626, 3.935490933383643, 1.2726664804360788, 5.142482149811813]
APTIDAO: 
39.19786408859851
GEN: 6400
Individuo: 
[0.9992878634901897, 1.5765176805897438, 1.0944982237407725, 1.8083956512776818, 0.8078802694843762, 0.8936245402717433, 0.7755608820680139, 0.033876309974518626, 3.9305129802224905, 1.2726664804360788, 5.142482149811813]
APTIDAO: 
39.19672991451714
GEN: 6500
Individuo: 
[0.9992878634901897, 1.5765176805897438, 1.0944982237407725, 1.8083956512776818, 0.8078802694843762, 0.8936245402717433, 0.7755608820680139, 0.033876309974518626, 3.9305129802224905, 1.2726664804360788, 5.142482149811813]
APTIDAO: 
39.19672991451714
GEN: 6600
Individuo: 
[0.9992878634901897, 1.5765176805897438, 1.0944982237407725, 1.8083956512776818, 0.8078802694843762, 0.8936245402717433, 0.7755608820680139, 0.033876309974518626, 3.9305129802224905, 1.2726664804360788, 5.142482149811813]
APTIDAO: 
39.19672991451714
GEN: 6700
Individuo: 
[0.9992878634901897, 1.5765176805897438, 1.0944982237407725, 1.8083956512776818, 0.807656658920999, 0.8936245402717433, 0.7755608820680139, 0.033876309974518626, 3.9305129802224905, 1.2726664804360788, 5.142482149811813]
APTIDAO: 
39.19670236652193
GEN: 6800
Individuo: 
[0.9992878634901897, 1.5765176805897438, 1.0944982237407725, 1.8083956512776818, 0.807656658920999, 0.8936245402717433, 0.7755608820680139, 0.033876309974518626, 3.9305129802224905, 1.2726664804360788, 5.142482149811813]
APTIDAO: 
39.19670236652193
GEN: 6900
Individuo: 
[0.9992878634901897, 1.5765176805897438, 1.0944982237407725, 1.8083956512776818, 0.807656658920999, 0.8936245402717433, 0.7755608820680139, 0.033876309974518626, 3.9305129802224905, 1.2726664804360788, 5.142482149811813]
APTIDAO: 
39.19670236652193
GEN: 7000
Individuo: 
[0.9992878634901897, 1.5564010769150707, 1.0936096052904203, 1.8083956512776818, 0.807656658920999, 0.8936245402717433, 0.7755608820680139, 0.033876309974518626, 3.9305129802224905, 1.2726664804360788, 5.120443734187682]
APTIDAO: 
39.19175231313242
GEN: 7100
Individuo: 
[0.9992878634901897, 1.5564010769150707, 1.0936096052904203, 1.8247842777255125, 0.807656658920999, 0.8936245402717433, 0.7755608820680139, 0.033876309974518626, 3.9305129802224905, 1.2726664804360788, 5.120443734187682]
APTIDAO: 
39.19166584887248
GEN: 7200
Individuo: 
[0.9992878634901897, 1.5564010769150707, 1.0936096052904203, 1.8247842777255125, 0.807656658920999, 0.8936245402717433, 0.7755608820680139, 0.033876309974518626, 3.9377310391295297, 1.2726664804360788, 5.120443734187682]
APTIDAO: 
39.18836006333592
GEN: 7300
Individuo: 
[0.9992878634901897, 1.5564010769150707, 1.0936096052904203, 1.824075726060857, 0.807656658920999, 0.8936245402717433, 0.7755608820680139, 0.033876309974518626, 3.9377310391295297, 1.2726664804360788, 5.120443734187682]
APTIDAO: 
39.18834353507029
GEN: 7400
Individuo: 
[0.9992878634901897, 1.5564010769150707, 1.0936096052904203, 1.824075726060857, 0.807656658920999, 0.8936245402717433, 0.7755608820680139, 0.033876309974518626, 3.9377310391295297, 1.2726664804360788, 5.120443734187682]
APTIDAO: 
39.18834353507029
GEN: 7500
Individuo: 
[0.9992878634901897, 1.5564010769150707, 1.0936096052904203, 1.824075726060857, 0.8063555847129799, 0.8936245402717433, 0.7755608820680139, 0.033876309974518626, 3.9377310391295297, 1.2726664804360788, 5.120443734187682]
APTIDAO: 
39.18825638782387
GEN: 7600
Individuo: 
[0.9992878634901897, 1.5564010769150707, 1.0936096052904203, 1.824075726060857, 0.8063555847129799, 0.8936245402717433, 0.7755608820680139, 0.03391766922573312, 3.9377310391295297, 1.2726664804360788, 5.120443734187682]
APTIDAO: 
39.18490683952303
GEN: 7700
Individuo: 
[0.9992878634901897, 1.5564010769150707, 1.0936096052904203, 1.824075726060857, 0.8063555847129799, 0.8936245402717433, 0.7755608820680139, 0.03391766922573312, 3.9377310391295297, 1.2726664804360788, 5.120443734187682]
APTIDAO: 
39.18490683952303
GEN: 7800
Individuo: 
[0.9992878634901897, 1.5564010769150707, 1.0936096052904203, 1.824075726060857, 0.8063555847129799, 0.8936245402717433, 0.7755608820680139, 0.03391766922573312, 3.9377310391295297, 1.2726664804360788, 5.120443734187682]
APTIDAO: 
39.18490683952303
GEN: 7900
Individuo: 
[0.9992878634901897, 1.5564010769150707, 1.0936096052904203, 1.824075726060857, 0.8063555847129799, 0.8936245402717433, 0.7755608820680139, 0.03391766922573312, 3.9377310391295297, 1.2726664804360788, 5.120443734187682]
APTIDAO: 
39.18490683952303
GEN: 8000
Individuo: 
[0.9992878634901897, 1.5564010769150707, 1.0936096052904203, 1.824075726060857, 0.8063555847129799, 0.8936245402717433, 0.7755608820680139, 0.03391766922573312, 3.9377310391295297, 1.2726664804360788, 5.120443734187682]
APTIDAO: 
39.18490683952303
GEN: 8100
Individuo: 
[0.9992878634901897, 1.5564010769150707, 1.0936096052904203, 1.824075726060857, 0.8063555847129799, 0.8936245402717433, 0.7755608820680139, 0.03391766922573312, 3.9377310391295297, 1.2726664804360788, 5.120443734187682]
APTIDAO: 
39.18490683952303
GEN: 8200
Individuo: 
[0.9992878634901897, 1.5564010769150707, 1.0936096052904203, 1.824075726060857, 0.8063555847129799, 0.8936245402717433, 0.7755608820680139, 0.03511007080156793, 3.9377310391295297, 1.2726664804360788, 5.012389457292375]
APTIDAO: 
39.14570651821744
GEN: 8300
Individuo: 
[0.9992878634901897, 1.5564010769150707, 1.0936096052904203, 1.8224853862280281, 0.7999522746582881, 0.8936245402717433, 0.7755608820680139, 0.03511007080156793, 3.9377310391295297, 1.2726664804360788, 4.946948335187917]
APTIDAO: 
39.059401967161506
GEN: 8400
Individuo: 
[0.9992878634901897, 1.5371694099770548, 1.1134078520717103, 1.8224853862280281, 0.7999522746582881, 0.8936245402717433, 0.7755608820680139, 0.03511007080156793, 3.9377310391295297, 1.2726664804360788, 4.946948335187917]
APTIDAO: 
39.0580476976579
GEN: 8500
Individuo: 
[0.9992878634901897, 1.561219344451445, 1.1134078520717103, 1.8156582072624559, 0.7999522746582881, 0.899613712224973, 0.7755608820680139, 0.035395691858017636, 3.9377310391295297, 1.2726664804360788, 4.946948335187917]
APTIDAO: 
39.0382401353217
GEN: 8600
Individuo: 
[0.9992878634901897, 1.561219344451445, 1.1134078520717103, 1.8020173910531592, 0.7999522746582881, 0.899613712224973, 0.7755608820680139, 0.035395691858017636, 3.9377310391295297, 1.2726664804360788, 4.946948335187917]
APTIDAO: 
39.037461939014065
GEN: 8700
Individuo: 
[0.9992878634901897, 1.561219344451445, 1.111423747327839, 1.8020173910531592, 0.8002463070503235, 0.899613712224973, 0.7755608820680139, 0.035395691858017636, 3.9377310391295297, 1.2726664804360788, 4.946948335187917]
APTIDAO: 
39.03683191651671
GEN: 8800
Individuo: 
[0.9992878634901897, 1.561219344451445, 1.111423747327839, 1.8020173910531592, 0.8002463070503235, 0.899613712224973, 0.7755608820680139, 0.035395691858017636, 3.9377310391295297, 1.2726664804360788, 4.90951649631171]
APTIDAO: 
39.021850745180316
GEN: 8900
Individuo: 
[0.9992878634901897, 1.561219344451445, 1.1155407777480533, 1.8020173910531592, 0.8002463070503235, 0.899613712224973, 0.7755608820680139, 0.035395691858017636, 3.9377310391295297, 1.2726664804360788, 4.90951649631171]
APTIDAO: 
39.0205411076711
GEN: 9000
Individuo: 
[0.9992878634901897, 1.561219344451445, 1.1368775181750823, 1.8020173910531592, 0.8002463070503235, 0.899613712224973, 0.7755608820680139, 0.035395691858017636, 3.9377310391295297, 1.2726664804360788, 4.90951649631171]
APTIDAO: 
39.01695061134858
GEN: 9100
Individuo: 
[0.9992878634901897, 1.561219344451445, 1.1291497904608478, 1.8020173910531592, 0.8002463070503235, 0.899613712224973, 0.7755608820680139, 0.035395691858017636, 3.9485892700968153, 1.2726664804360788, 4.90951649631171]
APTIDAO: 
39.01440888004654
GEN: 9200
Individuo: 
[0.9992878634901897, 1.561219344451445, 1.1113969698204977, 1.8020173910531592, 0.8002463070503235, 0.899613712224973, 0.7755608820680139, 0.035395691858017636, 3.9485892700968153, 1.2726664804360788, 4.90951649631171]
APTIDAO: 
39.0138768260166
GEN: 9300
Individuo: 
[0.9992878634901897, 1.561219344451445, 1.1113969698204977, 1.796962485544882, 0.8002463070503235, 0.899613712224973, 0.7755608820680139, 0.035395691858017636, 3.9485892700968153, 1.2726664804360788, 4.90951649631171]
APTIDAO: 
39.01376420857195
GEN: 9400
Individuo: 
[0.9992878634901897, 1.561219344451445, 1.1113969698204977, 1.796962485544882, 0.8002463070503235, 0.899613712224973, 0.7755608820680139, 0.035395691858017636, 3.9485892700968153, 1.2726664804360788, 4.90951649631171]
APTIDAO: 
39.01376420857195
GEN: 9500
Individuo: 
[0.9992878634901897, 1.561219344451445, 1.1113969698204977, 1.796962485544882, 0.8002463070503235, 0.899613712224973, 0.7755608820680139, 0.035395691858017636, 3.9485892700968153, 1.2726664804360788, 4.90951649631171]
APTIDAO: 
39.01376420857195
GEN: 9600
Individuo: 
[0.9992878634901897, 1.561219344451445, 1.1113969698204977, 1.796962485544882, 0.8002463070503235, 0.899613712224973, 0.7755608820680139, 0.035395691858017636, 3.9485892700968153, 1.2726664804360788, 4.90951649631171]
APTIDAO: 
39.01376420857195
GEN: 9700
Individuo: 
[0.9992878634901897, 1.561219344451445, 1.1113969698204977, 1.796962485544882, 0.8002463070503235, 0.899613712224973, 0.7755608820680139, 0.035395691858017636, 3.9485892700968153, 1.2726664804360788, 4.90951649631171]
APTIDAO: 
39.01376420857195
GEN: 9800
Individuo: 
[0.9992878634901897, 1.561219344451445, 1.1113969698204977, 1.796962485544882, 0.8002463070503235, 0.899613712224973, 0.7755608820680139, 0.035395691858017636, 3.9485892700968153, 1.2726664804360788, 4.90951649631171]
APTIDAO: 
39.01376420857195
GEN: 9900
Individuo: 
[0.9992878634901897, 1.561219344451445, 1.1113969698204977, 1.796962485544882, 0.8002463070503235, 0.899613712224973, 0.7755608820680139, 0.035395691858017636, 3.9485892700968153, 1.2726664804360788, 4.90951649631171]
APTIDAO: 
39.01376420857195
GEN: 10000
Individuo: 
[0.9992878634901897, 1.561219344451445, 1.1113969698204977, 1.796962485544882, 0.8002463070503235, 0.899613712224973, 0.7755608820680139, 0.035395691858017636, 3.9485892700968153, 1.2726664804360788, 4.907195523008159]
APTIDAO: 
39.01343783563139

--- RESULTADO FINAL ---
Erro (norma-1): 39.01343783563139
Parâmetros: [0.9992878634901897, 1.561219344451445, 1.1113969698204977, 1.796962485544882, 0.8002463070503235, 0.899613712224973, 0.7755608820680139, 0.035395691858017636, 3.9485892700968153, 1.2726664804360788, 4.907195523008159]
Tempo total: 00h 25m 15s
