SEED: 1778893788
METODO: ABCD_MM
IND_SIZE: 11
GEN: 0
Individuo: 
[2.145184050149578, 1.3987858740997252, 1.3104240952301986, 3.873223591334366, 0.19846661339154092, 0.80535876953976, 0.3890357859861454, 0.16494039598369795, 1.0267479656629186, 2.684386927438863, 1.7413907656735614]
APTIDAO: 
149.60093860333427
GEN: 100
Individuo: 
[1.012206277717675, 1.1289353682262284, 2.5880048815327976, 0.49440574376542407, 0.8536026166007679, 0.538616757805505, 0.9629325108557021, 0.28419493552175384, 2.69689071960911, 1.7233553665322896, 1.0137249164555093]
APTIDAO: 
51.395251035201554
GEN: 200
Individuo: 
[1.012206277717675, 1.1289353682262284, 2.3249741453046475, 0.49440574376542407, 0.8412729000681799, 0.5178868652887675, 0.8675938553537698, 0.24300748176047796, 2.7172978209000656, 1.39402679323708, 1.0137249164555093]
APTIDAO: 
43.40060601819488
GEN: 300
Individuo: 
[1.0095246549610388, 1.2354367037211025, 2.19236161262855, 0.49821085120110037, 0.8328753763769983, 0.5178868652887675, 0.9023734485582205, 0.2383312754302433, 2.7172978209000656, 1.39402679323708, 1.0137249164555093]
APTIDAO: 
42.84215079904031
GEN: 400
Individuo: 
[1.0095246549610388, 1.2080332455682898, 2.19236161262855, 0.5054275125454728, 0.8348359432685933, 0.5090815388813239, 0.9058646570461709, 0.2383312754302433, 2.7172978209000656, 1.39402679323708, 1.0137249164555093]
APTIDAO: 
42.80186439460968
GEN: 500
Individuo: 
[1.0095246549610388, 1.2080332455682898, 2.19236161262855, 0.5054275125454728, 0.8348359432685933, 0.7563145806075383, 0.9058646570461709, 0.2383312754302433, 3.5288210820928803, 1.39402679323708, 1.0137249164555093]
APTIDAO: 
42.33310758441539
GEN: 600
Individuo: 
[1.0095246549610388, 1.326186918706125, 2.19236161262855, 0.5150799135352894, 0.8348359432685933, 0.7563145806075383, 0.9058646570461709, 0.2383312754302433, 3.5288210820928803, 1.39402679323708, 1.0137249164555093]
APTIDAO: 
42.19538330312834
GEN: 700
Individuo: 
[1.002681126515792, 1.326186918706125, 2.2210159340289266, 0.5150799135352894, 0.8348359432685933, 0.7563145806075383, 0.9058646570461709, 0.2383312754302433, 3.5288210820928803, 1.39402679323708, 1.0137249164555093]
APTIDAO: 
42.184586483694446
GEN: 800
Individuo: 
[1.002681126515792, 1.4020364951860884, 2.3703018410782506, 0.5150799135352894, 0.8348359432685933, 0.9928840597456873, 0.9058646570461709, 0.2383312754302433, 4.290753824304932, 1.39402679323708, 1.0137249164555093]
APTIDAO: 
41.81662073533566
GEN: 900
Individuo: 
[1.002681126515792, 1.4146150188185012, 2.3703018410782506, 0.5150799135352894, 0.833306904657635, 0.9928840597456873, 0.9058646570461709, 0.2383312754302433, 4.290753824304932, 1.39402679323708, 1.0137249164555093]
APTIDAO: 
41.80752125106045
GEN: 1000
Individuo: 
[1.002681126515792, 1.427896427985766, 2.309837850341635, 0.5150799135352894, 0.833306904657635, 0.9928840597456873, 0.9058646570461709, 0.2383312754302433, 4.305853021889618, 1.39402679323708, 1.0137249164555093]
APTIDAO: 
41.79459554120058
GEN: 1100
Individuo: 
[1.002681126515792, 1.4717367555141374, 2.309837850341635, 0.5150799135352894, 0.833306904657635, 0.9936451522763047, 0.9067644967966249, 0.2383312754302433, 4.305853021889618, 1.39402679323708, 1.0137249164555093]
APTIDAO: 
41.78054395872978
GEN: 1200
Individuo: 
[1.0021013434142876, 1.4784241812972192, 2.309837850341635, 0.5150799135352894, 0.833306904657635, 0.9936451522763047, 0.9067644967966249, 0.2379016431002383, 4.305853021889618, 1.39402679323708, 1.0137249164555093]
APTIDAO: 
41.76853732881889
GEN: 1300
Individuo: 
[1.0021013434142876, 1.4784241812972192, 2.309837850341635, 0.5150799135352894, 0.833306904657635, 0.9936451522763047, 0.9094696733529972, 0.2379016431002383, 4.305853021889618, 1.39402679323708, 1.0137249164555093]
APTIDAO: 
41.76204599769457
GEN: 1400
Individuo: 
[1.0021013434142876, 1.4784241812972192, 2.309837850341635, 0.5150799135352894, 0.833306904657635, 0.9936451522763047, 0.9094696733529972, 0.23491719172116096, 4.305853021889618, 1.39402679323708, 1.0137249164555093]
APTIDAO: 
41.75305125583496
GEN: 1500
Individuo: 
[1.0021013434142876, 1.4996054457736998, 2.321794714089782, 0.5127540938631816, 0.8159374532467191, 0.9936451522763047, 0.9094696733529972, 0.23491719172116096, 4.305853021889618, 1.39402679323708, 1.0137249164555093]
APTIDAO: 
41.70036664920468
GEN: 1600
Individuo: 
[1.0021013434142876, 1.4996054457736998, 2.321794714089782, 0.5127540938631816, 0.8159374532467191, 0.9936451522763047, 0.9094696733529972, 0.23280926592568507, 4.305853021889618, 1.39402679323708, 1.0137249164555093]
APTIDAO: 
41.66855669304098
GEN: 1700
Individuo: 
[1.0021013434142876, 1.5011672203480435, 2.319629623464206, 0.5127540938631816, 0.8159374532467191, 0.9936451522763047, 0.9094696733529972, 0.23280926592568507, 4.305853021889618, 1.39402679323708, 1.0137249164555093]
APTIDAO: 
41.66830459166744
GEN: 1800
Individuo: 
[1.0021013434142876, 1.5039086829264814, 2.319629623464206, 0.5127540938631816, 0.8137109543000802, 0.9936451522763047, 0.9094696733529972, 0.23280926592568507, 4.305853021889618, 1.39402679323708, 1.0137249164555093]
APTIDAO: 
41.664853056080766
GEN: 1900
Individuo: 
[1.0021013434142876, 1.5039086829264814, 2.319629623464206, 0.5164378410804005, 0.8137109543000802, 0.9936451522763047, 0.9094696733529972, 0.12433835312453713, 4.305853021889618, 1.39402679323708, 1.6570231689914314]
APTIDAO: 
41.3985475010483
GEN: 2000
Individuo: 
[1.0021013434142876, 1.6812695244619946, 2.0683850625316733, 0.961143958480597, 0.8137109543000802, 0.9846420910997393, 0.9094696733529972, 0.12170747639921883, 4.305853021889618, 1.39402679323708, 1.6570231689914314]
APTIDAO: 
38.13625682239715
GEN: 2100
Individuo: 
[1.0021013434142876, 1.5651406186053305, 2.129928360984623, 0.961143958480597, 0.8286470059674571, 0.9846420910997393, 0.9094696733529972, 0.12170747639921883, 4.305853021889618, 1.39402679323708, 1.6570231689914314]
APTIDAO: 
38.03003188361836
GEN: 2200
Individuo: 
[0.99811632872782, 1.5651406186053305, 2.129928360984623, 0.9544587126793282, 0.8286470059674571, 0.9846420910997393, 0.9094696733529972, 0.12170747639921883, 4.305853021889618, 1.39402679323708, 1.6570231689914314]
APTIDAO: 
38.026145339305465
GEN: 2300
Individuo: 
[0.99811632872782, 1.5651406186053305, 2.129928360984623, 0.9544587126793282, 0.8286470059674571, 0.9846420910997393, 0.9094696733529972, 0.12170747639921883, 4.305853021889618, 1.39402679323708, 1.6570231689914314]
APTIDAO: 
38.026145339305465
GEN: 2400
Individuo: 
[0.99811632872782, 1.5783485446478625, 2.1017600867596524, 0.9544587126793282, 0.8286470059674571, 0.9846420910997393, 0.9094696733529972, 0.12170747639921883, 4.306464281537223, 1.39402679323708, 1.6570231689914314]
APTIDAO: 
38.02514693576839
GEN: 2500
Individuo: 
[0.99811632872782, 1.5783485446478625, 2.1245252702800723, 0.9544587126793282, 0.8286470059674571, 0.9846420910997393, 0.9094696733529972, 0.12170747639921883, 4.306464281537223, 1.39402679323708, 1.6570231689914314]
APTIDAO: 
38.02417964340214
GEN: 2600
Individuo: 
[0.99811632872782, 1.5783485446478625, 2.0938457620233857, 0.9522155084091191, 0.8279358222915428, 0.9846420910997393, 0.9094696733529972, 0.12170747639921883, 4.306464281537223, 1.39402679323708, 1.6585793852408803]
APTIDAO: 
38.020002973723386
GEN: 2700
Individuo: 
[0.99811632872782, 1.5783485446478625, 2.0938457620233857, 0.9522155084091191, 0.8275097676028755, 0.9846420910997393, 0.9094696733529972, 0.12170747639921883, 4.306464281537223, 1.39402679323708, 1.6585793852408803]
APTIDAO: 
38.01999018191557
GEN: 2800
Individuo: 
[0.99811632872782, 1.5783485446478625, 2.0938457620233857, 0.9522155084091191, 0.8275097676028755, 0.9860142753933753, 0.9094696733529972, 0.12170747639921883, 4.306464281537223, 1.39402679323708, 1.6585793852408803]
APTIDAO: 
38.018049900456475
GEN: 2900
Individuo: 
[0.99811632872782, 1.5783485446478625, 2.0938457620233857, 0.9522155084091191, 0.8275097676028755, 0.9860142753933753, 0.9094696733529972, 0.12170747639921883, 4.306464281537223, 1.39402679323708, 1.6591070651667281]
APTIDAO: 
38.01772238296336
GEN: 3000
Individuo: 
[0.99811632872782, 1.5746962288325563, 2.0938457620233857, 0.9522155084091191, 0.8275097676028755, 0.9860142753933753, 0.9094696733529972, 0.12170747639921883, 4.306464281537223, 1.39402679323708, 1.6591070651667281]
APTIDAO: 
38.01650415504895
GEN: 3100
Individuo: 
[0.99811632872782, 1.5746962288325563, 2.0938457620233857, 0.9522155084091191, 0.8275097676028755, 0.9860142753933753, 0.9094696733529972, 0.12170747639921883, 4.306464281537223, 1.39402679323708, 1.6591070651667281]
APTIDAO: 
38.01650415504895
GEN: 3200
Individuo: 
[1.0007682717921276, 1.5746962288325563, 2.0938457620233857, 0.9522155084091191, 0.8275097676028755, 0.9860142753933753, 0.9094696733529972, 0.12170747639921883, 4.306464281537223, 1.39402679323708, 1.6591070651667281]
APTIDAO: 
38.01637100300306
GEN: 3300
Individuo: 
[1.0007682717921276, 1.5746962288325563, 2.0938457620233857, 0.9522155084091191, 0.8275097676028755, 0.9860142753933753, 0.9094696733529972, 0.12170747639921883, 4.306464281537223, 1.39402679323708, 1.6591070651667281]
APTIDAO: 
38.01637100300306
GEN: 3400
Individuo: 
[1.0001442465395638, 1.5746962288325563, 2.0938457620233857, 0.9522155084091191, 0.8275097676028755, 0.9860142753933753, 0.9094696733529972, 0.12170747639921883, 4.306464281537223, 1.39402679323708, 1.6591070651667281]
APTIDAO: 
38.0155963513741
GEN: 3500
Individuo: 
[1.0001442465395638, 1.5746962288325563, 2.0938457620233857, 0.9522155084091191, 0.8275097676028755, 0.9860142753933753, 0.9094696733529972, 0.12170747639921883, 4.306464281537223, 1.39402679323708, 1.6591070651667281]
APTIDAO: 
38.0155963513741
GEN: 3600
Individuo: 
[1.0001442465395638, 1.5746962288325563, 2.0938457620233857, 0.9522155084091191, 0.8275097676028755, 0.9860142753933753, 0.9094696733529972, 0.12170747639921883, 4.306464281537223, 1.39402679323708, 1.6591070651667281]
APTIDAO: 
38.0155963513741
GEN: 3700
Individuo: 
[1.0001442465395638, 1.5746962288325563, 2.0938457620233857, 0.9522155084091191, 0.8275097676028755, 0.9860142753933753, 0.9094696733529972, 0.12170747639921883, 4.306464281537223, 1.39402679323708, 1.6591070651667281]
APTIDAO: 
38.0155963513741
GEN: 3800
Individuo: 
[1.0001442465395638, 1.5746962288325563, 2.0938457620233857, 0.9522155084091191, 0.8275097676028755, 0.9860142753933753, 0.9094696733529972, 0.12166350024154204, 4.306464281537223, 1.39402679323708, 1.6591070651667281]
APTIDAO: 
38.014862035751094
GEN: 3900
Individuo: 
[1.0001442465395638, 1.5746962288325563, 2.0938457620233857, 0.9522155084091191, 0.8275097676028755, 0.9860142753933753, 0.9094696733529972, 0.12166350024154204, 4.306464281537223, 1.39402679323708, 1.6591070651667281]
APTIDAO: 
38.014862035751094
GEN: 4000
Individuo: 
[0.9992064467790848, 1.5746962288325563, 2.0938457620233857, 0.9522155084091191, 0.8275097676028755, 0.9860142753933753, 0.9094696733529972, 0.12166350024154204, 4.306464281537223, 1.39402679323708, 1.6591070651667281]
APTIDAO: 
38.01413258248126
GEN: 4100
Individuo: 
[0.9992064467790848, 1.5746962288325563, 2.0938457620233857, 0.9522155084091191, 0.8275097676028755, 0.9860142753933753, 0.9094696733529972, 0.12166350024154204, 4.306464281537223, 1.39402679323708, 1.6591070651667281]
APTIDAO: 
38.01413258248126
GEN: 4200
Individuo: 
[0.9992064467790848, 1.5746962288325563, 2.0938457620233857, 0.9522155084091191, 0.8275097676028755, 0.9860142753933753, 0.9094696733529972, 0.12166350024154204, 4.306464281537223, 1.39402679323708, 1.6591070651667281]
APTIDAO: 
38.01413258248126
GEN: 4300
Individuo: 
[0.9992064467790848, 1.5746962288325563, 2.0938457620233857, 0.9522155084091191, 0.8275097676028755, 0.9860142753933753, 0.9094696733529972, 0.12166350024154204, 4.306464281537223, 1.39402679323708, 1.6591070651667281]
APTIDAO: 
38.01413258248126
GEN: 4400
Individuo: 
[0.9992064467790848, 1.5746962288325563, 2.0938457620233857, 0.9522155084091191, 0.8275097676028755, 0.9860142753933753, 0.9094696733529972, 0.12166350024154204, 4.306464281537223, 1.39402679323708, 1.6591070651667281]
APTIDAO: 
38.01413258248126
GEN: 4500
Individuo: 
[0.9992064467790848, 1.5746962288325563, 2.0938457620233857, 0.9522155084091191, 0.8259618809016906, 0.9860142753933753, 0.9094696733529972, 0.12166350024154204, 4.306464281537223, 1.39402679323708, 1.6591070651667281]
APTIDAO: 
38.013704477123134
GEN: 4600
Individuo: 
[0.9992064467790848, 1.5746962288325563, 2.0938457620233857, 0.9522155084091191, 0.8259618809016906, 0.9860142753933753, 0.9094696733529972, 0.12166350024154204, 4.306464281537223, 1.39402679323708, 1.6591070651667281]
APTIDAO: 
38.013704477123134
GEN: 4700
Individuo: 
[0.9992064467790848, 1.5746962288325563, 2.0938457620233857, 0.9522155084091191, 0.8259618809016906, 0.9860142753933753, 0.9094696733529972, 0.12166350024154204, 4.306464281537223, 1.39402679323708, 1.6591070651667281]
APTIDAO: 
38.013704477123134
GEN: 4800
Individuo: 
[0.9992064467790848, 1.5746962288325563, 2.0938457620233857, 0.9522155084091191, 0.8259618809016906, 0.9865806929027742, 0.9094696733529972, 0.12166350024154204, 4.306464281537223, 1.39402679323708, 1.6591070651667281]
APTIDAO: 
38.012758804248605
GEN: 4900
Individuo: 
[0.9992064467790848, 1.5746962288325563, 2.0938457620233857, 0.9522155084091191, 0.8259618809016906, 0.9865806929027742, 0.9094696733529972, 0.12166350024154204, 4.306464281537223, 1.39402679323708, 1.6591070651667281]
APTIDAO: 
38.012758804248605
GEN: 5000
Individuo: 
[0.9992064467790848, 1.5746962288325563, 2.0938457620233857, 0.9522155084091191, 0.825924363834615, 0.9865806929027742, 0.9094696733529972, 0.12166350024154204, 4.306464281537223, 1.39402679323708, 1.6591070651667281]
APTIDAO: 
38.01275692390268
GEN: 5100
Individuo: 
[0.9992064467790848, 1.5746962288325563, 2.0980010248342724, 0.9522155084091191, 0.825924363834615, 0.9865806929027742, 0.9094696733529972, 0.12166350024154204, 4.306464281537223, 1.39402679323708, 1.6591070651667281]
APTIDAO: 
38.012436647644655
GEN: 5200
Individuo: 
[0.9992064467790848, 1.5746962288325563, 2.0980010248342724, 0.9522155084091191, 0.825924363834615, 0.9865806929027742, 0.9094696733529972, 0.12166350024154204, 4.306464281537223, 1.39402679323708, 1.6591070651667281]
APTIDAO: 
38.012436647644655
GEN: 5300
Individuo: 
[0.9992064467790848, 1.5746962288325563, 2.0980010248342724, 0.9522155084091191, 0.825924363834615, 0.9865806929027742, 0.9094696733529972, 0.12166350024154204, 4.306464281537223, 1.39402679323708, 1.6591070651667281]
APTIDAO: 
38.012436647644655
GEN: 5400
Individuo: 
[0.9992064467790848, 1.5746962288325563, 2.0980010248342724, 0.9522155084091191, 0.825924363834615, 0.9865806929027742, 0.9094696733529972, 0.12166350024154204, 4.306464281537223, 1.39402679323708, 1.6591070651667281]
APTIDAO: 
38.012436647644655
GEN: 5500
Individuo: 
[0.9992064467790848, 1.5746962288325563, 2.0980010248342724, 0.9522155084091191, 0.825924363834615, 0.9865806929027742, 0.9089935279587347, 0.12166350024154204, 4.306464281537223, 1.39402679323708, 1.6591070651667281]
APTIDAO: 
38.012346832417514
GEN: 5600
Individuo: 
[0.9992064467790848, 1.5746962288325563, 2.0980010248342724, 0.9522155084091191, 0.825924363834615, 0.9865806929027742, 0.9089935279587347, 0.12166350024154204, 4.306464281537223, 1.39402679323708, 1.6591070651667281]
APTIDAO: 
38.012346832417514
GEN: 5700
Individuo: 
[0.9992064467790848, 1.5746962288325563, 2.0980010248342724, 0.9522155084091191, 0.825924363834615, 0.9865806929027742, 0.9089935279587347, 0.12166350024154204, 4.306464281537223, 1.39402679323708, 1.6591070651667281]
APTIDAO: 
38.012346832417514
GEN: 5800
Individuo: 
[0.9992064467790848, 1.5746962288325563, 2.0980010248342724, 0.9522155084091191, 0.825924363834615, 0.9865806929027742, 0.9089935279587347, 0.12166350024154204, 4.306464281537223, 1.39402679323708, 1.6591070651667281]
APTIDAO: 
38.012346832417514
GEN: 5900
Individuo: 
[0.9992064467790848, 1.5746962288325563, 2.0980010248342724, 0.9522155084091191, 0.825924363834615, 0.9865806929027742, 0.9089935279587347, 0.12166350024154204, 4.306464281537223, 1.39402679323708, 1.6591070651667281]
APTIDAO: 
38.012346832417514
GEN: 6000
Individuo: 
[0.9992064467790848, 1.5746962288325563, 2.0980010248342724, 0.9522155084091191, 0.825924363834615, 0.9865806929027742, 0.9089935279587347, 0.12166350024154204, 4.306464281537223, 1.39402679323708, 1.6591070651667281]
APTIDAO: 
38.012346832417514
GEN: 6100
Individuo: 
[0.9992064467790848, 1.5746962288325563, 2.0980010248342724, 0.9522155084091191, 0.825924363834615, 0.9865806929027742, 0.9089935279587347, 0.12166350024154204, 4.306464281537223, 1.39402679323708, 1.6591070651667281]
APTIDAO: 
38.012346832417514
GEN: 6200
Individuo: 
[0.9992064467790848, 1.5746962288325563, 2.0980010248342724, 0.9522155084091191, 0.825924363834615, 0.9865806929027742, 0.9089935279587347, 0.12166350024154204, 4.306464281537223, 1.39402679323708, 1.6591070651667281]
APTIDAO: 
38.012346832417514
GEN: 6300
Individuo: 
[0.9992064467790848, 1.5746962288325563, 2.0980010248342724, 0.9522155084091191, 0.825924363834615, 0.9865806929027742, 0.9089935279587347, 0.12155303096993757, 4.306464281537223, 1.39402679323708, 1.6591070651667281]
APTIDAO: 
38.010080013482096
GEN: 6400
Individuo: 
[0.9992064467790848, 1.5746962288325563, 2.0980010248342724, 0.9522155084091191, 0.825924363834615, 0.9865806929027742, 0.9089935279587347, 0.12155303096993757, 4.306464281537223, 1.39402679323708, 1.6591070651667281]
APTIDAO: 
38.010080013482096
GEN: 6500
Individuo: 
[0.9992064467790848, 1.5746962288325563, 2.0980010248342724, 0.9522155084091191, 0.825924363834615, 0.9873389163622677, 0.9089935279587347, 0.12155303096993757, 4.306464281537223, 1.39402679323708, 1.6591070651667281]
APTIDAO: 
38.00992383540569
GEN: 6600
Individuo: 
[0.9992064467790848, 1.5746962288325563, 2.0980010248342724, 0.9522155084091191, 0.825924363834615, 0.9873389163622677, 0.9086735929734893, 0.12155303096993757, 4.306464281537223, 1.39402679323708, 1.6591070651667281]
APTIDAO: 
38.00978447056678
GEN: 6700
Individuo: 
[0.9992064467790848, 1.5746962288325563, 2.0980010248342724, 0.9522155084091191, 0.825924363834615, 0.9873389163622677, 0.9086735929734893, 0.12155303096993757, 4.306464281537223, 1.39402679323708, 1.6598713932148745]
APTIDAO: 
38.009480559519616
GEN: 6800
Individuo: 
[0.9992064467790848, 1.5746962288325563, 2.0980010248342724, 0.9522155084091191, 0.825924363834615, 0.9873389163622677, 0.9086735929734893, 0.12155303096993757, 4.306464281537223, 1.39402679323708, 1.6598713932148745]
APTIDAO: 
38.009480559519616
GEN: 6900
Individuo: 
[0.9992064467790848, 1.5746962288325563, 2.0980010248342724, 0.9522155084091191, 0.825924363834615, 0.9873389163622677, 0.9086735929734893, 0.12155303096993757, 4.306464281537223, 1.39402679323708, 1.6598713932148745]
APTIDAO: 
38.009480559519616
GEN: 7000
Individuo: 
[0.9992064467790848, 1.5746962288325563, 2.0980010248342724, 0.9522155084091191, 0.825924363834615, 0.9873389163622677, 0.9086735929734893, 0.12155303096993757, 4.306464281537223, 1.39402679323708, 1.6598713932148745]
APTIDAO: 
38.009480559519616
GEN: 7100
Individuo: 
[0.9992064467790848, 1.5746962288325563, 2.0980010248342724, 0.9522155084091191, 0.825924363834615, 0.9873389163622677, 0.9086735929734893, 0.12155303096993757, 4.306464281537223, 1.39402679323708, 1.6598713932148745]
APTIDAO: 
38.009480559519616
GEN: 7200
Individuo: 
[0.9992064467790848, 1.5746962288325563, 2.09551737412986, 0.9522155084091191, 0.825924363834615, 0.9873389163622677, 0.9086735929734893, 0.12155303096993757, 4.306464281537223, 1.39402679323708, 1.6598713932148745]
APTIDAO: 
38.00917864173667
GEN: 7300
Individuo: 
[0.9992064467790848, 1.5746962288325563, 2.09551737412986, 0.9522155084091191, 0.825924363834615, 0.9873389163622677, 0.9086735929734893, 0.12155303096993757, 4.306464281537223, 1.39402679323708, 1.6598713932148745]
APTIDAO: 
38.00917864173667
GEN: 7400
Individuo: 
[0.9992064467790848, 1.5746962288325563, 2.09551737412986, 0.9522155084091191, 0.825924363834615, 0.9873389163622677, 0.9086735929734893, 0.1214125945967083, 4.3094503889240325, 1.39402679323708, 1.6598713932148745]
APTIDAO: 
38.006436971287165
GEN: 7500
Individuo: 
[0.9992064467790848, 1.5746962288325563, 2.09551737412986, 0.9522155084091191, 0.825924363834615, 0.9873389163622677, 0.9086735929734893, 0.1214125945967083, 4.3094503889240325, 1.39402679323708, 1.6598713932148745]
APTIDAO: 
38.006436971287165
GEN: 7600
Individuo: 
[0.9992064467790848, 1.5746962288325563, 2.09551737412986, 0.9522155084091191, 0.825924363834615, 0.9873389163622677, 0.9086735929734893, 0.1214125945967083, 4.3094503889240325, 1.39402679323708, 1.6598713932148745]
APTIDAO: 
38.006436971287165
GEN: 7700
Individuo: 
[0.9992064467790848, 1.5746962288325563, 2.09551737412986, 0.9522155084091191, 0.8258729412516104, 0.9873389163622677, 0.9086735929734893, 0.1214125945967083, 4.3094503889240325, 1.39402679323708, 1.6598713932148745]
APTIDAO: 
38.00642377374533
GEN: 7800
Individuo: 
[0.9992064467790848, 1.5746962288325563, 2.09551737412986, 0.9522155084091191, 0.8258729412516104, 0.987796528768382, 0.9086735929734893, 0.1214125945967083, 4.3094503889240325, 1.39402679323708, 1.6598713932148745]
APTIDAO: 
38.00592153289167
GEN: 7900
Individuo: 
[0.9992064467790848, 1.5746962288325563, 2.09551737412986, 0.9522155084091191, 0.8258729412516104, 0.987796528768382, 0.9086735929734893, 0.1214125945967083, 4.3094503889240325, 1.39402679323708, 1.6598713932148745]
APTIDAO: 
38.00592153289167
GEN: 8000
Individuo: 
[0.9992064467790848, 1.5746962288325563, 2.09551737412986, 0.9522155084091191, 0.8254835827690595, 0.987796528768382, 0.9086735929734893, 0.1214125945967083, 4.3094503889240325, 1.39402679323708, 1.6598713932148745]
APTIDAO: 
38.00569488833929
GEN: 8100
Individuo: 
[0.9992064467790848, 1.5746962288325563, 2.09551737412986, 0.9522155084091191, 0.8254835827690595, 0.987796528768382, 0.9086735929734893, 0.1214125945967083, 4.3094503889240325, 1.39402679323708, 1.6598713932148745]
APTIDAO: 
38.00569488833929
GEN: 8200
Individuo: 
[0.9992064467790848, 1.5746962288325563, 2.0986458843593945, 0.9522155084091191, 0.8254835827690595, 0.987796528768382, 0.9086735929734893, 0.1214125945967083, 4.3094503889240325, 1.39402679323708, 1.6598713932148745]
APTIDAO: 
38.00536503215443
GEN: 8300
Individuo: 
[0.9992064467790848, 1.5746962288325563, 2.0986458843593945, 0.9522155084091191, 0.8254835827690595, 0.987796528768382, 0.9086735929734893, 0.12133867827368489, 4.3094503889240325, 1.39402679323708, 1.6598713932148745]
APTIDAO: 
38.00526045553811
GEN: 8400
Individuo: 
[0.9992064467790848, 1.5746962288325563, 2.0986458843593945, 0.9528971345632233, 0.8254835827690595, 0.987796528768382, 0.9086735929734893, 0.12133867827368489, 4.3094503889240325, 1.39402679323708, 1.6598713932148745]
APTIDAO: 
38.00467890007433
GEN: 8500
Individuo: 
[0.9992064467790848, 1.5746962288325563, 2.0986458843593945, 0.9528971345632233, 0.8254835827690595, 0.987796528768382, 0.9086735929734893, 0.12133867827368489, 4.3094503889240325, 1.39402679323708, 1.6598713932148745]
APTIDAO: 
38.00467890007433
GEN: 8600
Individuo: 
[0.9992064467790848, 1.5746962288325563, 2.0986458843593945, 0.9528971345632233, 0.8254835827690595, 0.987796528768382, 0.9086735929734893, 0.12133867827368489, 4.3094503889240325, 1.39402679323708, 1.6598713932148745]
APTIDAO: 
38.00467890007433
GEN: 8700
Individuo: 
[0.9992064467790848, 1.5746962288325563, 2.0986458843593945, 0.9528971345632233, 0.8254835827690595, 0.987796528768382, 0.9086735929734893, 0.12133867827368489, 4.3094503889240325, 1.39402679323708, 1.6598713932148745]
APTIDAO: 
38.00467890007433
GEN: 8800
Individuo: 
[0.9992064467790848, 1.5746962288325563, 2.0986458843593945, 0.9528971345632233, 0.8254835827690595, 0.987796528768382, 0.9086735929734893, 0.12133867827368489, 4.3094503889240325, 1.39402679323708, 1.6598713932148745]
APTIDAO: 
38.00467890007433
GEN: 8900
Individuo: 
[0.9992064467790848, 1.5746962288325563, 2.0986458843593945, 0.9528971345632233, 0.8254835827690595, 0.987796528768382, 0.9086735929734893, 0.12133867827368489, 4.3094503889240325, 1.39402679323708, 1.6598713932148745]
APTIDAO: 
38.00467890007433
GEN: 9000
Individuo: 
[0.9992064467790848, 1.5746962288325563, 2.0986458843593945, 0.9528971345632233, 0.8254835827690595, 0.987796528768382, 0.9086735929734893, 0.12133867827368489, 4.3094503889240325, 1.39402679323708, 1.6598713932148745]
APTIDAO: 
38.00467890007433
GEN: 9100
Individuo: 
[0.9992064467790848, 1.5746962288325563, 2.0986458843593945, 0.9528971345632233, 0.8254835827690595, 0.987796528768382, 0.9086735929734893, 0.12133867827368489, 4.3094503889240325, 1.39402679323708, 1.6601694421137316]
APTIDAO: 
38.003762688522514
GEN: 9200
Individuo: 
[0.9992064467790848, 1.5746962288325563, 2.0986458843593945, 0.9528971345632233, 0.8254835827690595, 0.987796528768382, 0.9086735929734893, 0.12133867827368489, 4.3094503889240325, 1.39402679323708, 1.6601694421137316]
APTIDAO: 
38.003762688522514
GEN: 9300
Individuo: 
[0.9992064467790848, 1.5746962288325563, 2.0986458843593945, 0.9528971345632233, 0.8254835827690595, 0.987796528768382, 0.9086735929734893, 0.12133867827368489, 4.3094503889240325, 1.39402679323708, 1.6601694421137316]
APTIDAO: 
38.003762688522514
GEN: 9400
Individuo: 
[0.9992064467790848, 1.5746962288325563, 2.0986458843593945, 0.9528971345632233, 0.8254835827690595, 0.987796528768382, 0.9086735929734893, 0.12133867827368489, 4.3094503889240325, 1.39402679323708, 1.6601694421137316]
APTIDAO: 
38.003762688522514
GEN: 9500
Individuo: 
[0.9992064467790848, 1.5746962288325563, 2.0986458843593945, 0.9528971345632233, 0.8254835827690595, 0.987796528768382, 0.9086735929734893, 0.12133867827368489, 4.3094503889240325, 1.39402679323708, 1.6601694421137316]
APTIDAO: 
38.003762688522514
GEN: 9600
Individuo: 
[0.9992064467790848, 1.5746962288325563, 2.0986458843593945, 0.9528971345632233, 0.8254835827690595, 0.987796528768382, 0.9086735929734893, 0.12133867827368489, 4.3094503889240325, 1.39402679323708, 1.6601694421137316]
APTIDAO: 
38.003762688522514
GEN: 9700
Individuo: 
[0.9992064467790848, 1.5746962288325563, 2.0986458843593945, 0.9528971345632233, 0.8254835827690595, 0.987796528768382, 0.9086735929734893, 0.12133867827368489, 4.3094503889240325, 1.39402679323708, 1.6601694421137316]
APTIDAO: 
38.003762688522514
GEN: 9800
Individuo: 
[0.9992064467790848, 1.5746962288325563, 2.0986458843593945, 0.9528971345632233, 0.8254835827690595, 0.987796528768382, 0.9086735929734893, 0.12133867827368489, 4.3094503889240325, 1.39402679323708, 1.6601694421137316]
APTIDAO: 
38.003762688522514
GEN: 9900
Individuo: 
[0.9992064467790848, 1.5746962288325563, 2.0986458843593945, 0.9528971345632233, 0.8254835827690595, 0.987796528768382, 0.9086735929734893, 0.12133867827368489, 4.3094503889240325, 1.39402679323708, 1.6601694421137316]
APTIDAO: 
38.003762688522514
GEN: 10000
Individuo: 
[0.9992064467790848, 1.5746962288325563, 2.0986458843593945, 0.9528971345632233, 0.8254835827690595, 0.987796528768382, 0.9086735929734893, 0.12133867827368489, 4.3094503889240325, 1.39402679323708, 1.6601694421137316]
APTIDAO: 
38.003762688522514

--- RESULTADO FINAL ---
Erro (norma-1): 38.003762688522514
Parâmetros: [0.9992064467790848, 1.5746962288325563, 2.0986458843593945, 0.9528971345632233, 0.8254835827690595, 0.987796528768382, 0.9086735929734893, 0.12133867827368489, 4.3094503889240325, 1.39402679323708, 1.6601694421137316]
Tempo total: 00h 24m 06s
