SEED: 1778707162
METODO: ABCD_MM
IND_SIZE: 13
GEN: 0
Individuo: 
[0.2914984533695258, 4.6889877840877, 2.1334859312279373, 1.7911764065615678, 0.5682666107540008, 0.3105844403789744, 0.34264478537355697, 0.23127479535630915, 0.21909526718771988, 0.4906772223671105, 0.5910323469836584, 0.8572991724013688, 0.01188495621410737]
APTIDAO: 
102.38776854235931
GEN: 100
Individuo: 
[1.3756757314273478, 1.5931911446273779, 2.717701807171003, 0.8619736284787574, 0.49992811943344073, 0.0010365881221808552, 0.9002246275506897, 0.2600514786238115, 0.9922384129845767, 0.42247956289506555, 0.9504954391906241, 0.973544144946782, 0.45880982032413276]
APTIDAO: 
51.38823264692068
GEN: 200
Individuo: 
[1.2549603654321728, 1.5931911446273779, 2.3078882834444663, 0.3484757527427553, 0.49992811943344073, 0.0010307220065754576, 0.9002246275506897, 0.2652385244208258, 0.9922384129845767, 0.42247956289506555, 0.965369517571601, 0.973544144946782, 0.45880982032413276]
APTIDAO: 
50.868126022952396
GEN: 300
Individuo: 
[1.2549603654321728, 1.5162792545523005, 2.3078882834444663, 0.3484757527427553, 0.49992811943344073, 0.0010307220065754576, 0.9002246275506897, 0.2652385244208258, 0.9964752833118579, 0.42247956289506555, 0.9710772846795092, 0.973544144946782, 0.45880982032413276]
APTIDAO: 
50.82443765602126
GEN: 400
Individuo: 
[1.2131753241430019, 1.5162792545523005, 2.2904601872710795, 0.241219484456334, 0.49992811943344073, 0.0010387316539156078, 0.9002246275506897, 0.2652385244208258, 0.9964752833118579, 0.42247956289506555, 0.9710772846795092, 0.973544144946782, 0.45880982032413276]
APTIDAO: 
50.80663489985776
GEN: 500
Individuo: 
[1.2131753241430019, 1.5162792545523005, 2.2904601872710795, 0.236416771592121, 0.49992811943344073, 0.0010387316539156078, 0.9002246275506897, 0.2652385244208258, 0.9964752833118579, 0.42247956289506555, 0.9710772846795092, 0.973544144946782, 0.45880982032413276]
APTIDAO: 
50.80650281556325
GEN: 600
Individuo: 
[1.1773421683924927, 1.5162792545523005, 2.2904601872710795, 0.22656295525550485, 0.49992811943344073, 0.0010387316539156078, 0.9002246275506897, 0.2652385244208258, 0.9964752833118579, 0.42247956289506555, 0.9710772846795092, 0.973544144946782, 0.45880982032413276]
APTIDAO: 
50.8061603171265
GEN: 700
Individuo: 
[1.1773421683924927, 1.5162792545523005, 2.2904601872710795, 0.22656295525550485, 0.49992811943344073, 0.0010378887831438259, 0.9002246275506897, 0.2652385244208258, 0.9964752833118579, 0.42247956289506555, 0.9710772846795092, 0.973544144946782, 0.45880982032413276]
APTIDAO: 
50.80612798784628
GEN: 800
Individuo: 
[1.1773421683924927, 1.5162792545523005, 2.2904601872710795, 0.22656295525550485, 0.49992811943344073, 0.001022599699106179, 0.9002246275506897, 0.2652385244208258, 0.9974324534514761, 0.42247956289506555, 0.9710772846795092, 0.973544144946782, 0.45890005832074066]
APTIDAO: 
50.8040642125539
GEN: 900
Individuo: 
[1.1773421683924927, 1.5162792545523005, 2.2904601872710795, 0.22656295525550485, 0.49992811943344073, 0.001022599699106179, 0.9002246275506897, 0.2652385244208258, 0.9984795610592425, 0.42247956289506555, 0.9710772846795092, 0.973544144946782, 0.45890005832074066]
APTIDAO: 
50.803466630190435
GEN: 1000
Individuo: 
[1.1773421683924927, 1.5162792545523005, 2.2904601872710795, 0.22656295525550485, 0.49992811943344073, 0.001022599699106179, 0.9002246275506897, 0.2652385244208258, 0.9984795610592425, 0.42247956289506555, 0.9710772846795092, 0.973544144946782, 0.45890005832074066]
APTIDAO: 
50.803466630190435
GEN: 1100
Individuo: 
[1.1773421683924927, 1.5162792545523005, 2.2904601872710795, 0.22656295525550485, 0.49992811943344073, 0.001022599699106179, 0.9002246275506897, 0.2652385244208258, 0.9984795610592425, 0.42247956289506555, 0.9710772846795092, 0.973544144946782, 0.45890005832074066]
APTIDAO: 
50.803466630190435
GEN: 1200
Individuo: 
[1.1773421683924927, 1.5162792545523005, 2.2904601872710795, 0.22656295525550485, 0.49992811943344073, 0.001022599699106179, 0.9002246275506897, 0.2652385244208258, 0.9984795610592425, 0.42247956289506555, 0.9706833266801198, 0.973544144946782, 0.45890005832074066]
APTIDAO: 
50.80336287274777
GEN: 1300
Individuo: 
[1.1773421683924927, 1.5162792545523005, 2.2904601872710795, 0.22656295525550485, 0.49992811943344073, 0.001022599699106179, 0.9002246275506897, 0.2652385244208258, 0.9984795610592425, 0.42247956289506555, 0.9706833266801198, 0.973544144946782, 0.45890005832074066]
APTIDAO: 
50.80336287274777
GEN: 1400
Individuo: 
[1.1773421683924927, 1.5217095285412618, 2.2904601872710795, 0.22656295525550485, 0.49992811943344073, 0.001022599699106179, 0.9002246275506897, 0.2652385244208258, 0.9984795610592425, 0.42247956289506555, 0.9706833266801198, 0.973544144946782, 0.45890005832074066]
APTIDAO: 
50.8023080242151
GEN: 1500
Individuo: 
[1.1773421683924927, 1.5217095285412618, 2.2904601872710795, 0.22656295525550485, 0.49992811943344073, 0.001022599699106179, 0.9002246275506897, 0.2652385244208258, 0.9984795610592425, 0.42247956289506555, 0.9706833266801198, 0.973544144946782, 0.45890005832074066]
APTIDAO: 
50.8023080242151
GEN: 1600
Individuo: 
[1.1773421683924927, 1.5217095285412618, 2.2904601872710795, 0.22656295525550485, 0.49992811943344073, 0.001022599699106179, 0.9002246275506897, 0.2652385244208258, 0.9984795610592425, 0.42247956289506555, 0.9706833266801198, 0.973544144946782, 0.45890005832074066]
APTIDAO: 
50.8023080242151
GEN: 1700
Individuo: 
[1.1773421683924927, 1.5217095285412618, 2.2904601872710795, 0.22656295525550485, 0.49992811943344073, 0.001022599699106179, 0.9002246275506897, 0.2652385244208258, 0.9984795610592425, 0.42247956289506555, 0.9706833266801198, 0.973544144946782, 0.45890005832074066]
APTIDAO: 
50.8023080242151
GEN: 1800
Individuo: 
[1.1773421683924927, 1.5217095285412618, 2.2904601872710795, 0.22656295525550485, 0.49992811943344073, 0.001022599699106179, 0.9002246275506897, 0.2652385244208258, 0.9984795610592425, 0.42247956289506555, 0.9706833266801198, 0.973544144946782, 0.45890005832074066]
APTIDAO: 
50.8023080242151
GEN: 1900
Individuo: 
[1.1773421683924927, 1.5217095285412618, 2.2904601872710795, 0.22656295525550485, 0.49992811943344073, 0.001022599699106179, 0.9002246275506897, 0.2652385244208258, 0.9987824981319744, 0.42247956289506555, 0.9706833266801198, 0.973544144946782, 0.45890005832074066]
APTIDAO: 
50.80227957374278
GEN: 2000
Individuo: 
[1.1773421683924927, 1.5217095285412618, 2.2904601872710795, 0.2270837638626311, 0.49992811943344073, 0.001022599699106179, 0.9002246275506897, 0.2652385244208258, 0.9987824981319744, 0.42247956289506555, 0.9706833266801198, 0.973544144946782, 0.45890005832074066]
APTIDAO: 
50.80226201287386
GEN: 2100
Individuo: 
[1.1725225684047051, 1.5217095285412618, 2.2904601872710795, 0.2270837638626311, 0.49992811943344073, 0.001022599699106179, 0.9002246275506897, 0.2652385244208258, 0.9987824981319744, 0.42247956289506555, 0.9706833266801198, 0.973544144946782, 0.45890005832074066]
APTIDAO: 
50.802180542533954
GEN: 2200
Individuo: 
[1.1725225684047051, 1.5217095285412618, 2.2904601872710795, 0.2270837638626311, 0.49992811943344073, 0.001022599699106179, 0.9002246275506897, 0.2652385244208258, 0.9987824981319744, 0.42247956289506555, 0.9706833266801198, 0.973544144946782, 0.45890005832074066]
APTIDAO: 
50.802180542533954
GEN: 2300
Individuo: 
[1.1725225684047051, 1.5217095285412618, 2.2904601872710795, 0.2270837638626311, 0.49992811943344073, 0.001022599699106179, 0.9002246275506897, 0.2652385244208258, 0.9987824981319744, 0.42247956289506555, 0.9706833266801198, 0.973544144946782, 0.45890005832074066]
APTIDAO: 
50.802180542533954
GEN: 2400
Individuo: 
[1.1746433982538658, 1.5217095285412618, 2.2904601872710795, 0.2270837638626311, 0.49992811943344073, 0.001022599699106179, 0.9002246275506897, 0.2652385244208258, 0.9987824981319744, 0.42247956289506555, 0.9706833266801198, 0.973544144946782, 0.45890005832074066]
APTIDAO: 
50.802170005843415
GEN: 2500
Individuo: 
[1.1746433982538658, 1.5217095285412618, 2.2904601872710795, 0.2270837638626311, 0.49992811943344073, 0.001022599699106179, 0.9002246275506897, 0.2652385244208258, 0.9987824981319744, 0.42247956289506555, 0.9706833266801198, 0.973544144946782, 0.45890005832074066]
APTIDAO: 
50.802170005843415
GEN: 2600
Individuo: 
[1.1746433982538658, 1.5217095285412618, 2.2904601872710795, 0.2270837638626311, 0.49992811943344073, 0.001022599699106179, 0.9002246275506897, 0.2652385244208258, 0.9987824981319744, 0.42247956289506555, 0.9706833266801198, 0.973544144946782, 0.45890005832074066]
APTIDAO: 
50.802170005843415
GEN: 2700
Individuo: 
[1.1746433982538658, 1.5217095285412618, 2.2904601872710795, 0.2270837638626311, 0.49992811943344073, 0.001022599699106179, 0.9002246275506897, 0.2652385244208258, 0.9987824981319744, 0.42247956289506555, 0.9706833266801198, 0.973544144946782, 0.45890005832074066]
APTIDAO: 
50.802170005843415
GEN: 2800
Individuo: 
[1.1746433982538658, 1.5217095285412618, 2.2904601872710795, 0.2270837638626311, 0.49992811943344073, 0.001022599699106179, 0.9002246275506897, 0.2652385244208258, 0.9987824981319744, 0.42247956289506555, 0.9706833266801198, 0.973544144946782, 0.45890005832074066]
APTIDAO: 
50.802170005843415
GEN: 2900
Individuo: 
[1.1746433982538658, 1.5217095285412618, 2.2904601872710795, 0.22647112398605154, 0.49992811943344073, 0.001022599699106179, 0.9002246275506897, 0.2652385244208258, 0.9987824981319744, 0.42247956289506555, 0.9706833266801198, 0.973544144946782, 0.45890005832074066]
APTIDAO: 
50.8021686906818
GEN: 3000
Individuo: 
[1.1746433982538658, 1.5217095285412618, 2.2904601872710795, 0.22647112398605154, 0.49992811943344073, 0.001022599699106179, 0.9002246275506897, 0.2652385244208258, 0.9987824981319744, 0.42247956289506555, 0.9706833266801198, 0.973544144946782, 0.45890005832074066]
APTIDAO: 
50.8021686906818
GEN: 3100
Individuo: 
[1.1746433982538658, 1.5217095285412618, 2.2904601872710795, 0.22647112398605154, 0.49992811943344073, 0.001022599699106179, 0.9002246275506897, 0.2652385244208258, 0.9987824981319744, 0.42247956289506555, 0.9706833266801198, 0.973544144946782, 0.45890005832074066]
APTIDAO: 
50.8021686906818
GEN: 3200
Individuo: 
[1.1746433982538658, 1.5217095285412618, 2.2904601872710795, 0.22647112398605154, 0.49992811943344073, 0.001022599699106179, 0.9002246275506897, 0.2652385244208258, 0.9987824981319744, 0.42247956289506555, 0.9706833266801198, 0.973544144946782, 0.45890005832074066]
APTIDAO: 
50.8021686906818
GEN: 3300
Individuo: 
[1.1746433982538658, 1.5217095285412618, 2.2904601872710795, 0.22647112398605154, 0.49992811943344073, 0.001022599699106179, 0.9002246275506897, 0.2652385244208258, 0.9987824981319744, 0.42247956289506555, 0.9706833266801198, 0.973544144946782, 0.45890005832074066]
APTIDAO: 
50.8021686906818
GEN: 3400
Individuo: 
[1.1746433982538658, 1.5217095285412618, 2.2904601872710795, 0.22647112398605154, 0.49992811943344073, 0.001022599699106179, 0.9002246275506897, 0.2652385244208258, 0.9987824981319744, 0.42247956289506555, 0.9706833266801198, 0.973544144946782, 0.45890005832074066]
APTIDAO: 
50.8021686906818
GEN: 3500
Individuo: 
[1.1746433982538658, 1.5217095285412618, 2.2904601872710795, 0.22647112398605154, 0.49992811943344073, 0.001022599699106179, 0.9002246275506897, 0.2652385244208258, 0.9987824981319744, 0.42247956289506555, 0.9706833266801198, 0.973544144946782, 0.45890005832074066]
APTIDAO: 
50.8021686906818
GEN: 3600
Individuo: 
[1.1746433982538658, 1.5217095285412618, 2.2904601872710795, 0.22647112398605154, 0.49992811943344073, 0.001022599699106179, 0.9002246275506897, 0.2652385244208258, 0.9987824981319744, 0.42247956289506555, 0.9706833266801198, 0.973544144946782, 0.45890005832074066]
APTIDAO: 
50.8021686906818
GEN: 3700
Individuo: 
[1.1746433982538658, 1.5217095285412618, 2.2904601872710795, 0.226470186860686, 0.49992811943344073, 0.001022599699106179, 0.9002246275506897, 0.2652385244208258, 0.9987824981319744, 0.42247956289506555, 0.9706833266801198, 0.973544144946782, 0.45890005832074066]
APTIDAO: 
50.80216867705557
GEN: 3800
Individuo: 
[1.1746433982538658, 1.5217095285412618, 2.2904601872710795, 0.226470186860686, 0.49992811943344073, 0.001022599699106179, 0.9002246275506897, 0.2652385244208258, 0.9987824981319744, 0.42247956289506555, 0.9706833266801198, 0.973544144946782, 0.45890005832074066]
APTIDAO: 
50.80216867705557
GEN: 3900
Individuo: 
[1.1746433982538658, 1.5217095285412618, 2.2904601872710795, 0.226470186860686, 0.49992811943344073, 0.001022599699106179, 0.9002246275506897, 0.2652385244208258, 0.9987824981319744, 0.42247956289506555, 0.9706833266801198, 0.973544144946782, 0.45890005832074066]
APTIDAO: 
50.80216867705557
GEN: 4000
Individuo: 
[1.1746433982538658, 1.5217095285412618, 2.2904601872710795, 0.226470186860686, 0.49992811943344073, 0.001022599699106179, 0.9002246275506897, 0.2652385244208258, 0.9987824981319744, 0.42247956289506555, 0.9706833266801198, 0.973544144946782, 0.45890005832074066]
APTIDAO: 
50.80216867705557
GEN: 4100
Individuo: 
[1.174693107285335, 1.5217095285412618, 2.2904601872710795, 0.226470186860686, 0.49992811943344073, 0.001022599699106179, 0.9002246275506897, 0.2652385244208258, 0.9987824981319744, 0.42247956289506555, 0.9706833266801198, 0.973544144946782, 0.45890005832074066]
APTIDAO: 
50.80216848068559
GEN: 4200
Individuo: 
[1.174693107285335, 1.5217095285412618, 2.2904601872710795, 0.226470186860686, 0.49992811943344073, 0.001022599699106179, 0.9002246275506897, 0.2652385244208258, 0.9987824981319744, 0.42247956289506555, 0.9706833266801198, 0.973544144946782, 0.45890005832074066]
APTIDAO: 
50.80216848068559
GEN: 4300
Individuo: 
[1.174693107285335, 1.5217095285412618, 2.2904601872710795, 0.226470186860686, 0.49992811943344073, 0.001022599699106179, 0.9002246275506897, 0.2652385244208258, 0.9987824981319744, 0.42247956289506555, 0.9706833266801198, 0.973544144946782, 0.45890005832074066]
APTIDAO: 
50.80216848068559
GEN: 4400
Individuo: 
[1.174693107285335, 1.5217095285412618, 2.2904601872710795, 0.226470186860686, 0.49992811943344073, 0.001022599699106179, 0.9002246275506897, 0.2652385244208258, 0.9987824981319744, 0.42247956289506555, 0.9706833266801198, 0.973544144946782, 0.45890005832074066]
APTIDAO: 
50.80216848068559
GEN: 4500
Individuo: 
[1.174693107285335, 1.5217095285412618, 2.2904601872710795, 0.226470186860686, 0.49992811943344073, 0.001022599699106179, 0.9002246275506897, 0.2652385244208258, 0.9987824981319744, 0.42247956289506555, 0.9706833266801198, 0.973544144946782, 0.45890005832074066]
APTIDAO: 
50.80216848068559
GEN: 4600
Individuo: 
[1.174693107285335, 1.5217095285412618, 2.2904601872710795, 0.226470186860686, 0.49992811943344073, 0.001022599699106179, 0.9002246275506897, 0.2652385244208258, 0.9987824981319744, 0.42247956289506555, 0.9706833266801198, 0.973544144946782, 0.45890005832074066]
APTIDAO: 
50.80216848068559
GEN: 4700
Individuo: 
[1.174693107285335, 1.5217095285412618, 2.2904601872710795, 0.226470186860686, 0.49992811943344073, 0.001022599699106179, 0.9002246275506897, 0.2652385244208258, 0.9987824981319744, 0.42247956289506555, 0.9706833266801198, 0.973544144946782, 0.45890005832074066]
APTIDAO: 
50.80216848068559
GEN: 4800
Individuo: 
[1.174693107285335, 1.5217095285412618, 2.2904601872710795, 0.226470186860686, 0.49992811943344073, 0.001022599699106179, 0.9002246275506897, 0.2652385244208258, 0.9987824981319744, 0.42247956289506555, 0.9706833266801198, 0.973544144946782, 0.45890005832074066]
APTIDAO: 
50.80216848068559
GEN: 4900
Individuo: 
[1.174693107285335, 1.5217095285412618, 2.2904601872710795, 0.226470186860686, 0.49992811943344073, 0.001022599699106179, 0.9002246275506897, 0.2652385244208258, 0.9987824981319744, 0.42247956289506555, 0.9706833266801198, 0.973544144946782, 0.45890005832074066]
APTIDAO: 
50.80216848068559
GEN: 5000
Individuo: 
[1.174693107285335, 1.5217095285412618, 2.2904601872710795, 0.226470186860686, 0.49992811943344073, 0.001022599699106179, 0.9002246275506897, 0.2652385244208258, 0.9987824981319744, 0.42247956289506555, 0.9706833266801198, 0.973544144946782, 0.45890005832074066]
APTIDAO: 
50.80216848068559
GEN: 5100
Individuo: 
[1.174693107285335, 1.5217095285412618, 2.2904601872710795, 0.226470186860686, 0.49992811943344073, 0.001022599699106179, 0.9002246275506897, 0.2652385244208258, 0.9987824981319744, 0.42247956289506555, 0.9706833266801198, 0.973544144946782, 0.45890005832074066]
APTIDAO: 
50.80216848068559
GEN: 5200
Individuo: 
[1.174693107285335, 1.5217095285412618, 2.2904601872710795, 0.226470186860686, 0.49992811943344073, 0.001022599699106179, 0.9002246275506897, 0.2652385244208258, 0.9987824981319744, 0.42247956289506555, 0.970861905908466, 0.973544144946782, 0.45890005832074066]
APTIDAO: 
50.802144461427
GEN: 5300
Individuo: 
[1.174693107285335, 1.5217095285412618, 2.2904601872710795, 0.226470186860686, 0.49992811943344073, 0.001022599699106179, 0.9002246275506897, 0.2652385244208258, 0.9987824981319744, 0.42247956289506555, 0.970861905908466, 0.973544144946782, 0.45890005832074066]
APTIDAO: 
50.802144461427
GEN: 5400
Individuo: 
[1.174693107285335, 1.5217095285412618, 2.2904601872710795, 0.226470186860686, 0.49992811943344073, 0.001022599699106179, 0.9002246275506897, 0.2652385244208258, 0.9987824981319744, 0.42247956289506555, 0.970861905908466, 0.973544144946782, 0.45890005832074066]
APTIDAO: 
50.802144461427
GEN: 5500
Individuo: 
[1.174693107285335, 1.5217095285412618, 2.2904601872710795, 0.226470186860686, 0.49992811943344073, 0.001022599699106179, 0.9002246275506897, 0.2652385244208258, 0.9987824981319744, 0.42247956289506555, 0.970861905908466, 0.973544144946782, 0.45890005832074066]
APTIDAO: 
50.802144461427
GEN: 5600
Individuo: 
[1.174693107285335, 1.5217095285412618, 2.2904601872710795, 0.226470186860686, 0.49992811943344073, 0.001022599699106179, 0.9002246275506897, 0.2652385244208258, 0.9987824981319744, 0.42247956289506555, 0.970861905908466, 0.973544144946782, 0.45890005832074066]
APTIDAO: 
50.802144461427
GEN: 5700
Individuo: 
[1.174693107285335, 1.5217095285412618, 2.2904601872710795, 0.226470186860686, 0.49992811943344073, 0.001022599699106179, 0.9002246275506897, 0.2652385244208258, 0.9987824981319744, 0.42247956289506555, 0.970861905908466, 0.973544144946782, 0.45890005832074066]
APTIDAO: 
50.802144461427
GEN: 5800
Individuo: 
[1.174693107285335, 1.5217095285412618, 2.2904601872710795, 0.226470186860686, 0.49992811943344073, 0.001022599699106179, 0.9002246275506897, 0.2652385244208258, 0.9987824981319744, 0.42247956289506555, 0.970861905908466, 0.973544144946782, 0.45890005832074066]
APTIDAO: 
50.802144461427
GEN: 5900
Individuo: 
[1.174693107285335, 1.5217095285412618, 2.2904601872710795, 0.226470186860686, 0.49992811943344073, 0.001022599699106179, 0.9002246275506897, 0.2652385244208258, 0.9987824981319744, 0.42247956289506555, 0.970861905908466, 0.973544144946782, 0.45890005832074066]
APTIDAO: 
50.802144461427
GEN: 6000
Individuo: 
[1.174693107285335, 1.5217095285412618, 2.2904601872710795, 0.226470186860686, 0.49992811943344073, 0.001022599699106179, 0.9002246275506897, 0.2652385244208258, 0.9987824981319744, 0.42247956289506555, 0.970861905908466, 0.973544144946782, 0.45890005832074066]
APTIDAO: 
50.802144461427
GEN: 6100
Individuo: 
[1.174693107285335, 1.5217095285412618, 2.2904601872710795, 0.22643439568585594, 0.49992811943344073, 0.001022599699106179, 0.9002246275506897, 0.2652385244208258, 0.9987824981319744, 0.42247956289506555, 0.970861905908466, 0.973544144946782, 0.45890005832074066]
APTIDAO: 
50.80214441425494
GEN: 6200
Individuo: 
[1.174693107285335, 1.5217095285412618, 2.2904601872710795, 0.22643439568585594, 0.49992811943344073, 0.001022599699106179, 0.9002246275506897, 0.2652385244208258, 0.9987824981319744, 0.42247956289506555, 0.970861905908466, 0.973544144946782, 0.45890005832074066]
APTIDAO: 
50.80214441425494
GEN: 6300
Individuo: 
[1.174693107285335, 1.5217095285412618, 2.2904601872710795, 0.22643439568585594, 0.49992811943344073, 0.001022599699106179, 0.9002246275506897, 0.2652385244208258, 0.9987824981319744, 0.42247956289506555, 0.970861905908466, 0.973544144946782, 0.45890005832074066]
APTIDAO: 
50.80214441425494
GEN: 6400
Individuo: 
[1.174693107285335, 1.5217095285412618, 2.2904601872710795, 0.22643439568585594, 0.49992811943344073, 0.001022599699106179, 0.9002246275506897, 0.2652385244208258, 0.9987824981319744, 0.42247956289506555, 0.970861905908466, 0.973544144946782, 0.45890005832074066]
APTIDAO: 
50.80214441425494
GEN: 6500
Individuo: 
[1.174693107285335, 1.5217095285412618, 2.2904601872710795, 0.22643439568585594, 0.49992811943344073, 0.001022599699106179, 0.9002246275506897, 0.2652385244208258, 0.9987824981319744, 0.42247956289506555, 0.970861905908466, 0.973544144946782, 0.45890005832074066]
APTIDAO: 
50.80214441425494
GEN: 6600
Individuo: 
[1.174693107285335, 1.5217095285412618, 2.2904601872710795, 0.22643439568585594, 0.49992811943344073, 0.001022599699106179, 0.9002246275506897, 0.2652385244208258, 0.9987824981319744, 0.42247956289506555, 0.970861905908466, 0.973544144946782, 0.45890005832074066]
APTIDAO: 
50.80214441425494
GEN: 6700
Individuo: 
[1.174693107285335, 1.5217095285412618, 2.2904601872710795, 0.22643439568585594, 0.49992811943344073, 0.001022599699106179, 0.9002246275506897, 0.2652385244208258, 0.9987824981319744, 0.42247956289506555, 0.970861905908466, 0.973544144946782, 0.45890005832074066]
APTIDAO: 
50.80214441425494
GEN: 6800
Individuo: 
[1.174693107285335, 1.5217095285412618, 2.2904601872710795, 0.22643439568585594, 0.49992811943344073, 0.001022599699106179, 0.9002246275506897, 0.2652385244208258, 0.9987824981319744, 0.42247956289506555, 0.970861905908466, 0.973544144946782, 0.45890005832074066]
APTIDAO: 
50.80214441425494
GEN: 6900
Individuo: 
[1.174693107285335, 1.5217095285412618, 2.1429481479127297, 0.2645982496514366, 0.49992811943344073, 0.001022599699106179, 0.9002246275506897, 0.25137503167314446, 0.9450257198943108, 0.0376242638359537, 0.30334902533258745, 0.973544144946782, 0.45890005832074066]
APTIDAO: 
50.54445612844582
GEN: 7000
Individuo: 
[1.2203976341439264, 1.6348169701949844, 2.0256960248272877, 0.3027682216174655, 0.49992811943344073, 0.001022599699106179, 0.9002246275506897, 0.25137503167314446, 0.9450257198943108, 0.007259604667260703, 0.2725593517356437, 0.973544144946782, 0.45890005832074066]
APTIDAO: 
50.44742271332315
GEN: 7100
Individuo: 
[1.2301172908999707, 1.6348169701949844, 2.0495764668877703, 0.2869983558643582, 0.49992811943344073, 0.001022599699106179, 0.9002246275506897, 0.25137503167314446, 0.9450257198943108, 0.009251364331780995, 0.2725593517356437, 0.973544144946782, 0.45890005832074066]
APTIDAO: 
50.4270513476982
GEN: 7200
Individuo: 
[1.2301172908999707, 1.6348169701949844, 2.0731535486532446, 0.27195387089874096, 0.49992811943344073, 0.001022599699106179, 0.9002246275506897, 0.25137503167314446, 0.9328050516138443, 0.009251364331780995, 0.2725593517356437, 0.973544144946782, 0.45890005832074066]
APTIDAO: 
50.4229810904543
GEN: 7300
Individuo: 
[1.2301172908999707, 1.6670582790116912, 2.1142467345219127, 0.273732706961943, 0.49992811943344073, 0.0010224388590860261, 0.9002246275506897, 0.25279740080107577, 0.9421407772842808, 0.009251364331780995, 0.2725593517356437, 0.973544144946782, 0.45890005832074066]
APTIDAO: 
50.41522451701481
GEN: 7400
Individuo: 
[1.2301172908999707, 1.6670582790116912, 2.1142467345219127, 0.27247531028347266, 0.49992811943344073, 0.0010224388590860261, 0.9002246275506897, 0.25279740080107577, 0.9421407772842808, 0.009251364331780995, 0.2725593517356437, 0.973544144946782, 0.45890005832074066]
APTIDAO: 
50.41517353808077
GEN: 7500
Individuo: 
[1.2301172908999707, 1.6670582790116912, 2.0993354078486077, 0.27247531028347266, 0.49992811943344073, 0.0010143040479766283, 0.9002246275506897, 0.25279740080107577, 0.9445443128743597, 0.009251364331780995, 0.2725593517356437, 0.973544144946782, 0.4590903347865009]
APTIDAO: 
50.41389829210326
GEN: 7600
Individuo: 
[1.2301172908999707, 1.6670582790116912, 2.094303270728661, 0.27247531028347266, 0.49992811943344073, 0.0010043457591526303, 0.9002246275506897, 0.25279740080107577, 0.9443426799270902, 0.009251364331780995, 0.2725593517356437, 0.973544144946782, 0.4590903347865009]
APTIDAO: 
50.41307163137603
GEN: 7700
Individuo: 
[1.2301172908999707, 1.6670582790116912, 2.094303270728661, 0.27247531028347266, 0.49992811943344073, 0.0010043457591526303, 0.9002246275506897, 0.25279740080107577, 0.9443426799270902, 0.009251364331780995, 0.2725593517356437, 0.973544144946782, 0.4590903347865009]
APTIDAO: 
50.41307163137603
GEN: 7800
Individuo: 
[1.2301172908999707, 1.6670582790116912, 2.094303270728661, 0.27247531028347266, 0.49992811943344073, 0.0010043457591526303, 0.9002246275506897, 0.25279740080107577, 0.9443426799270902, 0.009306243123456705, 0.2725593517356437, 0.973544144946782, 0.4590903347865009]
APTIDAO: 
50.41305216542536
GEN: 7900
Individuo: 
[1.2301172908999707, 1.6670582790116912, 2.094303270728661, 0.27247531028347266, 0.49992811943344073, 0.0010043457591526303, 0.9002246275506897, 0.25279740080107577, 0.9443426799270902, 0.009306243123456705, 0.2725593517356437, 0.973544144946782, 0.4590903347865009]
APTIDAO: 
50.41305216542536
GEN: 8000
Individuo: 
[1.2301172908999707, 1.6670582790116912, 2.094303270728661, 0.27247531028347266, 0.49992811943344073, 0.0010043457591526303, 0.9002246275506897, 0.25279740080107577, 0.9443426799270902, 0.009306243123456705, 0.2725593517356437, 0.973544144946782, 0.4590903347865009]
APTIDAO: 
50.41305216542536
GEN: 8100
Individuo: 
[1.2301172908999707, 1.6670582790116912, 2.094303270728661, 0.27247531028347266, 0.49992811943344073, 0.0010043457591526303, 0.9002246275506897, 0.25279740080107577, 0.9443426799270902, 0.009306243123456705, 0.2725593517356437, 0.973544144946782, 0.4590903347865009]
APTIDAO: 
50.41305216542536
GEN: 8200
Individuo: 
[1.2301172908999707, 1.6670582790116912, 2.094303270728661, 0.2720510802171531, 0.49992811943344073, 0.0010027401039030596, 0.9002246275506897, 0.25279740080107577, 0.9443426799270902, 0.009325434889663238, 0.2725593517356437, 0.973544144946782, 0.4590903347865009]
APTIDAO: 
50.41293459203984
GEN: 8300
Individuo: 
[1.2301172908999707, 1.6670582790116912, 2.094303270728661, 0.2720510802171531, 0.49992811943344073, 0.001001333692992133, 0.9002246275506897, 0.25279740080107577, 0.9443426799270902, 0.009325434889663238, 0.2725593517356437, 0.973544144946782, 0.4590903347865009]
APTIDAO: 
50.41285257884309
GEN: 8400
Individuo: 
[1.2301172908999707, 1.6670582790116912, 2.094303270728661, 0.2720510802171531, 0.49992811943344073, 0.001001333692992133, 0.9002246275506897, 0.25279740080107577, 0.9443426799270902, 0.009325434889663238, 0.2725593517356437, 0.973544144946782, 0.4590903347865009]
APTIDAO: 
50.41285257884309
GEN: 8500
Individuo: 
[1.2301172908999707, 1.6670582790116912, 2.094303270728661, 0.2720510802171531, 0.49992811943344073, 0.001001333692992133, 0.9002246275506897, 0.25279740080107577, 0.9443426799270902, 0.009325434889663238, 0.2725593517356437, 0.973544144946782, 0.4590903347865009]
APTIDAO: 
50.41285257884309
GEN: 8600
Individuo: 
[1.2301172908999707, 1.6670582790116912, 2.0919779311593087, 0.2720510802171531, 0.49992811943344073, 0.0010002991128388716, 0.9002246275506897, 0.25279740080107577, 0.9443426799270902, 0.009325434889663238, 0.2725593517356437, 0.973544144946782, 0.4590903347865009]
APTIDAO: 
50.41278469727412
GEN: 8700
Individuo: 
[1.2301172908999707, 1.6670582790116912, 2.091819868092791, 0.2720510802171531, 0.49992811943344073, 0.0010002991128388716, 0.9002246275506897, 0.25279740080107577, 0.9443426799270902, 0.009325434889663238, 0.2725593517356437, 0.973544144946782, 0.4590903347865009]
APTIDAO: 
50.412784227450445
GEN: 8800
Individuo: 
[1.2301172908999707, 1.6670582790116912, 2.091819868092791, 0.2720510802171531, 0.49992811943344073, 0.0010002991128388716, 0.9002246275506897, 0.25279740080107577, 0.9443426799270902, 0.009325434889663238, 0.2725593517356437, 0.973544144946782, 0.4590903347865009]
APTIDAO: 
50.412784227450445
GEN: 8900
Individuo: 
[1.2301172908999707, 1.6670582790116912, 2.091819868092791, 0.2720510802171531, 0.49992811943344073, 0.0010002991128388716, 0.9002246275506897, 0.25279740080107577, 0.9443426799270902, 0.009325434889663238, 0.2725593517356437, 0.973544144946782, 0.4590903347865009]
APTIDAO: 
50.412784227450445
GEN: 9000
Individuo: 
[1.2301172908999707, 1.6670582790116912, 2.091819868092791, 0.2720510802171531, 0.49992811943344073, 0.0010002991128388716, 0.9002246275506897, 0.25279740080107577, 0.9443426799270902, 0.009325434889663238, 0.2725593517356437, 0.973544144946782, 0.4590903347865009]
APTIDAO: 
50.412784227450445
GEN: 9100
Individuo: 
[1.2301172908999707, 1.6670582790116912, 2.091819868092791, 0.2720510802171531, 0.49992811943344073, 0.0010002991128388716, 0.9002246275506897, 0.25279740080107577, 0.9443426799270902, 0.009325434889663238, 0.2725593517356437, 0.973544144946782, 0.4590903347865009]
APTIDAO: 
50.412784227450445
GEN: 9200
Individuo: 
[1.2301172908999707, 1.6670582790116912, 2.091819868092791, 0.2720510802171531, 0.49992811943344073, 0.0010002991128388716, 0.9002246275506897, 0.25279740080107577, 0.9443426799270902, 0.009325434889663238, 0.2725593517356437, 0.973544144946782, 0.4590903347865009]
APTIDAO: 
50.412784227450445
GEN: 9300
Individuo: 
[1.2301172908999707, 1.6670582790116912, 2.091819868092791, 0.2720510802171531, 0.49992811943344073, 0.0010002991128388716, 0.9002246275506897, 0.25279740080107577, 0.9443426799270902, 0.009325434889663238, 0.2725593517356437, 0.973544144946782, 0.4590903347865009]
APTIDAO: 
50.412784227450445
GEN: 9400
Individuo: 
[1.2301172908999707, 1.6670582790116912, 2.091819868092791, 0.2720510802171531, 0.49992811943344073, 0.0010002991128388716, 0.9002246275506897, 0.25279740080107577, 0.9443426799270902, 0.009327594426613918, 0.2725593517356437, 0.973544144946782, 0.4590903347865009]
APTIDAO: 
50.4127834454684
GEN: 9500
Individuo: 
[1.2301172908999707, 1.6670582790116912, 2.091819868092791, 0.2720510802171531, 0.49992811943344073, 0.0010002991128388716, 0.9002246275506897, 0.2530823457878833, 0.9443426799270902, 0.009327594426613918, 0.2725593517356437, 0.973544144946782, 0.4590903347865009]
APTIDAO: 
50.412286119207785
GEN: 9600
Individuo: 
[1.2301172908999707, 1.6670582790116912, 2.091819868092791, 0.2720510802171531, 0.49992811943344073, 0.0010002991128388716, 0.9002246275506897, 0.2530823457878833, 0.9443426799270902, 0.009327594426613918, 0.2725593517356437, 0.973544144946782, 0.4590903347865009]
APTIDAO: 
50.412286119207785
GEN: 9700
Individuo: 
[1.2301172908999707, 1.6670582790116912, 2.091819868092791, 0.2720510802171531, 0.49992811943344073, 0.0010002991128388716, 0.9002246275506897, 0.2530823457878833, 0.9443426799270902, 0.009327594426613918, 0.2725593517356437, 0.973544144946782, 0.4590903347865009]
APTIDAO: 
50.412286119207785
GEN: 9800
Individuo: 
[1.2301172908999707, 1.6670582790116912, 2.091819868092791, 0.2720510802171531, 0.49992811943344073, 0.0010002991128388716, 0.9002246275506897, 0.2530823457878833, 0.9443426799270902, 0.009327594426613918, 0.2725593517356437, 0.973544144946782, 0.4590903347865009]
APTIDAO: 
50.412286119207785
GEN: 9900
Individuo: 
[1.2301172908999707, 1.6670582790116912, 2.091819868092791, 0.2720510802171531, 0.49992811943344073, 0.0010002991128388716, 0.9002246275506897, 0.2530823457878833, 0.9443426799270902, 0.009327594426613918, 0.2725593517356437, 0.973544144946782, 0.4590903347865009]
APTIDAO: 
50.412286119207785
GEN: 10000
Individuo: 
[1.2301172908999707, 1.6670582790116912, 2.091819868092791, 0.2720510802171531, 0.49992811943344073, 0.0010002991128388716, 0.9002246275506897, 0.2530823457878833, 0.9443426799270902, 0.009327594426613918, 0.2725593517356437, 0.973544144946782, 0.4590903347865009]
APTIDAO: 
50.412286119207785

--- RESULTADO FINAL ---
Erro (norma-1): 50.412286119207785
Parâmetros: [1.2301172908999707, 1.6670582790116912, 2.091819868092791, 0.2720510802171531, 0.49992811943344073, 0.0010002991128388716, 0.9002246275506897, 0.2530823457878833, 0.9443426799270902, 0.009327594426613918, 0.2725593517356437, 0.973544144946782, 0.4590903347865009]
Tempo total: 00h 59m 40s
