SEED: 1778490666
METODO: ABCD_MM
IND_SIZE: 11
GEN: 0
Individuo: 
[4.8637403261231205, 2.794662899176571, 2.515193824904977, 1.055755433220119, 0.38749464764169106, 0.6526309938338711, 0.7442724615377574, 0.013982230281579758, 4.228442924551789, 7.243944372577465, 3.453136804673757]
APTIDAO: 
274.6043698744586
GEN: 100
Individuo: 
[1.005991313768508, 2.921468744998095, 0.9623038064940349, 1.3544965078217486, 0.4252385316768025, 0.6526309938338711, 0.6109539392099714, 0.013982230281579758, 4.031395437330232, 1.0891345341649639, 6.148264911663729]
APTIDAO: 
55.22391258734407
GEN: 200
Individuo: 
[1.0001040710741718, 3.050799919334945, 0.9623038064940349, 1.386833505699133, 0.4252385316768025, 0.6684309213810598, 0.578064622476818, 0.013982230281579758, 4.007042220335888, 1.0891345341649639, 6.31015205122962]
APTIDAO: 
54.698175511303006
GEN: 300
Individuo: 
[1.0001040710741718, 2.8114380959093275, 0.9623038064940349, 1.4374671000981134, 0.464816166615035, 0.6860150947105983, 0.5938651665888122, 0.013982230281579758, 4.007042220335888, 1.0891345341649639, 6.7711530429680495]
APTIDAO: 
53.09491139142082
GEN: 400
Individuo: 
[1.0001040710741718, 2.633399603451899, 0.9623038064940349, 1.4374671000981134, 0.4653375677622357, 0.6860150947105983, 0.5938651665888122, 0.015964202107217263, 3.6690815218133452, 1.0891345341649639, 6.7711530429680495]
APTIDAO: 
49.98835043511679
GEN: 500
Individuo: 
[0.9907073531784505, 2.063687910384654, 0.9623038064940349, 1.546383020404779, 0.5202648460055236, 0.6860150947105983, 0.5938651665888122, 0.018850260816730004, 3.249375877832345, 1.0891345341649639, 6.982411197598403]
APTIDAO: 
45.19768330587673
GEN: 600
Individuo: 
[0.9907073531784505, 1.651833743116052, 0.9532045583648815, 1.6794118171785681, 0.6845382460114258, 0.6860150947105983, 0.5938651665888122, 0.02212349653945407, 3.249375877832345, 1.0891345341649639, 6.982411197598403]
APTIDAO: 
42.21178775192856
GEN: 700
Individuo: 
[0.9907073531784505, 1.646864823498507, 0.9532045583648815, 1.681939843201155, 0.6930267973486475, 0.6860150947105983, 0.5938651665888122, 0.02212349653945407, 3.249375877832345, 1.0891345341649639, 7.126680097051619]
APTIDAO: 
42.09396942981695
GEN: 800
Individuo: 
[0.9799064978827575, 1.5220235411390206, 0.9532045583648815, 1.8177775396139624, 0.6952273830373967, 0.7062455790213652, 0.5938651665888122, 0.022428393478695775, 3.249375877832345, 1.0891345341649639, 7.126680097051619]
APTIDAO: 
41.76926507946812
GEN: 900
Individuo: 
[0.9943265247747319, 1.528820313509139, 0.8140813097441879, 1.8816645534565273, 0.6952273830373967, 0.7126385531821032, 0.5938651665888122, 0.022428393478695775, 3.2305319600797047, 1.0891345341649639, 7.280839504792613]
APTIDAO: 
41.60278263851655
GEN: 1000
Individuo: 
[0.9969139736065834, 1.528820313509139, 0.8663203474452466, 1.8692916202715473, 0.6932843190467686, 0.7134817750674768, 0.5938651665888122, 0.02274412430016272, 3.2305319600797047, 1.092421041828147, 7.280839504792613]
APTIDAO: 
41.47891108352828
GEN: 1100
Individuo: 
[0.9969139736065834, 1.528820313509139, 0.875728324008102, 1.8692916202715473, 0.7018873988272165, 0.7134817750674768, 0.5938651665888122, 0.02274412430016272, 3.2305319600797047, 1.092421041828147, 7.280839504792613]
APTIDAO: 
41.43846253680683
GEN: 1200
Individuo: 
[0.9969139736065834, 1.528820313509139, 0.8859200115216692, 1.8692916202715473, 0.7033295157036412, 0.7134817750674768, 0.5911205808270131, 0.02274412430016272, 3.2305319600797047, 1.092421041828147, 7.280839504792613]
APTIDAO: 
41.42950250077309
GEN: 1300
Individuo: 
[0.9969139736065834, 1.528820313509139, 0.8859200115216692, 1.8692916202715473, 0.7033295157036412, 0.7134817750674768, 0.5911205808270131, 0.022823734275517905, 3.2305319600797047, 1.092421041828147, 7.280839504792613]
APTIDAO: 
41.41796276034346
GEN: 1400
Individuo: 
[0.9969139736065834, 1.515573512886951, 0.8859200115216692, 1.8692916202715473, 0.7033295157036412, 0.7134817750674768, 0.5911205808270131, 0.022823734275517905, 3.2126442271276288, 1.092421041828147, 7.280839504792613]
APTIDAO: 
41.41452559349945
GEN: 1500
Individuo: 
[0.9969139736065834, 1.4982204461674176, 0.8859200115216692, 1.8950512006370883, 0.7033295157036412, 0.7134817750674768, 0.5911205808270131, 0.022823734275517905, 3.2126442271276288, 1.0968207005771238, 7.280839504792613]
APTIDAO: 
41.40317143770649
GEN: 1600
Individuo: 
[0.9969139736065834, 1.4982204461674176, 0.9066961592890037, 1.8950512006370883, 0.7033295157036412, 0.7134817750674768, 0.5911205808270131, 0.022823734275517905, 3.2083794368364686, 1.0968207005771238, 7.278289922130575]
APTIDAO: 
41.394242993524465
GEN: 1700
Individuo: 
[0.9969139736065834, 1.4993034067418776, 0.916677235974507, 1.8950512006370883, 0.7019469341389504, 0.7134817750674768, 0.5911205808270131, 0.022823734275517905, 3.2083794368364686, 1.0968207005771238, 7.278289922130575]
APTIDAO: 
41.3915218347145
GEN: 1800
Individuo: 
[0.9969139736065834, 1.4993034067418776, 0.916677235974507, 1.8950512006370883, 0.7019469341389504, 0.7134817750674768, 0.5911205808270131, 0.022823734275517905, 3.2083794368364686, 1.0968207005771238, 7.278289922130575]
APTIDAO: 
41.3915218347145
GEN: 1900
Individuo: 
[0.9969139736065834, 1.4993034067418776, 0.916677235974507, 1.8950512006370883, 0.7019469341389504, 0.7134817750674768, 0.5911205808270131, 0.022823734275517905, 3.2083794368364686, 1.0968207005771238, 7.278289922130575]
APTIDAO: 
41.3915218347145
GEN: 2000
Individuo: 
[0.9969139736065834, 1.4993034067418776, 0.916677235974507, 1.8950512006370883, 0.7019469341389504, 0.7134817750674768, 0.5911205808270131, 0.022823734275517905, 3.2083794368364686, 1.0968207005771238, 7.278289922130575]
APTIDAO: 
41.3915218347145
GEN: 2100
Individuo: 
[0.9969139736065834, 1.4993034067418776, 0.916677235974507, 1.8828337941618962, 0.7019469341389504, 0.7134817750674768, 0.5911205808270131, 0.023102922347916176, 3.2083794368364686, 1.0968207005771238, 7.278289922130575]
APTIDAO: 
41.390809751144445
GEN: 2200
Individuo: 
[0.9969139736065834, 1.4993034067418776, 0.9458181528591275, 1.8778632575030523, 0.7222244394885304, 0.7134817750674768, 0.5911205808270131, 0.023163232878999473, 3.218674639497239, 1.0968207005771238, 7.278289922130575]
APTIDAO: 
41.33670648176961
GEN: 2300
Individuo: 
[0.9969139736065834, 1.4993034067418776, 1.4120558747183243, 1.666822233468753, 0.7222244394885304, 0.7025257662423083, 0.5911205808270131, 0.042467675210342434, 3.218674639497239, 1.0968207005771238, 4.01823687836799]
APTIDAO: 
39.390502622705945
GEN: 2400
Individuo: 
[0.9969139736065834, 1.499876132372215, 1.3457160220023665, 1.6555568766116513, 0.7222244394885304, 0.7025257662423083, 0.5911205808270131, 0.042467675210342434, 3.218674639497239, 1.0968207005771238, 4.01823687836799]
APTIDAO: 
39.35384177170203
GEN: 2500
Individuo: 
[0.9969139736065834, 1.499876132372215, 1.3406760182215618, 1.6555568766116513, 0.7222244394885304, 0.6985385924509733, 0.59271077530721, 0.042467675210342434, 3.218674639497239, 1.0968207005771238, 4.01823687836799]
APTIDAO: 
39.34064573955132
GEN: 2600
Individuo: 
[0.9969139736065834, 1.499876132372215, 1.3380869076341717, 1.6555568766116513, 0.7222244394885304, 0.6985385924509733, 0.59271077530721, 0.04303415058099834, 3.218674639497239, 1.0968207005771238, 4.01823687836799]
APTIDAO: 
39.30133683498276
GEN: 2700
Individuo: 
[0.9969139736065834, 1.449131749707461, 1.3380869076341717, 1.6555568766116513, 0.7347138481648345, 0.6985385924509733, 0.59271077530721, 0.04303415058099834, 3.218674639497239, 1.0968207005771238, 4.01823687836799]
APTIDAO: 
39.258563172620285
GEN: 2800
Individuo: 
[0.9974944538550584, 1.449131749707461, 1.3380869076341717, 1.6555568766116513, 0.7347138481648345, 0.6985385924509733, 0.59271077530721, 0.04303415058099834, 3.218674639497239, 1.0955684334681774, 4.01823687836799]
APTIDAO: 
39.256425742215015
GEN: 2900
Individuo: 
[0.9974944538550584, 1.449131749707461, 1.3380869076341717, 1.6555568766116513, 0.7347138481648345, 0.7066903262931694, 0.5998780637084847, 0.043489292512372345, 3.218674639497239, 1.0955684334681774, 4.01823687836799]
APTIDAO: 
39.2424663909464
GEN: 3000
Individuo: 
[0.9974944538550584, 1.449131749707461, 1.3380869076341717, 1.6555568766116513, 0.7292806277547786, 0.7066903262931694, 0.5998780637084847, 0.043489292512372345, 3.218674639497239, 1.1052881417596052, 4.01823687836799]
APTIDAO: 
39.19193864231398
GEN: 3100
Individuo: 
[0.9974944538550584, 1.449131749707461, 1.3380869076341717, 1.671140116559828, 0.7292806277547786, 0.7066903262931694, 0.5998780637084847, 0.043489292512372345, 3.218674639497239, 1.1052881417596052, 4.01823687836799]
APTIDAO: 
39.18983573950137
GEN: 3200
Individuo: 
[1.0010792277235416, 1.449131749707461, 1.3380869076341717, 1.671140116559828, 0.7292806277547786, 0.7066903262931694, 0.5998780637084847, 0.043489292512372345, 3.213083786842073, 1.1052881417596052, 4.01823687836799]
APTIDAO: 
39.188853349889975
GEN: 3300
Individuo: 
[1.0010792277235416, 1.5282319072986792, 1.3380869076341717, 1.6443625078447355, 0.4663703251773479, 0.9040917204363008, 0.5998780637084847, 0.043489292512372345, 3.213083786842073, 1.1052881417596052, 4.05314632392313]
APTIDAO: 
38.907949943693744
GEN: 3400
Individuo: 
[0.9999521193928546, 1.5282319072986792, 1.3380869076341717, 1.6068837393277389, 0.4663703251773479, 0.9031997578338327, 0.5998780637084847, 0.043489292512372345, 3.226350456356745, 1.1052881417596052, 4.05314632392313]
APTIDAO: 
38.87954401918684
GEN: 3500
Individuo: 
[0.9999521193928546, 1.5282319072986792, 1.3432928218834583, 1.623109100908503, 0.9331569291005737, 0.9031997578338327, 0.5998780637084847, 0.043489292512372345, 4.2539196961453625, 1.1052881417596052, 4.05314632392313]
APTIDAO: 
38.82969737324959
GEN: 3600
Individuo: 
[0.9999521193928546, 1.5282319072986792, 1.2989948452073432, 1.623109100908503, 0.9331569291005737, 0.9031997578338327, 0.5998780637084847, 0.043489292512372345, 4.2539196961453625, 1.1052881417596052, 4.05314632392313]
APTIDAO: 
38.82703030695909
GEN: 3700
Individuo: 
[0.9999521193928546, 1.4940539615777249, 1.2989948452073432, 1.623109100908503, 0.9331569291005737, 0.9100433479888499, 0.5998780637084847, 0.043489292512372345, 4.263355826570244, 1.1052881417596052, 4.05314632392313]
APTIDAO: 
38.82194766635289
GEN: 3800
Individuo: 
[0.9999521193928546, 1.4940539615777249, 1.2989948452073432, 1.693731939355625, 0.9235696303383935, 0.9105900683663276, 0.5998780637084847, 0.043489292512372345, 4.263355826570244, 1.1052881417596052, 4.05314632392313]
APTIDAO: 
38.80435580953743
GEN: 3900
Individuo: 
[0.9999521193928546, 1.4940539615777249, 1.2989948452073432, 1.6691075790429832, 0.9235696303383935, 0.9110168988167952, 0.5998780637084847, 0.043489292512372345, 4.263355826570244, 1.1052881417596052, 4.05314632392313]
APTIDAO: 
38.80145799903018
GEN: 4000
Individuo: 
[0.9999521193928546, 1.4940539615777249, 1.2989948452073432, 1.6691075790429832, 0.9235696303383935, 0.9110168988167952, 0.5998780637084847, 0.043489292512372345, 4.263355826570244, 1.1052881417596052, 4.05314632392313]
APTIDAO: 
38.80145799903018
GEN: 4100
Individuo: 
[0.9999521193928546, 1.4940539615777249, 1.2989948452073432, 1.6691075790429832, 0.9235696303383935, 0.9110168988167952, 0.5998780637084847, 0.043489292512372345, 4.263355826570244, 1.1052881417596052, 4.05314632392313]
APTIDAO: 
38.80145799903018
GEN: 4200
Individuo: 
[0.9999521193928546, 1.4940539615777249, 1.2989948452073432, 1.6691075790429832, 0.9235696303383935, 0.9110168988167952, 0.5998780637084847, 0.043489292512372345, 4.263355826570244, 1.1052881417596052, 4.05314632392313]
APTIDAO: 
38.80145799903018
GEN: 4300
Individuo: 
[0.9999521193928546, 1.4889788610585195, 1.2989948452073432, 1.6691075790429832, 0.9235696303383935, 0.9110168988167952, 0.5998780637084847, 0.043489292512372345, 4.263355826570244, 1.1052881417596052, 4.05314632392313]
APTIDAO: 
38.80038507556865
GEN: 4400
Individuo: 
[0.9999521193928546, 1.4889788610585195, 1.2890631954123686, 1.6691075790429832, 0.9235696303383935, 0.9110168988167952, 0.5998780637084847, 0.043489292512372345, 4.263355826570244, 1.1052881417596052, 4.05314632392313]
APTIDAO: 
38.800367574678475
GEN: 4500
Individuo: 
[0.9999521193928546, 1.4889788610585195, 1.2890631954123686, 1.6691075790429832, 0.9213658078725782, 0.9110168988167952, 0.6010595509230172, 0.043489292512372345, 4.263355826570244, 1.1052881417596052, 4.05314632392313]
APTIDAO: 
38.79529901715637
GEN: 4600
Individuo: 
[0.9999521193928546, 1.4889788610585195, 1.2890631954123686, 1.6691075790429832, 0.9213658078725782, 0.9110168988167952, 0.6010595509230172, 0.043489292512372345, 4.263355826570244, 1.1052881417596052, 4.05314632392313]
APTIDAO: 
38.79529901715637
GEN: 4700
Individuo: 
[0.9999521193928546, 1.4889788610585195, 1.2890631954123686, 1.6691075790429832, 0.9213658078725782, 0.9110168988167952, 0.6010595509230172, 0.043489292512372345, 4.263355826570244, 1.1052881417596052, 4.05314632392313]
APTIDAO: 
38.79529901715637
GEN: 4800
Individuo: 
[0.9999521193928546, 1.4889788610585195, 1.2890631954123686, 1.6691075790429832, 0.9213658078725782, 0.9110168988167952, 0.6010595509230172, 0.043489292512372345, 4.26294489648342, 1.1052881417596052, 4.05314632392313]
APTIDAO: 
38.795284588064995
GEN: 4900
Individuo: 
[0.9999521193928546, 1.4901215564054149, 1.2890631954123686, 1.6691075790429832, 0.9213658078725782, 0.9110168988167952, 0.6010595509230172, 0.043489292512372345, 4.26294489648342, 1.1052881417596052, 4.05314632392313]
APTIDAO: 
38.794999281555526
GEN: 5000
Individuo: 
[0.9999521193928546, 1.4901215564054149, 1.2890631954123686, 1.6691075790429832, 0.9213658078725782, 0.9110168988167952, 0.7866151129551318, 0.043489292512372345, 4.26294489648342, 1.2816987049950506, 4.05314632392313]
APTIDAO: 
38.28432894134402
GEN: 5100
Individuo: 
[0.9999521193928546, 1.4901215564054149, 1.2890631954123686, 1.788014486602603, 0.9213658078725782, 0.9110168988167952, 0.7866151129551318, 0.043489292512372345, 4.26294489648342, 1.2816987049950506, 4.05314632392313]
APTIDAO: 
38.279923924073486
GEN: 5200
Individuo: 
[0.9999521193928546, 1.4901215564054149, 1.2890631954123686, 1.7632692296000794, 0.9213658078725782, 0.9110168988167952, 0.7866151129551318, 0.043599622746909775, 4.26294489648342, 1.2816987049950506, 4.05314632392313]
APTIDAO: 
38.26388145385859
GEN: 5300
Individuo: 
[0.9999521193928546, 1.4901215564054149, 1.2890631954123686, 1.7632692296000794, 0.9213658078725782, 0.9110168988167952, 0.7866151129551318, 0.043599622746909775, 4.26294489648342, 1.2816987049950506, 4.05314632392313]
APTIDAO: 
38.26388145385859
GEN: 5400
Individuo: 
[0.9999521193928546, 1.4901215564054149, 1.2890631954123686, 1.7632692296000794, 0.9213658078725782, 0.9126134321928726, 0.7866151129551318, 0.043599622746909775, 4.26294489648342, 1.2816987049950506, 4.05314632392313]
APTIDAO: 
38.261026032162704
GEN: 5500
Individuo: 
[0.9999521193928546, 1.4901215564054149, 1.2890631954123686, 1.7176350289604319, 0.9213658078725782, 0.9126134321928726, 0.7887907547228058, 0.043599622746909775, 4.26294489648342, 1.2827244971873613, 4.05314632392313]
APTIDAO: 
38.25609375885513
GEN: 5600
Individuo: 
[0.9999521193928546, 1.4901215564054149, 1.2890631954123686, 1.7176350289604319, 0.9207412830551245, 0.9126134321928726, 0.7887907547228058, 0.043599622746909775, 4.26294489648342, 1.2827244971873613, 4.05314632392313]
APTIDAO: 
38.25552623533653
GEN: 5700
Individuo: 
[0.9999521193928546, 1.5045102441820883, 1.2890631954123686, 1.7176350289604319, 0.9207412830551245, 0.9126134321928726, 0.7887907547228058, 0.043599622746909775, 4.26294489648342, 1.2827244971873613, 4.05314632392313]
APTIDAO: 
38.25328994762216
GEN: 5800
Individuo: 
[0.9999521193928546, 1.5045102441820883, 1.2857991446623331, 1.7176350289604319, 0.9207412830551245, 0.9132003852015116, 0.7887907547228058, 0.043599622746909775, 4.26294489648342, 1.2827244971873613, 4.05314632392313]
APTIDAO: 
38.25151650780645
GEN: 5900
Individuo: 
[0.9999521193928546, 1.5045102441820883, 1.2857991446623331, 1.7176350289604319, 0.9207412830551245, 0.9132003852015116, 0.7887907547228058, 0.043599622746909775, 4.26294489648342, 1.2827244971873613, 4.05314632392313]
APTIDAO: 
38.25151650780645
GEN: 6000
Individuo: 
[0.9999521193928546, 1.5045102441820883, 1.2857991446623331, 1.7186226860883806, 0.9207412830551245, 0.9132003852015116, 0.7887907547228058, 0.04362448189098473, 4.26294489648342, 1.2827244971873613, 4.05314632392313]
APTIDAO: 
38.25068204585127
GEN: 6100
Individuo: 
[0.9995635962749619, 1.5045102441820883, 1.2857991446623331, 1.7186226860883806, 0.9207412830551245, 0.9132003852015116, 0.7887907547228058, 0.043640614172625374, 4.26294489648342, 1.2827244971873613, 4.05314632392313]
APTIDAO: 
38.249772678255496
GEN: 6200
Individuo: 
[0.9995635962749619, 1.5045102441820883, 1.2857991446623331, 1.7186226860883806, 0.9207412830551245, 0.9132003852015116, 0.7880140840728562, 0.043640614172625374, 4.26294489648342, 1.2827244971873613, 4.05314632392313]
APTIDAO: 
38.24921925908038
GEN: 6300
Individuo: 
[0.9995635962749619, 1.5045102441820883, 1.2828931531613577, 1.7186226860883806, 0.9207412830551245, 0.9132003852015116, 0.7880140840728562, 0.043640614172625374, 4.26294489648342, 1.2827244971873613, 4.05314632392313]
APTIDAO: 
38.24813239485829
GEN: 6400
Individuo: 
[0.9995635962749619, 1.5045102441820883, 1.2828931531613577, 1.7186226860883806, 0.9207412830551245, 0.9132003852015116, 0.7880140840728562, 0.043640614172625374, 4.26294489648342, 1.2827244971873613, 4.05314632392313]
APTIDAO: 
38.24813239485829
GEN: 6500
Individuo: 
[0.9995635962749619, 1.5045102441820883, 1.2828931531613577, 1.7186226860883806, 0.9207412830551245, 0.9132003852015116, 0.7880140840728562, 0.0436813168438319, 4.26294489648342, 1.2827244971873613, 4.05314632392313]
APTIDAO: 
38.247601187654595
GEN: 6600
Individuo: 
[0.9995635962749619, 1.5045102441820883, 1.2828931531613577, 1.7186226860883806, 0.9207412830551245, 0.9132003852015116, 0.7880140840728562, 0.0436813168438319, 4.26294489648342, 1.2827244971873613, 4.044993670218798]
APTIDAO: 
38.243935762875076
GEN: 6700
Individuo: 
[0.9995635962749619, 1.5045102441820883, 1.2828931531613577, 1.7186226860883806, 0.9207412830551245, 0.9132003852015116, 0.7880140840728562, 0.04368256228707915, 4.26294489648342, 1.2827244971873613, 4.044993670218798]
APTIDAO: 
38.24385188197378
GEN: 6800
Individuo: 
[0.9995635962749619, 1.5045102441820883, 1.2828931531613577, 1.7169832107982805, 0.9207412830551245, 0.9132003852015116, 0.7880140840728562, 0.04368256228707915, 4.26294489648342, 1.2827244971873613, 4.044993670218798]
APTIDAO: 
38.24379224372884
GEN: 6900
Individuo: 
[0.9995635962749619, 1.5045102441820883, 1.2828931531613577, 1.7169832107982805, 0.9207412830551245, 0.9132003852015116, 0.7880140840728562, 0.04368256228707915, 4.26294489648342, 1.2827244971873613, 4.044993670218798]
APTIDAO: 
38.24379224372884
GEN: 7000
Individuo: 
[0.9995635962749619, 1.5045102441820883, 1.2828931531613577, 1.7169832107982805, 0.9207412830551245, 0.9132003852015116, 0.7880140840728562, 0.04368256228707915, 4.26294489648342, 1.2827244971873613, 4.044993670218798]
APTIDAO: 
38.24379224372884
GEN: 7100
Individuo: 
[0.9995635962749619, 1.5045102441820883, 1.287697261090443, 1.7169832107982805, 0.9207412830551245, 0.9132003852015116, 0.7880140840728562, 0.04368256228707915, 4.26294489648342, 1.2827244971873613, 4.044993670218798]
APTIDAO: 
38.24372171774432
GEN: 7200
Individuo: 
[0.9995635962749619, 1.5045102441820883, 1.287697261090443, 1.7211192923170757, 0.9207412830551245, 0.9132003852015116, 0.7880140840728562, 0.04368256228707915, 4.26294489648342, 1.2827244971873613, 4.044993670218798]
APTIDAO: 
38.24359599350873
GEN: 7300
Individuo: 
[0.9995635962749619, 1.5045102441820883, 1.287697261090443, 1.7211192923170757, 0.9207412830551245, 0.9132003852015116, 0.7880140840728562, 0.04368256228707915, 4.26294489648342, 1.2827244971873613, 4.044993670218798]
APTIDAO: 
38.24359599350873
GEN: 7400
Individuo: 
[0.9995635962749619, 1.5045102441820883, 1.287697261090443, 1.7211192923170757, 0.9207412830551245, 0.9132003852015116, 0.7880140840728562, 0.04368256228707915, 4.26294489648342, 1.2827244971873613, 4.044993670218798]
APTIDAO: 
38.24359599350873
GEN: 7500
Individuo: 
[0.9995635962749619, 1.5045102441820883, 1.287697261090443, 1.7211192923170757, 0.9207412830551245, 0.9132003852015116, 0.7880140840728562, 0.04368256228707915, 4.26294489648342, 1.2827244971873613, 4.044993670218798]
APTIDAO: 
38.24359599350873
GEN: 7600
Individuo: 
[0.9995635962749619, 1.5045102441820883, 1.287697261090443, 1.7211192923170757, 0.9207412830551245, 0.9132003852015116, 0.7880140840728562, 0.04368256228707915, 4.26294489648342, 1.2827244971873613, 4.044993670218798]
APTIDAO: 
38.24359599350873
GEN: 7700
Individuo: 
[0.9995635962749619, 1.5045102441820883, 1.287697261090443, 1.7211192923170757, 0.9207412830551245, 0.9132003852015116, 0.7880140840728562, 0.04368256228707915, 4.26294489648342, 1.2827244971873613, 4.044993670218798]
APTIDAO: 
38.24359599350873
GEN: 7800
Individuo: 
[0.9995635962749619, 1.5045102441820883, 1.287697261090443, 1.7211192923170757, 0.9207412830551245, 0.9132003852015116, 0.7880140840728562, 0.04368256228707915, 4.26294489648342, 1.2827244971873613, 4.044993670218798]
APTIDAO: 
38.24359599350873
GEN: 7900
Individuo: 
[0.9995635962749619, 1.5045102441820883, 1.287697261090443, 1.7211192923170757, 0.9207412830551245, 0.9132003852015116, 0.7880140840728562, 0.04368256228707915, 4.26294489648342, 1.2827244971873613, 4.044993670218798]
APTIDAO: 
38.24359599350873
GEN: 8000
Individuo: 
[0.9995635962749619, 1.5045102441820883, 1.287697261090443, 1.7211192923170757, 0.9207412830551245, 0.9132003852015116, 0.7880140840728562, 0.04368256228707915, 4.26294489648342, 1.2845560609919404, 4.042395454471804]
APTIDAO: 
38.24143276458935
GEN: 8100
Individuo: 
[0.9995635962749619, 1.5045102441820883, 1.287697261090443, 1.7211192923170757, 0.9207412830551245, 0.9132003852015116, 0.7907914682185205, 0.04368256228707915, 4.26294489648342, 1.2845560609919404, 4.042395454471804]
APTIDAO: 
38.23888498090391
GEN: 8200
Individuo: 
[0.9995635962749619, 1.5045102441820883, 1.287697261090443, 1.7211192923170757, 0.9207412830551245, 0.9132003852015116, 0.7907914682185205, 0.04368256228707915, 4.26294489648342, 1.2882237174315152, 4.042395454471804]
APTIDAO: 
38.237136472913804
GEN: 8300
Individuo: 
[0.9995635962749619, 1.5045102441820883, 1.287697261090443, 1.7211192923170757, 0.9226294011809808, 0.9134518449740716, 0.7907914682185205, 0.04368256228707915, 4.26294489648342, 1.2882237174315152, 4.042395454471804]
APTIDAO: 
38.236231380034816
GEN: 8400
Individuo: 
[0.9995635962749619, 1.5045102441820883, 1.3033468372035117, 1.7211192923170757, 0.9226294011809808, 0.9134518449740716, 0.7927556611166818, 0.04368256228707915, 4.26294489648342, 1.2882237174315152, 4.042395454471804]
APTIDAO: 
38.232755563283476
GEN: 8500
Individuo: 
[0.9995635962749619, 1.5045102441820883, 1.3033468372035117, 1.7211192923170757, 0.9226294011809808, 0.9134518449740716, 0.7927556611166818, 0.04368256228707915, 4.26294489648342, 1.28856637552582, 4.042395454471804]
APTIDAO: 
38.231667707656264
GEN: 8600
Individuo: 
[0.9995635962749619, 1.5045102441820883, 1.3033468372035117, 1.7211192923170757, 0.9226294011809808, 0.9134518449740716, 0.7927556611166818, 0.04368256228707915, 4.26294489648342, 1.28856637552582, 4.042395454471804]
APTIDAO: 
38.231667707656264
GEN: 8700
Individuo: 
[0.9995635962749619, 1.5045102441820883, 1.3033468372035117, 1.7211192923170757, 0.9233745798876352, 0.9134518449740716, 0.7927556611166818, 0.04375174750868415, 4.26294489648342, 1.28856637552582, 4.042395454471804]
APTIDAO: 
38.228852985327364
GEN: 8800
Individuo: 
[0.9995635962749619, 1.5045102441820883, 1.3033468372035117, 1.7211192923170757, 0.9233745798876352, 0.9134518449740716, 0.7927556611166818, 0.04375174750868415, 4.26294489648342, 1.28856637552582, 4.042395454471804]
APTIDAO: 
38.228852985327364
GEN: 8900
Individuo: 
[0.9995635962749619, 1.5045102441820883, 1.2932819799802373, 1.7211192923170757, 0.9233745798876352, 0.9134518449740716, 0.7927556611166818, 0.04375174750868415, 4.26294489648342, 1.28856637552582, 4.042395454471804]
APTIDAO: 
38.22646922099211
GEN: 9000
Individuo: 
[0.9995635962749619, 1.5045102441820883, 1.2932819799802373, 1.7211192923170757, 0.9233745798876352, 0.9134518449740716, 0.7927556611166818, 0.04375174750868415, 4.26294489648342, 1.28856637552582, 4.042395454471804]
APTIDAO: 
38.22646922099211
GEN: 9100
Individuo: 
[0.9995635962749619, 1.5045102441820883, 1.2932819799802373, 1.7211192923170757, 0.9233745798876352, 0.9134518449740716, 0.7927556611166818, 0.04375174750868415, 4.26294489648342, 1.28856637552582, 4.042395454471804]
APTIDAO: 
38.22646922099211
GEN: 9200
Individuo: 
[0.9995635962749619, 1.5045102441820883, 1.2932819799802373, 1.7211192923170757, 0.9233745798876352, 0.9134518449740716, 0.7927556611166818, 0.04378944616063424, 4.26294489648342, 1.28856637552582, 4.042395454471804]
APTIDAO: 
38.22517468663
GEN: 9300
Individuo: 
[0.9995635962749619, 1.5045102441820883, 1.2932819799802373, 1.7182153639472209, 0.9233745798876352, 0.9134518449740716, 0.7927556611166818, 0.04378944616063424, 4.26294489648342, 1.28856637552582, 4.042395454471804]
APTIDAO: 
38.224617863210206
GEN: 9400
Individuo: 
[0.9995635962749619, 1.5045102441820883, 1.2932819799802373, 1.7182153639472209, 0.9233745798876352, 0.9134518449740716, 0.7927556611166818, 0.04378944616063424, 4.26294489648342, 1.28856637552582, 4.042395454471804]
APTIDAO: 
38.224617863210206
GEN: 9500
Individuo: 
[0.9995635962749619, 1.5045102441820883, 1.2932819799802373, 1.7182153639472209, 0.9233745798876352, 0.9134518449740716, 0.7927556611166818, 0.04378944616063424, 4.26294489648342, 1.28856637552582, 4.042395454471804]
APTIDAO: 
38.224617863210206
GEN: 9600
Individuo: 
[0.9995635962749619, 1.5045102441820883, 1.2932819799802373, 1.7182153639472209, 0.9233745798876352, 0.9134518449740716, 0.7927556611166818, 0.04378944616063424, 4.26294489648342, 1.28856637552582, 4.042395454471804]
APTIDAO: 
38.224617863210206
GEN: 9700
Individuo: 
[0.9995635962749619, 1.5044514111804794, 1.2932819799802373, 1.7182153639472209, 0.9233745798876352, 0.9134518449740716, 0.7927556611166818, 0.04378944616063424, 4.26294489648342, 1.28856637552582, 4.042395454471804]
APTIDAO: 
38.22460595377701
GEN: 9800
Individuo: 
[0.9995635962749619, 1.5044514111804794, 1.2932819799802373, 1.7182153639472209, 0.9233745798876352, 0.9134518449740716, 0.7927556611166818, 0.04378944616063424, 4.26294489648342, 1.28856637552582, 4.042395454471804]
APTIDAO: 
38.22460595377701
GEN: 9900
Individuo: 
[0.9995635962749619, 1.5044514111804794, 1.2932819799802373, 1.7172548897465139, 0.9233745798876352, 0.9134518449740716, 0.7927556611166818, 0.04378944616063424, 4.26294489648342, 1.28856637552582, 4.042395454471804]
APTIDAO: 
38.22455366470946
GEN: 10000
Individuo: 
[0.9995635962749619, 1.5044514111804794, 1.2932819799802373, 1.7172548897465139, 0.9233745798876352, 0.9134518449740716, 0.7932261081420766, 0.04378944616063424, 4.26294489648342, 1.28856637552582, 4.042149849942562]
APTIDAO: 
38.2241796179241

--- RESULTADO FINAL ---
Erro (norma-1): 38.2241796179241
Parâmetros: [0.9995635962749619, 1.5044514111804794, 1.2932819799802373, 1.7172548897465139, 0.9233745798876352, 0.9134518449740716, 0.7932261081420766, 0.04378944616063424, 4.26294489648342, 1.28856637552582, 4.042149849942562]
Tempo total: 00h 25m 03s
