SEED: 1779621313
METODO: ABCD_MM
IND_SIZE: 15
GEN: 0
Individuo: 
[0.754060199118215, 4.815876122396372, 1.9147574528991942, 3.9184555753100403, 0.10704503092206037, 0.9439867523830583, 0.2163985441143164, 0.020171155193987, 3.7641786919265177, 9.968221610118068, 5.475554444179985, 8.923546202970925, 8.682252406268155, 2.453250441956111, 2.48874177446931]
APTIDAO: 
204.77708887077682
GEN: 100
Individuo: 
[0.17573565007013706, 4.815876122396372, 1.1884069940237572, 1.798955843741532, 0.6443764637135942, 0.9439867523830583, 0.7343820300371825, 0.1449952788347858, 3.07379882310012, 1.936733639684172, 3.304024007560003, 1.1220842906627848, 8.682252406268155, 1.836568137147392, 1.3446588108099164]
APTIDAO: 
41.011203478307216
GEN: 200
Individuo: 
[0.9683286500987055, 4.796730928296114, 1.260355335483827, 1.3720548987779257, 0.7540782677517726, 0.9439867523830583, 0.7343820300371825, 0.15422577139201996, 2.6387866184460655, 1.936733639684172, 3.0414252723502533, 1.0427914887232232, 8.682252406268155, 1.7191015179675615, 1.3446588108099164]
APTIDAO: 
28.623448238001636
GEN: 300
Individuo: 
[1.0875191856870376, 4.883101750275153, 1.3962758746749042, 1.2014540080720706, 0.7540782677517726, 0.9439867523830583, 0.7343820300371825, 0.15422577139201996, 2.6373196689521743, 1.936733639684172, 2.8250160986422297, 1.0427914887232232, 8.682252406268155, 1.6921501454673809, 1.3446588108099164]
APTIDAO: 
26.59706631777264
GEN: 400
Individuo: 
[1.1753204489074487, 4.883101750275153, 1.786481226511655, 0.9616080323296532, 0.7709456206796509, 0.9180947999598207, 0.7343820300371825, 0.15422577139201996, 2.2341061590736047, 1.936733639684172, 2.8250160986422297, 1.0427914887232232, 8.682252406268155, 1.6921501454673809, 1.3446588108099164]
APTIDAO: 
23.75859527295856
GEN: 500
Individuo: 
[1.1753204489074487, 4.946032005144918, 1.6916563009887153, 0.9497653287467969, 0.7709456206796509, 0.9180947999598207, 0.7256479964636453, 0.15766197699749562, 2.0131075519122574, 1.936733639684172, 2.985690399979418, 1.0427914887232232, 8.682252406268155, 1.6921501454673809, 1.3446588108099164]
APTIDAO: 
23.327050768856118
GEN: 600
Individuo: 
[1.0016833478478693, 4.946032005144918, 1.8302573693076778, 0.9497653287467969, 0.7926768706713615, 0.9180947999598207, 0.7258749934968669, 0.15766197699749562, 1.9626470402363116, 1.9363941158092297, 2.985690399979418, 1.0427914887232232, 8.682252406268155, 1.6921501454673809, 1.3446588108099164]
APTIDAO: 
22.956337052257954
GEN: 700
Individuo: 
[1.0016833478478693, 4.842517221719862, 1.84997870369852, 0.9434667962805774, 0.7768395376171984, 0.9180947999598207, 0.7258749934968669, 0.1602750511480368, 1.7393130413353057, 1.9363941158092297, 2.985690399979418, 1.0427914887232232, 8.682252406268155, 1.6921501454673809, 1.3446588108099164]
APTIDAO: 
22.49265438502972
GEN: 800
Individuo: 
[1.0016833478478693, 4.842517221719862, 1.84997870369852, 0.9434667962805774, 0.8284092501228549, 0.9180947999598207, 0.7258749934968669, 0.16767214229515642, 1.6535586317318083, 1.9363941158092297, 3.03719495779533, 1.0427914887232232, 8.682252406268155, 1.6937544680961159, 1.3446588108099164]
APTIDAO: 
21.808820446509095
GEN: 900
Individuo: 
[1.0016833478478693, 4.6430265647340585, 1.9211392672198306, 0.9434667962805774, 0.8284092501228549, 0.9180947999598207, 0.7258749934968669, 0.168032257989981, 1.6535586317318083, 1.9363941158092297, 3.03719495779533, 1.0427914887232232, 8.74473315206179, 1.6937544680961159, 1.3446588108099164]
APTIDAO: 
21.724015905561632
GEN: 1000
Individuo: 
[1.0016833478478693, 4.678849358056012, 1.9211392672198306, 0.9434667962805774, 0.8284092501228549, 0.9180947999598207, 0.7258749934968669, 0.168032257989981, 1.6535586317318083, 1.9363941158092297, 3.03719495779533, 1.0427914887232232, 8.74473315206179, 1.6937544680961159, 1.3446588108099164]
APTIDAO: 
21.711344825310174
GEN: 1100
Individuo: 
[1.0016833478478693, 4.764917883034198, 1.9211392672198306, 0.921769129026911, 0.8284092501228549, 0.9173763615855057, 0.7258749934968669, 0.168032257989981, 1.6535586317318083, 1.9363941158092297, 3.047681369507732, 1.0427914887232232, 8.74473315206179, 1.6937544680961159, 1.3401592774054656]
APTIDAO: 
21.59010595913124
GEN: 1200
Individuo: 
[1.0016833478478693, 4.764917883034198, 1.9211392672198306, 0.9058326704673713, 0.8284092501228549, 0.9173763615855057, 0.7258749934968669, 0.168032257989981, 1.6535586317318083, 1.9363941158092297, 3.047681369507732, 1.0427914887232232, 8.74473315206179, 1.6937544680961159, 1.3401592774054656]
APTIDAO: 
21.544340506418568
GEN: 1300
Individuo: 
[1.0016833478478693, 4.833920393475556, 1.9775030563996787, 0.9058326704673713, 0.8284092501228549, 0.9173763615855057, 0.7258749934968669, 0.168032257989981, 1.6535586317318083, 1.9363941158092297, 3.047681369507732, 1.0427914887232232, 8.74473315206179, 1.6937544680961159, 1.3401592774054656]
APTIDAO: 
21.48261741981853
GEN: 1400
Individuo: 
[1.0016833478478693, 4.833920393475556, 1.9775030563996787, 0.8487509757903856, 0.8284092501228549, 0.9173763615855057, 0.7219137552848226, 0.168032257989981, 1.7174929149201696, 1.9363941158092297, 3.0916517412383357, 1.0427914887232232, 8.74473315206179, 1.6937544680961159, 1.337799018108728]
APTIDAO: 
21.26801523554938
GEN: 1500
Individuo: 
[1.0016833478478693, 4.95135184306793, 2.0036026291369606, 0.8487509757903856, 0.8284092501228549, 0.9173763615855057, 0.7219137552848226, 0.168032257989981, 1.695151083686265, 1.9363941158092297, 3.166921409099263, 1.0427914887232232, 8.74473315206179, 1.6937544680961159, 1.337799018108728]
APTIDAO: 
21.16165357045195
GEN: 1600
Individuo: 
[1.0016833478478693, 4.95135184306793, 2.0036026291369606, 0.8487509757903856, 0.8284092501228549, 0.9173763615855057, 0.7219137552848226, 0.168032257989981, 1.695151083686265, 1.9363941158092297, 3.166921409099263, 1.0427914887232232, 8.724038221747794, 1.7240399611586108, 1.337799018108728]
APTIDAO: 
21.127159821421806
GEN: 1700
Individuo: 
[1.0016833478478693, 4.95135184306793, 2.0036026291369606, 0.8477085230325292, 0.8284092501228549, 0.9173763615855057, 0.7219137552848226, 0.168032257989981, 1.6344008672440244, 1.9363941158092297, 3.166921409099263, 1.0427914887232232, 8.724038221747794, 1.7240399611586108, 1.337799018108728]
APTIDAO: 
21.11619305222733
GEN: 1800
Individuo: 
[1.0016833478478693, 4.95135184306793, 2.0038003797920876, 0.8477085230325292, 0.8284092501228549, 0.9162862182727645, 0.7219137552848226, 0.168032257989981, 1.6557948666700182, 1.9363941158092297, 3.166921409099263, 1.0427914887232232, 8.724038221747794, 1.7240399611586108, 1.337799018108728]
APTIDAO: 
21.10738062002317
GEN: 1900
Individuo: 
[1.0016833478478693, 4.95135184306793, 2.0258527632874155, 0.8477085230325292, 0.8284092501228549, 0.9162862182727645, 0.7219137552848226, 0.168032257989981, 1.5957239021212755, 1.9363941158092297, 3.166921409099263, 1.0427914887232232, 8.742919547608016, 1.71826967264096, 1.337799018108728]
APTIDAO: 
21.086467962823544
GEN: 2000
Individuo: 
[1.0016833478478693, 4.95135184306793, 2.0258527632874155, 0.8310243319338428, 0.8284092501228549, 0.9162862182727645, 0.7219137552848226, 0.16891459459004984, 1.5957239021212755, 1.9363941158092297, 3.166921409099263, 1.0427914887232232, 8.742919547608016, 1.71826967264096, 1.337799018108728]
APTIDAO: 
21.01582591644259
GEN: 2100
Individuo: 
[1.0016833478478693, 4.962764254077368, 2.031517361341477, 0.8310243319338428, 0.8284092501228549, 0.9162862182727645, 0.7219137552848226, 0.16891459459004984, 1.5295902924675422, 1.9156186548659475, 3.166921409099263, 1.0427914887232232, 8.742919547608016, 1.71826967264096, 1.337799018108728]
APTIDAO: 
20.977398593131703
GEN: 2200
Individuo: 
[1.0016833478478693, 4.906972248404963, 2.031517361341477, 0.8310243319338428, 0.8284092501228549, 0.9162862182727645, 0.7219137552848226, 0.16891459459004984, 1.3902688359942732, 1.9156186548659475, 3.166921409099263, 1.0427914887232232, 8.742919547608016, 1.7273732742605656, 1.337799018108728]
APTIDAO: 
20.885835120149707
GEN: 2300
Individuo: 
[1.0016833478478693, 4.94877467567185, 2.1068116658831557, 0.7940584576157914, 0.8284092501228549, 0.9162862182727645, 0.715813743272324, 0.16891459459004984, 1.3667815898539803, 1.9156186548659475, 3.270907733577055, 1.0427914887232232, 8.742919547608016, 1.7402365641729445, 1.337799018108728]
APTIDAO: 
20.727600148022603
GEN: 2400
Individuo: 
[1.0016833478478693, 4.94877467567185, 2.140808456029664, 0.7847983960976438, 0.8364667222951399, 0.9162862182727645, 0.715813743272324, 0.1693429830836005, 1.3667815898539803, 1.9156186548659475, 3.270907733577055, 1.0427914887232232, 8.742919547608016, 1.7402365641729445, 1.337799018108728]
APTIDAO: 
20.645715203632715
GEN: 2500
Individuo: 
[1.0016833478478693, 4.960290965238974, 2.140808456029664, 0.7847983960976438, 0.8364667222951399, 0.9162862182727645, 0.715813743272324, 0.1693429830836005, 1.3667815898539803, 1.9156186548659475, 3.378260614272068, 1.0427914887232232, 8.742919547608016, 1.7542651790587533, 1.337799018108728]
APTIDAO: 
20.62955168540316
GEN: 2600
Individuo: 
[0.9989916906726597, 4.960290965238974, 2.140808456029664, 0.7847983960976438, 0.8381506161564772, 0.9162862182727645, 0.715813743272324, 0.1693429830836005, 1.3667815898539803, 1.9156186548659475, 3.378260614272068, 1.0427914887232232, 8.742919547608016, 1.7542651790587533, 1.337799018108728]
APTIDAO: 
20.626478269380502
GEN: 2700
Individuo: 
[0.9989916906726597, 4.960290965238974, 2.2044305433471343, 0.7847983960976438, 0.8381506161564772, 0.9162862182727645, 0.715813743272324, 0.1693429830836005, 1.3732506300682288, 1.9156186548659475, 3.378260614272068, 1.0444258848542403, 8.742919547608016, 1.7542651790587533, 1.337799018108728]
APTIDAO: 
20.586246555285346
GEN: 2800
Individuo: 
[0.9989916906726597, 4.960290965238974, 2.140808456029664, 0.7847983960976438, 0.8815467360276732, 0.9162862182727645, 0.715813743272324, 0.16856014369423533, 1.427054037199644, 1.8535831262930387, 3.5187291776997816, 1.0444258848542403, 8.624100092766108, 1.7542651790587533, 1.337799018108728]
APTIDAO: 
20.343042421788127
GEN: 2900
Individuo: 
[0.9989916906726597, 4.960290965238974, 2.2025778838737664, 0.7508644531959238, 0.8815467360276732, 0.9162862182727645, 0.7061220972460657, 0.16905141316122144, 1.219866812017413, 1.8535831262930387, 3.5187291776997816, 1.0444258848542403, 8.624100092766108, 1.7542651790587533, 1.337799018108728]
APTIDAO: 
20.161385966000697
GEN: 3000
Individuo: 
[0.9989916906726597, 4.960290965238974, 2.287644897673716, 0.7508644531959238, 0.8815467360276732, 0.9162862182727645, 0.7061220972460657, 0.16905141316122144, 1.28285691645427, 1.8535831262930387, 3.6833757153463167, 1.0444258848542403, 8.624100092766108, 1.7542651790587533, 1.337799018108728]
APTIDAO: 
19.99819409524268
GEN: 3100
Individuo: 
[0.9989916906726597, 4.960290965238974, 2.287644897673716, 0.7230246210876997, 0.8815467360276732, 0.9151521874273421, 0.7061220972460657, 0.16905141316122144, 1.3406855617321398, 1.8535831262930387, 3.6833757153463167, 1.0444258848542403, 8.624100092766108, 1.7542651790587533, 1.337799018108728]
APTIDAO: 
19.969839026708023
GEN: 3200
Individuo: 
[0.9989916906726597, 4.943533819963672, 2.31306597985939, 0.7248962796435501, 0.8815467360276732, 0.9151521874273421, 0.7061220972460657, 0.16905141316122144, 1.2899256122859497, 1.8515611873457822, 3.6877743597708417, 1.0444258848542403, 8.624100092766108, 1.7542651790587533, 1.337799018108728]
APTIDAO: 
19.92367292786206
GEN: 3300
Individuo: 
[0.9989916906726597, 4.943533819963672, 2.31306597985939, 0.7248962796435501, 0.8815467360276732, 0.9142836969670237, 0.7061220972460657, 0.16905141316122144, 1.3138762541944018, 1.8515611873457822, 3.6877743597708417, 1.0534011791610634, 8.665757946939204, 1.7542651790587533, 1.337399765603773]
APTIDAO: 
19.892792249307412
GEN: 3400
Individuo: 
[0.9989916906726597, 4.943533819963672, 2.340550199958746, 0.7342415200661984, 0.8815467360276732, 0.9142836969670237, 0.7061220972460657, 0.16905141316122144, 1.3138762541944018, 1.8515611873457822, 3.6877743597708417, 1.0534011791610634, 8.665757946939204, 1.7542651790587533, 1.335430685779861]
APTIDAO: 
19.87868609898873
GEN: 3500
Individuo: 
[0.9989916906726597, 4.912572265919615, 2.340550199958746, 0.7342415200661984, 0.8815467360276732, 0.9142836969670237, 0.7061220972460657, 0.16905141316122144, 1.3138762541944018, 1.8515611873457822, 3.6877743597708417, 1.0534011791610634, 8.665757946939204, 1.7684946876808603, 1.335430685779861]
APTIDAO: 
19.848399901600356
GEN: 3600
Individuo: 
[0.9989916906726597, 4.888355038732777, 2.340550199958746, 0.7342415200661984, 0.8815467360276732, 0.9142836969670237, 0.7061220972460657, 0.16905141316122144, 1.326257886645103, 1.8480111801703856, 3.6877743597708417, 1.0534011791610634, 8.620537065628172, 1.7684946876808603, 1.335430685779861]
APTIDAO: 
19.817973768233607
GEN: 3700
Individuo: 
[0.9989916906726597, 4.888355038732777, 2.340550199958746, 0.7361928439240832, 0.8815467360276732, 0.9142836969670237, 0.7061220972460657, 0.16905141316122144, 1.0898541431561437, 1.832579806807146, 3.6877743597708417, 1.0534011791610634, 8.620537065628172, 1.7684946876808603, 1.335430685779861]
APTIDAO: 
19.738621502439784
GEN: 3800
Individuo: 
[0.9989916906726597, 4.888355038732777, 2.340550199958746, 0.7361928439240832, 0.8815467360276732, 0.9142836969670237, 0.7061220972460657, 0.16905141316122144, 1.0898541431561437, 1.832579806807146, 3.6877743597708417, 1.0534011791610634, 8.620537065628172, 1.7684946876808603, 1.335430685779861]
APTIDAO: 
19.738621502439784
GEN: 3900
Individuo: 
[0.9989916906726597, 4.888355038732777, 2.6024957826034707, 0.6845893619687177, 0.9348814422183287, 0.9142836969670237, 0.7061220972460657, 0.22957705763137498, 1.0323167692643866, 1.8260270553900626, 3.6877743597708417, 1.392517838914886, 8.620537065628172, 1.7684946876808603, 1.335430685779861]
APTIDAO: 
17.110166852660807
GEN: 4000
Individuo: 
[0.9989916906726597, 4.872198194237312, 2.6024957826034707, 0.6845893619687177, 0.9348814422183287, 0.9142836969670237, 0.7061220972460657, 0.22957705763137498, 1.2642852340600192, 1.8260270553900626, 3.6877743597708417, 1.392517838914886, 8.620537065628172, 1.7684946876808603, 1.320503447146385]
APTIDAO: 
16.85872794740027
GEN: 4100
Individuo: 
[0.9989916906726597, 4.872198194237312, 2.6024957826034707, 0.69821751104361, 0.9348814422183287, 0.9142836969670237, 0.7061220972460657, 0.22957705763137498, 1.3241694682320473, 1.8260270553900626, 3.7543878597846443, 1.392517838914886, 8.620537065628172, 1.7684946876808603, 1.320503447146385]
APTIDAO: 
16.73942646715555
GEN: 4200
Individuo: 
[0.9989916906726597, 4.872198194237312, 2.6024957826034707, 0.69821751104361, 0.9348814422183287, 0.9142836969670237, 0.699240535170566, 0.22957705763137498, 1.130925431064947, 1.8260270553900626, 3.7543878597846443, 1.392517838914886, 8.583709953341032, 1.7684946876808603, 1.320503447146385]
APTIDAO: 
16.607002643635052
GEN: 4300
Individuo: 
[0.9989916906726597, 4.872198194237312, 2.6024957826034707, 0.69821751104361, 0.9348814422183287, 0.9142836969670237, 0.699240535170566, 0.22957705763137498, 1.130925431064947, 1.8260270553900626, 3.7543878597846443, 1.392517838914886, 8.583709953341032, 1.7684946876808603, 1.320503447146385]
APTIDAO: 
16.607002643635052
GEN: 4400
Individuo: 
[0.9989916906726597, 4.872198194237312, 2.6024957826034707, 0.7209990518182062, 0.9348814422183287, 0.9142836969670237, 0.699240535170566, 0.22957705763137498, 1.0052816519698324, 1.8260270553900626, 3.81236472948533, 1.392517838914886, 8.583709953341032, 1.7775160644267434, 1.320503447146385]
APTIDAO: 
16.543679707634936
GEN: 4500
Individuo: 
[0.9989916906726597, 4.872198194237312, 2.6024957826034707, 0.7209990518182062, 0.9348814422183287, 0.9142836969670237, 0.699240535170566, 0.22957705763137498, 1.0984511987757448, 1.8260270553900626, 3.81236472948533, 1.392517838914886, 8.583709953341032, 1.7775160644267434, 1.320503447146385]
APTIDAO: 
16.5255874374316
GEN: 4600
Individuo: 
[0.9989916906726597, 4.872198194237312, 2.6024957826034707, 0.7209990518182062, 0.9348814422183287, 0.9142836969670237, 0.699240535170566, 0.22957705763137498, 1.1023292862149752, 1.8260270553900626, 3.81236472948533, 1.392517838914886, 8.583709953341032, 1.7775160644267434, 1.3135883116582827]
APTIDAO: 
16.513419961979643
GEN: 4700
Individuo: 
[0.9989916906726597, 4.872198194237312, 2.6024957826034707, 0.7209990518182062, 0.9348814422183287, 0.9142836969670237, 0.699240535170566, 0.22957705763137498, 1.0609077673364466, 1.8149017653802202, 3.81236472948533, 1.392517838914886, 8.583709953341032, 1.7775160644267434, 1.3135883116582827]
APTIDAO: 
16.42680848089738
GEN: 4800
Individuo: 
[0.9989916906726597, 4.872198194237312, 2.6024957826034707, 0.7209990518182062, 0.9348814422183287, 0.9142836969670237, 0.699240535170566, 0.22957705763137498, 1.058122527605111, 1.8149017653802202, 3.81236472948533, 1.392517838914886, 8.583709953341032, 1.7775160644267434, 1.3135883116582827]
APTIDAO: 
16.42666597363331
GEN: 4900
Individuo: 
[0.9989916906726597, 4.872198194237312, 2.6024957826034707, 0.7209990518182062, 0.9348814422183287, 0.9142836969670237, 0.699240535170566, 0.22957705763137498, 1.088677418793454, 1.8149017653802202, 3.827243718154396, 1.3949882821083501, 8.583709953341032, 1.7775160644267434, 1.3135883116582827]
APTIDAO: 
16.409937502325167
GEN: 5000
Individuo: 
[0.9989916906726597, 4.872198194237312, 2.6024957826034707, 0.7209990518182062, 0.9348814422183287, 0.9142836969670237, 0.699240535170566, 0.22957705763137498, 1.0975493560754452, 1.8149017653802202, 3.827243718154396, 1.3949882821083501, 8.583709953341032, 1.7775160644267434, 1.3135883116582827]
APTIDAO: 
16.40945273921482
GEN: 5100
Individuo: 
[0.9989916906726597, 4.872198194237312, 2.6024957826034707, 0.7209990518182062, 0.9348814422183287, 0.9142836969670237, 0.69878159819079, 0.22957705763137498, 1.0975493560754452, 1.8149017653802202, 3.827243718154396, 1.3949882821083501, 8.583709953341032, 1.7775160644267434, 1.3135883116582827]
APTIDAO: 
16.40630399846709
GEN: 5200
Individuo: 
[0.9989916906726597, 4.872198194237312, 2.6024957826034707, 0.7209990518182062, 0.9348814422183287, 0.9142836969670237, 0.6987323789564981, 0.22957705763137498, 1.1105365889319714, 1.8149017653802202, 3.827243718154396, 1.3949882821083501, 8.583709953341032, 1.7775160644267434, 1.3135883116582827]
APTIDAO: 
16.405898761228666
GEN: 5300
Individuo: 
[0.9989916906726597, 4.872198194237312, 2.6024957826034707, 0.7209990518182062, 0.9348814422183287, 0.9142836969670237, 0.6987323789564981, 0.22957705763137498, 1.1105365889319714, 1.8149017653802202, 3.827243718154396, 1.3949882821083501, 8.583709953341032, 1.7775160644267434, 1.3135883116582827]
APTIDAO: 
16.405898761228666
GEN: 5400
Individuo: 
[0.9989916906726597, 4.872198194237312, 2.6024957826034707, 0.7209990518182062, 0.9348814422183287, 0.9142836969670237, 0.6987323789564981, 0.22957705763137498, 1.1730431311908596, 1.8149017653802202, 3.827243718154396, 1.3999040372855598, 8.583709953341032, 1.7775160644267434, 1.3135883116582827]
APTIDAO: 
16.389770652114727
GEN: 5500
Individuo: 
[0.9989916906726597, 4.872198194237312, 2.6024957826034707, 0.7209990518182062, 0.9348814422183287, 0.9142836969670237, 0.6987323789564981, 0.22957705763137498, 1.1730431311908596, 1.8149017653802202, 3.827243718154396, 1.3999040372855598, 8.583709953341032, 1.7775160644267434, 1.3135883116582827]
APTIDAO: 
16.389770652114727
GEN: 5600
Individuo: 
[0.9989916906726597, 4.872198194237312, 2.6024957826034707, 0.7209990518182062, 0.9348814422183287, 0.9142836969670237, 0.6987323789564981, 0.22967277653406798, 1.1730431311908596, 1.8149017653802202, 3.827243718154396, 1.3999040372855598, 8.583709953341032, 1.7775160644267434, 1.3135883116582827]
APTIDAO: 
16.38816271618282
GEN: 5700
Individuo: 
[0.9989916906726597, 4.872198194237312, 2.6024957826034707, 0.7209366067558313, 0.9348814422183287, 0.9142836969670237, 0.6987323789564981, 0.22967277653406798, 1.1669086514016862, 1.8149017653802202, 3.827243718154396, 1.3999040372855598, 8.583709953341032, 1.7775160644267434, 1.3135883116582827]
APTIDAO: 
16.387520358004277
GEN: 5800
Individuo: 
[0.9989916906726597, 4.872198194237312, 2.6024957826034707, 0.7209366067558313, 0.9348814422183287, 0.9142836969670237, 0.6987323789564981, 0.22967277653406798, 1.1669086514016862, 1.8149017653802202, 3.827243718154396, 1.3999040372855598, 8.583709953341032, 1.7775160644267434, 1.3135883116582827]
APTIDAO: 
16.387520358004277
GEN: 5900
Individuo: 
[0.9989916906726597, 4.872198194237312, 2.6024957826034707, 0.7209366067558313, 0.9348814422183287, 0.9142836969670237, 0.6987323789564981, 0.22967277653406798, 1.063392330355314, 1.801202484870605, 3.827243718154396, 1.4075628446622885, 8.583709953341032, 1.7775160644267434, 1.3135883116582827]
APTIDAO: 
16.306536425510725
GEN: 6000
Individuo: 
[0.9989916906726597, 4.872198194237312, 2.617521494110003, 0.7209366067558313, 0.9348814422183287, 0.9142836969670237, 0.6987323789564981, 0.22967277653406798, 1.063392330355314, 1.801202484870605, 3.827243718154396, 1.4075628446622885, 8.583709953341032, 1.7775160644267434, 1.3135883116582827]
APTIDAO: 
16.303818212949903
GEN: 6100
Individuo: 
[0.9989916906726597, 4.872198194237312, 2.617521494110003, 0.7209366067558313, 0.9348814422183287, 0.9142836969670237, 0.6987323789564981, 0.22967277653406798, 1.0071469665770438, 1.801202484870605, 3.827243718154396, 1.4075628446622885, 8.583709953341032, 1.7775160644267434, 1.3135883116582827]
APTIDAO: 
16.296887264902956
GEN: 6200
Individuo: 
[0.9989916906726597, 4.872198194237312, 2.617521494110003, 0.7209366067558313, 0.9348814422183287, 0.9142836969670237, 0.6987323789564981, 0.22967277653406798, 1.0071469665770438, 1.801202484870605, 3.827243718154396, 1.4075628446622885, 8.583709953341032, 1.7775160644267434, 1.3135883116582827]
APTIDAO: 
16.296887264902956
GEN: 6300
Individuo: 
[0.9989916906726597, 4.98617256324872, 2.617521494110003, 0.7209366067558313, 0.9348814422183287, 0.9142836969670237, 0.6987323789564981, 0.24667716601313522, 1.0071469665770438, 1.784736007937655, 3.827243718154396, 1.5497796055791069, 8.583709953341032, 1.7775160644267434, 1.3135883116582827]
APTIDAO: 
15.770129150323731
GEN: 6400
Individuo: 
[0.9989916906726597, 4.98617256324872, 2.617521494110003, 0.7209366067558313, 0.9348814422183287, 0.9142836969670237, 0.6987323789564981, 0.24667716601313522, 1.0071469665770438, 1.7825409615875918, 3.827243718154396, 1.5497796055791069, 8.550480375128526, 1.7775160644267434, 1.3135883116582827]
APTIDAO: 
15.740083389380024
GEN: 6500
Individuo: 
[0.9989916906726597, 4.98617256324872, 2.617521494110003, 0.7209366067558313, 0.9417164180659919, 0.9142836969670237, 0.6987323789564981, 0.24667716601313522, 1.0071469665770438, 1.7825409615875918, 3.827243718154396, 1.5497796055791069, 8.550480375128526, 1.7775160644267434, 1.3135883116582827]
APTIDAO: 
15.72223200603078
GEN: 6600
Individuo: 
[0.9989916906726597, 4.98617256324872, 2.617521494110003, 0.7209366067558313, 0.9417164180659919, 0.9142836969670237, 0.6987323789564981, 0.24667716601313522, 1.0071469665770438, 1.7825409615875918, 3.822738077687325, 1.5497796055791069, 8.550480375128526, 1.7775160644267434, 1.3135883116582827]
APTIDAO: 
15.721065392740998
GEN: 6700
Individuo: 
[0.9989916906726597, 4.98617256324872, 2.617521494110003, 0.7209366067558313, 0.9462256996551475, 0.9142836969670237, 0.6987323789564981, 0.24667716601313522, 1.005046996658154, 1.7825409615875918, 3.822738077687325, 1.5497796055791069, 8.550480375128526, 1.7775160644267434, 1.3135883116582827]
APTIDAO: 
15.714890438944646
GEN: 6800
Individuo: 
[0.9989916906726597, 4.98617256324872, 2.6445856160272707, 0.7209366067558313, 0.9462256996551475, 0.9142836969670237, 0.6987323789564981, 0.24667716601313522, 1.005046996658154, 1.7825409615875918, 3.822738077687325, 1.5497796055791069, 8.550480375128526, 1.7775160644267434, 1.3135883116582827]
APTIDAO: 
15.674315379839019
GEN: 6900
Individuo: 
[0.9989916906726597, 4.98617256324872, 2.6445856160272707, 0.7209366067558313, 0.9462256996551475, 0.9142836969670237, 0.6987323789564981, 0.24667716601313522, 1.005046996658154, 1.7825409615875918, 3.822738077687325, 1.5497796055791069, 8.550480375128526, 1.7775160644267434, 1.3135883116582827]
APTIDAO: 
15.674315379839019
GEN: 7000
Individuo: 
[0.9989916906726597, 4.98617256324872, 2.648307629125934, 0.7209366067558313, 0.9462256996551475, 0.9142836969670237, 0.6987323789564981, 0.24667716601313522, 1.005046996658154, 1.7825409615875918, 3.8275471808141286, 1.5497796055791069, 8.550480375128526, 1.7775160644267434, 1.3135883116582827]
APTIDAO: 
15.672727351439118
GEN: 7100
Individuo: 
[0.9989916906726597, 4.98617256324872, 2.648307629125934, 0.7095874683695242, 0.9462256996551475, 0.9142836969670237, 0.6987323789564981, 0.24729541326710566, 1.002084205782676, 1.7825409615875918, 3.8275471808141286, 1.5497796055791069, 8.550480375128526, 1.7775160644267434, 1.3135883116582827]
APTIDAO: 
15.652558264677218
GEN: 7200
Individuo: 
[0.9989916906726597, 4.997617542199432, 2.648307629125934, 0.7117145361047855, 0.9462256996551475, 0.9142836969670237, 0.6987323789564981, 0.24729541326710566, 1.002084205782676, 1.7825409615875918, 3.8275471808141286, 1.5497796055791069, 8.550480375128526, 1.7775160644267434, 1.3135883116582827]
APTIDAO: 
15.64967009540969
GEN: 7300
Individuo: 
[0.9989916906726597, 4.997617542199432, 2.6579903073679327, 0.7117145361047855, 0.9462256996551475, 0.9142836969670237, 0.6987323789564981, 0.24729541326710566, 1.002084205782676, 1.7825409615875918, 3.8275471808141286, 1.5497796055791069, 8.550480375128526, 1.7775160644267434, 1.3135883116582827]
APTIDAO: 
15.64295030911925
GEN: 7400
Individuo: 
[0.9989916906726597, 4.997617542199432, 2.6579903073679327, 0.7117145361047855, 0.9462256996551475, 0.9142836969670237, 0.6987323789564981, 0.24729541326710566, 1.002084205782676, 1.7825409615875918, 3.8275471808141286, 1.5497796055791069, 8.550480375128526, 1.7775160644267434, 1.3135883116582827]
APTIDAO: 
15.64295030911925
GEN: 7500
Individuo: 
[0.9989916906726597, 4.997617542199432, 2.6579903073679327, 0.7117145361047855, 0.9462256996551475, 0.9142836969670237, 0.6987323789564981, 0.24729541326710566, 1.002084205782676, 1.7825409615875918, 3.8275471808141286, 1.5497796055791069, 8.550480375128526, 1.7775160644267434, 1.3135883116582827]
APTIDAO: 
15.64295030911925
GEN: 7600
Individuo: 
[0.9989916906726597, 4.997617542199432, 2.6579903073679327, 0.7059122497007279, 0.9462256996551475, 0.9142836969670237, 0.6987323789564981, 0.24729541326710566, 1.002084205782676, 1.7825409615875918, 3.8275471808141286, 1.5497796055791069, 8.550480375128526, 1.7775160644267434, 1.3135883116582827]
APTIDAO: 
15.640684592139477
GEN: 7700
Individuo: 
[0.9989916906726597, 4.997617542199432, 2.6579903073679327, 0.7059122497007279, 0.9462256996551475, 0.9142836969670237, 0.6987323789564981, 0.24729541326710566, 1.002084205782676, 1.7825409615875918, 3.8275471808141286, 1.5497796055791069, 8.550480375128526, 1.7775160644267434, 1.3135883116582827]
APTIDAO: 
15.640684592139477
GEN: 7800
Individuo: 
[0.9989916906726597, 4.997617542199432, 2.6579903073679327, 0.7059122497007279, 0.9462256996551475, 0.9142836969670237, 0.6987323789564981, 0.24729541326710566, 1.002084205782676, 1.7825409615875918, 3.8275471808141286, 1.5497796055791069, 8.550480375128526, 1.7775160644267434, 1.3135883116582827]
APTIDAO: 
15.640684592139477
GEN: 7900
Individuo: 
[0.9989916906726597, 4.998674745056425, 2.6579903073679327, 0.7059122497007279, 0.9462256996551475, 0.9142836969670237, 0.6987323789564981, 0.24729541326710566, 1.002084205782676, 1.7825409615875918, 3.8275471808141286, 1.5497796055791069, 8.550480375128526, 1.7775160644267434, 1.3135883116582827]
APTIDAO: 
15.64061264142435
GEN: 8000
Individuo: 
[0.9989916906726597, 4.998674745056425, 2.6579903073679327, 0.7059122497007279, 0.9462256996551475, 0.9142836969670237, 0.6987323789564981, 0.24729541326710566, 1.002084205782676, 1.7825409615875918, 3.8275471808141286, 1.5497796055791069, 8.550480375128526, 1.7775160644267434, 1.3135883116582827]
APTIDAO: 
15.64061264142435
GEN: 8100
Individuo: 
[0.9989916906726597, 4.998674745056425, 2.6579903073679327, 0.7059122497007279, 0.9462256996551475, 0.9142836969670237, 0.6987323789564981, 0.24729541326710566, 1.002084205782676, 1.7825409615875918, 3.8275471808141286, 1.5497796055791069, 8.550480375128526, 1.7775160644267434, 1.313315674342123]
APTIDAO: 
15.639315123504767
GEN: 8200
Individuo: 
[0.9989916906726597, 4.998674745056425, 2.6579903073679327, 0.7059122497007279, 0.9462256996551475, 0.9142836969670237, 0.6987323789564981, 0.24729541326710566, 1.002084205782676, 1.7825409615875918, 3.8275471808141286, 1.5497796055791069, 8.546278963190659, 1.7775160644267434, 1.313315674342123]
APTIDAO: 
15.638188547575924
GEN: 8300
Individuo: 
[0.9989916906726597, 4.998674745056425, 2.6579903073679327, 0.7059122497007279, 0.9506244885508128, 0.9142836969670237, 0.6987323789564981, 0.24729541326710566, 1.002084205782676, 1.7825409615875918, 3.8275471808141286, 1.5507129673279911, 8.546278963190659, 1.7775160644267434, 1.313315674342123]
APTIDAO: 
15.636148016626091
GEN: 8400
Individuo: 
[0.9989916906726597, 4.998674745056425, 2.6579903073679327, 0.7059122497007279, 0.9506244885508128, 0.9142836969670237, 0.6987323789564981, 0.24729541326710566, 1.002084205782676, 1.7825409615875918, 3.8275471808141286, 1.5507129673279911, 8.546278963190659, 1.7775160644267434, 1.313315674342123]
APTIDAO: 
15.636148016626091
GEN: 8500
Individuo: 
[0.9989916906726597, 4.998674745056425, 2.6579903073679327, 0.7059122497007279, 0.9499911222443137, 0.9142836969670237, 0.6987323789564981, 0.24729541326710566, 1.002084205782676, 1.7770502666958716, 3.8275471808141286, 1.5507129673279911, 8.546278963190659, 1.7775160644267434, 1.313315674342123]
APTIDAO: 
15.634486470351941
GEN: 8600
Individuo: 
[0.9989916906726597, 4.998674745056425, 2.6579903073679327, 0.7059122497007279, 0.9499911222443137, 0.9142836969670237, 0.6987323789564981, 0.24729541326710566, 1.002084205782676, 1.7770502666958716, 3.8275471808141286, 1.5507129673279911, 8.546278963190659, 1.7775160644267434, 1.3132358518614906]
APTIDAO: 
15.63397488882944
GEN: 8700
Individuo: 
[0.9989916906726597, 4.998674745056425, 2.6579903073679327, 0.7059122497007279, 0.9499911222443137, 0.9142836969670237, 0.6987323789564981, 0.24729541326710566, 1.0006167484686064, 1.7770502666958716, 3.853998390214256, 1.5507129673279911, 8.546278963190659, 1.7775160644267434, 1.3132358518614906]
APTIDAO: 
15.632725354565215
GEN: 8800
Individuo: 
[0.9989916906726597, 4.998674745056425, 2.6579903073679327, 0.7071688838716348, 0.9499911222443137, 0.9142836969670237, 0.6987323789564981, 0.24729541326710566, 1.0006167484686064, 1.7770502666958716, 3.853998390214256, 1.5507129673279911, 8.546278963190659, 1.7775160644267434, 1.3129883615299607]
APTIDAO: 
15.631421699951474
GEN: 8900
Individuo: 
[0.9989916906726597, 4.998674745056425, 2.6579903073679327, 0.7071688838716348, 0.9499911222443137, 0.9142836969670237, 0.6987323789564981, 0.24729541326710566, 1.0006167484686064, 1.7770502666958716, 3.853998390214256, 1.5507129673279911, 8.546278963190659, 1.7775160644267434, 1.3129883615299607]
APTIDAO: 
15.631421699951474
GEN: 9000
Individuo: 
[0.9989916906726597, 4.998674745056425, 2.6579903073679327, 0.7071688838716348, 0.9499911222443137, 0.9142836969670237, 0.6987323789564981, 0.24729541326710566, 1.0003028958871973, 1.7770502666958716, 3.853998390214256, 1.5507129673279911, 8.546278963190659, 1.7775160644267434, 1.3129883615299607]
APTIDAO: 
15.631301601025509
GEN: 9100
Individuo: 
[0.9989916906726597, 4.998674745056425, 2.6579903073679327, 0.7071688838716348, 0.9499911222443137, 0.9142836969670237, 0.6987323789564981, 0.24729541326710566, 1.0003028958871973, 1.7770502666958716, 3.853998390214256, 1.5507129673279911, 8.53928673553677, 1.7775160644267434, 1.3129883615299607]
APTIDAO: 
15.627578297549755
GEN: 9200
Individuo: 
[0.9989916906726597, 4.998674745056425, 2.6579903073679327, 0.7071688838716348, 0.9499911222443137, 0.9142836969670237, 0.6987323789564981, 0.24729541326710566, 1.0003028958871973, 1.7770502666958716, 3.853998390214256, 1.552886486056637, 8.53928673553677, 1.7775160644267434, 1.3129883615299607]
APTIDAO: 
15.627329992503155
GEN: 9300
Individuo: 
[0.9989916906726597, 4.998674745056425, 2.6579903073679327, 0.7071688838716348, 0.9499911222443137, 0.9142836969670237, 0.6987323789564981, 0.24729541326710566, 1.0003028958871973, 1.7770502666958716, 3.853998390214256, 1.552886486056637, 8.53928673553677, 1.7775160644267434, 1.3129883615299607]
APTIDAO: 
15.627329992503155
GEN: 9400
Individuo: 
[0.9989916906726597, 4.998674745056425, 2.6748343801644636, 0.701432665288979, 0.9499911222443137, 0.9142836969670237, 0.6987323789564981, 0.24729541326710566, 1.0003028958871973, 1.7770502666958716, 3.853998390214256, 1.552886486056637, 8.53928673553677, 1.7775160644267434, 1.3129883615299607]
APTIDAO: 
15.616480745290382
GEN: 9500
Individuo: 
[0.9989916906726597, 4.998674745056425, 2.6748343801644636, 0.701432665288979, 0.9499911222443137, 0.9142836969670237, 0.6987323789564981, 0.24729541326710566, 1.0003028958871973, 1.7770502666958716, 3.853998390214256, 1.552886486056637, 8.53928673553677, 1.7816677404429264, 1.3129883615299607]
APTIDAO: 
15.608945400464592
GEN: 9600
Individuo: 
[0.9989916906726597, 4.998674745056425, 2.6748343801644636, 0.701432665288979, 0.9499911222443137, 0.9142836969670237, 0.6987323789564981, 0.24729541326710566, 1.0003028958871973, 1.7770502666958716, 3.853998390214256, 1.552886486056637, 8.53928673553677, 1.7816677404429264, 1.3129883615299607]
APTIDAO: 
15.608945400464592
GEN: 9700
Individuo: 
[0.9989916906726597, 4.966059978927683, 2.693584557020488, 0.701432665288979, 0.9499911222443137, 0.9142836969670237, 0.6987323789564981, 0.24729541326710566, 1.0003028958871973, 1.7770502666958716, 3.853998390214256, 1.552886486056637, 8.53928673553677, 1.7816677404429264, 1.3129883615299607]
APTIDAO: 
15.596829244089976
GEN: 9800
Individuo: 
[0.9989916906726597, 4.966059978927683, 2.693584557020488, 0.701432665288979, 0.9499911222443137, 0.9142836969670237, 0.6987323789564981, 0.24729541326710566, 1.0003028958871973, 1.7770502666958716, 3.853998390214256, 1.552886486056637, 8.53928673553677, 1.7816677404429264, 1.3129883615299607]
APTIDAO: 
15.596829244089976
GEN: 9900
Individuo: 
[0.9989916906726597, 4.966059978927683, 2.700968651244868, 0.701432665288979, 0.9499911222443137, 0.9142836969670237, 0.6987323789564981, 0.24729541326710566, 1.0003028958871973, 1.7770502666958716, 3.853998390214256, 1.552886486056637, 8.53928673553677, 1.7816677404429264, 1.3129883615299607]
APTIDAO: 
15.593927031755769
GEN: 10000
Individuo: 
[0.9989916906726597, 4.966059978927683, 2.700968651244868, 0.701432665288979, 0.9499911222443137, 0.9142836969670237, 0.6987323789564981, 0.24729541326710566, 1.0003028958871973, 1.7770502666958716, 3.853998390214256, 1.552886486056637, 8.53928673553677, 1.7816677404429264, 1.3129883615299607]
APTIDAO: 
15.593927031755769

--- RESULTADO FINAL ---
Erro (norma-1): 15.593927031755769
Parâmetros: [0.9989916906726597, 4.966059978927683, 2.700968651244868, 0.701432665288979, 0.9499911222443137, 0.9142836969670237, 0.6987323789564981, 0.24729541326710566, 1.0003028958871973, 1.7770502666958716, 3.853998390214256, 1.552886486056637, 8.53928673553677, 1.7816677404429264, 1.3129883615299607]
Tempo total: 00h 43m 13s
