SEED: 1778685414
METODO: ABCD_MM
IND_SIZE: 13
GEN: 0
Individuo: 
[0.26863358804098836, 4.064097325420697, 1.204520549474122, 4.826610318883624, 0.5971573763573765, 0.32392409135153105, 0.4252715663940476, 0.5632107690077085, 0.6216731065941019, 0.5617193867701449, 0.9354651983229232, 0.1178956644977921, 0.7912304597095602]
APTIDAO: 
104.87163400334185
GEN: 100
Individuo: 
[1.1445234841344198, 1.4730181866032217, 2.629691828725024, 0.5915969785563227, 0.8486743703337837, 0.030064900201541813, 0.4117653787921902, 0.12639716897650954, 0.2916964462394899, 0.5382580469720378, 0.7419221147378996, 0.5440179327663218, 0.17099077752614714]
APTIDAO: 
64.96137000526107
GEN: 200
Individuo: 
[1.1445234841344198, 1.4344898363500613, 2.3963264491812315, 0.5603256102892962, 0.8625466466895441, 0.030064900201541813, 0.4117653787921902, 0.12639716897650954, 0.2916964462394899, 0.5382580469720378, 0.7690783962786404, 0.5440179327663218, 0.17197004943411362]
APTIDAO: 
64.5306689720768
GEN: 300
Individuo: 
[1.1445234841344198, 1.4240097283079718, 2.312512799600973, 0.5451378290814545, 0.8625466466895441, 0.030064900201541813, 0.4117653787921902, 0.12639716897650954, 0.2916964462394899, 0.5421741043947113, 0.7879730797842948, 0.5440179327663218, 0.17197004943411362]
APTIDAO: 
64.50078289106214
GEN: 400
Individuo: 
[1.1445234841344198, 1.4240097283079718, 2.312512799600973, 0.5451378290814545, 0.8625466466895441, 0.030064900201541813, 0.4117653787921902, 0.12224874951660969, 0.2916964462394899, 0.5421741043947113, 0.7929114838914985, 0.5440179327663218, 0.17197004943411362]
APTIDAO: 
64.47692817254062
GEN: 500
Individuo: 
[1.1445234841344198, 1.4240097283079718, 2.36991372664396, 0.5451378290814545, 0.8625466466895441, 0.027691611699983333, 0.4802690038023852, 0.12224874951660969, 0.2916964462394899, 0.5421741043947113, 0.7929114838914985, 0.8414552310431073, 0.17197004943411362]
APTIDAO: 
63.83764886008511
GEN: 600
Individuo: 
[0.9951916181543006, 1.4240097283079718, 2.3168012372519704, 0.24021891491400235, 0.8463208927181106, 0.016549608784138924, 0.4882087875355609, 0.11320637915520207, 0.3312623494017516, 0.5421741043947113, 0.9619759825815517, 0.9717559760617159, 0.1762217604735484]
APTIDAO: 
59.89648271335088
GEN: 700
Individuo: 
[1.0564115085836818, 1.382778215424752, 2.3168012372519704, 0.24021891491400235, 0.8564026395989369, 0.016549608784138924, 0.4882087875355609, 0.11320637915520207, 0.3353685559739633, 0.5421741043947113, 0.9619759825815517, 0.9085784954464453, 0.1762217604735484]
APTIDAO: 
59.34015352202485
GEN: 800
Individuo: 
[1.0848145455541693, 1.382778215424752, 2.3168012372519704, 0.24021891491400235, 0.8564026395989369, 0.015910009991523113, 0.4882087875355609, 0.11320637915520207, 0.3353685559739633, 0.5385496844658626, 0.9619759825815517, 0.9167250320235145, 0.1762217604735484]
APTIDAO: 
59.25965029345605
GEN: 900
Individuo: 
[1.1202370811647582, 1.382778215424752, 2.3168012372519704, 0.2992828410721056, 0.8564026395989369, 0.015910009991523113, 0.4882087875355609, 0.11320637915520207, 0.340751178832046, 0.5385496844658626, 0.9724336810319499, 0.9167250320235145, 0.1762217604735484]
APTIDAO: 
59.21782201203037
GEN: 1000
Individuo: 
[1.1202370811647582, 1.382778215424752, 2.3298442409377826, 0.2992828410721056, 0.8574687696238154, 0.00985907653276484, 0.4882087875355609, 0.11197178949438047, 0.340751178832046, 0.5385496844658626, 0.9764947217764472, 0.9683723341538767, 0.1762217604735484]
APTIDAO: 
58.7571363678142
GEN: 1100
Individuo: 
[1.1202370811647582, 1.362354171161574, 2.3298442409377826, 0.2992828410721056, 0.8574687696238154, 0.009400386327363765, 0.4882087875355609, 0.1103364007909128, 0.340751178832046, 0.5385496844658626, 0.987316363744079, 0.9683723341538767, 0.1762217604735484]
APTIDAO: 
58.7238972263832
GEN: 1200
Individuo: 
[1.1495219327131225, 1.362354171161574, 2.3298442409377826, 0.3286157194865734, 0.8574687696238154, 0.009628673191971556, 0.4882087875355609, 0.1103364007909128, 0.340751178832046, 0.539696140619576, 0.987316363744079, 0.9683723341538767, 0.1762217604735484]
APTIDAO: 
58.714816517612796
GEN: 1300
Individuo: 
[1.1495219327131225, 1.362354171161574, 2.3298442409377826, 0.3286157194865734, 0.8574687696238154, 0.009069671096629319, 0.4882087875355609, 0.1103364007909128, 0.340751178832046, 0.539696140619576, 0.987316363744079, 0.9683723341538767, 0.17676040983997343]
APTIDAO: 
58.68691562923207
GEN: 1400
Individuo: 
[1.1495219327131225, 1.362354171161574, 2.3298442409377826, 0.3286157194865734, 0.8574687696238154, 0.009069671096629319, 0.4882087875355609, 0.1103364007909128, 0.340751178832046, 0.539696140619576, 0.987316363744079, 0.9683723341538767, 0.177850619863868]
APTIDAO: 
58.675120343686686
GEN: 1500
Individuo: 
[1.14820047842847, 1.362354171161574, 2.3298442409377826, 0.3286157194865734, 0.8625680797515404, 0.009182719067483644, 0.4882087875355609, 0.1103364007909128, 0.3419833433590055, 0.539696140619576, 0.987316363744079, 0.9683723341538767, 0.17830475996190887]
APTIDAO: 
58.60061312050112
GEN: 1600
Individuo: 
[1.144472003976691, 1.3522714659548516, 2.2990109040837177, 0.3286157194865734, 0.8625680797515404, 0.009182719067483644, 0.4882087875355609, 0.1103364007909128, 0.3419833433590055, 0.539696140619576, 0.987316363744079, 0.9683723341538767, 0.17830475996190887]
APTIDAO: 
58.59956447155523
GEN: 1700
Individuo: 
[1.1517308503563557, 1.3522714659548516, 2.1875653344471737, 0.3286157194865734, 0.9289842094227847, 0.00831396744365059, 0.4882087875355609, 0.1103364007909128, 0.35790209493282565, 0.5188294816309921, 0.987316363744079, 0.9851453446362108, 0.20156870246582795]
APTIDAO: 
57.3972567790479
GEN: 1800
Individuo: 
[1.129292990645338, 1.3522714659548516, 2.2848567146705694, 0.3286157194865734, 0.9321123590606576, 0.0068284398474887445, 0.4882087875355609, 0.1103364007909128, 0.36153721404703354, 0.5188294816309921, 0.987316363744079, 0.9952960520890343, 0.20156870246582795]
APTIDAO: 
57.22018783897507
GEN: 1900
Individuo: 
[1.1435017711419646, 1.3522714659548516, 2.2848567146705694, 0.2988193692829677, 0.9321123590606576, 0.005578649949801672, 0.4882087875355609, 0.1107043735336973, 0.36153721404703354, 0.5188294816309921, 0.987316363744079, 0.9952960520890343, 0.20156870246582795]
APTIDAO: 
57.13302068476143
GEN: 2000
Individuo: 
[1.1529028123532836, 1.3522714659548516, 2.2848567146705694, 0.2988193692829677, 0.9321123590606576, 0.0055520731626902235, 0.4882087875355609, 0.1107043735336973, 0.36153721404703354, 0.5188294816309921, 0.987316363744079, 0.9952960520890343, 0.20156870246582795]
APTIDAO: 
57.13195250262863
GEN: 2100
Individuo: 
[1.1529028123532836, 1.3522714659548516, 2.2848567146705694, 0.2915632572525889, 0.9321123590606576, 0.0055520731626902235, 0.4882087875355609, 0.1107043735336973, 0.36153721404703354, 0.5188294816309921, 0.9846527362530257, 0.9952960520890343, 0.20156870246582795]
APTIDAO: 
57.12903515162773
GEN: 2200
Individuo: 
[1.1529028123532836, 1.3522714659548516, 2.2848567146705694, 0.2915632572525889, 0.9321123590606576, 0.0055520731626902235, 0.4882087875355609, 0.1107043735336973, 0.36153721404703354, 0.5188294816309921, 0.9846527362530257, 0.9952960520890343, 0.20156870246582795]
APTIDAO: 
57.12903515162773
GEN: 2300
Individuo: 
[1.145399920720257, 1.3522714659548516, 2.2848567146705694, 0.30276681949656487, 0.9321123590606576, 0.005243226889354059, 0.48832636739625024, 0.1107043735336973, 0.36153721404703354, 0.5188294816309921, 0.9846527362530257, 0.9982999046208966, 0.20156870246582795]
APTIDAO: 
57.105839479859846
GEN: 2400
Individuo: 
[1.145399920720257, 1.3540418908413818, 2.2848567146705694, 0.30276681949656487, 0.9321123590606576, 0.004880902561922075, 0.48832636739625024, 0.1107043735336973, 0.36153721404703354, 0.5188294816309921, 0.9846527362530257, 0.9982999046208966, 0.20212310887535828]
APTIDAO: 
57.083254382680316
GEN: 2500
Individuo: 
[1.145399920720257, 1.3540418908413818, 2.2848567146705694, 0.30276681949656487, 0.9321123590606576, 0.005001603477501118, 0.48832636739625024, 0.1107043735336973, 0.36153721404703354, 0.5188294816309921, 0.9846527362530257, 0.9982999046208966, 0.20212310887535828]
APTIDAO: 
57.082353059434496
GEN: 2600
Individuo: 
[1.145399920720257, 1.3540418908413818, 2.2848567146705694, 0.30276681949656487, 0.9321123590606576, 0.001656541940132032, 0.48832636739625024, 0.1107043735336973, 0.36153721404703354, 0.5188294816309921, 0.9855582074053552, 0.9982999046208966, 0.2074031075466852]
APTIDAO: 
56.88670607708766
GEN: 2700
Individuo: 
[1.1482311221061865, 1.3540418908413818, 2.2848567146705694, 0.30276681949656487, 0.9321123590606576, 0.001656541940132032, 0.48832636739625024, 0.1107043735336973, 0.36153721404703354, 0.5188294816309921, 0.994783506269013, 0.9982999046208966, 0.2074031075466852]
APTIDAO: 
56.87292151394574
GEN: 2800
Individuo: 
[1.1400006975631423, 1.4003414993145193, 2.2848567146705694, 0.293909803176187, 0.9321123590606576, 0.0016817187035788922, 0.48832636739625024, 0.1107043735336973, 0.36153721404703354, 0.5188294816309921, 0.994783506269013, 0.9982999046208966, 0.2074031075466852]
APTIDAO: 
56.870410738086996
GEN: 2900
Individuo: 
[1.1291451788990392, 1.3978568327350491, 2.2848567146705694, 0.273464660136534, 0.9321123590606576, 0.0016817187035788922, 0.48832636739625024, 0.10941382276366482, 0.3643834371739588, 0.5188294816309921, 0.994783506269013, 0.9982999046208966, 0.2074031075466852]
APTIDAO: 
56.84618264440982
GEN: 3000
Individuo: 
[1.1291451788990392, 1.3978568327350491, 2.2848567146705694, 0.273464660136534, 0.9321123590606576, 0.0016817187035788922, 0.48832636739625024, 0.10941382276366482, 0.36322912701976084, 0.5188294816309921, 0.994783506269013, 0.9982999046208966, 0.2074031075466852]
APTIDAO: 
56.843544496338524
GEN: 3100
Individuo: 
[1.1291451788990392, 1.3607104051255379, 2.2848567146705694, 0.273464660136534, 0.9321123590606576, 0.0016855579342240853, 0.48832636739625024, 0.10941382276366482, 0.36322912701976084, 0.5188294816309921, 0.994783506269013, 0.9982999046208966, 0.2074031075466852]
APTIDAO: 
56.83781137728241
GEN: 3200
Individuo: 
[1.1291451788990392, 1.3607104051255379, 2.3021954878407436, 0.273464660136534, 0.9321123590606576, 0.0016855579342240853, 0.48832636739625024, 0.10941382276366482, 0.36322912701976084, 0.5188294816309921, 0.994783506269013, 0.9982999046208966, 0.2074031075466852]
APTIDAO: 
56.83756107062502
GEN: 3300
Individuo: 
[1.1291451788990392, 1.3607104051255379, 2.3021954878407436, 0.273464660136534, 0.9321123590606576, 0.0016855579342240853, 0.48832636739625024, 0.10941382276366482, 0.36322912701976084, 0.5188294816309921, 0.994783506269013, 0.9982999046208966, 0.2074031075466852]
APTIDAO: 
56.83756107062502
GEN: 3400
Individuo: 
[1.1369763883967454, 1.3607104051255379, 2.3021954878407436, 0.273464660136534, 0.9321123590606576, 0.0016855579342240853, 0.48832636739625024, 0.10959729824764435, 0.36322912701976084, 0.5188294816309921, 0.994783506269013, 0.9982999046208966, 0.2074031075466852]
APTIDAO: 
56.83730687466616
GEN: 3500
Individuo: 
[1.1369763883967454, 1.3607104051255379, 2.3021954878407436, 0.273464660136534, 0.9321123590606576, 0.0016977485429260863, 0.48832636739625024, 0.10959729824764435, 0.36322912701976084, 0.5188294816309921, 0.994783506269013, 0.9982999046208966, 0.2074031075466852]
APTIDAO: 
56.83644192964836
GEN: 3600
Individuo: 
[1.1369763883967454, 1.3607104051255379, 2.3021954878407436, 0.273464660136534, 0.9321123590606576, 0.0016977485429260863, 0.48832636739625024, 0.10959729824764435, 0.36322912701976084, 0.5188294816309921, 0.994783506269013, 0.9982999046208966, 0.2074031075466852]
APTIDAO: 
56.83644192964836
GEN: 3700
Individuo: 
[1.1369763883967454, 1.3607104051255379, 2.3021954878407436, 0.273464660136534, 0.9321123590606576, 0.0016977485429260863, 0.48832636739625024, 0.10959729824764435, 0.36322912701976084, 0.5188294816309921, 0.994783506269013, 0.9982999046208966, 0.2074031075466852]
APTIDAO: 
56.83644192964836
GEN: 3800
Individuo: 
[1.1369763883967454, 1.3607104051255379, 2.3021954878407436, 0.273464660136534, 0.9321123590606576, 0.0016977485429260863, 0.48832636739625024, 0.10959729824764435, 0.36322912701976084, 0.5188294816309921, 0.994783506269013, 0.9982999046208966, 0.2074031075466852]
APTIDAO: 
56.83644192964836
GEN: 3900
Individuo: 
[1.1369763883967454, 1.3607104051255379, 2.3021954878407436, 0.273464660136534, 0.9321123590606576, 0.0016977485429260863, 0.48832636739625024, 0.10959729824764435, 0.36322912701976084, 0.5188294816309921, 0.994783506269013, 0.9982999046208966, 0.2074031075466852]
APTIDAO: 
56.83644192964836
GEN: 4000
Individuo: 
[1.1369763883967454, 1.3607104051255379, 2.168323508927065, 0.32836974918860545, 0.9321123590606576, 0.001007909727107415, 0.48832636739625024, 0.10959729824764435, 0.36322912701976084, 0.5188294816309921, 0.994783506269013, 0.5039507665318226, 0.5600767863632328]
APTIDAO: 
56.70376951733964
GEN: 4100
Individuo: 
[1.1369763883967454, 1.3607104051255379, 2.168323508927065, 0.32836974918860545, 0.9321123590606576, 0.001005198940885005, 0.48832636739625024, 0.10959729824764435, 0.36322912701976084, 0.5188294816309921, 0.994783506269013, 0.5039507665318226, 0.5600767863632328]
APTIDAO: 
56.703565530956155
GEN: 4200
Individuo: 
[1.1369763883967454, 1.3607104051255379, 2.168323508927065, 0.32836974918860545, 0.9426708447792203, 0.0017629961689791713, 0.48832636739625024, 0.10924135574494019, 0.36322912701976084, 0.5188294816309921, 0.994783506269013, 0.5039507665318226, 0.5600767863632328]
APTIDAO: 
56.592334525989706
GEN: 4300
Individuo: 
[1.1369763883967454, 1.3607104051255379, 2.168323508927065, 0.32836974918860545, 0.9426708447792203, 0.0017843178185454498, 0.48832636739625024, 0.10924135574494019, 0.36322912701976084, 0.5188294816309921, 0.994783506269013, 0.5039507665318226, 0.5600767863632328]
APTIDAO: 
56.59179252060592
GEN: 4400
Individuo: 
[1.1369763883967454, 1.3607104051255379, 2.168323508927065, 0.32836974918860545, 0.9426708447792203, 0.0017843178185454498, 0.48832636739625024, 0.10924135574494019, 0.36322912701976084, 0.5188294816309921, 0.994783506269013, 0.5039507665318226, 0.5600767863632328]
APTIDAO: 
56.59179252060592
GEN: 4500
Individuo: 
[1.1369763883967454, 1.3607104051255379, 2.312942848976275, 0.31946682740679805, 0.9426708447792203, 0.0017843178185454498, 0.5221059379801278, 0.08853061882017987, 0.3468649413231445, 0.5023491376185614, 0.994783506269013, 0.5039507665318226, 0.7636473186244825]
APTIDAO: 
55.0176159194229
GEN: 4600
Individuo: 
[1.1369763883967454, 1.3607104051255379, 2.261836701073115, 0.32110845460009413, 0.9426708447792203, 0.0020381316907406473, 0.5221059379801278, 0.08853061882017987, 0.3468649413231445, 0.4957866383654348, 0.994783506269013, 0.5039507665318226, 0.7636473186244825]
APTIDAO: 
54.93557502705759
GEN: 4700
Individuo: 
[1.1369763883967454, 1.3461228941048442, 2.261836701073115, 0.3233092279527369, 0.9426708447792203, 0.0020381316907406473, 0.5221059379801278, 0.08853061882017987, 0.3468649413231445, 0.4957866383654348, 0.994783506269013, 0.5039507665318226, 0.7636473186244825]
APTIDAO: 
54.93366030052477
GEN: 4800
Individuo: 
[1.1369763883967454, 1.3461228941048442, 2.261836701073115, 0.3233092279527369, 0.9426708447792203, 0.0020093879219002203, 0.5221059379801278, 0.08853061882017987, 0.3468649413231445, 0.4957866383654348, 0.994783506269013, 0.5039507665318226, 0.7636473186244825]
APTIDAO: 
54.93165379724505
GEN: 4900
Individuo: 
[1.1369763883967454, 1.3461228941048442, 2.261836701073115, 0.3233092279527369, 0.9426708447792203, 0.0020093879219002203, 0.5221059379801278, 0.08853061882017987, 0.3468649413231445, 0.4957866383654348, 0.994783506269013, 0.5039507665318226, 0.7636473186244825]
APTIDAO: 
54.93165379724505
GEN: 5000
Individuo: 
[1.1369763883967454, 1.6789954687378312, 2.261836701073115, 0.3233092279527369, 0.9426708447792203, 0.0020093879219002203, 0.5221059379801278, 0.08853061882017987, 0.3468649413231445, 0.0010135885925850623, 0.22232355390612402, 0.5039507665318226, 0.7636473186244825]
APTIDAO: 
54.5887509456139
GEN: 5100
Individuo: 
[1.1369763883967454, 1.5332573897002844, 2.1099901722074104, 0.3233092279527369, 0.9426708447792203, 0.0020084837185125595, 0.5221059379801278, 0.08853061882017987, 0.3468649413231445, 0.0010716265025223204, 0.22232355390612402, 0.5039507665318226, 0.7636473186244825]
APTIDAO: 
54.53202511209589
GEN: 5200
Individuo: 
[1.1369763883967454, 1.5332573897002844, 2.0833666625375202, 0.3233092279527369, 0.9426708447792203, 0.0020084837185125595, 0.5221059379801278, 0.08814279430669726, 0.3468649413231445, 0.00100320489226904, 0.22232355390612402, 0.5039507665318226, 0.7636473186244825]
APTIDAO: 
54.52684324395277
GEN: 5300
Individuo: 
[1.1369763883967454, 1.5311549174413854, 2.0833666625375202, 0.3233092279527369, 0.9426708447792203, 0.001890388990845965, 0.5221059379801278, 0.08814279430669726, 0.3468649413231445, 0.00100320489226904, 0.22232355390612402, 0.5039507665318226, 0.7647477062615827]
APTIDAO: 
54.51991495105607
GEN: 5400
Individuo: 
[1.1369763883967454, 1.5311549174413854, 2.0833666625375202, 0.3233092279527369, 0.9426708447792203, 0.0010289821453148803, 0.5221059379801278, 0.08814279430669726, 0.3468649413231445, 0.0010003629638622835, 0.22232355390612402, 0.5039507665318226, 0.791193843521102]
APTIDAO: 
54.5068523173382
GEN: 5500
Individuo: 
[1.1369763883967454, 1.5311549174413854, 2.0833666625375202, 0.318487859367651, 0.9426708447792203, 0.0010045062943093907, 0.5234115408368055, 0.08702527081161232, 0.3473392051948021, 0.0016457007100409177, 0.2245854628631163, 0.5039507665318226, 0.791193843521102]
APTIDAO: 
54.40584124413147
GEN: 5600
Individuo: 
[1.1369763883967454, 1.5311549174413854, 2.0833666625375202, 0.318487859367651, 0.9426708447792203, 0.0010045062943093907, 0.5237377110469047, 0.08599072814391381, 0.3473392051948021, 0.0013779295912726736, 0.2245854628631163, 0.5039507665318226, 0.791193843521102]
APTIDAO: 
54.4022407626204
GEN: 5700
Individuo: 
[1.1369763883967454, 1.5311549174413854, 2.0833666625375202, 0.318487859367651, 0.9426708447792203, 0.0010035550715242845, 0.5237377110469047, 0.08673273031899259, 0.3473392051948021, 0.0014374645182715787, 0.2245854628631163, 0.5039507665318226, 0.791193843521102]
APTIDAO: 
54.39155376942546
GEN: 5800
Individuo: 
[1.1369763883967454, 1.5311549174413854, 2.0833666625375202, 0.318487859367651, 0.9426708447792203, 0.0010035550715242845, 0.5237377110469047, 0.08673273031899259, 0.3473392051948021, 0.001158377906844602, 0.2245854628631163, 0.5050405670712217, 0.791193843521102]
APTIDAO: 
54.39033945142159
GEN: 5900
Individuo: 
[1.1369763883967454, 1.5311549174413854, 2.0833666625375202, 0.318487859367651, 0.9426708447792203, 0.0010035550715242845, 0.5237377110469047, 0.2568865039347005, 0.7999812397285396, 0.0010728918764350646, 0.2245854628631163, 0.5050405670712217, 0.791193843521102]
APTIDAO: 
54.14196151436829
GEN: 6000
Individuo: 
[1.1369763883967454, 1.6936545872751865, 2.0833666625375202, 0.318487859367651, 0.9436853952619313, 0.0010035550715242845, 0.5237377110469047, 0.2568865039347005, 0.8315624783918647, 0.0010126019270672723, 0.2245854628631163, 0.5050405670712217, 0.791193843521102]
APTIDAO: 
54.05333129435328
GEN: 6100
Individuo: 
[1.1369763883967454, 1.6993885368137667, 2.1064789265532395, 0.318487859367651, 0.9436853952619313, 0.0010035550715242845, 0.5237377110469047, 0.2568865039347005, 0.8168708663224348, 0.0013770794216225177, 0.2245854628631163, 0.5050405670712217, 0.791193843521102]
APTIDAO: 
54.02548914877711
GEN: 6200
Individuo: 
[1.1369763883967454, 1.7148005477859924, 2.1064789265532395, 0.318487859367651, 0.9436853952619313, 0.0010035550715242845, 0.5237377110469047, 0.2568865039347005, 0.8168708663224348, 0.0013983586511067622, 0.2245854628631163, 0.5050405670712217, 0.791193843521102]
APTIDAO: 
54.024849362080765
GEN: 6300
Individuo: 
[1.1369763883967454, 1.7148005477859924, 2.1064789265532395, 0.3189182504396848, 0.9436853952619313, 0.0010035550715242845, 0.5237377110469047, 0.2568865039347005, 0.8168708663224348, 0.0013983586511067622, 0.2245854628631163, 0.5050405670712217, 0.791193843521102]
APTIDAO: 
54.024745402532666
GEN: 6400
Individuo: 
[1.1369763883967454, 1.7155318917534195, 2.1064789265532395, 0.3189182504396848, 0.9436853952619313, 0.0010035550715242845, 0.5237377110469047, 0.2568865039347005, 0.8168708663224348, 0.0013983586511067622, 0.2245854628631163, 0.5050405670712217, 0.791193843521102]
APTIDAO: 
54.0247242860219
GEN: 6500
Individuo: 
[1.1369763883967454, 1.7155318917534195, 2.1046092090941877, 0.3189182504396848, 0.9436853952619313, 0.0010006251106231448, 0.5237377110469047, 0.2568865039347005, 0.8168708663224348, 0.0013983586511067622, 0.2245854628631163, 0.5050405670712217, 0.791193843521102]
APTIDAO: 
54.024506053260744
GEN: 6600
Individuo: 
[1.1369763883967454, 1.7155318917534195, 2.1046092090941877, 0.3189182504396848, 0.9436853952619313, 0.0010006251106231448, 0.5237377110469047, 0.2568865039347005, 0.8168708663224348, 0.0013983586511067622, 0.2245854628631163, 0.5050405670712217, 0.791193843521102]
APTIDAO: 
54.024506053260744
GEN: 6700
Individuo: 
[1.1369763883967454, 1.7155318917534195, 2.1046092090941877, 0.3189182504396848, 0.9459774063525773, 0.0010006251106231448, 0.5237377110469047, 0.2568865039347005, 0.8168708663224348, 0.0014318242812170314, 0.2245854628631163, 0.5050405670712217, 0.791193843521102]
APTIDAO: 
53.991073806274834
GEN: 6800
Individuo: 
[1.1369763883967454, 1.7155318917534195, 2.1046092090941877, 0.3189182504396848, 0.9459774063525773, 0.0010006251106231448, 0.5237377110469047, 0.2565743940297444, 0.8168708663224348, 0.0013764750910234395, 0.2245854628631163, 0.5050405670712217, 0.791193843521102]
APTIDAO: 
53.990820946242856
GEN: 6900
Individuo: 
[1.1369763883967454, 1.7155318917534195, 2.1046092090941877, 0.3189182504396848, 0.9459774063525773, 0.0010006251106231448, 0.5237377110469047, 0.2565743940297444, 0.8168708663224348, 0.0013526046281302584, 0.2245854628631163, 0.5050405670712217, 0.791193843521102]
APTIDAO: 
53.99079397846223
GEN: 7000
Individuo: 
[1.1369763883967454, 1.7155318917534195, 2.1046092090941877, 0.318677369035706, 0.9459774063525773, 0.0010006251106231448, 0.5237377110469047, 0.2565743940297444, 0.8168708663224348, 0.0013444693462198337, 0.2245854628631163, 0.5050405670712217, 0.791193843521102]
APTIDAO: 
53.99072825227333
GEN: 7100
Individuo: 
[1.1369763883967454, 1.7155318917534195, 2.1046092090941877, 0.318677369035706, 0.9459774063525773, 0.0010006251106231448, 0.5237377110469047, 0.2565743940297444, 0.8168708663224348, 0.0013346323572621533, 0.2245854628631163, 0.5050405670712217, 0.791193843521102]
APTIDAO: 
53.99072104117361
GEN: 7200
Individuo: 
[1.1369763883967454, 1.7155318917534195, 2.1046092090941877, 0.318677369035706, 0.9459774063525773, 0.0010006251106231448, 0.5237377110469047, 0.2565743940297444, 0.8168708663224348, 0.001335910774337743, 0.2245854628631163, 0.5050405670712217, 0.791193843521102]
APTIDAO: 
53.99072088423648
GEN: 7300
Individuo: 
[1.1369763883967454, 1.7155318917534195, 2.1046092090941877, 0.318677369035706, 0.9459774063525773, 0.0010006251106231448, 0.5237377110469047, 0.2565743940297444, 0.8168708663224348, 0.001335910774337743, 0.2245854628631163, 0.5050405670712217, 0.791193843521102]
APTIDAO: 
53.99072088423648
GEN: 7400
Individuo: 
[1.1369763883967454, 1.7170782389542598, 2.1046092090941877, 0.318677369035706, 0.9459774063525773, 0.0010006251106231448, 0.5237377110469047, 0.2565743940297444, 0.8168708663224348, 0.0013879514270247364, 0.2245854628631163, 0.5050405670712217, 0.792111423684713]
APTIDAO: 
53.99046914796115
GEN: 7500
Individuo: 
[1.1369763883967454, 1.7170782389542598, 2.1046092090941877, 0.318677369035706, 0.9459774063525773, 0.0010006251106231448, 0.5237377110469047, 0.2565743940297444, 0.8168708663224348, 0.0013879514270247364, 0.2245854628631163, 0.5050405670712217, 0.792111423684713]
APTIDAO: 
53.99046914796115
GEN: 7600
Individuo: 
[1.1369763883967454, 1.7170782389542598, 2.1046092090941877, 0.318677369035706, 0.9459774063525773, 0.0010006251106231448, 0.5237377110469047, 0.2565743940297444, 0.8168708663224348, 0.0013879514270247364, 0.2245854628631163, 0.5050405670712217, 0.792111423684713]
APTIDAO: 
53.99046914796115
GEN: 7700
Individuo: 
[1.1369763883967454, 1.7170782389542598, 2.1046092090941877, 0.318677369035706, 0.9459774063525773, 0.0010006251106231448, 0.5237377110469047, 0.2565743940297444, 0.8168708663224348, 0.0013879514270247364, 0.2245854628631163, 0.5050405670712217, 0.792111423684713]
APTIDAO: 
53.99046914796115
GEN: 7800
Individuo: 
[1.1369763883967454, 1.7170782389542598, 2.1046092090941877, 0.318677369035706, 0.94695094040549, 0.0010006251106231448, 0.5237377110469047, 0.2565743940297444, 0.8168708663224348, 0.0013879514270247364, 0.2245854628631163, 0.5050405670712217, 0.792111423684713]
APTIDAO: 
53.976367856329986
GEN: 7900
Individuo: 
[1.1369763883967454, 1.7170782389542598, 2.1046092090941877, 0.318677369035706, 0.94695094040549, 0.0010006251106231448, 0.5237377110469047, 0.2565743940297444, 0.8168708663224348, 0.0013879514270247364, 0.2245854628631163, 0.5050405670712217, 0.792111423684713]
APTIDAO: 
53.976367856329986
GEN: 8000
Individuo: 
[1.1369763883967454, 1.7170782389542598, 2.1046092090941877, 0.318677369035706, 0.94695094040549, 0.0010006251106231448, 0.5237377110469047, 0.2565743940297444, 0.8168708663224348, 0.0013830744586732962, 0.2245854628631163, 0.5050405670712217, 0.792111423684713]
APTIDAO: 
53.976362386491125
GEN: 8100
Individuo: 
[1.1369763883967454, 1.7170782389542598, 2.1046092090941877, 0.318677369035706, 0.94695094040549, 0.0010006251106231448, 0.5237377110469047, 0.2565743940297444, 0.8168708663224348, 0.0013830744586732962, 0.2245854628631163, 0.5050405670712217, 0.792111423684713]
APTIDAO: 
53.976362386491125
GEN: 8200
Individuo: 
[1.1369763883967454, 1.7170782389542598, 2.1046092090941877, 0.318677369035706, 0.94695094040549, 0.0010006251106231448, 0.5237377110469047, 0.2565743940297444, 0.8168708663224348, 0.0013809676228076885, 0.2245854628631163, 0.5050405670712217, 0.792111423684713]
APTIDAO: 
53.97636001624146
GEN: 8300
Individuo: 
[1.1369763883967454, 1.7170782389542598, 2.1046092090941877, 0.318677369035706, 0.94695094040549, 0.0010006251106231448, 0.5237377110469047, 0.2565743940297444, 0.8168708663224348, 0.0013735684140634584, 0.2245854628631163, 0.5050405670712217, 0.792111423684713]
APTIDAO: 
53.97635172230947
GEN: 8400
Individuo: 
[1.1369763883967454, 1.7177822829785725, 2.1046092090941877, 0.318677369035706, 0.94695094040549, 0.0010006251106231448, 0.5237377110469047, 0.2565743940297444, 0.8168708663224348, 0.0013735684140634584, 0.2245854628631163, 0.5050405670712217, 0.792111423684713]
APTIDAO: 
53.976330205461664
GEN: 8500
Individuo: 
[1.1369763883967454, 1.7177822829785725, 2.1046092090941877, 0.318677369035706, 0.94695094040549, 0.0010006251106231448, 0.5237377110469047, 0.2565743940297444, 0.8168708663224348, 0.0013735684140634584, 0.2245854628631163, 0.5050405670712217, 0.792111423684713]
APTIDAO: 
53.976330205461664
GEN: 8600
Individuo: 
[1.1369763883967454, 1.7177822829785725, 2.1046092090941877, 0.318677369035706, 0.94695094040549, 0.0010006251106231448, 0.5237377110469047, 0.2565743940297444, 0.8168708663224348, 0.0013735684140634584, 0.2245854628631163, 0.5050405670712217, 0.792111423684713]
APTIDAO: 
53.976330205461664
GEN: 8700
Individuo: 
[1.1369763883967454, 1.7177822829785725, 2.1046092090941877, 0.318677369035706, 0.94695094040549, 0.00100004890431437, 0.5237377110469047, 0.2565743940297444, 0.8168708663224348, 0.0013735684140634584, 0.2245854628631163, 0.5050405670712217, 0.792111423684713]
APTIDAO: 
53.97629260161102
GEN: 8800
Individuo: 
[1.1369763883967454, 1.7177822829785725, 2.1046092090941877, 0.318677369035706, 0.94695094040549, 0.00100004890431437, 0.5237377110469047, 0.2565743940297444, 0.8168708663224348, 0.0013735684140634584, 0.2245854628631163, 0.5050405670712217, 0.792111423684713]
APTIDAO: 
53.97629260161102
GEN: 8900
Individuo: 
[1.1713509403127031, 1.7177822829785725, 2.1046092090941877, 0.36826997682841056, 0.94695094040549, 0.00100004890431437, 0.5237377110469047, 0.2565743940297444, 0.8168708663224348, 0.0013735684140634584, 0.2245854628631163, 0.5050405670712217, 0.792111423684713]
APTIDAO: 
53.97566366897554
GEN: 9000
Individuo: 
[1.1713509403127031, 1.7202821274553872, 2.1046092090941877, 0.36826997682841056, 0.94695094040549, 0.00100004890431437, 0.5237377110469047, 0.2565743940297444, 0.8168708663224348, 0.0013735684140634584, 0.2245854628631163, 0.5050405670712217, 0.792111423684713]
APTIDAO: 
53.97560426125138
GEN: 9100
Individuo: 
[1.1713509403127031, 1.7202821274553872, 2.1037148271350543, 0.36826997682841056, 0.94695094040549, 0.00100004890431437, 0.5237377110469047, 0.2565743940297444, 0.8168708663224348, 0.0013735684140634584, 0.2245854628631163, 0.5050405670712217, 0.792111423684713]
APTIDAO: 
53.97559163410601
GEN: 9200
Individuo: 
[1.1713509403127031, 1.7202821274553872, 2.1037148271350543, 0.3650006551540803, 0.94695094040549, 0.00100004890431437, 0.5237377110469047, 0.2565743940297444, 0.8168708663224348, 0.0013735684140634584, 0.2245854628631163, 0.5050405670712217, 0.792111423684713]
APTIDAO: 
53.974760096467996
GEN: 9300
Individuo: 
[1.1713509403127031, 1.7202821274553872, 2.1037148271350543, 0.36001767905025145, 0.94695094040549, 0.00100004890431437, 0.5237377110469047, 0.2565743940297444, 0.8168708663224348, 0.0013735684140634584, 0.2245854628631163, 0.5050405670712217, 0.792111423684713]
APTIDAO: 
53.974743957265034
GEN: 9400
Individuo: 
[1.1713509403127031, 1.7202821274553872, 2.090741669871282, 0.36001767905025145, 0.94695094040549, 0.00100004890431437, 0.5237377110469047, 0.2565743940297444, 0.8168708663224348, 0.0013735684140634584, 0.2245854628631163, 0.5050405670712217, 0.792111423684713]
APTIDAO: 
53.97469625820981
GEN: 9500
Individuo: 
[1.1713509403127031, 1.7202821274553872, 2.090741669871282, 0.36001767905025145, 0.94695094040549, 0.00100004890431437, 0.5237377110469047, 0.2565743940297444, 0.8168708663224348, 0.0013704186159933373, 0.2245854628631163, 0.5050405670712217, 0.792111423684713]
APTIDAO: 
53.97469214544124
GEN: 9600
Individuo: 
[1.1713509403127031, 1.7202821274553872, 2.090741669871282, 0.36001767905025145, 0.94695094040549, 0.00100004890431437, 0.5237377110469047, 0.2565743940297444, 0.8168708663224348, 0.0013704186159933373, 0.2245854628631163, 0.5050405670712217, 0.792111423684713]
APTIDAO: 
53.97469214544124
GEN: 9700
Individuo: 
[1.1713509403127031, 1.7202821274553872, 2.090741669871282, 0.36001767905025145, 0.9587967619373537, 0.00100004890431437, 0.5237377110469047, 0.2565743940297444, 0.8168708663224348, 0.001007554067099329, 0.2260356123159181, 0.5050405670712217, 0.8262457970678836]
APTIDAO: 
53.821937194365255
GEN: 9800
Individuo: 
[1.1713509403127031, 1.7202821274553872, 2.090741669871282, 0.3634743269585193, 0.9587967619373537, 0.00100004890431437, 0.5237377110469047, 0.2565743940297444, 0.8251661184728505, 0.001007554067099329, 0.2260356123159181, 0.5050405670712217, 0.8262457970678836]
APTIDAO: 
53.80988203550692
GEN: 9900
Individuo: 
[1.1713509403127031, 1.7202821274553872, 2.090741669871282, 0.3634743269585193, 0.9587967619373537, 0.00100004890431437, 0.5237377110469047, 0.2565743940297444, 0.8251661184728505, 0.001007554067099329, 0.2260356123159181, 0.5050405670712217, 0.8262457970678836]
APTIDAO: 
53.80988203550692
GEN: 10000
Individuo: 
[1.1713509403127031, 1.7202821274553872, 2.090741669871282, 0.3634743269585193, 0.9587967619373537, 0.00100004890431437, 0.5237377110469047, 0.2565743940297444, 0.8251661184728505, 0.001007554067099329, 0.2260356123159181, 0.5040439929266732, 0.8262457970678836]
APTIDAO: 
53.80940119979175

--- RESULTADO FINAL ---
Erro (norma-1): 53.80940119979175
Parâmetros: [1.1713509403127031, 1.7202821274553872, 2.090741669871282, 0.3634743269585193, 0.9587967619373537, 0.00100004890431437, 0.5237377110469047, 0.2565743940297444, 0.8251661184728505, 0.001007554067099329, 0.2260356123159181, 0.5040439929266732, 0.8262457970678836]
Tempo total: 00h 52m 29s
