SEED: 1778703547
METODO: ABCD_MM
IND_SIZE: 13
GEN: 0
Individuo: 
[1.3442412258464516, 0.3057523283880551, 1.5020424899133933, 1.6855021207256056, 0.5110655453507562, 0.14071994908892635, 0.6265708264120784, 0.329360276561432, 0.9122530275146156, 0.6361126815427485, 0.43357750497201963, 0.2404076245278548, 0.4343102493091955]
APTIDAO: 
95.64911418981853
GEN: 100
Individuo: 
[1.0981196700893863, 1.572304345004562, 2.46947954166893, 0.19572163407522983, 0.8640069659642889, 0.0012603839218549731, 0.5511261761185894, 0.3024348341281614, 0.9811052305366077, 0.4995971517013353, 0.9789824091728722, 0.5576103233101422, 0.6406812435955992]
APTIDAO: 
54.6349555467225
GEN: 200
Individuo: 
[1.0981196700893863, 1.5775866978986472, 2.4558853521574093, 0.24066152202308255, 0.8758134357922153, 0.001394692082339951, 0.5511261761185894, 0.30169358079200914, 0.9811052305366077, 0.4995971517013353, 0.9928463645127142, 0.5576103233101422, 0.649265943458024]
APTIDAO: 
54.377584184661124
GEN: 300
Individuo: 
[1.0981196700893863, 1.5775866978986472, 2.403467951531174, 0.23380963947700842, 0.8758134357922153, 0.0010041682719185963, 0.5511261761185894, 0.30169358079200914, 0.9811052305366077, 0.4869060727889447, 0.9928463645127142, 0.5576103233101422, 0.649265943458024]
APTIDAO: 
54.29964169298962
GEN: 400
Individuo: 
[1.0981196700893863, 1.5233573590945026, 2.2750577179970706, 0.23380963947700842, 0.8758134357922153, 0.0010041682719185963, 0.5511261761185894, 0.2841742379859556, 0.9371440503563685, 0.4869060727889447, 0.9938697442731561, 0.5576103233101422, 0.649265943458024]
APTIDAO: 
54.137029835546905
GEN: 500
Individuo: 
[1.0981196700893863, 1.530687645653187, 2.2750577179970706, 0.23075252766040455, 0.8758134357922153, 0.0010041682719185963, 0.5511261761185894, 0.2841742379859556, 0.9371440503563685, 0.4869060727889447, 0.9938697442731561, 0.5576103233101422, 0.649265943458024]
APTIDAO: 
54.13553088221163
GEN: 600
Individuo: 
[1.0981196700893863, 1.530687645653187, 2.359660999289047, 0.23075252766040455, 0.8758134357922153, 0.0010041682719185963, 0.5511261761185894, 0.2841742379859556, 0.9371440503563685, 0.4869060727889447, 0.9938697442731561, 0.5576103233101422, 0.649265943458024]
APTIDAO: 
54.13491829288735
GEN: 700
Individuo: 
[1.0981196700893863, 1.530687645653187, 2.305275895956211, 0.23075252766040455, 0.8758134357922153, 0.0010041682719185963, 0.5511261761185894, 0.2841742379859556, 0.9371440503563685, 0.48615849779006975, 0.9938697442731561, 0.5576103233101422, 0.649265943458024]
APTIDAO: 
54.132860323482745
GEN: 800
Individuo: 
[1.0981196700893863, 1.530687645653187, 2.305275895956211, 0.23248928416239922, 0.8758134357922153, 0.0010041682719185963, 0.5511261761185894, 0.2841742379859556, 0.9403326969733158, 0.48615849779006975, 0.9938697442731561, 0.5576103233101422, 0.649265943458024]
APTIDAO: 
54.13206927828662
GEN: 900
Individuo: 
[1.0981196700893863, 1.530687645653187, 2.305275895956211, 0.23248928416239922, 0.8758134357922153, 0.0010041682719185963, 0.5511261761185894, 0.2841742379859556, 0.9403326969733158, 0.48615849779006975, 0.9938697442731561, 0.5576103233101422, 0.649265943458024]
APTIDAO: 
54.13206927828662
GEN: 1000
Individuo: 
[1.0981196700893863, 1.530687645653187, 2.305275895956211, 0.23248928416239922, 0.8758134357922153, 0.0010016734384776453, 0.5511261761185894, 0.2841742379859556, 0.9403326969733158, 0.48615849779006975, 0.9938697442731561, 0.5576103233101422, 0.649265943458024]
APTIDAO: 
54.13194888569254
GEN: 1100
Individuo: 
[1.0981196700893863, 1.530687645653187, 2.305275895956211, 0.23248928416239922, 0.8758134357922153, 0.0010016734384776453, 0.5511261761185894, 0.2841742379859556, 0.9403326969733158, 0.48615849779006975, 0.9938697442731561, 0.5576103233101422, 0.649265943458024]
APTIDAO: 
54.13194888569254
GEN: 1200
Individuo: 
[1.0981196700893863, 1.530687645653187, 2.3772040639132475, 0.23248928416239922, 0.8758134357922153, 0.0010016734384776453, 0.5730914129251553, 0.2841742379859556, 0.9391702395527226, 0.48615849779006975, 0.9938697442731561, 0.5576103233101422, 0.793580991046573]
APTIDAO: 
53.47591129009949
GEN: 1300
Individuo: 
[1.0981196700893863, 1.530687645653187, 2.3772040639132475, 0.2438765049520008, 0.948219677536272, 0.0025071259278445237, 0.5730914129251553, 0.2841742379859556, 0.9617034551383866, 0.46219034190504427, 0.9938697442731561, 0.5971782088038203, 0.793580991046573]
APTIDAO: 
52.63109159312132
GEN: 1400
Individuo: 
[1.0981196700893863, 1.530687645653187, 2.299250810127248, 0.2438765049520008, 0.948219677536272, 0.002400235071400435, 0.5730914129251553, 0.27831561551800116, 0.9772588503941957, 0.46219034190504427, 0.9938697442731561, 0.5971782088038203, 0.793580991046573]
APTIDAO: 
52.34873669300165
GEN: 1500
Individuo: 
[1.0981196700893863, 1.5427998243956254, 2.331147348113451, 0.2438765049520008, 0.948219677536272, 0.002400235071400435, 0.5730914129251553, 0.2773448286215327, 0.9772588503941957, 0.45642740485162053, 0.9885201528194967, 0.5971782088038203, 0.793580991046573]
APTIDAO: 
52.31917275006247
GEN: 1600
Individuo: 
[1.0981196700893863, 1.5455319543146488, 2.331147348113451, 0.2438765049520008, 0.948219677536272, 0.002400235071400435, 0.5730914129251553, 0.2773448286215327, 0.9865728446427975, 0.45642740485162053, 0.9885201528194967, 0.5971782088038203, 0.793580991046573]
APTIDAO: 
52.31684048933224
GEN: 1700
Individuo: 
[1.0981196700893863, 1.5455319543146488, 2.331147348113451, 0.24380325059196176, 0.948219677536272, 0.0023667692413440493, 0.5730914129251553, 0.2773448286215327, 0.9865728446427975, 0.45642740485162053, 0.9885201528194967, 0.5971782088038203, 0.793580991046573]
APTIDAO: 
52.315437979056256
GEN: 1800
Individuo: 
[1.0981196700893863, 1.5455319543146488, 2.331147348113451, 0.24380325059196176, 0.948219677536272, 0.0023667692413440493, 0.5730914129251553, 0.2773448286215327, 0.9865728446427975, 0.45642740485162053, 0.9885201528194967, 0.5971782088038203, 0.793580991046573]
APTIDAO: 
52.315437979056256
GEN: 1900
Individuo: 
[1.0981196700893863, 1.5455319543146488, 2.331147348113451, 0.24380325059196176, 0.948219677536272, 0.0023667692413440493, 0.5730914129251553, 0.2773448286215327, 0.9865728446427975, 0.45642740485162053, 0.9885201528194967, 0.5971782088038203, 0.793580991046573]
APTIDAO: 
52.315437979056256
GEN: 2000
Individuo: 
[1.0981196700893863, 1.5455319543146488, 2.331147348113451, 0.24380325059196176, 0.948219677536272, 0.0023667692413440493, 0.5730914129251553, 0.2773448286215327, 0.9804617261273952, 0.45642740485162053, 0.9885201528194967, 0.5971782088038203, 0.793580991046573]
APTIDAO: 
52.31425693967748
GEN: 2100
Individuo: 
[1.0981196700893863, 1.5455319543146488, 2.331147348113451, 0.24380325059196176, 0.948219677536272, 0.002368981557453662, 0.5730914129251553, 0.2773448286215327, 0.9804617261273952, 0.45642740485162053, 0.9885201528194967, 0.5971782088038203, 0.793580991046573]
APTIDAO: 
52.3140842788222
GEN: 2200
Individuo: 
[1.0981196700893863, 1.5455319543146488, 2.3168830986316413, 0.24380325059196176, 0.948219677536272, 0.002368981557453662, 0.5730914129251553, 0.2773448286215327, 0.9804617261273952, 0.45642740485162053, 0.9885201528194967, 0.5971782088038203, 0.793580991046573]
APTIDAO: 
52.31401509771714
GEN: 2300
Individuo: 
[1.0981196700893863, 1.5455319543146488, 2.3168830986316413, 0.24380325059196176, 0.948219677536272, 0.002368981557453662, 0.5730914129251553, 0.2773448286215327, 0.9804617261273952, 0.45642740485162053, 0.9885201528194967, 0.5971782088038203, 0.793580991046573]
APTIDAO: 
52.31401509771714
GEN: 2400
Individuo: 
[1.0981196700893863, 1.5455319543146488, 2.3168830986316413, 0.2427588331673334, 0.948219677536272, 0.002368981557453662, 0.5730914129251553, 0.2773448286215327, 0.9804617261273952, 0.45642740485162053, 0.9885201528194967, 0.5971782088038203, 0.793580991046573]
APTIDAO: 
52.31383553976653
GEN: 2500
Individuo: 
[1.0981196700893863, 1.5455319543146488, 2.3168830986316413, 0.2427588331673334, 0.948219677536272, 0.002368981557453662, 0.5730914129251553, 0.2773448286215327, 0.9806848804238155, 0.45642740485162053, 0.9885201528194967, 0.5971782088038203, 0.793580991046573]
APTIDAO: 
52.31371569534432
GEN: 2600
Individuo: 
[1.0981196700893863, 1.5455319543146488, 2.3168830986316413, 0.2427588331673334, 0.948219677536272, 0.002368981557453662, 0.5730914129251553, 0.2773448286215327, 0.9806848804238155, 0.45642740485162053, 0.9885201528194967, 0.5971782088038203, 0.793580991046573]
APTIDAO: 
52.31371569534432
GEN: 2700
Individuo: 
[1.0981196700893863, 1.5455319543146488, 2.3168830986316413, 0.2427588331673334, 0.948219677536272, 0.002368981557453662, 0.5730914129251553, 0.2773448286215327, 0.9806848804238155, 0.45642740485162053, 0.9885201528194967, 0.5971782088038203, 0.793580991046573]
APTIDAO: 
52.31371569534432
GEN: 2800
Individuo: 
[1.0981196700893863, 1.5455319543146488, 2.3168830986316413, 0.2427588331673334, 0.948219677536272, 0.002368981557453662, 0.5730914129251553, 0.2773448286215327, 0.9806848804238155, 0.45642740485162053, 0.9885201528194967, 0.5971782088038203, 0.7940749683780561]
APTIDAO: 
52.312764302737655
GEN: 2900
Individuo: 
[1.0981196700893863, 1.5455319543146488, 2.3168830986316413, 0.2427588331673334, 0.948219677536272, 0.002368981557453662, 0.5730914129251553, 0.2773448286215327, 0.9806848804238155, 0.45642740485162053, 0.9885201528194967, 0.5971782088038203, 0.7940749683780561]
APTIDAO: 
52.312764302737655
GEN: 3000
Individuo: 
[1.0981196700893863, 1.5455319543146488, 2.3168830986316413, 0.2427588331673334, 0.948219677536272, 0.002368981557453662, 0.5730914129251553, 0.2773448286215327, 0.9806848804238155, 0.45642740485162053, 0.9885201528194967, 0.5971782088038203, 0.7940749683780561]
APTIDAO: 
52.312764302737655
GEN: 3100
Individuo: 
[1.0981196700893863, 1.5455319543146488, 2.3168830986316413, 0.2427588331673334, 0.948219677536272, 0.002315866592924771, 0.5730914129251553, 0.2773448286215327, 0.9806848804238155, 0.45642740485162053, 0.9885201528194967, 0.5971782088038203, 0.7940749683780561]
APTIDAO: 
52.3113225725661
GEN: 3200
Individuo: 
[1.0981196700893863, 1.5455319543146488, 2.3168830986316413, 0.2427588331673334, 0.948219677536272, 0.002315866592924771, 0.5730914129251553, 0.2773448286215327, 0.9806848804238155, 0.45642740485162053, 0.9885201528194967, 0.5971782088038203, 0.7940749683780561]
APTIDAO: 
52.3113225725661
GEN: 3300
Individuo: 
[1.0981196700893863, 1.5455319543146488, 2.3168830986316413, 0.2427588331673334, 0.948219677536272, 0.0022408581423176872, 0.5730914129251553, 0.2773448286215327, 0.9806848804238155, 0.45642740485162053, 0.9885201528194967, 0.5971782088038203, 0.7958141746659539]
APTIDAO: 
52.30513571855706
GEN: 3400
Individuo: 
[1.0981196700893863, 1.5455319543146488, 2.3168830986316413, 0.2427588331673334, 0.948219677536272, 0.0021574655854351534, 0.5730914129251553, 0.2773448286215327, 0.9806848804238155, 0.45642740485162053, 0.9885201528194967, 0.5971782088038203, 0.7958141746659539]
APTIDAO: 
52.300988478893515
GEN: 3500
Individuo: 
[1.0981196700893863, 1.5455319543146488, 2.3168830986316413, 0.2427588331673334, 0.948219677536272, 0.0021574655854351534, 0.5730914129251553, 0.2773448286215327, 0.9806848804238155, 0.45642740485162053, 0.9885201528194967, 0.5971782088038203, 0.7958141746659539]
APTIDAO: 
52.300988478893515
GEN: 3600
Individuo: 
[1.0981196700893863, 1.5455319543146488, 2.3168830986316413, 0.2427588331673334, 0.948219677536272, 0.0021574655854351534, 0.5730914129251553, 0.2773448286215327, 0.9806848804238155, 0.45642740485162053, 0.9885201528194967, 0.5971782088038203, 0.7960316704962467]
APTIDAO: 
52.30015419298403
GEN: 3700
Individuo: 
[1.0987430104656322, 1.5455319543146488, 2.3168830986316413, 0.2427588331673334, 0.948219677536272, 0.0021470402464080066, 0.5730914129251553, 0.2773448286215327, 0.9806848804238155, 0.45642740485162053, 0.9885201528194967, 0.5971782088038203, 0.7960316704962467]
APTIDAO: 
52.29962681002132
GEN: 3800
Individuo: 
[1.0987430104656322, 1.5455319543146488, 2.3168830986316413, 0.2427588331673334, 0.948219677536272, 0.0021470402464080066, 0.5730914129251553, 0.2773448286215327, 0.9806848804238155, 0.45642740485162053, 0.9885201528194967, 0.5971782088038203, 0.7960316704962467]
APTIDAO: 
52.29962681002132
GEN: 3900
Individuo: 
[1.0987430104656322, 1.5455319543146488, 2.317193383705621, 0.2427588331673334, 0.948219677536272, 0.0021470402464080066, 0.5730914129251553, 0.2773448286215327, 0.9806848804238155, 0.45642740485162053, 0.9885201528194967, 0.5971782088038203, 0.7960316704962467]
APTIDAO: 
52.299626287657546
GEN: 4000
Individuo: 
[1.0987430104656322, 1.5455319543146488, 2.317193383705621, 0.2427588331673334, 0.948219677536272, 0.0014063326574640244, 0.5730914129251553, 0.2773448286215327, 0.9806848804238155, 0.45642740485162053, 0.9885201528194967, 0.5971782088038203, 0.803956294989337]
APTIDAO: 
52.25677833834835
GEN: 4100
Individuo: 
[1.0987430104656322, 1.5455319543146488, 2.317193383705621, 0.23411253197793203, 0.948219677536272, 0.0014063326574640244, 0.5730914129251553, 0.2773448286215327, 0.9806848804238155, 0.45642740485162053, 0.9885201528194967, 0.5971782088038203, 0.803956294989337]
APTIDAO: 
52.25553041512089
GEN: 4200
Individuo: 
[1.0987430104656322, 1.5455319543146488, 2.317193383705621, 0.23411253197793203, 0.948219677536272, 0.0013998503043782628, 0.5730914129251553, 0.2773448286215327, 0.9806848804238155, 0.4551182191480594, 0.9885201528194967, 0.5971782088038203, 0.803956294989337]
APTIDAO: 
52.25384801301412
GEN: 4300
Individuo: 
[1.0987430104656322, 1.5455319543146488, 2.317193383705621, 0.23411253197793203, 0.948219677536272, 0.0013998503043782628, 0.5730914129251553, 0.2773448286215327, 0.9823703626825665, 0.4555568902814826, 0.9885201528194967, 0.5971782088038203, 0.803956294989337]
APTIDAO: 
52.25081596726216
GEN: 4400
Individuo: 
[1.0987430104656322, 1.5455319543146488, 2.321879096955217, 0.23411253197793203, 0.948219677536272, 0.0013998503043782628, 0.5730914129251553, 0.2773448286215327, 0.9848935837097655, 0.4554236416212624, 0.9885201528194967, 0.5971782088038203, 0.803956294989337]
APTIDAO: 
52.2494486641718
GEN: 4500
Individuo: 
[1.0987430104656322, 1.5455319543146488, 2.321879096955217, 0.23449870787047217, 0.948219677536272, 0.0013998503043782628, 0.5730914129251553, 0.2773448286215327, 0.9848935837097655, 0.4554236416212624, 0.9885201528194967, 0.5971782088038203, 0.803956294989337]
APTIDAO: 
52.249358649183655
GEN: 4600
Individuo: 
[1.0987430104656322, 1.5455319543146488, 2.321879096955217, 0.23449870787047217, 0.948219677536272, 0.0013998503043782628, 0.5730914129251553, 0.2773448286215327, 0.9848935837097655, 0.4554236416212624, 0.9885201528194967, 0.5971782088038203, 0.803956294989337]
APTIDAO: 
52.249358649183655
GEN: 4700
Individuo: 
[1.0987430104656322, 1.5455319543146488, 2.321879096955217, 0.23449870787047217, 0.948219677536272, 0.0013998503043782628, 0.5730914129251553, 0.2773448286215327, 0.9848935837097655, 0.4554236416212624, 0.9885201528194967, 0.5971782088038203, 0.803956294989337]
APTIDAO: 
52.249358649183655
GEN: 4800
Individuo: 
[1.0987430104656322, 1.5455319543146488, 2.321879096955217, 0.23449870787047217, 0.948219677536272, 0.0013998503043782628, 0.5730914129251553, 0.2773448286215327, 0.9848935837097655, 0.4554236416212624, 0.9885201528194967, 0.5971782088038203, 0.803956294989337]
APTIDAO: 
52.249358649183655
GEN: 4900
Individuo: 
[1.0987430104656322, 1.5455319543146488, 2.321879096955217, 0.23449870787047217, 0.948219677536272, 0.0013998503043782628, 0.5730914129251553, 0.2773448286215327, 0.9848935837097655, 0.4554236416212624, 0.9885201528194967, 0.5971782088038203, 0.803956294989337]
APTIDAO: 
52.249358649183655
GEN: 5000
Individuo: 
[1.0987430104656322, 1.5455319543146488, 2.321711723553468, 0.23449870787047217, 0.948219677536272, 0.0013998503043782628, 0.5730914129251553, 0.2773448286215327, 0.9848935837097655, 0.4554236416212624, 0.9885201528194967, 0.5971782088038203, 0.803956294989337]
APTIDAO: 
52.2493583039678
GEN: 5100
Individuo: 
[1.0987430104656322, 1.5455319543146488, 2.321711723553468, 0.23449870787047217, 0.948219677536272, 0.0013998503043782628, 0.5730914129251553, 0.2773448286215327, 0.9848935837097655, 0.4554236416212624, 0.9885201528194967, 0.5971782088038203, 0.803956294989337]
APTIDAO: 
52.2493583039678
GEN: 5200
Individuo: 
[1.0987430104656322, 1.5455319543146488, 2.321711723553468, 0.23449870787047217, 0.948219677536272, 0.0013998503043782628, 0.5730914129251553, 0.2773448286215327, 0.9848935837097655, 0.4554236416212624, 0.9885201528194967, 0.5971782088038203, 0.803956294989337]
APTIDAO: 
52.2493583039678
GEN: 5300
Individuo: 
[1.0987430104656322, 1.5466619394821455, 2.321711723553468, 0.23449870787047217, 0.948219677536272, 0.0013998503043782628, 0.5730914129251553, 0.2773448286215327, 0.9848935837097655, 0.4554236416212624, 0.9885201528194967, 0.5971782088038203, 0.803956294989337]
APTIDAO: 
52.249164452798354
GEN: 5400
Individuo: 
[1.0987430104656322, 1.5466619394821455, 2.321711723553468, 0.23449870787047217, 0.948219677536272, 0.0013998503043782628, 0.5730914129251553, 0.2773448286215327, 0.9848935837097655, 0.4554236416212624, 0.9885201528194967, 0.5971782088038203, 0.803956294989337]
APTIDAO: 
52.249164452798354
GEN: 5500
Individuo: 
[1.0987430104656322, 1.5466619394821455, 2.321711723553468, 0.23449870787047217, 0.948219677536272, 0.0013998503043782628, 0.5730914129251553, 0.2773448286215327, 0.9848935837097655, 0.4554236416212624, 0.9885201528194967, 0.5971782088038203, 0.803956294989337]
APTIDAO: 
52.249164452798354
GEN: 5600
Individuo: 
[1.0987430104656322, 1.5466619394821455, 2.321711723553468, 0.23449870787047217, 0.948219677536272, 0.0013998503043782628, 0.5730914129251553, 0.2773448286215327, 0.9848935837097655, 0.4554236416212624, 0.9885201528194967, 0.5971782088038203, 0.803956294989337]
APTIDAO: 
52.249164452798354
GEN: 5700
Individuo: 
[1.0987430104656322, 1.5466619394821455, 2.321711723553468, 0.23449870787047217, 0.948219677536272, 0.0013998503043782628, 0.5730914129251553, 0.2773448286215327, 0.9848935837097655, 0.4554236416212624, 0.9885201528194967, 0.5971782088038203, 0.803956294989337]
APTIDAO: 
52.249164452798354
GEN: 5800
Individuo: 
[1.0987430104656322, 1.5466619394821455, 2.321711723553468, 0.22049362260950173, 0.948219677536272, 0.0013998503043782628, 0.6128120615054292, 0.2773448286215327, 0.9848935837097655, 0.4554236416212624, 0.9885201528194967, 0.6987842640901373, 0.803956294989337]
APTIDAO: 
51.71334742554124
GEN: 5900
Individuo: 
[1.0987430104656322, 1.5466619394821455, 2.478544818280005, 0.22049362260950173, 0.948219677536272, 0.001001181155108053, 0.6128120615054292, 0.2611600658039205, 0.9848935837097655, 0.430150501205641, 0.9885201528194967, 0.6898737957430882, 0.803956294989337]
APTIDAO: 
50.84340787284785
GEN: 6000
Individuo: 
[1.0987430104656322, 1.5194966785199628, 2.3449201802069832, 0.20660564182745614, 0.948219677536272, 0.001001181155108053, 0.6128120615054292, 0.2632718628813767, 0.9848935837097655, 0.430150501205641, 0.9885201528194967, 0.6898737957430882, 0.803956294989337]
APTIDAO: 
50.8246346115406
GEN: 6100
Individuo: 
[1.0987430104656322, 1.5194966785199628, 2.299468880699201, 0.20660564182745614, 0.948219677536272, 0.001001181155108053, 0.6128120615054292, 0.2632718628813767, 0.9848935837097655, 0.430150501205641, 0.9885201528194967, 0.6898737957430882, 0.7984807754233638]
APTIDAO: 
50.80810749980099
GEN: 6200
Individuo: 
[1.0987430104656322, 1.5426657296823691, 2.299468880699201, 0.20660564182745614, 0.948219677536272, 0.0010149564080803, 0.6128120615054292, 0.26264038788050253, 0.9848935837097655, 0.430150501205641, 0.9885201528194967, 0.6898737957430882, 0.7984807754233638]
APTIDAO: 
50.80643407941268
GEN: 6300
Individuo: 
[1.0987430104656322, 1.5426657296823691, 2.3319162318125577, 0.20660564182745614, 0.948219677536272, 0.0010042827233387246, 0.6128120615054292, 0.26264038788050253, 0.9848935837097655, 0.430150501205641, 0.9885201528194967, 0.6898737957430882, 0.7984807754233638]
APTIDAO: 
50.8030652326727
GEN: 6400
Individuo: 
[1.0987430104656322, 1.5426657296823691, 2.3319162318125577, 0.20346578442535967, 0.948219677536272, 0.0010042827233387246, 0.6128120615054292, 0.26264038788050253, 0.9848935837097655, 0.430150501205641, 0.9868077509591602, 0.6898737957430882, 0.7984807754233638]
APTIDAO: 
50.80232009115298
GEN: 6500
Individuo: 
[1.0987430104656322, 1.5426657296823691, 2.323636886878069, 0.20346578442535967, 0.948219677536272, 0.0010042827233387246, 0.6128120615054292, 0.26264038788050253, 0.9848935837097655, 0.430150501205641, 0.9868077509591602, 0.6898737957430882, 0.7984807754233638]
APTIDAO: 
50.80219478833416
GEN: 6600
Individuo: 
[1.0987430104656322, 1.5426657296823691, 2.323636886878069, 0.19930383041912042, 0.948219677536272, 0.0010042827233387246, 0.6128120615054292, 0.26264038788050253, 0.9848935837097655, 0.430150501205641, 0.9868077509591602, 0.6898737957430882, 0.7984807754233638]
APTIDAO: 
50.80198450640664
GEN: 6700
Individuo: 
[1.0987430104656322, 1.5426657296823691, 2.323636886878069, 0.19930383041912042, 0.948219677536272, 0.0010042827233387246, 0.6128120615054292, 0.26264038788050253, 0.9848935837097655, 0.430150501205641, 0.9868077509591602, 0.6898737957430882, 0.7984807754233638]
APTIDAO: 
50.80198450640664
GEN: 6800
Individuo: 
[1.0987430104656322, 1.5426657296823691, 2.323636886878069, 0.19930383041912042, 0.948219677536272, 0.0010042827233387246, 0.6128120615054292, 0.26264038788050253, 0.9848935837097655, 0.430150501205641, 0.9868077509591602, 0.6898737957430882, 0.7984807754233638]
APTIDAO: 
50.80198450640664
GEN: 6900
Individuo: 
[1.0987430104656322, 1.5426657296823691, 2.323636886878069, 0.21114150605547105, 0.9650813350592071, 0.002186675292173675, 0.6128120615054292, 0.26264038788050253, 0.9848935837097655, 0.430150501205641, 0.9868077509591602, 0.6898737957430882, 0.8218249811030758]
APTIDAO: 
50.72845166058086
GEN: 7000
Individuo: 
[1.0987430104656322, 1.5426657296823691, 2.323636886878069, 0.21114150605547105, 0.9650813350592071, 0.002153361794153928, 0.6128120615054292, 0.26264038788050253, 0.9848935837097655, 0.430150501205641, 0.9956279763625607, 0.6898737957430882, 0.8218249811030758]
APTIDAO: 
50.71658962936263
GEN: 7100
Individuo: 
[1.0987430104656322, 1.5426657296823691, 2.323636886878069, 0.21284540731936819, 0.9650813350592071, 0.0021353050451544922, 0.6128120615054292, 0.262273293759423, 0.9848935837097655, 0.430150501205641, 0.9956279763625607, 0.6898737957430882, 0.8218249811030758]
APTIDAO: 
50.71211765389035
GEN: 7200
Individuo: 
[1.0987430104656322, 1.5426657296823691, 2.323636886878069, 0.21284540731936819, 0.9650813350592071, 0.0021181712825625474, 0.6128120615054292, 0.2619139242643479, 0.9848935837097655, 0.430150501205641, 0.9956279763625607, 0.6898737957430882, 0.8215623361174436]
APTIDAO: 
50.70916468028172
GEN: 7300
Individuo: 
[1.0987430104656322, 1.5426657296823691, 2.323636886878069, 0.21284540731936819, 0.9650813350592071, 0.0021181712825625474, 0.6128120615054292, 0.2619139242643479, 0.9848935837097655, 0.05881040054867363, 0.33306106606264396, 0.6898737957430882, 0.8215623361174436]
APTIDAO: 
50.589758262466816
GEN: 7400
Individuo: 
[1.0987430104656322, 1.5611338505468197, 2.2013868247115322, 0.21284540731936819, 0.9650813350592071, 0.0021181712825625474, 0.6128120615054292, 0.2619139242643479, 0.9848935837097655, 0.06103388474048317, 0.33306106606264396, 0.6898737957430882, 0.8215623361174436]
APTIDAO: 
50.50547177217139
GEN: 7500
Individuo: 
[1.0987430104656322, 1.6180266738864129, 2.2013868247115322, 0.21284540731936819, 0.9650813350592071, 0.0021181712825625474, 0.6128120615054292, 0.2619139242643479, 0.9914953008607733, 0.0616608582397325, 0.33306106606264396, 0.6898737957430882, 0.8215623361174436]
APTIDAO: 
50.48688176995927
GEN: 7600
Individuo: 
[1.0987430104656322, 1.6180266738864129, 2.2013868247115322, 0.21284540731936819, 0.9650813350592071, 0.0021181712825625474, 0.6128120615054292, 0.2619139242643479, 0.9914953008607733, 0.06309955859768906, 0.33306106606264396, 0.6898737957430882, 0.8215623361174436]
APTIDAO: 
50.4855511929412
GEN: 7700
Individuo: 
[1.0987430104656322, 1.6180266738864129, 2.2013868247115322, 0.2157716525565945, 0.9650813350592071, 0.0021181712825625474, 0.6128120615054292, 0.2628526952763198, 0.9914953008607733, 0.06309955859768906, 0.33306106606264396, 0.6898737957430882, 0.8215623361174436]
APTIDAO: 
50.48080136965838
GEN: 7800
Individuo: 
[1.0987430104656322, 1.6180266738864129, 2.2013868247115322, 0.2157716525565945, 0.9650813350592071, 0.0021181712825625474, 0.6128120615054292, 0.2628526952763198, 0.9914953008607733, 0.06226448957329326, 0.33306106606264396, 0.6898737957430882, 0.8215623361174436]
APTIDAO: 
50.47923950418616
GEN: 7900
Individuo: 
[1.0987430104656322, 1.6180266738864129, 2.2013868247115322, 0.2157716525565945, 0.9650813350592071, 0.0021181712825625474, 0.6128120615054292, 0.2628526952763198, 0.9914953008607733, 0.06226448957329326, 0.33306106606264396, 0.6898737957430882, 0.8215623361174436]
APTIDAO: 
50.47923950418616
GEN: 8000
Individuo: 
[1.0987430104656322, 1.6180266738864129, 2.2013868247115322, 0.2157716525565945, 0.9650813350592071, 0.0021181712825625474, 0.6128120615054292, 0.2628526952763198, 0.9914953008607733, 0.06226448957329326, 0.33306106606264396, 0.6898737957430882, 0.8215623361174436]
APTIDAO: 
50.47923950418616
GEN: 8100
Individuo: 
[1.0987430104656322, 1.6180266738864129, 2.2013868247115322, 0.2157716525565945, 0.9650813350592071, 0.0021181712825625474, 0.6128120615054292, 0.2628526952763198, 0.9914953008607733, 0.06229774028847363, 0.33306106606264396, 0.6898737957430882, 0.8215623361174436]
APTIDAO: 
50.47897834409389
GEN: 8200
Individuo: 
[1.0987430104656322, 1.6180266738864129, 2.2013868247115322, 0.2157716525565945, 0.9650813350592071, 0.0021181712825625474, 0.6128120615054292, 0.2628526952763198, 0.9914953008607733, 0.06229774028847363, 0.33306106606264396, 0.6898737957430882, 0.8215623361174436]
APTIDAO: 
50.47897834409389
GEN: 8300
Individuo: 
[1.0987430104656322, 1.6180266738864129, 2.2013868247115322, 0.2157716525565945, 0.9650813350592071, 0.0021181712825625474, 0.6128120615054292, 0.2628526952763198, 0.9914953008607733, 0.06229774028847363, 0.33306106606264396, 0.6898737957430882, 0.8215623361174436]
APTIDAO: 
50.47897834409389
GEN: 8400
Individuo: 
[1.0987430104656322, 1.6180266738864129, 2.2013868247115322, 0.2157716525565945, 0.9650813350592071, 0.0021181712825625474, 0.6128120615054292, 0.2628526952763198, 0.9914953008607733, 0.06229774028847363, 0.33306106606264396, 0.6898737957430882, 0.8215623361174436]
APTIDAO: 
50.47897834409389
GEN: 8500
Individuo: 
[1.0987430104656322, 1.6180266738864129, 2.2013868247115322, 0.2157716525565945, 0.9650813350592071, 0.0021181712825625474, 0.6128120615054292, 0.2628526952763198, 0.9916100153688142, 0.062465762107318426, 0.33306106606264396, 0.6898737957430882, 0.8215623361174436]
APTIDAO: 
50.478460702190674
GEN: 8600
Individuo: 
[1.0987430104656322, 1.6180266738864129, 2.2013868247115322, 0.2157716525565945, 0.9650813350592071, 0.0021181712825625474, 0.6128120615054292, 0.2628526952763198, 0.9916100153688142, 0.06279056839183249, 0.33306106606264396, 0.6898737957430882, 0.8215623361174436]
APTIDAO: 
50.47831994929178
GEN: 8700
Individuo: 
[1.0987430104656322, 1.6203212233924007, 2.2013868247115322, 0.2157716525565945, 0.9650813350592071, 0.0021181712825625474, 0.6128120615054292, 0.2628526952763198, 0.9916100153688142, 0.06279056839183249, 0.33306106606264396, 0.6898737957430882, 0.8215623361174436]
APTIDAO: 
50.47807187482955
GEN: 8800
Individuo: 
[1.0987430104656322, 1.6203212233924007, 2.2013868247115322, 0.2157716525565945, 0.9650813350592071, 0.0021181712825625474, 0.6128120615054292, 0.263499351599949, 0.9916100153688142, 0.06279056839183249, 0.33306106606264396, 0.6898737957430882, 0.8215623361174436]
APTIDAO: 
50.47791881247215
GEN: 8900
Individuo: 
[1.0987430104656322, 1.6203212233924007, 2.2013868247115322, 0.2157716525565945, 0.9650813350592071, 0.0021181712825625474, 0.6128120615054292, 0.263499351599949, 0.9916100153688142, 0.06279056839183249, 0.33306106606264396, 0.6898737957430882, 0.8215623361174436]
APTIDAO: 
50.47791881247215
GEN: 9000
Individuo: 
[1.0987430104656322, 1.6203212233924007, 2.2013868247115322, 0.2157716525565945, 0.9650813350592071, 0.0021181712825625474, 0.6128120615054292, 0.263499351599949, 0.9916100153688142, 0.06279056839183249, 0.33306106606264396, 0.6898737957430882, 0.8215623361174436]
APTIDAO: 
50.47791881247215
GEN: 9100
Individuo: 
[1.0987430104656322, 1.6203212233924007, 2.2013868247115322, 0.2157716525565945, 0.9650813350592071, 0.0021181712825625474, 0.6128120615054292, 0.263499351599949, 0.993957895415632, 0.054352480884030996, 0.32334034849543275, 0.6898737957430882, 0.8215623361174436]
APTIDAO: 
50.460597741858585
GEN: 9200
Individuo: 
[1.0987430104656322, 1.6203212233924007, 2.2013868247115322, 0.2157716525565945, 0.9650813350592071, 0.0021181712825625474, 0.6128120615054292, 0.263499351599949, 0.993957895415632, 0.054352480884030996, 0.32334034849543275, 0.6898737957430882, 0.8215623361174436]
APTIDAO: 
50.460597741858585
GEN: 9300
Individuo: 
[1.0987430104656322, 1.6203212233924007, 2.2013868247115322, 0.21426854978601295, 0.9650813350592071, 0.0021181712825625474, 0.6128120615054292, 0.263499351599949, 0.993957895415632, 0.054352480884030996, 0.32334034849543275, 0.6898737957430882, 0.8215623361174436]
APTIDAO: 
50.4604917021888
GEN: 9400
Individuo: 
[1.0987430104656322, 1.6203212233924007, 2.2013868247115322, 0.21426854978601295, 0.9650813350592071, 0.0021181712825625474, 0.6128120615054292, 0.263499351599949, 0.993957895415632, 0.054352480884030996, 0.32334034849543275, 0.6898737957430882, 0.8215623361174436]
APTIDAO: 
50.4604917021888
GEN: 9500
Individuo: 
[1.0987430104656322, 1.6203212233924007, 2.19474496926801, 0.21426854978601295, 0.9650813350592071, 0.0021133647810281765, 0.6128120615054292, 0.263499351599949, 0.993957895415632, 0.054352480884030996, 0.32334034849543275, 0.6898737957430882, 0.8215623361174436]
APTIDAO: 
50.460195465450866
GEN: 9600
Individuo: 
[1.0987430104656322, 1.6203212233924007, 2.19474496926801, 0.21426854978601295, 0.9650813350592071, 0.0021133647810281765, 0.6128120615054292, 0.263499351599949, 0.993957895415632, 0.054352480884030996, 0.32334034849543275, 0.6898737957430882, 0.8215623361174436]
APTIDAO: 
50.460195465450866
GEN: 9700
Individuo: 
[1.0987430104656322, 1.6203212233924007, 2.19474496926801, 0.21426854978601295, 0.9650813350592071, 0.0021133647810281765, 0.6128120615054292, 0.263499351599949, 0.993957895415632, 0.054352480884030996, 0.32334034849543275, 0.6898737957430882, 0.8215623361174436]
APTIDAO: 
50.460195465450866
GEN: 9800
Individuo: 
[1.0987430104656322, 1.6203212233924007, 2.1840897712302, 0.21426854978601295, 0.9650813350592071, 0.0021133647810281765, 0.6128120615054292, 0.263499351599949, 0.993957895415632, 0.054352480884030996, 0.32334034849543275, 0.6898737957430882, 0.8215623361174436]
APTIDAO: 
50.460137003019994
GEN: 9900
Individuo: 
[1.0987430104656322, 1.6203212233924007, 2.1840897712302, 0.21426854978601295, 0.9650813350592071, 0.0021133647810281765, 0.6128120615054292, 0.263499351599949, 0.993957895415632, 0.054352480884030996, 0.32334034849543275, 0.6898737957430882, 0.8215623361174436]
APTIDAO: 
50.460137003019994
GEN: 10000
Individuo: 
[1.0987430104656322, 1.6203212233924007, 2.1840897712302, 0.21426854978601295, 0.9650813350592071, 0.0021133647810281765, 0.6128120615054292, 0.263499351599949, 0.993957895415632, 0.05443501843087547, 0.32334034849543275, 0.6898737957430882, 0.8215623361174436]
APTIDAO: 
50.46009521593201

--- RESULTADO FINAL ---
Erro (norma-1): 50.46009521593201
Parâmetros: [1.0987430104656322, 1.6203212233924007, 2.1840897712302, 0.21426854978601295, 0.9650813350592071, 0.0021133647810281765, 0.6128120615054292, 0.263499351599949, 0.993957895415632, 0.05443501843087547, 0.32334034849543275, 0.6898737957430882, 0.8215623361174436]
Tempo total: 01h 00m 11s
