SEED: 1778837425
METODO: ES_MM
IND_SIZE: 17
GEN: 0
Individuo: 
[1.584084550653746, 1.950618832327042, 3.425750902964778, 2.913847329729075, 2.8536761838573557, 0.4612957635996092, 0.5743684962173176, 0.8657710411543431, 0.4262448819587202, 0.7611810066816399, 0.605967345795233, 0.9345057058937926, 2.5570535086450703, 6.808850775649196, 9.696500602112216, 2.0168109679092923, 1.0613707562325119]
APTIDAO: 
782.5528916233676
GEN: 100
Individuo: 
[1.584084550653746, 1.956341319661459, 2.7306915442848534, 3.9699871619133957, 1.026215257272209, 0.09922241148531563, 0.9715315799369323, 0.5641780593860848, 0.592288350276956, 0.7501603544052866, 0.6081528156731981, 0.9500447648920841, 3.707647316674551, 1.525402674061596, 1.3596680225957585, 1.1789998182925063, 1.5031017438713352]
APTIDAO: 
88.91913198129825
GEN: 200
Individuo: 
[1.6333262479181845, 1.956341319661459, 2.3030465874599546, 3.731591007325822, 1.2610841727782465, 0.09616251476973268, 0.9715315799369323, 0.5641780593860848, 0.592288350276956, 0.8336044393876713, 0.6081528156731981, 0.9500447648920841, 3.707647316674551, 1.525402674061596, 1.3414200178354103, 1.1789998182925063, 1.5031017438713352]
APTIDAO: 
88.6514097488058
GEN: 300
Individuo: 
[1.6333262479181845, 1.956341319661459, 2.2703850675866724, 3.731591007325822, 1.1811418919614611, 0.09616251476973268, 0.910332683103421, 0.5781539967643418, 0.592288350276956, 0.8713531593375354, 0.6081528156731981, 0.9500447648920841, 3.707647316674551, 1.525402674061596, 1.3433463315673646, 1.1789998182925063, 1.527831416199929]
APTIDAO: 
88.56521871133288
GEN: 400
Individuo: 
[1.6333262479181845, 1.956341319661459, 2.489574617884356, 3.7658267093401148, 1.1811418919614611, 0.09616251476973268, 0.910332683103421, 0.6060287424821935, 0.592288350276956, 0.9085695288032632, 0.6081528156731981, 0.8932292024144313, 3.707647316674551, 1.525402674061596, 1.3764409431706164, 1.1789998182925063, 1.527831416199929]
APTIDAO: 
88.51224013918741
GEN: 500
Individuo: 
[1.6333262479181845, 1.810901884478915, 2.6701584776849003, 3.7658267093401148, 1.1811418919614611, 0.09616251476973268, 0.9055659695391322, 0.6060287424821935, 0.592288350276956, 0.9143880605014585, 0.6171550353047857, 0.8870233984335888, 3.707647316674551, 1.525402674061596, 1.3764409431706164, 1.1789998182925063, 1.527831416199929]
APTIDAO: 
88.48738180292956
GEN: 600
Individuo: 
[1.659732508832891, 1.810901884478915, 2.549072987499649, 4.078984334311451, 1.1811418919614611, 0.09616251476973268, 0.9055659695391322, 0.6060287424821935, 0.592288350276956, 0.9143880605014585, 0.6171550353047857, 0.8832047302634467, 3.707647316674551, 1.525402674061596, 1.3724362538794403, 1.1789998182925063, 1.527831416199929]
APTIDAO: 
88.47362836861994
GEN: 700
Individuo: 
[1.659732508832891, 1.8211226419321536, 2.549072987499649, 4.078984334311451, 1.1811418919614611, 0.09484211873913846, 0.8898975560749056, 0.6404356413343287, 0.592288350276956, 0.9307038823165007, 0.6171550353047857, 0.8548932836389866, 3.707647316674551, 1.525402674061596, 1.3910264562074148, 1.1789998182925063, 1.527831416199929]
APTIDAO: 
88.42885375687534
GEN: 800
Individuo: 
[1.659732508832891, 1.8211226419321536, 2.549072987499649, 4.078984334311451, 1.1811418919614611, 0.09484211873913846, 0.8898975560749056, 0.6236509325049616, 0.592288350276956, 0.9307038823165007, 0.6171550353047857, 0.8548932836389866, 3.707647316674551, 1.525402674061596, 1.3910264562074148, 1.1789998182925063, 1.527831416199929]
APTIDAO: 
88.43639424112943
GEN: 900
Individuo: 
[1.659732508832891, 1.8211226419321536, 2.4976901330746677, 4.078984334311451, 1.1811418919614611, 0.09484211873913846, 0.8898975560749056, 0.6329308827820285, 0.592288350276956, 0.9307038823165007, 0.6171550353047857, 0.8548932836389866, 3.707647316674551, 1.525402674061596, 1.3910264562074148, 1.1789998182925063, 1.527831416199929]
APTIDAO: 
88.42989043103002
GEN: 1000
Individuo: 
[1.659732508832891, 1.8211226419321536, 2.4976901330746677, 4.078984334311451, 1.1811418919614611, 0.09484211873913846, 0.8898975560749056, 0.6329308827820285, 0.592288350276956, 0.9307038823165007, 0.6171550353047857, 0.8548932836389866, 3.707647316674551, 1.525402674061596, 1.3910264562074148, 1.1821596361693012, 1.527831416199929]
APTIDAO: 
88.4251203697412
GEN: 1100
Individuo: 
[1.659732508832891, 1.8211226419321536, 2.4976901330746677, 4.078984334311451, 1.1811418919614611, 0.09484211873913846, 0.8916708076642217, 0.6329308827820285, 0.592288350276956, 0.9307038823165007, 0.6171550353047857, 0.8548932836389866, 3.707647316674551, 1.525402674061596, 1.3910264562074148, 1.1821596361693012, 1.527831416199929]
APTIDAO: 
88.4237002952894
GEN: 1200
Individuo: 
[1.659732508832891, 1.8211226419321536, 2.4976901330746677, 4.066564134396133, 1.1811418919614611, 0.09484211873913846, 0.8916708076642217, 0.6329308827820285, 0.592288350276956, 0.9307038823165007, 0.6171550353047857, 0.8548932836389866, 3.707647316674551, 1.525402674061596, 1.3910264562074148, 1.1821596361693012, 1.527831416199929]
APTIDAO: 
88.42320776165018
GEN: 1300
Individuo: 
[1.659732508832891, 1.8211226419321536, 2.4976901330746677, 4.066564134396133, 1.1811418919614611, 0.09484211873913846, 0.8916708076642217, 0.6329308827820285, 0.592288350276956, 0.933428426827088, 0.6171550353047857, 0.8548932836389866, 3.707647316674551, 1.525402674061596, 1.3910264562074148, 1.1821596361693012, 1.527831416199929]
APTIDAO: 
88.4222483674123
GEN: 1400
Individuo: 
[1.659732508832891, 1.8211226419321536, 2.2448044155876197, 3.5948956036214823, 1.1811418919614611, 0.09484211873913846, 0.8916708076642217, 0.6329308827820285, 0.592288350276956, 0.933428426827088, 0.9814886095770752, 0.9454436928037878, 3.707647316674551, 1.525402674061596, 1.3910264562074148, 1.1821596361693012, 2.049641768477339]
APTIDAO: 
88.2269422687546
GEN: 1500
Individuo: 
[1.7733450585178054, 1.8211226419321536, 2.3588520028452664, 3.4336649098654335, 1.1811418919614611, 0.09423231503102245, 0.8916708076642217, 0.6441701535061586, 0.592288350276956, 0.933428426827088, 0.9814886095770752, 0.9454436928037878, 3.707647316674551, 1.525402674061596, 1.3910264562074148, 1.1821596361693012, 2.049641768477339]
APTIDAO: 
88.19546578947772
GEN: 1600
Individuo: 
[1.724625388604453, 1.8211226419321536, 2.377486416386606, 3.070235281896076, 1.1811418919614611, 0.0943425876190254, 0.8916708076642217, 0.6441701535061586, 0.7741451858035738, 0.9590207758227428, 0.9814886095770752, 0.9214487476252305, 3.707647316674551, 1.525402674061596, 1.4042208059122774, 1.357731091854015, 2.049641768477339]
APTIDAO: 
88.03276371795522
GEN: 1700
Individuo: 
[1.724625388604453, 1.8211226419321536, 2.423729060988322, 3.070235281896076, 1.2157205425003037, 0.0943425876190254, 0.8916708076642217, 0.6441701535061586, 0.7741451858035738, 0.9590207758227428, 0.9814886095770752, 0.9120269891799134, 3.707647316674551, 1.525402674061596, 1.4042208059122774, 1.357731091854015, 2.049641768477339]
APTIDAO: 
88.02976964713343
GEN: 1800
Individuo: 
[1.724625388604453, 1.8211226419321536, 2.4432938311893144, 3.070235281896076, 1.2157205425003037, 0.0943425876190254, 0.8916708076642217, 0.6441701535061586, 0.7741451858035738, 0.9590207758227428, 0.9814886095770752, 0.9127906709740121, 3.707647316674551, 1.525402674061596, 1.4042208059122774, 1.357731091854015, 2.049641768477339]
APTIDAO: 
88.029654591919
GEN: 1900
Individuo: 
[1.724625388604453, 1.8211226419321536, 2.4432938311893144, 3.070235281896076, 1.2157205425003037, 0.0943425876190254, 0.8916708076642217, 0.6441701535061586, 0.7741451858035738, 0.9590207758227428, 0.9814886095770752, 0.9127906709740121, 3.707647316674551, 1.525402674061596, 1.4042208059122774, 1.357731091854015, 2.049641768477339]
APTIDAO: 
88.029654591919
GEN: 2000
Individuo: 
[1.7183920863815696, 1.8211226419321536, 2.43888729224011, 3.070235281896076, 1.2157205425003037, 0.0943425876190254, 0.8916708076642217, 0.6441701535061586, 0.7738850903043489, 0.9590207758227428, 0.9814886095770752, 0.9127906709740121, 3.707647316674551, 1.525402674061596, 1.4042208059122774, 1.357731091854015, 2.049641768477339]
APTIDAO: 
88.0292363833147
GEN: 2100
Individuo: 
[1.7183920863815696, 1.821852205780849, 2.43888729224011, 3.070235281896076, 1.2157205425003037, 0.0943425876190254, 0.8916708076642217, 0.6441701535061586, 0.7741451858035738, 0.9590207758227428, 0.9814886095770752, 0.9127906709740121, 3.707647316674551, 1.525402674061596, 1.4042208059122774, 1.357731091854015, 2.049641768477339]
APTIDAO: 
88.02916066996588
GEN: 2200
Individuo: 
[1.7183920863815696, 1.821852205780849, 2.43888729224011, 3.070235281896076, 1.2157205425003037, 0.0943425876190254, 0.8916708076642217, 0.6441701535061586, 0.7741451858035738, 0.9590207758227428, 0.9814886095770752, 0.9127906709740121, 3.707647316674551, 1.525402674061596, 1.4042208059122774, 1.357731091854015, 2.049641768477339]
APTIDAO: 
88.02916066996588
GEN: 2300
Individuo: 
[1.7183920863815696, 1.821852205780849, 2.43888729224011, 3.0536255535997445, 1.2157205425003037, 0.0943425876190254, 0.8916708076642217, 0.6441701535061586, 0.7741451858035738, 0.9772411870289968, 0.9814886095770752, 0.9038400307085409, 3.707647316674551, 1.5329631228911216, 1.4042208059122774, 1.357731091854015, 2.049641768477339]
APTIDAO: 
88.01857732831007
GEN: 2400
Individuo: 
[1.7183920863815696, 1.821852205780849, 2.43888729224011, 3.0536255535997445, 1.2157205425003037, 0.0943425876190254, 0.9036494915453389, 0.6441701535061586, 0.7741451858035738, 0.9772411870289968, 0.9814886095770752, 0.9038400307085409, 3.707647316674551, 1.541433756156037, 1.4042208059122774, 1.357731091854015, 2.049641768477339]
APTIDAO: 
88.00528477648075
GEN: 2500
Individuo: 
[1.7183920863815696, 1.821852205780849, 2.43888729224011, 3.0536255535997445, 1.2157205425003037, 0.0943425876190254, 0.9084466567158833, 0.6441701535061586, 0.7741451858035738, 0.9772411870289968, 0.9814886095770752, 0.9038400307085409, 3.699377805909711, 1.541433756156037, 1.4042208059122774, 1.357731091854015, 2.049641768477339]
APTIDAO: 
87.99970495885843
GEN: 2600
Individuo: 
[1.7183920863815696, 1.858667333806387, 2.3644443373295636, 3.0536255535997445, 1.2157205425003037, 0.0943425876190254, 0.9084466567158833, 0.6441701535061586, 0.7741451858035738, 0.9916337345365915, 0.9814886095770752, 0.9036028481062821, 3.699377805909711, 1.5493526043292922, 1.4042208059122774, 1.357731091854015, 2.049641768477339]
APTIDAO: 
87.98693854720815
GEN: 2700
Individuo: 
[1.7183920863815696, 1.858667333806387, 2.277849503786014, 3.0536255535997445, 1.2157205425003037, 0.09399604518043077, 0.9084466567158833, 0.6441701535061586, 0.7741451858035738, 0.9916337345365915, 0.9814886095770752, 0.9044383711010636, 3.699377805909711, 1.5493526043292922, 1.4042208059122774, 1.357731091854015, 2.049641768477339]
APTIDAO: 
87.9833061701184
GEN: 2800
Individuo: 
[1.7183920863815696, 1.858667333806387, 2.3076882541039314, 3.0536255535997445, 1.188983433960844, 0.09399604518043077, 0.9081591209129587, 0.6441701535061586, 0.7741451858035738, 0.9916337345365915, 0.9814886095770752, 0.9044383711010636, 3.699377805909711, 1.5493526043292922, 1.4042208059122774, 1.357731091854015, 2.049641768477339]
APTIDAO: 
87.98044612496552
GEN: 2900
Individuo: 
[1.7183920863815696, 1.858667333806387, 2.3889722926957098, 3.0536255535997445, 1.188983433960844, 0.09399604518043077, 0.9081591209129587, 0.6441701535061586, 0.7741451858035738, 0.9916676618182063, 0.9814886095770752, 0.9007643947874114, 3.699377805909711, 1.5493526043292922, 1.4042208059122774, 1.357731091854015, 2.049641768477339]
APTIDAO: 
87.97939382583715
GEN: 3000
Individuo: 
[1.7299340707209663, 1.858667333806387, 2.3414847774115195, 3.0700787552532676, 1.188983433960844, 0.09399604518043077, 0.9081591209129587, 0.6449760012673449, 0.7741451858035738, 0.9916676618182063, 0.9814886095770752, 0.9007643947874114, 3.699377805909711, 1.5493526043292922, 1.4042208059122774, 1.357731091854015, 2.049641768477339]
APTIDAO: 
87.97676005605469
GEN: 3100
Individuo: 
[1.7299340707209663, 1.858667333806387, 2.3414847774115195, 3.0700787552532676, 1.188983433960844, 0.09399604518043077, 0.9081591209129587, 0.651702662259642, 0.7741451858035738, 0.9916676618182063, 0.9814886095770752, 0.9007643947874114, 3.699377805909711, 1.5493526043292922, 1.4133856895720944, 1.357731091854015, 2.049641768477339]
APTIDAO: 
87.96933528292512
GEN: 3200
Individuo: 
[1.7299340707209663, 1.858667333806387, 2.3414847774115195, 3.1096922668733966, 1.188983433960844, 0.09399604518043077, 0.9081591209129587, 0.651702662259642, 0.7741451858035738, 0.9916676618182063, 0.9814886095770752, 0.9007643947874114, 3.699377805909711, 1.5493526043292922, 1.4133856895720944, 1.357731091854015, 2.049641768477339]
APTIDAO: 
87.9688584676839
GEN: 3300
Individuo: 
[1.7299340707209663, 1.858667333806387, 2.3414847774115195, 3.1096922668733966, 1.188983433960844, 0.09399604518043077, 0.9081591209129587, 0.6520151386030771, 0.7741451858035738, 0.9916676618182063, 0.9814886095770752, 0.9007643947874114, 3.699377805909711, 1.5493526043292922, 1.4133856895720944, 1.357731091854015, 2.049641768477339]
APTIDAO: 
87.96859169927878
GEN: 3400
Individuo: 
[1.7362554699606614, 1.858667333806387, 2.3414847774115195, 3.1096922668733966, 1.1868215664313675, 0.09399604518043077, 0.9081591209129587, 0.6520151386030771, 0.7741451858035738, 0.9916676618182063, 0.9814886095770752, 0.9007643947874114, 3.699377805909711, 1.5493526043292922, 1.4133856895720944, 1.357731091854015, 2.049641768477339]
APTIDAO: 
87.96816610495779
GEN: 3500
Individuo: 
[1.7362554699606614, 1.858667333806387, 2.3414847774115195, 3.1096922668733966, 1.1868215664313675, 0.09399604518043077, 0.9081591209129587, 0.6520151386030771, 0.7741451858035738, 0.9916676618182063, 0.9814886095770752, 0.9007643947874114, 3.699377805909711, 1.5493526043292922, 1.4133856895720944, 1.357731091854015, 2.049641768477339]
APTIDAO: 
87.96816610495779
GEN: 3600
Individuo: 
[1.7362554699606614, 1.858667333806387, 2.341407018843645, 3.1096922668733966, 1.1868215664313675, 0.09399604518043077, 0.9081591209129587, 0.6520151386030771, 0.7741451858035738, 0.9916676618182063, 0.9814886095770752, 0.9007643947874114, 3.699377805909711, 1.5493526043292922, 1.4133856895720944, 1.357731091854015, 2.049641768477339]
APTIDAO: 
87.96816020144152
GEN: 3700
Individuo: 
[1.7362554699606614, 1.858667333806387, 2.341407018843645, 3.1096922668733966, 1.1868215664313675, 0.09399604518043077, 0.9081591209129587, 0.6520151386030771, 0.7741451858035738, 0.9916676618182063, 0.9814886095770752, 0.9007643947874114, 3.699377805909711, 1.5493526043292922, 1.4133856895720944, 1.357731091854015, 2.049641768477339]
APTIDAO: 
87.96816020144152
GEN: 3800
Individuo: 
[1.7362554699606614, 1.858667333806387, 1.9561146419369175, 3.1096922668733966, 1.1868215664313675, 0.09399604518043077, 0.915645865846219, 0.9921882470041025, 0.7741451858035738, 0.9916676618182063, 0.9814886095770752, 0.9007643947874114, 3.6982609604988594, 1.5493526043292922, 1.807662862479642, 1.357731091854015, 2.049641768477339]
APTIDAO: 
87.68755950190413
GEN: 3900
Individuo: 
[1.7362554699606614, 1.858667333806387, 1.9962533324286678, 3.1096922668733966, 1.1755618878802017, 0.09399604518043077, 0.915645865846219, 0.9967718068016889, 0.7741451858035738, 0.9916676618182063, 0.9814886095770752, 0.9007643947874114, 3.6982609604988594, 1.5493526043292922, 1.807662862479642, 1.357731091854015, 2.049641768477339]
APTIDAO: 
87.67833971771084
GEN: 4000
Individuo: 
[1.7362554699606614, 1.858667333806387, 1.9962533324286678, 3.1096922668733966, 1.1755618878802017, 0.0934533043743497, 0.915645865846219, 0.9967718068016889, 0.7741451858035738, 0.9916676618182063, 0.9814886095770752, 0.9007643947874114, 3.6982609604988594, 1.5493526043292922, 1.807662862479642, 1.357731091854015, 2.049641768477339]
APTIDAO: 
87.67531401073195
GEN: 4100
Individuo: 
[1.7362554699606614, 1.858667333806387, 1.9962533324286678, 3.1096922668733966, 1.1714394191958257, 0.0934533043743497, 0.915645865846219, 0.9967718068016889, 0.7741451858035738, 0.9916676618182063, 0.9814886095770752, 0.9007643947874114, 3.6982609604988594, 1.5493526043292922, 1.807662862479642, 1.357731091854015, 2.049641768477339]
APTIDAO: 
87.67500336163833
GEN: 4200
Individuo: 
[1.7362554699606614, 1.858667333806387, 2.0122568687547435, 3.1096922668733966, 1.1714394191958257, 0.0934533043743497, 0.915645865846219, 0.9967718068016889, 0.7741451858035738, 0.9916676618182063, 0.983983973760437, 0.9007643947874114, 3.6982609604988594, 1.5594746114618088, 1.807662862479642, 1.357731091854015, 2.049641768477339]
APTIDAO: 
87.66383975282004
GEN: 4300
Individuo: 
[1.7362554699606614, 1.858667333806387, 2.039031103500667, 3.1096922668733966, 1.1714394191958257, 0.0934533043743497, 0.915645865846219, 0.9967718068016889, 0.7741451858035738, 0.994878603111911, 0.983983973760437, 0.9007643947874114, 3.6982609604988594, 1.5594746114618088, 1.8062120524676002, 1.357731091854015, 2.049641768477339]
APTIDAO: 
87.65790788270988
GEN: 4400
Individuo: 
[1.7362554699606614, 1.858667333806387, 2.039031103500667, 3.1096922668733966, 1.1714394191958257, 0.0934533043743497, 0.915645865846219, 0.9967718068016889, 0.7741451858035738, 0.994878603111911, 0.983983973760437, 0.9007643947874114, 3.6982609604988594, 1.5594746114618088, 1.8062120524676002, 1.358954184769644, 2.049641768477339]
APTIDAO: 
87.65715326299436
GEN: 4500
Individuo: 
[1.7362554699606614, 1.858667333806387, 2.039031103500667, 3.1096922668733966, 1.16829174515918, 0.0934533043743497, 0.915645865846219, 0.9967718068016889, 0.7751844347467046, 0.994878603111911, 0.983983973760437, 0.9007643947874114, 3.6982609604988594, 1.5594746114618088, 1.8062120524676002, 1.358954184769644, 2.049641768477339]
APTIDAO: 
87.65673311217405
GEN: 4600
Individuo: 
[1.7400330190895763, 1.858667333806387, 2.039031103500667, 3.1096922668733966, 1.16829174515918, 0.0934533043743497, 0.915645865846219, 0.9967718068016889, 0.7751844347467046, 0.994878603111911, 0.983983973760437, 0.9007643947874114, 3.6982609604988594, 1.5594746114618088, 1.8062120524676002, 1.358954184769644, 2.049641768477339]
APTIDAO: 
87.65638729624843
GEN: 4700
Individuo: 
[1.7400330190895763, 1.858667333806387, 2.039031103500667, 3.1096922668733966, 1.16829174515918, 0.0934533043743497, 0.915645865846219, 0.9967718068016889, 0.7751844347467046, 0.994878603111911, 0.983983973760437, 0.9007643947874114, 3.6982609604988594, 1.5594746114618088, 1.8062120524676002, 1.358954184769644, 2.049641768477339]
APTIDAO: 
87.65638729624843
GEN: 4800
Individuo: 
[1.7400330190895763, 1.858667333806387, 2.039031103500667, 3.1096922668733966, 1.16829174515918, 0.0934533043743497, 0.915645865846219, 0.9967718068016889, 0.7751844347467046, 0.994878603111911, 0.983983973760437, 0.9007643947874114, 3.6982609604988594, 1.5594746114618088, 1.8062120524676002, 1.358954184769644, 2.049641768477339]
APTIDAO: 
87.65638729624843
GEN: 4900
Individuo: 
[1.7400330190895763, 1.858667333806387, 2.039031103500667, 3.1096922668733966, 1.16829174515918, 0.0934533043743497, 0.915645865846219, 0.9967718068016889, 0.7751844347467046, 0.994878603111911, 0.983983973760437, 0.9007643947874114, 3.6982609604988594, 1.5594746114618088, 1.8062120524676002, 1.358954184769644, 2.049641768477339]
APTIDAO: 
87.65638729624843
GEN: 5000
Individuo: 
[1.7400330190895763, 1.858667333806387, 2.039031103500667, 3.092896729745534, 1.16829174515918, 0.0934533043743497, 0.915645865846219, 0.9967718068016889, 0.7751844347467046, 0.994878603111911, 0.983983973760437, 0.9007643947874114, 3.6982609604988594, 1.5594746114618088, 1.8062120524676002, 1.358954184769644, 2.049641768477339]
APTIDAO: 
87.65636103727788
GEN: 5100
Individuo: 
[1.7400330190895763, 1.858667333806387, 2.039031103500667, 3.094646364366165, 1.16829174515918, 0.0934533043743497, 0.915645865846219, 0.9967718068016889, 0.7751844347467046, 0.9968632976128838, 0.983983973760437, 0.9007643947874114, 3.6982609604988594, 1.5594746114618088, 1.8062120524676002, 1.358954184769644, 2.049641768477339]
APTIDAO: 
87.65552363106393
GEN: 5200
Individuo: 
[1.7400330190895763, 1.858667333806387, 2.039031103500667, 3.094646364366165, 1.16829174515918, 0.0934533043743497, 0.915645865846219, 0.9967718068016889, 0.7751844347467046, 0.9968632976128838, 0.983983973760437, 0.9007643947874114, 3.6982609604988594, 1.5594746114618088, 1.8062120524676002, 1.358954184769644, 2.049641768477339]
APTIDAO: 
87.65552363106393
GEN: 5300
Individuo: 
[1.7400330190895763, 1.858667333806387, 2.039031103500667, 3.094646364366165, 1.16829174515918, 0.0934533043743497, 0.915645865846219, 0.9967718068016889, 0.7751844347467046, 0.9984482149184052, 0.983983973760437, 0.9007643947874114, 3.6982609604988594, 1.5594746114618088, 1.8062120524676002, 1.359456158009086, 2.049641768477339]
APTIDAO: 
87.65446031482779
GEN: 5400
Individuo: 
[1.7400330190895763, 1.858667333806387, 2.039031103500667, 3.094646364366165, 1.16829174515918, 0.0934533043743497, 0.915645865846219, 0.9967718068016889, 0.7751844347467046, 0.9984482149184052, 0.983983973760437, 0.9007643947874114, 3.6982609604988594, 1.5594746114618088, 1.8062120524676002, 1.359456158009086, 2.049641768477339]
APTIDAO: 
87.65446031482779
GEN: 5500
Individuo: 
[1.7400330190895763, 1.858667333806387, 2.039031103500667, 3.094646364366165, 1.16829174515918, 0.0934533043743497, 0.915645865846219, 0.9967718068016889, 0.7751844347467046, 0.9984482149184052, 0.983983973760437, 0.9007643947874114, 3.6982609604988594, 1.5594746114618088, 1.8062120524676002, 1.359456158009086, 2.049641768477339]
APTIDAO: 
87.65446031482779
GEN: 5600
Individuo: 
[1.7400330190895763, 1.858667333806387, 2.039031103500667, 3.094646364366165, 1.16829174515918, 0.0934533043743497, 0.915645865846219, 0.9967718068016889, 0.7751844347467046, 0.9984482149184052, 0.983983973760437, 0.9007643947874114, 3.6982609604988594, 1.5594746114618088, 1.8075124774431095, 1.359456158009086, 2.049641768477339]
APTIDAO: 
87.65415918938254
GEN: 5700
Individuo: 
[1.7400330190895763, 1.858667333806387, 2.0503230202390488, 3.0887967741252744, 1.16829174515918, 0.0934533043743497, 0.915645865846219, 0.9967718068016889, 0.7751844347467046, 0.9989056581804783, 0.983983973760437, 0.9007643947874114, 3.6982609604988594, 1.5594746114618088, 1.8075124774431095, 1.359456158009086, 2.049641768477339]
APTIDAO: 
87.65321036498392
GEN: 5800
Individuo: 
[1.7400330190895763, 1.858667333806387, 2.0503230202390488, 3.0887967741252744, 1.16829174515918, 0.0934533043743497, 0.915645865846219, 0.9967718068016889, 0.7751844347467046, 0.9989056581804783, 0.983983973760437, 0.9007643947874114, 3.6982609604988594, 1.5594746114618088, 1.8075124774431095, 1.359456158009086, 2.049641768477339]
APTIDAO: 
87.65321036498392
GEN: 5900
Individuo: 
[1.7400330190895763, 1.858667333806387, 2.0503230202390488, 3.0887967741252744, 1.16829174515918, 0.0934533043743497, 0.915645865846219, 0.9967718068016889, 0.7751844347467046, 0.9989056581804783, 0.983983973760437, 0.9007643947874114, 3.6982609604988594, 1.5594746114618088, 1.8075124774431095, 1.359456158009086, 2.049641768477339]
APTIDAO: 
87.65321036498392
GEN: 6000
Individuo: 
[1.7400330190895763, 1.858667333806387, 2.0503230202390488, 3.0887967741252744, 1.16829174515918, 0.0934533043743497, 0.915645865846219, 0.9967718068016889, 0.7751844347467046, 0.9989056581804783, 0.983983973760437, 0.9007643947874114, 3.6982609604988594, 1.5594746114618088, 1.8075124774431095, 1.359456158009086, 2.049641768477339]
APTIDAO: 
87.65321036498392
GEN: 6100
Individuo: 
[1.7400330190895763, 1.858667333806387, 2.0503230202390488, 3.0887967741252744, 1.16829174515918, 0.0934533043743497, 0.915645865846219, 0.9967718068016889, 0.7751844347467046, 0.9989056581804783, 0.983983973760437, 0.9007643947874114, 3.6982609604988594, 1.5594746114618088, 1.8075124774431095, 1.359456158009086, 2.049641768477339]
APTIDAO: 
87.65321036498392
GEN: 6200
Individuo: 
[1.7400330190895763, 1.858667333806387, 2.0503230202390488, 3.0887967741252744, 1.16829174515918, 0.0934533043743497, 0.915645865846219, 0.9967718068016889, 0.7751844347467046, 0.9989056581804783, 0.983983973760437, 0.9007643947874114, 3.6982609604988594, 1.5594746114618088, 1.8075124774431095, 1.359456158009086, 2.049641768477339]
APTIDAO: 
87.65321036498392
GEN: 6300
Individuo: 
[1.7400330190895763, 1.858667333806387, 2.0503230202390488, 3.0887967741252744, 1.16829174515918, 0.0934533043743497, 0.915645865846219, 0.9967718068016889, 0.7751844347467046, 0.9989056581804783, 0.983983973760437, 0.9007643947874114, 3.6982609604988594, 1.5594746114618088, 1.8075124774431095, 1.359456158009086, 2.049641768477339]
APTIDAO: 
87.65321036498392
GEN: 6400
Individuo: 
[1.7400330190895763, 1.858667333806387, 2.0503230202390488, 3.0887967741252744, 1.16829174515918, 0.0934533043743497, 0.915645865846219, 0.9967718068016889, 0.7751844347467046, 0.9989056581804783, 0.983983973760437, 0.9007643947874114, 3.6982609604988594, 1.5594746114618088, 1.8075124774431095, 1.359456158009086, 2.049641768477339]
APTIDAO: 
87.65321036498392
GEN: 6500
Individuo: 
[1.7400330190895763, 1.858667333806387, 2.0503230202390488, 3.0887967741252744, 1.16829174515918, 0.0934533043743497, 0.915645865846219, 0.9967718068016889, 0.7751844347467046, 0.9989056581804783, 0.983983973760437, 0.9007643947874114, 3.6982609604988594, 1.5594746114618088, 1.8075124774431095, 1.359456158009086, 2.049641768477339]
APTIDAO: 
87.65321036498392
GEN: 6600
Individuo: 
[1.7400330190895763, 1.858667333806387, 2.0503230202390488, 3.0887967741252744, 1.16829174515918, 0.0934533043743497, 0.915645865846219, 0.9967718068016889, 0.7751844347467046, 0.9989056581804783, 0.983983973760437, 0.9007643947874114, 3.695912728384859, 1.5594746114618088, 1.8075124774431095, 1.359456158009086, 2.049641768477339]
APTIDAO: 
87.65279048587176
GEN: 6700
Individuo: 
[1.7400330190895763, 1.858667333806387, 2.0503230202390488, 3.0887967741252744, 1.16829174515918, 0.0934533043743497, 0.915645865846219, 0.9967718068016889, 0.7751844347467046, 0.9989056581804783, 0.983983973760437, 0.9007643947874114, 3.695912728384859, 1.5594746114618088, 1.8075124774431095, 1.359456158009086, 2.049641768477339]
APTIDAO: 
87.65279048587176
GEN: 6800
Individuo: 
[1.7400330190895763, 1.858667333806387, 2.0503230202390488, 3.076023992855381, 1.16829174515918, 0.0934533043743497, 0.981115526543952, 0.9967718068016889, 0.7931963295633622, 0.9989056581804783, 0.983983973760437, 0.9007643947874114, 3.695912728384859, 1.6221266026035934, 1.8075124774431095, 1.359456158009086, 2.049641768477339]
APTIDAO: 
87.58647587206983
GEN: 6900
Individuo: 
[1.7400330190895763, 1.858667333806387, 2.0503230202390488, 2.995761832282047, 1.16829174515918, 0.0934533043743497, 0.981115526543952, 0.9945947349649983, 0.7874716041110624, 0.9989056581804783, 0.983983973760437, 0.8925458510109188, 3.695912728384859, 1.6221266026035934, 1.8075124774431095, 1.359456158009086, 2.049641768477339]
APTIDAO: 
87.57267798364832
GEN: 7000
Individuo: 
[1.7400330190895763, 1.858667333806387, 2.0536895287696963, 2.995761832282047, 1.16829174515918, 0.0934533043743497, 0.981115526543952, 0.9945947349649983, 0.7874716041110624, 0.9989056581804783, 0.983983973760437, 0.8925458510109188, 3.695912728384859, 1.6221266026035934, 1.8086148490602292, 1.359456158009086, 2.049641768477339]
APTIDAO: 
87.57207800216698
GEN: 7100
Individuo: 
[1.7400330190895763, 1.8737702345583962, 2.0536895287696963, 2.995761832282047, 1.16829174515918, 0.0934533043743497, 0.981115526543952, 0.9945947349649983, 0.7874716041110624, 0.9989056581804783, 0.983983973760437, 0.8925458510109188, 3.695912728384859, 1.6221266026035934, 1.8075124774431095, 1.359456158009086, 2.049641768477339]
APTIDAO: 
87.57028620591619
GEN: 7200
Individuo: 
[1.7400330190895763, 1.8737702345583962, 2.0536895287696963, 2.9804664562960683, 1.16829174515918, 0.0934533043743497, 0.9794392292265613, 0.9945947349649983, 0.7874716041110624, 0.9989056581804783, 0.983983973760437, 0.8925458510109188, 3.695912728384859, 1.6221266026035934, 1.8075124774431095, 1.359456158009086, 2.049641768477339]
APTIDAO: 
87.57019121143664
GEN: 7300
Individuo: 
[1.7400330190895763, 1.8737702345583962, 2.0536895287696963, 2.9804664562960683, 1.16829174515918, 0.0932763720761924, 0.9794392292265613, 0.9945947349649983, 0.7884895603267936, 0.9989056581804783, 0.983983973760437, 0.8925458510109188, 3.695912728384859, 1.6221266026035934, 1.8075124774431095, 1.359456158009086, 2.049641768477339]
APTIDAO: 
87.56841754419662
GEN: 7400
Individuo: 
[1.7400330190895763, 1.8737702345583962, 2.0536895287696963, 2.9804664562960683, 1.16829174515918, 0.0932763720761924, 0.9794392292265613, 0.9945947349649983, 0.7884895603267936, 0.9989056581804783, 0.983983973760437, 0.8925458510109188, 3.695912728384859, 1.6221266026035934, 1.8075124774431095, 1.359456158009086, 2.049641768477339]
APTIDAO: 
87.56841754419662
GEN: 7500
Individuo: 
[1.7400330190895763, 1.8737702345583962, 2.0536895287696963, 2.9804664562960683, 1.16829174515918, 0.0932763720761924, 0.9794392292265613, 0.9945947349649983, 0.7884895603267936, 0.9989056581804783, 0.9841339715274556, 0.8925458510109188, 3.695912728384859, 1.6221266026035934, 1.8084729186866293, 1.359456158009086, 2.049641768477339]
APTIDAO: 
87.56746052895603
GEN: 7600
Individuo: 
[1.7400330190895763, 1.8737702345583962, 2.0536895287696963, 2.9804664562960683, 1.16829174515918, 0.0932763720761924, 0.9794392292265613, 0.9945947349649983, 0.7884895603267936, 0.9989056581804783, 0.9841339715274556, 0.8925458510109188, 3.695912728384859, 1.6221266026035934, 1.8084729186866293, 1.359456158009086, 2.049641768477339]
APTIDAO: 
87.56746052895603
GEN: 7700
Individuo: 
[1.7400330190895763, 1.8737702345583962, 2.0536895287696963, 2.9804664562960683, 1.16829174515918, 0.0932763720761924, 0.9794392292265613, 0.9945947349649983, 0.7884895603267936, 0.9989056581804783, 0.9841339715274556, 0.8925458510109188, 3.695912728384859, 1.6221266026035934, 1.8084729186866293, 1.359456158009086, 2.049641768477339]
APTIDAO: 
87.56746052895603
GEN: 7800
Individuo: 
[1.7400330190895763, 1.8737702345583962, 2.0536895287696963, 2.9804664562960683, 1.16829174515918, 0.0932763720761924, 0.9794392292265613, 0.9945947349649983, 0.7884895603267936, 0.9989056581804783, 0.9841339715274556, 0.8925458510109188, 3.695912728384859, 1.6221266026035934, 1.8084729186866293, 1.359456158009086, 2.049641768477339]
APTIDAO: 
87.56746052895603
GEN: 7900
Individuo: 
[1.7400330190895763, 1.8737702345583962, 2.0536895287696963, 2.9804664562960683, 1.16829174515918, 0.0932763720761924, 0.9794392292265613, 0.9945947349649983, 0.7884895603267936, 0.9989056581804783, 0.9841339715274556, 0.8925458510109188, 3.695912728384859, 1.6221266026035934, 1.8084729186866293, 1.359456158009086, 2.049641768477339]
APTIDAO: 
87.56746052895603
GEN: 8000
Individuo: 
[1.7400330190895763, 1.8737702345583962, 2.0536895287696963, 2.9804664562960683, 1.16829174515918, 0.0932763720761924, 0.9794392292265613, 0.9945947349649983, 0.7884895603267936, 0.9989056581804783, 0.9841339715274556, 0.8925458510109188, 3.695912728384859, 1.6221266026035934, 1.8084729186866293, 1.359456158009086, 2.049641768477339]
APTIDAO: 
87.56746052895603
GEN: 8100
Individuo: 
[1.7400330190895763, 1.8737702345583962, 2.0536895287696963, 2.9804664562960683, 1.16829174515918, 0.0932763720761924, 0.9794392292265613, 0.9945947349649983, 0.7884895603267936, 0.9989056581804783, 0.9841339715274556, 0.8925458510109188, 3.695912728384859, 1.6221266026035934, 1.8084729186866293, 1.359456158009086, 2.049641768477339]
APTIDAO: 
87.56746052895603
GEN: 8200
Individuo: 
[1.7400330190895763, 1.8737702345583962, 2.0536895287696963, 2.9804664562960683, 1.16829174515918, 0.0932763720761924, 0.9794392292265613, 0.9945947349649983, 0.7884895603267936, 0.9989056581804783, 0.9841339715274556, 0.8925458510109188, 3.695912728384859, 1.6221266026035934, 1.8084729186866293, 1.359456158009086, 2.049641768477339]
APTIDAO: 
87.56746052895603
GEN: 8300
Individuo: 
[1.7400330190895763, 1.8737702345583962, 2.0536895287696963, 2.9804664562960683, 1.1692428996524276, 0.09320177621172229, 0.9794392292265613, 0.9945947349649983, 0.7884895603267936, 0.9989056581804783, 0.9841339715274556, 0.8925458510109188, 3.695912728384859, 1.6221266026035934, 1.8084729186866293, 1.359456158009086, 2.049641768477339]
APTIDAO: 
87.56688513887448
GEN: 8400
Individuo: 
[1.7400330190895763, 1.8737702345583962, 2.0536895287696963, 2.9804664562960683, 1.1692428996524276, 0.09320177621172229, 0.9794392292265613, 0.9945947349649983, 0.7888199424447175, 0.9989056581804783, 0.9841339715274556, 0.8925458510109188, 3.695912728384859, 1.6221266026035934, 1.8084729186866293, 1.359456158009086, 2.049641768477339]
APTIDAO: 
87.56664697329734
GEN: 8500
Individuo: 
[1.7400330190895763, 1.8737702345583962, 2.0536895287696963, 2.9804664562960683, 1.1692428996524276, 0.09320177621172229, 0.9794392292265613, 0.9945947349649983, 0.7888199424447175, 0.9989056581804783, 0.9841339715274556, 0.8925458510109188, 3.695912728384859, 1.6221266026035934, 1.8084729186866293, 1.359456158009086, 2.049641768477339]
APTIDAO: 
87.56664697329734
GEN: 8600
Individuo: 
[1.7400330190895763, 1.8737702345583962, 2.0536895287696963, 2.9804664562960683, 1.1692428996524276, 0.09320177621172229, 0.9794392292265613, 0.9945947349649983, 0.7888199424447175, 0.9989056581804783, 0.9841339715274556, 0.8925458510109188, 3.695912728384859, 1.6221266026035934, 1.8084729186866293, 1.359456158009086, 2.049641768477339]
APTIDAO: 
87.56664697329734
GEN: 8700
Individuo: 
[1.7400330190895763, 1.8737702345583962, 2.0536895287696963, 2.9804664562960683, 1.1692428996524276, 0.09320177621172229, 0.9794392292265613, 0.9945947349649983, 0.7888199424447175, 0.9989056581804783, 0.9841339715274556, 0.8925458510109188, 3.695912728384859, 1.6221266026035934, 1.8084729186866293, 1.359456158009086, 2.049641768477339]
APTIDAO: 
87.56664697329734
GEN: 8800
Individuo: 
[1.7400330190895763, 1.8737702345583962, 2.0536895287696963, 2.9804664562960683, 1.1692428996524276, 0.09320177621172229, 0.9794392292265613, 0.9945947349649983, 0.7888199424447175, 0.9989056581804783, 0.9841339715274556, 0.8925458510109188, 3.695912728384859, 1.6221266026035934, 1.8084729186866293, 1.359456158009086, 2.049641768477339]
APTIDAO: 
87.56664697329734
GEN: 8900
Individuo: 
[1.7400330190895763, 1.8737702345583962, 2.0536895287696963, 2.9804664562960683, 1.1692428996524276, 0.09320177621172229, 0.9794392292265613, 0.9945947349649983, 0.7888199424447175, 0.9989056581804783, 0.9841339715274556, 0.8925458510109188, 3.695912728384859, 1.6221266026035934, 1.8084729186866293, 1.359456158009086, 2.049641768477339]
APTIDAO: 
87.56664697329734
GEN: 9000
Individuo: 
[1.7400330190895763, 1.8737702345583962, 2.0536895287696963, 2.9804664562960683, 1.1692428996524276, 0.09320177621172229, 0.9794392292265613, 0.9945947349649983, 0.7888199424447175, 0.9989056581804783, 0.9841339715274556, 0.8925458510109188, 3.695912728384859, 1.6221266026035934, 1.8084729186866293, 1.359456158009086, 2.049641768477339]
APTIDAO: 
87.56664697329734
GEN: 9100
Individuo: 
[1.7400330190895763, 1.8737702345583962, 2.0536895287696963, 2.9804664562960683, 1.1692428996524276, 0.09320177621172229, 0.9794392292265613, 0.9945947349649983, 0.7888199424447175, 0.9989056581804783, 0.9841339715274556, 0.8925458510109188, 3.695912728384859, 1.6221266026035934, 1.8084729186866293, 1.359456158009086, 2.049641768477339]
APTIDAO: 
87.56664697329734
GEN: 9200
Individuo: 
[1.7400330190895763, 1.8737702345583962, 2.0536895287696963, 2.9804664562960683, 1.1692428996524276, 0.09320177621172229, 0.9794392292265613, 0.9945947349649983, 0.7888199424447175, 0.9989056581804783, 0.9841339715274556, 0.8925458510109188, 3.695912728384859, 1.6221266026035934, 1.8084729186866293, 1.359456158009086, 2.049641768477339]
APTIDAO: 
87.56664697329734
GEN: 9300
Individuo: 
[1.7400330190895763, 1.8737702345583962, 2.0536895287696963, 2.9804664562960683, 1.1692428996524276, 0.09320177621172229, 0.9794392292265613, 0.9945947349649983, 0.7888199424447175, 0.9989056581804783, 0.9841339715274556, 0.8925458510109188, 3.695912728384859, 1.6221266026035934, 1.8084729186866293, 1.359456158009086, 2.049641768477339]
APTIDAO: 
87.56664697329734
GEN: 9400
Individuo: 
[1.7400330190895763, 1.8737702345583962, 2.0536895287696963, 2.9804664562960683, 1.1692428996524276, 0.09320177621172229, 0.9794392292265613, 0.9945947349649983, 0.7888199424447175, 0.9989056581804783, 0.9860959614698365, 0.8925458510109188, 3.695912728384859, 1.6257155585724643, 1.8084729186866293, 1.359456158009086, 2.049641768477339]
APTIDAO: 
87.56257893708035
GEN: 9500
Individuo: 
[1.7400330190895763, 1.8737702345583962, 2.0536895287696963, 2.9804664562960683, 1.1692428996524276, 0.09320177621172229, 0.9794392292265613, 0.9945947349649983, 0.7888199424447175, 0.9989056581804783, 0.9860959614698365, 0.8925458510109188, 3.695912728384859, 1.6257155585724643, 1.8084729186866293, 1.359456158009086, 2.049641768477339]
APTIDAO: 
87.56257893708035
GEN: 9600
Individuo: 
[1.7400330190895763, 1.8737702345583962, 2.0684093344525274, 2.9804664562960683, 1.1692428996524276, 0.09320177621172229, 0.9794392292265613, 0.9945947349649983, 0.7888199424447175, 0.9989056581804783, 0.9860764834215169, 0.8925458510109188, 3.695912728384859, 1.6257155585724643, 1.8084729186866293, 1.359456158009086, 2.049641768477339]
APTIDAO: 
87.56252622284285
GEN: 9700
Individuo: 
[1.7400330190895763, 1.8737702345583962, 2.0684093344525274, 2.9804664562960683, 1.1692428996524276, 0.09320177621172229, 0.9794392292265613, 0.9967756782668615, 0.7888199424447175, 0.9989056581804783, 0.9860764834215169, 0.8925458510109188, 3.695912728384859, 1.6284599857970534, 1.8100028523058187, 1.359456158009086, 2.049641768477339]
APTIDAO: 
87.55757497068487
GEN: 9800
Individuo: 
[1.7400330190895763, 1.8737702345583962, 2.0684093344525274, 2.9804664562960683, 1.1692428996524276, 0.09320177621172229, 0.9794392292265613, 0.9967756782668615, 0.7888199424447175, 0.9989056581804783, 0.9860764834215169, 0.8925458510109188, 3.695912728384859, 1.6284599857970534, 1.8100028523058187, 1.359456158009086, 2.049641768477339]
APTIDAO: 
87.55757497068487
GEN: 9900
Individuo: 
[1.7400330190895763, 1.8737702345583962, 2.0684093344525274, 2.9804664562960683, 1.1692428996524276, 0.09320177621172229, 0.9794392292265613, 0.9967756782668615, 0.7888199424447175, 0.9989056581804783, 0.9860764834215169, 0.8925458510109188, 3.695912728384859, 1.6284599857970534, 1.8100028523058187, 1.359456158009086, 2.049641768477339]
APTIDAO: 
87.55757497068487
GEN: 10000
Individuo: 
[1.7400330190895763, 1.8737702345583962, 2.0684093344525274, 2.9804664562960683, 1.1692428996524276, 0.09320177621172229, 0.9794392292265613, 0.9967756782668615, 0.7888199424447175, 0.9989056581804783, 0.9860764834215169, 0.8925458510109188, 3.695912728384859, 1.6284599857970534, 1.8100028523058187, 1.359456158009086, 2.049641768477339]
APTIDAO: 
87.55757497068487

--- RESULTADO FINAL ---
Erro (norma-1): 87.55757497068487
Parâmetros: [1.7400330190895763, 1.8737702345583962, 2.0684093344525274, 2.9804664562960683, 1.1692428996524276, 0.09320177621172229, 0.9794392292265613, 0.9967756782668615, 0.7888199424447175, 0.9989056581804783, 0.9860764834215169, 0.8925458510109188, 3.695912728384859, 1.6284599857970534, 1.8100028523058187, 1.359456158009086, 2.049641768477339]
Tempo total: 00h 30m 17s
