SEED: 1778434285
METODO: ES_MM
IND_SIZE: 17
GEN: 0
Individuo: 
[0.8613817091922537, 1.2364523377200634, 0.24659295356423083, 4.113677749206042, 0.8130181140185611, 0.14415922887713883, 0.9008024234561877, 0.07522737169357108, 0.24385849828987124, 0.4425472264102674, 0.2895211050632353, 0.5356696171968403, 6.379437134760177, 4.474865171137652, 1.3209738363877888, 4.4460704275448855, 1.156919176444865]
APTIDAO: 
389.97584377904684
GEN: 100
Individuo: 
[1.6533317434770483, 1.9171768721520945, 2.7916301928321983, 3.9985297260249775, 0.8130181140185611, 0.14415922887713883, 0.568590075903965, 0.6381115462991828, 0.768455436410551, 0.6176569217118298, 0.6883033219071999, 0.46770474490429587, 2.747493941659673, 1.170462745108889, 1.3209738363877888, 1.6288141926737503, 1.156919176444865]
APTIDAO: 
90.1893748562235
GEN: 200
Individuo: 
[1.7214557895195464, 1.9128133805561118, 2.3030486190378725, 4.395665483596621, 0.8130181140185611, 0.14415922887713883, 0.568590075903965, 0.6381115462991828, 0.9829286194235525, 0.5983602301601803, 0.6883033219071999, 0.37199107023658584, 2.747493941659673, 1.170462745108889, 1.3215997231494723, 1.6288141926737503, 1.156919176444865]
APTIDAO: 
89.45441014052132
GEN: 300
Individuo: 
[1.8168265007041375, 1.9128133805561118, 2.3030486190378725, 4.115666552545465, 0.8130181140185611, 0.14415922887713883, 0.568590075903965, 0.640393710429676, 0.9829286194235525, 0.6849136677371728, 0.6842073517265762, 0.37199107023658584, 2.747493941659673, 1.170462745108889, 1.3215997231494723, 1.6288141926737503, 1.1741107389330487]
APTIDAO: 
89.38989068945445
GEN: 400
Individuo: 
[1.8168265007041375, 1.9128133805561118, 2.14620463526936, 4.115666552545465, 0.8130181140185611, 0.14415922887713883, 0.598305060434021, 0.640393710429676, 0.9829286194235525, 0.7142421081314508, 0.6842073517265762, 0.3711389724072088, 2.747493941659673, 1.170462745108889, 1.3215997231494723, 1.6288141926737503, 1.1741107389330487]
APTIDAO: 
89.32816033893094
GEN: 500
Individuo: 
[1.8168265007041375, 1.9128133805561118, 2.5686346017063704, 4.115666552545465, 0.9125154136397774, 0.14415922887713883, 0.5825317595260328, 0.640393710429676, 0.9829286194235525, 0.7142421081314508, 0.793487296259989, 0.3711389724072088, 2.747493941659673, 1.2002838853502678, 1.3215997231494723, 1.6288141926737503, 1.2972470852140858]
APTIDAO: 
89.16366713825433
GEN: 600
Individuo: 
[1.8168265007041375, 1.7319394959280419, 2.4995844269379273, 4.115666552545465, 0.9203229656593955, 0.14415922887713883, 0.6261070337937378, 0.640393710429676, 0.9829286194235525, 0.7242079277216875, 0.793487296259989, 0.3711389724072088, 2.747493941659673, 1.2002838853502678, 1.3215997231494723, 1.6288141926737503, 1.2972470852140858]
APTIDAO: 
89.06586451433996
GEN: 700
Individuo: 
[1.8168265007041375, 1.7319394959280419, 2.4995844269379273, 4.100279869911378, 0.9203229656593955, 0.14415922887713883, 0.6213061970700234, 0.640393710429676, 0.9869234900674129, 0.7242079277216875, 0.793487296259989, 0.3711389724072088, 2.747493941659673, 1.2002838853502678, 1.3215997231494723, 1.6288141926737503, 1.2972470852140858]
APTIDAO: 
89.05883956013432
GEN: 800
Individuo: 
[1.8168265007041375, 1.7319394959280419, 2.304200322457715, 4.100279869911378, 0.9203229656593955, 0.14415922887713883, 0.6228124473131667, 0.640393710429676, 0.9869234900674129, 0.7579987355107279, 0.793487296259989, 0.3711389724072088, 2.747493941659673, 1.2002838853502678, 1.3215997231494723, 1.6288141926737503, 1.2972470852140858]
APTIDAO: 
89.04116152618964
GEN: 900
Individuo: 
[1.8168265007041375, 1.7319394959280419, 2.4490627403111134, 4.100279869911378, 0.9203229656593955, 0.14415922887713883, 0.6228124473131667, 0.671965111167742, 0.9869234900674129, 0.730157087529794, 0.7979452903701282, 0.3711389724072088, 2.747493941659673, 1.2002838853502678, 1.3723090209937472, 1.6288141926737503, 1.2972470852140858]
APTIDAO: 
89.00493497758738
GEN: 1000
Individuo: 
[1.8168265007041375, 1.7319394959280419, 2.4490627403111134, 4.100279869911378, 0.9203229656593955, 0.14415922887713883, 0.6228124473131667, 0.671965111167742, 0.9869234900674129, 0.730157087529794, 0.7979452903701282, 0.3711389724072088, 2.747493941659673, 1.2103222933106395, 1.3723090209937472, 1.6288141926737503, 1.2972470852140858]
APTIDAO: 
88.99077003959349
GEN: 1100
Individuo: 
[1.8168265007041375, 1.7319394959280419, 2.4490627403111134, 4.100279869911378, 0.9203229656593955, 0.14415922887713883, 0.6228124473131667, 0.671965111167742, 0.9869234900674129, 0.730157087529794, 0.7979452903701282, 0.3711389724072088, 2.747493941659673, 1.2103222933106395, 1.3723090209937472, 1.6288141926737503, 1.2972470852140858]
APTIDAO: 
88.99077003959349
GEN: 1200
Individuo: 
[1.8168265007041375, 1.7319394959280419, 2.4490627403111134, 4.100279869911378, 0.9203229656593955, 0.14415922887713883, 0.6228124473131667, 0.671965111167742, 0.9869234900674129, 0.7334334637363401, 0.7979452903701282, 0.3711389724072088, 2.7474928623037744, 1.2104684110238277, 1.3732502146415184, 1.6288141926737503, 1.2972470852140858]
APTIDAO: 
88.99008144386096
GEN: 1300
Individuo: 
[1.8168265007041375, 1.7319394959280419, 2.4490627403111134, 4.100279869911378, 0.9203229656593955, 0.14415922887713883, 0.6279012619030903, 0.671965111167742, 0.9871985096508366, 0.7334334637363401, 0.7979452903701282, 0.3711389724072088, 2.7474928623037744, 1.2104684110238277, 1.3732502146415184, 1.6288141926737503, 1.2972470852140858]
APTIDAO: 
88.98749506897947
GEN: 1400
Individuo: 
[1.8168265007041375, 1.7319394959280419, 2.4876613423151395, 4.100279869911378, 0.9203229656593955, 0.14415922887713883, 0.6279012619030903, 0.671965111167742, 0.9871985096508366, 0.7334334637363401, 0.7979452903701282, 0.3711389724072088, 2.7460440947940556, 1.2104684110238277, 1.3915074036831436, 1.6288141926737503, 1.2972470852140858]
APTIDAO: 
88.98059420455704
GEN: 1500
Individuo: 
[1.8168265007041375, 1.7319394959280419, 2.364753894440703, 4.100279869911378, 0.9203229656593955, 0.14415922887713883, 0.6354410953665163, 0.6885507600745262, 0.9885847000756426, 0.7334334637363401, 0.7979452903701282, 0.3711389724072088, 2.7460440947940556, 1.214498688069915, 1.3915074036831436, 1.6288141926737503, 1.2972470852140858]
APTIDAO: 
88.96549294755232
GEN: 1600
Individuo: 
[1.8168265007041375, 1.7319394959280419, 2.3800127280546635, 4.100279869911378, 0.9203229656593955, 0.14415922887713883, 0.6371107188984126, 0.6885507600745262, 0.9885847000756426, 0.7334334637363401, 0.8040446858132622, 0.3711389724072088, 2.7460440947940556, 1.214498688069915, 1.3915074036831436, 1.6288141926737503, 1.30223342052443]
APTIDAO: 
88.96242264691148
GEN: 1700
Individuo: 
[1.8168265007041375, 1.7319394959280419, 2.3800127280546635, 3.9687016633873244, 0.9203229656593955, 0.14415922887713883, 0.6371107188984126, 0.6885507600745262, 0.9930626748114939, 0.7334334637363401, 0.8040446858132622, 0.377693343780914, 2.7460440947940556, 1.214498688069915, 1.3915074036831436, 1.6288141926737503, 1.3066907802136358]
APTIDAO: 
88.95118531219768
GEN: 1800
Individuo: 
[1.8168265007041375, 1.7319394959280419, 2.3800127280546635, 3.9687016633873244, 0.9203229656593955, 0.14415922887713883, 0.6371107188984126, 0.6885507600745262, 0.9930626748114939, 0.7373366196832332, 0.8040446858132622, 0.377693343780914, 2.7460440947940556, 1.214498688069915, 1.3915074036831436, 1.6288141926737503, 1.3066907802136358]
APTIDAO: 
88.95062733304529
GEN: 1900
Individuo: 
[1.8168265007041375, 1.7319394959280419, 2.3800127280546635, 3.9687016633873244, 0.9484635628187563, 0.14415922887713883, 0.7135678843967174, 0.6885507600745262, 0.9930626748114939, 0.7693091685951837, 0.8040446858132622, 0.377693343780914, 2.7460440947940556, 1.3271060668108454, 1.3915074036831436, 1.6288141926737503, 1.3066907802136358]
APTIDAO: 
88.79862979412081
GEN: 2000
Individuo: 
[1.8168265007041375, 1.7319394959280419, 2.5950657770801366, 3.9687016633873244, 0.9484635628187563, 0.14415922887713883, 0.7409009160146012, 0.6885507600745262, 0.9905141844121912, 0.7459117251852474, 0.8040446858132622, 0.377693343780914, 2.7460440947940556, 1.3271060668108454, 1.3915074036831436, 1.6288141926737503, 1.3066907802136358]
APTIDAO: 
88.79065558007524
GEN: 2100
Individuo: 
[1.8168265007041375, 1.7319394959280419, 2.5491301951822507, 3.856302671312892, 0.9484635628187563, 0.14415922887713883, 0.7990253730125053, 0.6675827767518404, 0.9905141844121912, 0.7519847304052268, 0.8040446858132622, 0.377693343780914, 2.7460440947940556, 1.3679641658816213, 1.3962173282948547, 1.6288141926737503, 1.3066907802136358]
APTIDAO: 
88.70442136839871
GEN: 2200
Individuo: 
[1.8168265007041375, 1.7319394959280419, 2.548203713754605, 3.7832997985244994, 0.9484635628187563, 0.14415922887713883, 0.8170539037896708, 0.6943598299224542, 0.9905141844121912, 0.7659357119298372, 0.8040446858132622, 0.377693343780914, 2.7460440947940556, 1.4305211821033321, 1.3962173282948547, 1.6288141926737503, 1.3066907802136358]
APTIDAO: 
88.64221240057134
GEN: 2300
Individuo: 
[1.8168265007041375, 1.7319394959280419, 2.548203713754605, 3.7832997985244994, 0.9484635628187563, 0.14415922887713883, 0.8491559581510993, 0.8467800187616725, 0.9943494727173628, 0.7659357119298372, 0.8040446858132622, 0.377693343780914, 2.7460440947940556, 1.4305211821033321, 1.604400880973784, 1.6288141926737503, 1.3066907802136358]
APTIDAO: 
88.48354753668607
GEN: 2400
Individuo: 
[1.8168265007041375, 1.7115675632286982, 2.548203713754605, 3.7832997985244994, 0.9443454235266125, 0.14415922887713883, 0.8602636848199894, 0.8467800187616725, 0.9943494727173628, 0.7659357119298372, 0.8040446858132622, 0.377693343780914, 2.7369201330554263, 1.4472436444464047, 1.604400880973784, 1.6288141926737503, 1.3139716546433036]
APTIDAO: 
88.44127472758143
GEN: 2500
Individuo: 
[1.796901490936638, 1.7115675632286982, 2.548203713754605, 3.7832997985244994, 0.9443454235266125, 0.14415922887713883, 0.8602636848199894, 0.8580150754167318, 0.9977441036976658, 0.7679786325899551, 0.8040446858132622, 0.377693343780914, 2.7369201330554263, 1.4472436444464047, 1.6087785260188807, 1.6288141926737503, 1.3139716546433036]
APTIDAO: 
88.43352894786865
GEN: 2600
Individuo: 
[1.796901490936638, 1.7115675632286982, 2.548203713754605, 3.6509558283549057, 0.9443454235266125, 0.14415922887713883, 0.8602636848199894, 0.8580150754167318, 0.9977441036976658, 0.79511432458883, 0.8117126824312167, 0.377693343780914, 2.7369201330554263, 1.4472436444464047, 1.6087785260188807, 1.6288141926737503, 1.3279798636308628]
APTIDAO: 
88.4157000022064
GEN: 2700
Individuo: 
[1.7854123543035523, 1.7115675632286982, 2.3998167479731474, 3.6509558283549057, 0.9443454235266125, 0.14415922887713883, 0.8602636848199894, 0.8608028246597419, 0.9977441036976658, 0.8415047890646085, 0.8117126824312167, 0.377693343780914, 2.7369201330554263, 1.4472436444464047, 1.6353715181492952, 1.6288141926737503, 1.3279798636308628]
APTIDAO: 
88.39464683065007
GEN: 2800
Individuo: 
[1.7854123543035523, 1.7115675632286982, 2.3998167479731474, 3.6509558283549057, 1.0314899501470691, 0.14415922887713883, 0.8602636848199894, 0.8858135171205992, 0.9977441036976658, 0.8415047890646085, 0.7939867309028622, 0.3825311927918706, 2.7369201330554263, 1.4472436444464047, 1.6353715181492952, 1.6220750713311418, 1.3279798636308628]
APTIDAO: 
88.38168003428255
GEN: 2900
Individuo: 
[1.7217779319003386, 1.7115675632286982, 2.3998167479731474, 3.6509558283549057, 1.0314899501470691, 0.14415922887713883, 0.8602636848199894, 0.8858135171205992, 0.9977441036976658, 0.8415047890646085, 0.7939867309028622, 0.3825311927918706, 2.7369201330554263, 1.4529739891594746, 1.6353715181492952, 1.6220750713311418, 1.3455606434912002]
APTIDAO: 
88.33807244164218
GEN: 3000
Individuo: 
[1.7217779319003386, 1.6884655511056428, 2.386533164204711, 3.686786461053795, 1.0314899501470691, 0.14415922887713883, 0.8664551565510075, 0.880816037646821, 0.9977441036976658, 0.8415047890646085, 0.7939867309028622, 0.3825311927918706, 2.7369201330554263, 1.4594731899140658, 1.6353715181492952, 1.6220750713311418, 1.3455606434912002]
APTIDAO: 
88.32657661334476
GEN: 3100
Individuo: 
[1.7217779319003386, 1.6884655511056428, 2.386533164204711, 3.686786461053795, 1.0314899501470691, 0.14415922887713883, 0.8664551565510075, 0.880816037646821, 0.9977441036976658, 0.8415047890646085, 0.7939867309028622, 0.3855716650628994, 2.7369201330554263, 1.4594731899140658, 1.636523363995592, 1.6220750713311418, 1.3455606434912002]
APTIDAO: 
88.32368314504916
GEN: 3200
Individuo: 
[1.7217779319003386, 1.6884655511056428, 2.386533164204711, 3.686786461053795, 1.0429883810044522, 0.14415922887713883, 0.8664551565510075, 0.880816037646821, 0.9977441036976658, 0.8415047890646085, 0.7939867309028622, 0.3855716650628994, 2.7369201330554263, 1.4594731899140658, 1.639618944157447, 1.6220750713311418, 1.3455606434912002]
APTIDAO: 
88.31870660597988
GEN: 3300
Individuo: 
[1.7217779319003386, 1.6884655511056428, 2.386533164204711, 3.686786461053795, 1.0429883810044522, 0.14415922887713883, 0.8664551565510075, 0.8753271795998314, 0.9977441036976658, 0.8476920249008221, 0.7939867309028622, 0.3855716650628994, 2.7369201330554263, 1.4594731899140658, 1.6407332712208518, 1.6225760352036802, 1.3455606434912002]
APTIDAO: 
88.31676880906561
GEN: 3400
Individuo: 
[1.7217779319003386, 1.6884655511056428, 2.386533164204711, 3.6774029048227894, 1.0429883810044522, 0.14415922887713883, 0.8706065457144967, 0.8753271795998314, 0.9977441036976658, 0.8476920249008221, 0.7939867309028622, 0.3855716650628994, 2.7369201330554263, 1.4594731899140658, 1.6407332712208518, 1.6225760352036802, 1.3455606434912002]
APTIDAO: 
88.31559351700818
GEN: 3500
Individuo: 
[1.7217779319003386, 1.6884655511056428, 2.3850053868471224, 3.6774029048227894, 1.0429883810044522, 0.14415922887713883, 0.8706065457144967, 0.8753271795998314, 0.9977441036976658, 0.8476920249008221, 0.7939867309028622, 0.3855716650628994, 2.7369201330554263, 1.4594731899140658, 1.6407332712208518, 1.6225760352036802, 1.3455606434912002]
APTIDAO: 
88.31553596214066
GEN: 3600
Individuo: 
[1.7217779319003386, 1.6884655511056428, 2.3850053868471224, 3.6774029048227894, 1.0429883810044522, 0.14415922887713883, 0.8706065457144967, 0.8753271795998314, 0.9977441036976658, 0.8476920249008221, 0.7939867309028622, 0.3855716650628994, 2.7369201330554263, 1.4654754983484235, 1.6407332712208518, 1.6225760352036802, 1.3455606434912002]
APTIDAO: 
88.31124676024136
GEN: 3700
Individuo: 
[1.7217779319003386, 1.6833419577634638, 2.3850053868471224, 3.6774029048227894, 1.043225315691092, 0.14415922887713883, 0.8706065457144967, 0.8753271795998314, 0.9985184417349624, 0.8559120453818582, 0.7939867309028622, 0.3855716650628994, 2.7369201330554263, 1.4654754983484235, 1.6407332712208518, 1.6225760352036802, 1.3455606434912002]
APTIDAO: 
88.3062932721682
GEN: 3800
Individuo: 
[1.7217779319003386, 1.6833419577634638, 2.3850053868471224, 3.6774029048227894, 1.043225315691092, 0.14415922887713883, 0.8706065457144967, 0.8753271795998314, 0.9985184417349624, 0.8559120453818582, 0.7939867309028622, 0.3855716650628994, 2.7369201330554263, 1.4696490928835528, 1.6407332712208518, 1.6225760352036802, 1.3467886647220282]
APTIDAO: 
88.30232559722594
GEN: 3900
Individuo: 
[1.7217779319003386, 1.6833419577634638, 2.3850053868471224, 3.6774029048227894, 1.043225315691092, 0.14415922887713883, 0.8737874265087636, 0.8753271795998314, 0.9985184417349624, 0.8559120453818582, 0.7939867309028622, 0.3855716650628994, 2.7369201330554263, 1.4696490928835528, 1.6407332712208518, 1.6225760352036802, 1.3467886647220282]
APTIDAO: 
88.29990043786948
GEN: 4000
Individuo: 
[1.7477790722266184, 1.7357070400618957, 2.0705540364430592, 3.6774029048227894, 1.0721219380595268, 0.14415922887713883, 0.8771250398263354, 0.8753271795998314, 0.9985184417349624, 0.8559120453818582, 0.9195480990642383, 0.7639200289533432, 2.7369201330554263, 1.4696490928835528, 1.6607671445284728, 1.6225760352036802, 1.8152174025074184]
APTIDAO: 
87.995092516217
GEN: 4100
Individuo: 
[1.7420070345446927, 1.7357070400618957, 2.0705540364430592, 3.4724404446836346, 1.0721219380595268, 0.14415922887713883, 0.8738748696320089, 0.8883154649153937, 0.9983454252429088, 0.9039574489249445, 0.9228917631021086, 0.7573981135938436, 2.7369201330554263, 1.4762859945718483, 1.6607671445284728, 1.6225760352036802, 1.8152174025074184]
APTIDAO: 
87.94448498961805
GEN: 4200
Individuo: 
[1.7420070345446927, 1.7357070400618957, 2.3096627408115307, 3.257049151647281, 1.0721219380595268, 0.14415922887713883, 0.8738748696320089, 0.8883154649153937, 0.9983454252429088, 0.9039574489249445, 0.9228917631021086, 0.7563204487357732, 2.7369201330554263, 1.4762859945718483, 1.6607671445284728, 1.6225760352036802, 1.8152174025074184]
APTIDAO: 
87.94227261643509
GEN: 4300
Individuo: 
[1.7420070345446927, 1.7357070400618957, 2.3096627408115307, 3.2508255797801726, 1.0721219380595268, 0.14415922887713883, 0.8722090003599524, 0.9009020370944546, 0.9983454252429088, 0.9478724951357107, 0.9228917631021086, 0.7563204487357732, 2.7369201330554263, 1.4762859945718483, 1.6891123493396283, 1.6225760352036802, 1.8464170033292988]
APTIDAO: 
87.89964887267045
GEN: 4400
Individuo: 
[1.7420070345446927, 1.7357070400618957, 2.222572289780483, 3.2508255797801726, 1.0721219380595268, 0.14415922887713883, 0.8722090003599524, 0.9009020370944546, 0.9983454252429088, 0.9704758199856061, 0.9228606771347364, 0.7232366162469548, 2.7369201330554263, 1.4762859945718483, 1.6891123493396283, 1.6225760352036802, 1.8464170033292988]
APTIDAO: 
87.89115864883637
GEN: 4500
Individuo: 
[1.7420070345446927, 1.7357070400618957, 2.222572289780483, 3.2508255797801726, 1.0721219380595268, 0.14079747444037757, 0.8722090003599524, 0.9009020370944546, 0.9983454252429088, 0.98393821128643, 0.9228606771347364, 0.7232366162469548, 2.7369201330554263, 1.4762859945718483, 1.6891123493396283, 1.601307433050761, 1.8464170033292988]
APTIDAO: 
87.8724338381831
GEN: 4600
Individuo: 
[1.7420070345446927, 1.766181242813571, 2.2080058276517085, 3.2508255797801726, 1.0721219380595268, 0.14079747444037757, 0.8556459696902279, 0.9009020370944546, 0.9983454252429088, 0.9862699454908193, 0.9258395025081291, 0.7232366162469548, 2.7369201330554263, 1.4762859945718483, 1.6891123493396283, 1.601307433050761, 1.8464170033292988]
APTIDAO: 
87.85994296423658
GEN: 4700
Individuo: 
[1.7420070345446927, 1.766181242813571, 2.217185528966373, 3.2508255797801726, 1.0721219380595268, 0.14079747444037757, 0.8556459696902279, 0.9003708479403497, 0.9986795126492545, 0.9862699454908193, 0.9258395025081291, 0.7189561754004185, 2.7369201330554263, 1.4762859945718483, 1.6891123493396283, 1.601307433050761, 1.8464170033292988]
APTIDAO: 
87.85813648690167
GEN: 4800
Individuo: 
[1.7054942474444859, 1.766181242813571, 2.217185528966373, 3.2508255797801726, 1.0721219380595268, 0.14079747444037757, 0.8556459696902279, 0.9003708479403497, 0.9986795126492545, 0.9862699454908193, 0.9151181366829594, 0.7189561754004185, 2.7369201330554263, 1.4804857742626714, 1.6891123493396283, 1.601307433050761, 1.8464170033292988]
APTIDAO: 
87.85075378893046
GEN: 4900
Individuo: 
[1.7054942474444859, 1.7861425140285816, 2.217185528966373, 3.2508255797801726, 1.0721219380595268, 0.14079747444037757, 0.853754227504248, 0.9003708479403497, 0.9986795126492545, 0.9862699454908193, 0.9151181366829594, 0.7189561754004185, 2.7342242383214628, 1.4804857742626714, 1.6971658132155965, 1.6004689689965077, 1.8464170033292988]
APTIDAO: 
87.8410222233762
GEN: 5000
Individuo: 
[1.7054942474444859, 1.7943524503539543, 2.217185528966373, 3.2508255797801726, 1.0721219380595268, 0.14079747444037757, 0.853754227504248, 0.9003708479403497, 0.9986795126492545, 0.9862699454908193, 0.9151181366829594, 0.7189561754004185, 2.7342242383214628, 1.4804857742626714, 1.6971658132155965, 1.6004689689965077, 1.8464170033292988]
APTIDAO: 
87.83905655840253
GEN: 5100
Individuo: 
[1.7054942474444859, 1.7943524503539543, 2.217185528966373, 3.2508255797801726, 1.067520510839536, 0.14079747444037757, 0.853754227504248, 0.9003708479403497, 0.9986795126492545, 0.9862699454908193, 0.9151181366829594, 0.7189561754004185, 2.733809943906436, 1.4804857742626714, 1.6971658132155965, 1.6004689689965077, 1.8464170033292988]
APTIDAO: 
87.83898457937738
GEN: 5200
Individuo: 
[1.7054942474444859, 1.7943524503539543, 2.217185528966373, 3.2590203730007343, 1.067520510839536, 0.14079747444037757, 0.853754227504248, 0.9003708479403497, 0.9986795126492545, 0.9862699454908193, 0.9151181366829594, 0.7189561754004185, 2.733809943906436, 1.4804857742626714, 1.6971658132155965, 1.6004689689965077, 1.8464170033292988]
APTIDAO: 
87.83892065015762
GEN: 5300
Individuo: 
[1.7054942474444859, 1.7943524503539543, 2.217185528966373, 3.2624026536042434, 1.067520510839536, 0.14079747444037757, 0.853754227504248, 0.9003708479403497, 0.9986795126492545, 0.9862699454908193, 0.9151181366829594, 0.7189561754004185, 2.733809943906436, 1.4804857742626714, 1.6971658132155965, 1.6004689689965077, 1.8464170033292988]
APTIDAO: 
87.83889805139152
GEN: 5400
Individuo: 
[1.7054942474444859, 1.7943524503539543, 2.217185528966373, 3.26514899613639, 1.067520510839536, 0.1404668480719777, 0.853754227504248, 0.9003708479403497, 0.9986795126492545, 0.9897487631957114, 0.9151181366829594, 0.7189561754004185, 2.733809943906436, 1.484628630359016, 1.6971658132155965, 1.6004689689965077, 1.8464170033292988]
APTIDAO: 
87.83237616312968
GEN: 5500
Individuo: 
[1.7054942474444859, 1.7943524503539543, 2.2081725621815176, 3.26514899613639, 1.067520510839536, 0.1404668480719777, 0.8555092084272454, 0.9003708479403497, 0.9986795126492545, 0.9897487631957114, 0.9151181366829594, 0.7189561754004185, 2.733809943906436, 1.484628630359016, 1.6971658132155965, 1.6004689689965077, 1.8464170033292988]
APTIDAO: 
87.82917147296546
GEN: 5600
Individuo: 
[1.7054942474444859, 1.7962065704705714, 2.2081725621815176, 3.26514899613639, 1.067520510839536, 0.1404668480719777, 0.8555092084272454, 0.9003708479403497, 0.9986795126492545, 0.9897487631957114, 0.9151181366829594, 0.7189561754004185, 2.733809943906436, 1.484628630359016, 1.6971658132155965, 1.6004689689965077, 1.8464170033292988]
APTIDAO: 
87.82878895161467
GEN: 5700
Individuo: 
[1.7054942474444859, 1.7962065704705714, 2.2081725621815176, 3.26514899613639, 1.067520510839536, 0.1404668480719777, 0.8555092084272454, 0.9003708479403497, 0.9986795126492545, 0.9897487631957114, 0.9151181366829594, 0.7189561754004185, 2.733809943906436, 1.484628630359016, 1.6971658132155965, 1.6004689689965077, 1.8467680362703245]
APTIDAO: 
87.82867019638798
GEN: 5800
Individuo: 
[1.7054942474444859, 1.7962065704705714, 2.2081725621815176, 3.26514899613639, 1.067520510839536, 0.1404668480719777, 0.8555092084272454, 0.9003708479403497, 0.9986795126492545, 0.9897487631957114, 0.9151181366829594, 0.7189561754004185, 2.733809943906436, 1.484628630359016, 1.6971658132155965, 1.6004689689965077, 1.8467680362703245]
APTIDAO: 
87.82867019638798
GEN: 5900
Individuo: 
[1.7054942474444859, 1.7962065704705714, 2.2081725621815176, 3.26514899613639, 1.067520510839536, 0.1404668480719777, 0.8555092084272454, 0.9003708479403497, 0.9986795126492545, 0.9897487631957114, 0.9151181366829594, 0.7189561754004185, 2.733809943906436, 1.484628630359016, 1.6971658132155965, 1.6004689689965077, 1.8467680362703245]
APTIDAO: 
87.82867019638798
GEN: 6000
Individuo: 
[1.7054942474444859, 1.8028339255585666, 2.2081725621815176, 3.26514899613639, 1.067520510839536, 0.1404668480719777, 0.8555092084272454, 0.9003708479403497, 0.9986795126492545, 0.9897487631957114, 0.9151181366829594, 0.7189561754004185, 2.733809943906436, 1.484628630359016, 1.6971658132155965, 1.6004689689965077, 1.8467680362703245]
APTIDAO: 
87.82835945796327
GEN: 6100
Individuo: 
[1.7054942474444859, 1.8028339255585666, 2.2081725621815176, 3.26514899613639, 1.067520510839536, 0.1404668480719777, 0.8555092084272454, 0.9003708479403497, 0.9986795126492545, 0.9897487631957114, 0.9151181366829594, 0.7190090624464938, 2.733809943906436, 1.484628630359016, 1.6971658132155965, 1.6004689689965077, 1.8467680362703245]
APTIDAO: 
87.82834597013023
GEN: 6200
Individuo: 
[1.7054942474444859, 1.8028339255585666, 2.2081725621815176, 3.2905675725544494, 1.07088930162894, 0.1404668480719777, 0.8555092084272454, 0.9003708479403497, 0.9986795126492545, 0.9897487631957114, 0.9151181366829594, 0.7190090624464938, 2.733809943906436, 1.4875555644714253, 1.7011069887358767, 1.6004689689965077, 1.8467680362703245]
APTIDAO: 
87.82642736140045
GEN: 6300
Individuo: 
[1.7054942474444859, 1.8028339255585666, 2.2081725621815176, 3.2905675725544494, 1.07088930162894, 0.1404668480719777, 0.8618176496699828, 0.9003708479403497, 0.9986795126492545, 0.9897487631957114, 0.9171198370714789, 0.7190090624464938, 2.733809943906436, 1.4888304643324084, 1.7011069887358767, 1.6004689689965077, 1.8467680362703245]
APTIDAO: 
87.82288536270026
GEN: 6400
Individuo: 
[1.7054942474444859, 1.8028339255585666, 2.2081725621815176, 3.309895315201916, 1.07088930162894, 0.1404668480719777, 0.8618176496699828, 0.9003708479403497, 0.9986795126492545, 0.9897487631957114, 0.9192729535183417, 0.7190090624464938, 2.733809943906436, 1.4888304643324084, 1.7011069887358767, 1.6004689689965077, 1.8551166991655044]
APTIDAO: 
87.81908237019427
GEN: 6500
Individuo: 
[1.7054942474444859, 1.8028339255585666, 2.2081725621815176, 3.309895315201916, 1.07088930162894, 0.1404668480719777, 0.8586353577585802, 0.9003708479403497, 0.9986795126492545, 0.9897487631957114, 0.9192729535183417, 0.7190090624464938, 2.733809943906436, 1.4888304643324084, 1.7011069887358767, 1.604112106611826, 1.8551166991655044]
APTIDAO: 
87.81726064416767
GEN: 6600
Individuo: 
[1.7054942474444859, 1.8028339255585666, 2.2081725621815176, 3.309895315201916, 1.076618968625482, 0.1404668480719777, 0.8586353577585802, 0.9003708479403497, 0.9986795126492545, 0.9897487631957114, 0.9192729535183417, 0.7190090624464938, 2.733809943906436, 1.4888304643324084, 1.7011069887358767, 1.604112106611826, 1.8551166991655044]
APTIDAO: 
87.81689311317324
GEN: 6700
Individuo: 
[1.7054942474444859, 1.8028339255585666, 2.2081725621815176, 3.309895315201916, 1.076618968625482, 0.1404668480719777, 0.8586353577585802, 0.9003708479403497, 0.9986795126492545, 0.9897487631957114, 0.9192729535183417, 0.7190090624464938, 2.733809943906436, 1.4888304643324084, 1.7011069887358767, 1.604112106611826, 1.8551166991655044]
APTIDAO: 
87.81689311317324
GEN: 6800
Individuo: 
[1.7054942474444859, 1.8028339255585666, 2.2081725621815176, 3.309895315201916, 1.076618968625482, 0.1404668480719777, 0.8586353577585802, 0.9003708479403497, 0.9986795126492545, 0.9897487631957114, 0.9192729535183417, 0.7190090624464938, 2.733809943906436, 1.4888304643324084, 1.7011069887358767, 1.604112106611826, 1.8551166991655044]
APTIDAO: 
87.81689311317324
GEN: 6900
Individuo: 
[1.7054942474444859, 1.8028339255585666, 2.2081725621815176, 3.309895315201916, 1.076618968625482, 0.1404668480719777, 0.8586353577585802, 0.9003708479403497, 0.9986795126492545, 0.9897487631957114, 0.9192729535183417, 0.7190090624464938, 2.733809943906436, 1.4888304643324084, 1.7011069887358767, 1.604112106611826, 1.8551166991655044]
APTIDAO: 
87.81689311317324
GEN: 7000
Individuo: 
[1.7054942474444859, 1.8028339255585666, 2.2081725621815176, 3.309895315201916, 1.076618968625482, 0.1404668480719777, 0.8586353577585802, 0.9003708479403497, 0.9986795126492545, 0.9930377558451727, 0.9192729535183417, 0.7190090624464938, 2.733809943906436, 1.4888304643324084, 1.7011069887358767, 1.6067421952060272, 1.8551166991655044]
APTIDAO: 
87.8156430634385
GEN: 7100
Individuo: 
[1.7054942474444859, 1.8028339255585666, 2.2081725621815176, 3.309895315201916, 1.076618968625482, 0.1404668480719777, 0.8586353577585802, 0.9003708479403497, 0.9986795126492545, 0.9930377558451727, 0.9192729535183417, 0.7190090624464938, 2.733809943906436, 1.4888304643324084, 1.7011069887358767, 1.6067421952060272, 1.8551166991655044]
APTIDAO: 
87.8156430634385
GEN: 7200
Individuo: 
[1.7054942474444859, 1.8028339255585666, 2.2081725621815176, 3.309895315201916, 1.076618968625482, 0.1404668480719777, 0.8586353577585802, 0.9003708479403497, 0.9986795126492545, 0.9930377558451727, 0.9192729535183417, 0.7190090624464938, 2.733809943906436, 1.4888304643324084, 1.7011069887358767, 1.6067421952060272, 1.8551166991655044]
APTIDAO: 
87.8156430634385
GEN: 7300
Individuo: 
[1.7054942474444859, 1.8028339255585666, 2.2081725621815176, 3.309895315201916, 1.076618968625482, 0.1404668480719777, 0.8594220933480098, 0.9003708479403497, 0.9986795126492545, 0.9930377558451727, 0.9192729535183417, 0.7190090624464938, 2.733809943906436, 1.4902750585517277, 1.7011069887358767, 1.6067421952060272, 1.8551166991655044]
APTIDAO: 
87.81336503220143
GEN: 7400
Individuo: 
[1.7054942474444859, 1.8028339255585666, 2.2081725621815176, 3.309895315201916, 1.076618968625482, 0.1404668480719777, 0.8594220933480098, 0.9003708479403497, 0.9986795126492545, 0.9930377558451727, 0.9192729535183417, 0.7190090624464938, 2.733809943906436, 1.4902750585517277, 1.7011069887358767, 1.6067421952060272, 1.8551166991655044]
APTIDAO: 
87.81336503220143
GEN: 7500
Individuo: 
[1.7054942474444859, 1.8028339255585666, 2.2081725621815176, 3.309895315201916, 1.076618968625482, 0.1404668480719777, 0.8594220933480098, 0.9076082865251759, 0.9986795126492545, 0.9930377558451727, 0.9192729535183417, 0.7190090624464938, 2.733809943906436, 1.4902750585517277, 1.7011069887358767, 1.6067421952060272, 1.8551166991655044]
APTIDAO: 
87.81318158282026
GEN: 7600
Individuo: 
[1.7054942474444859, 1.8028339255585666, 2.2081725621815176, 3.309895315201916, 1.076618968625482, 0.1404668480719777, 0.8594220933480098, 0.9076082865251759, 0.9986795126492545, 0.9930377558451727, 0.922668043869492, 0.7190090624464938, 2.733809943906436, 1.4902750585517277, 1.7011069887358767, 1.611483308197031, 1.8551166991655044]
APTIDAO: 
87.81240234727592
GEN: 7700
Individuo: 
[1.7054942474444859, 1.8064400301270602, 2.169761263524987, 3.309895315201916, 1.076618968625482, 0.1404668480719777, 0.8594220933480098, 0.9076082865251759, 0.9986795126492545, 0.9930377558451727, 0.922668043869492, 0.7190090624464938, 2.733809943906436, 1.4902750585517277, 1.7011069887358767, 1.611483308197031, 1.8551166991655044]
APTIDAO: 
87.8105164447021
GEN: 7800
Individuo: 
[1.7054942474444859, 1.8064400301270602, 2.169761263524987, 3.309895315201916, 1.076618968625482, 0.1404668480719777, 0.8594220933480098, 0.9076082865251759, 0.9986795126492545, 0.9930377558451727, 0.922668043869492, 0.7190090624464938, 2.733809943906436, 1.4902750585517277, 1.7011069887358767, 1.611483308197031, 1.8551166991655044]
APTIDAO: 
87.8105164447021
GEN: 7900
Individuo: 
[1.7054942474444859, 1.8064400301270602, 2.169761263524987, 3.309895315201916, 1.076618968625482, 0.1404668480719777, 0.8594220933480098, 0.9076082865251759, 0.9986795126492545, 0.9930377558451727, 0.922668043869492, 0.7190090624464938, 2.733809943906436, 1.4902750585517277, 1.7034766352634485, 1.611483308197031, 1.8551166991655044]
APTIDAO: 
87.80895708061874
GEN: 8000
Individuo: 
[1.7023334627011881, 1.8064400301270602, 2.169761263524987, 3.291092706395836, 1.076618968625482, 0.1404668480719777, 0.8594220933480098, 0.9076082865251759, 0.9986795126492545, 0.9930377558451727, 0.922668043869492, 0.7190090624464938, 2.733809943906436, 1.4902750585517277, 1.7034766352634485, 1.611483308197031, 1.8551166991655044]
APTIDAO: 
87.80854484273176
GEN: 8100
Individuo: 
[1.7023334627011881, 1.8064400301270602, 2.169761263524987, 3.291092706395836, 1.076618968625482, 0.1404668480719777, 0.8594220933480098, 0.9076082865251759, 0.9986795126492545, 0.9930377558451727, 0.9230303345262204, 0.7190090624464938, 2.733809943906436, 1.4902750585517277, 1.7034766352634485, 1.611483308197031, 1.8551166991655044]
APTIDAO: 
87.80837237081244
GEN: 8200
Individuo: 
[1.7023334627011881, 1.8064400301270602, 2.169761263524987, 3.3036301022786922, 1.076618968625482, 0.1404668480719777, 0.8594220933480098, 0.9076082865251759, 0.9986795126492545, 0.9930377558451727, 0.9230303345262204, 0.7190090624464938, 2.733809943906436, 1.4920196035685045, 1.704342207456012, 1.611483308197031, 1.8556525148745595]
APTIDAO: 
87.80571446987072
GEN: 8300
Individuo: 
[1.7023334627011881, 1.8064400301270602, 2.169761263524987, 3.3036301022786922, 1.076618968625482, 0.1404668480719777, 0.8612227617842755, 0.9076082865251759, 0.9986795126492545, 0.9930377558451727, 0.9230303345262204, 0.7190090624464938, 2.733809943906436, 1.4920196035685045, 1.704342207456012, 1.611483308197031, 1.8556525148745595]
APTIDAO: 
87.80532186304016
GEN: 8400
Individuo: 
[1.7023334627011881, 1.8064400301270602, 2.1485141718340266, 3.3036301022786922, 1.076618968625482, 0.1404668480719777, 0.8612227617842755, 0.9076082865251759, 0.9986795126492545, 0.9930377558451727, 0.9230303345262204, 0.7190090624464938, 2.733809943906436, 1.4920196035685045, 1.704342207456012, 1.611483308197031, 1.8556525148745595]
APTIDAO: 
87.80499832530354
GEN: 8500
Individuo: 
[1.7023334627011881, 1.8064400301270602, 2.1673880757236477, 3.3036301022786922, 1.076618968625482, 0.1404668480719777, 0.8612227617842755, 0.9076082865251759, 0.9986795126492545, 0.9930377558451727, 0.9252778395378792, 0.7190090624464938, 2.733809943906436, 1.4920196035685045, 1.704342207456012, 1.611483308197031, 1.8556525148745595]
APTIDAO: 
87.80496955802143
GEN: 8600
Individuo: 
[1.7023334627011881, 1.8064400301270602, 2.1266365379270873, 3.3036301022786922, 1.076618968625482, 0.1404668480719777, 0.8612227617842755, 0.9076082865251759, 0.9986795126492545, 0.9930377558451727, 0.9252778395378792, 0.7190090624464938, 2.733809943906436, 1.4920196035685045, 1.704342207456012, 1.611483308197031, 1.8556525148745595]
APTIDAO: 
87.80476680131062
GEN: 8700
Individuo: 
[1.7023334627011881, 1.8064400301270602, 2.1266365379270873, 3.3036301022786922, 1.076618968625482, 0.1404668480719777, 0.8612227617842755, 0.9076082865251759, 0.9986795126492545, 0.9930377558451727, 0.9252778395378792, 0.7190090624464938, 2.733809943906436, 1.4920196035685045, 1.704342207456012, 1.611483308197031, 1.8556525148745595]
APTIDAO: 
87.80476680131062
GEN: 8800
Individuo: 
[1.7023334627011881, 1.8064400301270602, 2.1266365379270873, 3.3036301022786922, 1.076618968625482, 0.1404668480719777, 0.8612227617842755, 0.9076082865251759, 0.9986795126492545, 0.9930377558451727, 0.9252778395378792, 0.7190090624464938, 2.733809943906436, 1.4920196035685045, 1.704342207456012, 1.611483308197031, 1.8556525148745595]
APTIDAO: 
87.80476680131062
GEN: 8900
Individuo: 
[1.7023334627011881, 1.8064400301270602, 2.1534104614220486, 3.3036301022786922, 1.076618968625482, 0.1404668480719777, 0.8612227617842755, 0.9076082865251759, 0.9986795126492545, 0.9930377558451727, 0.9252778395378792, 0.7190090624464938, 2.733809943906436, 1.4920196035685045, 1.704342207456012, 1.611483308197031, 1.8556525148745595]
APTIDAO: 
87.80454455264905
GEN: 9000
Individuo: 
[1.7023334627011881, 1.8064400301270602, 2.1534104614220486, 3.3036301022786922, 1.076618968625482, 0.1404668480719777, 0.8612227617842755, 0.9076082865251759, 0.9986795126492545, 0.9953787573335529, 0.9252778395378792, 0.7190090624464938, 2.733809943906436, 1.4920196035685045, 1.705728756627994, 1.611483308197031, 1.8556525148745595]
APTIDAO: 
87.80304366802537
GEN: 9100
Individuo: 
[1.7023334627011881, 1.8064400301270602, 2.1534104614220486, 3.3036301022786922, 1.076618968625482, 0.1404668480719777, 0.8612227617842755, 0.9076082865251759, 0.9986795126492545, 0.9950842279640123, 0.9252778395378792, 0.7190090624464938, 2.733809943906436, 1.4920196035685045, 1.705728756627994, 1.611483308197031, 1.8556525148745595]
APTIDAO: 
87.80303436803771
GEN: 9200
Individuo: 
[1.7023334627011881, 1.8064400301270602, 2.1534104614220486, 3.3036301022786922, 1.076618968625482, 0.1404668480719777, 0.8612227617842755, 0.9076082865251759, 0.9986795126492545, 0.9950842279640123, 0.9252778395378792, 0.7190090624464938, 2.733809943906436, 1.4920196035685045, 1.705728756627994, 1.611483308197031, 1.8556525148745595]
APTIDAO: 
87.80303436803771
GEN: 9300
Individuo: 
[1.7023334627011881, 1.8064400301270602, 2.1534104614220486, 3.3036301022786922, 1.076618968625482, 0.1404668480719777, 0.8612227617842755, 0.9076082865251759, 0.9986795126492545, 0.9950842279640123, 0.9252778395378792, 0.7190090624464938, 2.733809943906436, 1.4920196035685045, 1.705728756627994, 1.611483308197031, 1.8556525148745595]
APTIDAO: 
87.80303436803771
GEN: 9400
Individuo: 
[1.7023334627011881, 1.8064400301270602, 2.1534104614220486, 3.3036301022786922, 1.076618968625482, 0.1404668480719777, 0.86015012112606, 0.9076082865251759, 0.9986795126492545, 0.9950842279640123, 0.9252778395378792, 0.7190090624464938, 2.72964088166241, 1.4920196035685045, 1.705728756627994, 1.611483308197031, 1.8556525148745595]
APTIDAO: 
87.80128591076902
GEN: 9500
Individuo: 
[1.7023334627011881, 1.8064400301270602, 2.1534104614220486, 3.3036301022786922, 1.076618968625482, 0.1404668480719777, 0.86015012112606, 0.9076082865251759, 0.9986795126492545, 0.9950842279640123, 0.9252778395378792, 0.7190090624464938, 2.72964088166241, 1.4920196035685045, 1.705728756627994, 1.611483308197031, 1.8556525148745595]
APTIDAO: 
87.80128591076902
GEN: 9600
Individuo: 
[1.7023334627011881, 1.8064400301270602, 2.1534104614220486, 3.3036301022786922, 1.076618968625482, 0.1404668480719777, 0.86015012112606, 0.9076082865251759, 0.9986795126492545, 0.9950842279640123, 0.9252778395378792, 0.7190090624464938, 2.72964088166241, 1.4920196035685045, 1.705728756627994, 1.611483308197031, 1.8556525148745595]
APTIDAO: 
87.80128591076902
GEN: 9700
Individuo: 
[1.7023334627011881, 1.8064400301270602, 2.1534104614220486, 3.3036301022786922, 1.076618968625482, 0.1404668480719777, 0.86015012112606, 0.9076082865251759, 0.9986795126492545, 0.9950842279640123, 0.9252778395378792, 0.7190090624464938, 2.72964088166241, 1.4920196035685045, 1.705728756627994, 1.611483308197031, 1.8556525148745595]
APTIDAO: 
87.80128591076902
GEN: 9800
Individuo: 
[1.7023334627011881, 1.8064400301270602, 2.1534104614220486, 3.3036301022786922, 1.076618968625482, 0.1404668480719777, 0.86015012112606, 0.9076082865251759, 0.9986795126492545, 0.9950842279640123, 0.9252778395378792, 0.7190090624464938, 2.72964088166241, 1.4920196035685045, 1.705728756627994, 1.611483308197031, 1.8556525148745595]
APTIDAO: 
87.80128591076902
GEN: 9900
Individuo: 
[1.7023334627011881, 1.8064400301270602, 2.1534104614220486, 3.3036301022786922, 1.076618968625482, 0.1404668480719777, 0.86015012112606, 0.9076082865251759, 0.9986795126492545, 0.9950842279640123, 0.9252778395378792, 0.7190090624464938, 2.72964088166241, 1.4920196035685045, 1.705728756627994, 1.611483308197031, 1.8556525148745595]
APTIDAO: 
87.80128591076902
GEN: 10000
Individuo: 
[1.7023334627011881, 1.8064400301270602, 2.1534104614220486, 3.3036301022786922, 1.076618968625482, 0.1404668480719777, 0.86015012112606, 0.9076082865251759, 0.9986795126492545, 0.9972935861148762, 0.9252778395378792, 0.7190090624464938, 2.72964088166241, 1.4920196035685045, 1.705728756627994, 1.611483308197031, 1.8556525148745595]
APTIDAO: 
87.8011166977217

--- RESULTADO FINAL ---
Erro (norma-1): 87.8011166977217
Parâmetros: [1.7023334627011881, 1.8064400301270602, 2.1534104614220486, 3.3036301022786922, 1.076618968625482, 0.1404668480719777, 0.86015012112606, 0.9076082865251759, 0.9986795126492545, 0.9972935861148762, 0.9252778395378792, 0.7190090624464938, 2.72964088166241, 1.4920196035685045, 1.705728756627994, 1.611483308197031, 1.8556525148745595]
Tempo total: 00h 29m 36s
