SEED: 1778490666
METODO: ES_MM
IND_SIZE: 17
GEN: 0
Individuo: 
[2.5219527690406762, 1.1307965620785314, 0.3246045183550536, 3.768761389389929, 2.1628106025651963, 0.04759139044731392, 0.6373111273303314, 0.5311163077634391, 0.1778800770114532, 0.568498091164629, 0.8617974453160034, 0.32667773166203967, 2.7901987158144865, 1.5331905848688552, 4.3725012613952075, 7.787008001953745, 2.0945221316764986]
APTIDAO: 
519.820436678573
GEN: 100
Individuo: 
[1.1007355262916816, 1.1307965620785314, 3.0465188102360994, 4.484679054123625, 0.8936659360421433, 0.40767513628222796, 0.8781393854857574, 0.8002629729025657, 0.9227293150643429, 0.372358391754896, 0.8617974453160034, 0.34639600855266195, 1.3131577225151794, 1.5192937090085392, 1.5541437320104834, 1.5278556020624916, 1.1127060118647194]
APTIDAO: 
90.61983753097404
GEN: 200
Individuo: 
[1.1993313914743944, 1.944014538206262, 2.440021906671402, 4.1902970511998365, 0.8936659360421433, 0.40940714922888566, 0.8781393854857574, 0.8002629729025657, 0.9246776552020277, 0.372358391754896, 0.8617974453160034, 0.34639600855266195, 1.3131577225151794, 1.5192937090085392, 1.5541437320104834, 1.5278556020624916, 1.1127060118647194]
APTIDAO: 
89.90391495679283
GEN: 300
Individuo: 
[1.4388770683117953, 1.6500938421977263, 2.5422491710883635, 4.17653403518349, 0.8936659360421433, 0.40036325433309294, 0.9869775487040475, 0.8002629729025657, 0.9246776552020277, 0.372358391754896, 0.8617974453160034, 0.3261396830591166, 1.4196777343256326, 1.5192937090085392, 1.5541437320104834, 1.5278556020624916, 1.1127060118647194]
APTIDAO: 
89.57895940784555
GEN: 400
Individuo: 
[1.5263623409141078, 1.6182976773082076, 2.5422491710883635, 3.7053900484165037, 0.8936659360421433, 0.40036325433309294, 0.9869775487040475, 0.8002629729025657, 0.9246776552020277, 0.8904756076992777, 0.8617974453160034, 0.3261396830591166, 1.476129070503556, 1.5192937090085392, 1.5541437320104834, 1.5278556020624916, 1.3827069330417356]
APTIDAO: 
89.20007838707167
GEN: 500
Individuo: 
[1.4238052296401316, 1.6182976773082076, 2.3584297492440767, 4.028293953961067, 0.9271165794504964, 0.3738138070047819, 0.9869775487040475, 0.8002629729025657, 0.9246776552020277, 0.8904756076992777, 0.8617974453160034, 0.3261396830591166, 1.476129070503556, 1.5192937090085392, 1.5541437320104834, 1.5278556020624916, 1.4035327428276503]
APTIDAO: 
89.15620365159725
GEN: 600
Individuo: 
[1.4654787324326826, 1.6484458025418556, 2.3584297492440767, 4.100666692770489, 0.9271165794504964, 0.36374559232326537, 0.9857411319217688, 0.8002629729025657, 0.9246776552020277, 0.9320074805483217, 0.8597609183802077, 0.3261396830591166, 1.5387054395020694, 1.5491969521740494, 1.5541437320104834, 1.5278556020624916, 1.410164882882425]
APTIDAO: 
89.06031727621144
GEN: 700
Individuo: 
[1.4654787324326826, 1.6484458025418556, 2.3584297492440767, 4.23839880030078, 0.9353509390660629, 0.3452157530616889, 0.9857411319217688, 0.8002629729025657, 0.9246776552020277, 0.9320074805483217, 0.8597609183802077, 0.3261396830591166, 1.5855769313632866, 1.5491969521740494, 1.5541437320104834, 1.5278556020624916, 1.4147348443584982]
APTIDAO: 
88.99499777823075
GEN: 800
Individuo: 
[1.4654787324326826, 1.6484458025418556, 2.3584297492440767, 4.23839880030078, 0.9353509390660629, 0.30843897217661664, 0.9898265252602533, 0.8002629729025657, 0.97115744634325, 0.9475344368941049, 0.8597609183802077, 0.3261396830591166, 1.6397100860064695, 1.5491969521740494, 1.5684951201838364, 1.5709808134574703, 1.4147348443584982]
APTIDAO: 
88.86961250205214
GEN: 900
Individuo: 
[1.495174120828092, 1.6484458025418556, 2.3584297492440767, 4.23839880030078, 0.9353509390660629, 0.30843897217661664, 0.9898265252602533, 0.8177104459589005, 0.97115744634325, 0.9614038173663658, 0.8597609183802077, 0.3261396830591166, 1.7206350175212004, 1.5491969521740494, 1.5684951201838364, 1.555756617878469, 1.4437457318741924]
APTIDAO: 
88.79407905231595
GEN: 1000
Individuo: 
[1.495174120828092, 1.6484458025418556, 2.3584297492440767, 4.23839880030078, 0.9353509390660629, 0.3011102194524733, 0.9898265252602533, 0.8177104459589005, 0.97115744634325, 0.7203889826464424, 0.8597609183802077, 0.42977195558348247, 1.72234005886037, 1.5491969521740494, 1.5684951201838364, 1.555756617878469, 1.4437457318741924]
APTIDAO: 
88.77458633448722
GEN: 1100
Individuo: 
[1.495174120828092, 1.6484458025418556, 2.3584297492440767, 4.23839880030078, 0.9683662232662142, 0.3011102194524733, 0.9898265252602533, 0.8177104459589005, 0.97115744634325, 0.768206787797721, 0.8597609183802077, 0.42977195558348247, 1.72234005886037, 1.5491969521740494, 1.6120367953375132, 1.579360670726421, 1.4437457318741924]
APTIDAO: 
88.7389134432567
GEN: 1200
Individuo: 
[1.4739751151806486, 1.6484458025418556, 2.3584297492440767, 4.004254100757514, 0.9683662232662142, 0.28567522775790033, 0.9898265252602533, 0.8177104459589005, 0.97115744634325, 0.7886104946968223, 0.8597609183802077, 0.42977195558348247, 1.7339081186167877, 1.5491969521740494, 1.6120367953375132, 1.579360670726421, 1.4437457318741924]
APTIDAO: 
88.69744168039641
GEN: 1300
Individuo: 
[1.4739751151806486, 1.754949516019414, 2.3584297492440767, 3.9235384971348264, 0.9683662232662142, 0.28567522775790033, 0.9898265252602533, 0.8177104459589005, 0.9909388540152095, 0.7886104946968223, 0.8597609183802077, 0.4234680455732898, 1.7339081186167877, 1.5491969521740494, 1.6334066072392543, 1.579360670726421, 1.4437457318741924]
APTIDAO: 
88.67571012483198
GEN: 1400
Individuo: 
[1.4739751151806486, 1.7125031350082651, 2.3525043698664105, 3.9235384971348264, 0.9683662232662142, 0.29522054856043656, 0.9948272052874735, 0.8571636131745278, 0.9909388540152095, 0.7886104946968223, 0.8597609183802077, 0.48348006329347193, 1.7339081186167877, 1.5491969521740494, 1.6334066072392543, 1.579360670726421, 1.5125615704988078]
APTIDAO: 
88.5942339995745
GEN: 1500
Individuo: 
[1.4739751151806486, 1.7125031350082651, 2.3525043698664105, 3.9235384971348264, 0.9683662232662142, 0.29522054856043656, 0.9953283650646372, 0.8549216020394799, 0.9909388540152095, 0.7886104946968223, 0.8581889893615188, 0.48348006329347193, 1.7339081186167877, 1.5491969521740494, 1.6334066072392543, 1.579360670726421, 1.5125615704988078]
APTIDAO: 
88.59172160581694
GEN: 1600
Individuo: 
[1.4739751151806486, 1.7125031350082651, 2.3525043698664105, 3.9369052486301923, 0.9683662232662142, 0.29522054856043656, 0.9953283650646372, 0.8549216020394799, 0.9909388540152095, 0.795479132543469, 0.8581889893615188, 0.48348006329347193, 1.7339081186167877, 1.5491969521740494, 1.6334066072392543, 1.579360670726421, 1.5168225837878329]
APTIDAO: 
88.5874847595216
GEN: 1700
Individuo: 
[1.4739751151806486, 1.9042815516849378, 2.3525043698664105, 4.023880230387959, 0.9810974145370415, 0.29522054856043656, 0.9953283650646372, 0.8549216020394799, 0.9909388540152095, 0.981124097996948, 0.8581889893615188, 0.48348006329347193, 1.7632241256226093, 1.5704728522456153, 1.6515442220261702, 1.579360670726421, 1.6605028395477905]
APTIDAO: 
88.42216916866086
GEN: 1800
Individuo: 
[1.4739751151806486, 1.8722449991455925, 2.3525043698664105, 4.116281756257142, 0.9810974145370415, 0.2867432371426547, 0.9953283650646372, 0.886628151253915, 0.9920943095014813, 0.981124097996948, 0.8581889893615188, 0.48506148444631636, 1.7632241256226093, 1.6295183796500534, 1.6515442220261702, 1.579360670726421, 1.6605028395477905]
APTIDAO: 
88.39329784645327
GEN: 1900
Individuo: 
[1.4739751151806486, 1.8722449991455925, 2.3525043698664105, 4.116281756257142, 1.00946287965013, 0.27678000254220003, 0.9953283650646372, 0.886628151253915, 0.9920943095014813, 0.9918587310536756, 0.8581889893615188, 0.4862311495945157, 1.7632241256226093, 1.6295183796500534, 1.6515442220261702, 1.5972760472926537, 1.6605028395477905]
APTIDAO: 
88.36094743070608
GEN: 2000
Individuo: 
[1.4739751151806486, 1.8722449991455925, 2.3525043698664105, 4.116281756257142, 1.00946287965013, 0.2669409503695715, 0.9953283650646372, 0.886628151253915, 0.9920943095014813, 0.9918587310536756, 0.8581889893615188, 0.4862311495945157, 1.8157077106377233, 1.631631971848718, 1.6515442220261702, 1.5972760472926537, 1.6605028395477905]
APTIDAO: 
88.31014427458773
GEN: 2100
Individuo: 
[1.4739751151806486, 1.8598344731947838, 2.3525043698664105, 4.116281756257142, 1.00946287965013, 0.2669409503695715, 0.9953283650646372, 0.876772422392999, 0.9920943095014813, 0.9918587310536756, 0.8022369930167785, 0.6294005070377081, 1.8157077106377233, 1.631631971848718, 1.6515442220261702, 1.5972760472926537, 1.6955774775285124]
APTIDAO: 
88.27387856120058
GEN: 2200
Individuo: 
[1.4739751151806486, 1.8598344731947838, 2.2595292599269676, 4.079996416272501, 1.00946287965013, 0.2669409503695715, 0.9953283650646372, 0.876772422392999, 0.9947369660584872, 0.9918587310536756, 0.8022369930167785, 0.6178623321156806, 1.8330988816598088, 1.6179012947326408, 1.6515442220261702, 1.5972760472926537, 1.6955774775285124]
APTIDAO: 
88.25885313421179
GEN: 2300
Individuo: 
[1.4739751151806486, 1.8598344731947838, 2.2595292599269676, 3.659886584871086, 1.00946287965013, 0.25698059392426925, 0.9953283650646372, 0.876772422392999, 0.9947369660584872, 0.9918587310536756, 0.8022369930167785, 0.6665531933000959, 1.8330988816598088, 1.6179012947326408, 1.6515442220261702, 1.5972760472926537, 1.7170863362975308]
APTIDAO: 
88.24073450873118
GEN: 2400
Individuo: 
[1.4411896185259336, 1.8598344731947838, 2.3957613457221827, 3.659886584871086, 1.0460264114162081, 0.2532100211601887, 0.9953283650646372, 0.876772422392999, 0.9947369660584872, 0.9918587310536756, 0.8022369930167785, 0.6790773702554733, 1.8330988816598088, 1.6179012947326408, 1.6515442220261702, 1.5972760472926537, 1.7170863362975308]
APTIDAO: 
88.22268468159405
GEN: 2500
Individuo: 
[1.4411896185259336, 1.885058680554483, 2.4224049592931522, 3.659886584871086, 1.0460264114162081, 0.2532100211601887, 0.9953283650646372, 0.876772422392999, 0.9947369660584872, 0.9958048097942117, 0.8022369930167785, 0.6790773702554733, 1.8613473535768281, 1.6179012947326408, 1.6515442220261702, 1.5972760472926537, 1.7170863362975308]
APTIDAO: 
88.20638668928267
GEN: 2600
Individuo: 
[1.4411896185259336, 1.885058680554483, 2.4224049592931522, 3.659886584871086, 1.0460264114162081, 0.24377349651578514, 0.9953283650646372, 0.876772422392999, 0.9947369660584872, 0.993294319158386, 0.8022369930167785, 0.6790773702554733, 1.8858296878940966, 1.6179012947326408, 1.6515442220261702, 1.5972760472926537, 1.7170863362975308]
APTIDAO: 
88.17239985845953
GEN: 2700
Individuo: 
[1.4411896185259336, 1.885058680554483, 2.3840893212058876, 3.659886584871086, 1.0460264114162081, 0.24377349651578514, 0.9953283650646372, 0.876772422392999, 0.9947369660584872, 0.993294319158386, 0.8022369930167785, 0.6790773702554733, 1.8858296878940966, 1.6183785992231878, 1.6515442220261702, 1.5972760472926537, 1.7170863362975308]
APTIDAO: 
88.17200311696375
GEN: 2800
Individuo: 
[1.4411896185259336, 1.885058680554483, 2.3840893212058876, 3.698206622471328, 1.0460264114162081, 0.24186850376274416, 0.9953283650646372, 0.9356620348253868, 0.9947369660584872, 0.993294319158386, 0.8022369930167785, 0.6790773702554733, 1.9152309079192988, 1.6183785992231878, 1.7394687106167714, 1.5972760472926537, 1.7170863362975308]
APTIDAO: 
88.10207531732465
GEN: 2900
Individuo: 
[1.4411896185259336, 1.885058680554483, 2.3840893212058876, 3.698206622471328, 1.0460264114162081, 0.24186850376274416, 0.9953283650646372, 0.9364191074963972, 0.9947369660584872, 0.993294319158386, 0.8022369930167785, 0.6790773702554733, 1.9152309079192988, 1.6183785992231878, 1.7394687106167714, 1.5803449780001482, 1.7410191005018372]
APTIDAO: 
88.08808768775822
GEN: 3000
Individuo: 
[1.4411896185259336, 1.9131047114799682, 2.3840893212058876, 3.698206622471328, 1.0460264114162081, 0.24050166097963277, 0.9966976693468426, 0.9549760553294504, 0.9947369660584872, 0.993294319158386, 0.8022369930167785, 0.6790773702554733, 1.9152309079192988, 1.6183785992231878, 1.7394687106167714, 1.5803449780001482, 1.7410191005018372]
APTIDAO: 
88.08058789558851
GEN: 3100
Individuo: 
[1.4411896185259336, 1.8954749248229417, 2.3840893212058876, 3.698206622471328, 1.0460264114162081, 0.24050166097963277, 0.9976593641043147, 0.9735802179682298, 0.9947369660584872, 0.993294319158386, 0.8022369930167785, 0.6790773702554733, 1.9152309079192988, 1.6183785992231878, 1.7774068966245364, 1.5803449780001482, 1.7410191005018372]
APTIDAO: 
88.05783844009267
GEN: 3200
Individuo: 
[1.4411896185259336, 1.8954749248229417, 2.3840893212058876, 3.698206622471328, 1.0460264114162081, 0.24050166097963277, 0.9976593641043147, 0.9735802179682298, 0.9981243992657923, 0.993294319158386, 0.8022369930167785, 0.6790773702554733, 1.9152309079192988, 1.6183785992231878, 1.7774068966245364, 1.5803449780001482, 1.7410191005018372]
APTIDAO: 
88.05475596791526
GEN: 3300
Individuo: 
[1.4411896185259336, 1.8954749248229417, 2.3840893212058876, 3.698206622471328, 1.0460264114162081, 0.24050166097963277, 0.9976593641043147, 0.9786603196174699, 0.9981243992657923, 0.993294319158386, 0.8022369930167785, 0.6790773702554733, 1.9152309079192988, 1.6183785992231878, 1.7774068966245364, 1.5803449780001482, 1.7410191005018372]
APTIDAO: 
88.05336611970178
GEN: 3400
Individuo: 
[1.4411896185259336, 1.8954749248229417, 2.372894330371273, 3.732777760861075, 1.0460264114162081, 0.24050166097963277, 0.9976593641043147, 0.9786603196174699, 0.9981243992657923, 0.993294319158386, 0.8022369930167785, 0.6790773702554733, 1.9338443190075392, 1.6183785992231878, 1.7774068966245364, 1.5803449780001482, 1.7531090221884285]
APTIDAO: 
88.03414338425148
GEN: 3500
Individuo: 
[1.4411896185259336, 1.8954749248229417, 2.372894330371273, 3.732777760861075, 1.0460264114162081, 0.24050166097963277, 0.9976593641043147, 0.9786603196174699, 0.9981243992657923, 0.993294319158386, 0.8022369930167785, 0.6790773702554733, 1.9338443190075392, 1.6223912640245788, 1.7774068966245364, 1.5803449780001482, 1.7531090221884285]
APTIDAO: 
88.03404562024423
GEN: 3600
Individuo: 
[1.4411896185259336, 1.8954749248229417, 2.372894330371273, 3.732777760861075, 1.0460264114162081, 0.24050166097963277, 0.9976593641043147, 0.9786603196174699, 0.9981243992657923, 0.9958925245794213, 0.8022369930167785, 0.6790773702554733, 1.9338443190075392, 1.6223912640245788, 1.7774068966245364, 1.5803449780001482, 1.7531090221884285]
APTIDAO: 
88.03297596209559
GEN: 3700
Individuo: 
[1.4411896185259336, 1.8954749248229417, 2.372894330371273, 3.8030137405703526, 1.0460264114162081, 0.23783306436612892, 0.9976593641043147, 0.9786603196174699, 0.9981243992657923, 0.9958925245794213, 0.8022369930167785, 0.6862565200779993, 1.9338443190075392, 1.6223912640245788, 1.7774068966245364, 1.5803449780001482, 1.7531090221884285]
APTIDAO: 
88.02294571071306
GEN: 3800
Individuo: 
[1.4411896185259336, 1.8954749248229417, 2.372894330371273, 3.8030137405703526, 1.0460264114162081, 0.23783306436612892, 0.9976593641043147, 0.9786603196174699, 0.9981243992657923, 0.9958925245794213, 0.8036896313375611, 0.6862565200779993, 1.9338443190075392, 1.6223912640245788, 1.7774068966245364, 1.5803449780001482, 1.7531090221884285]
APTIDAO: 
88.02262116385732
GEN: 3900
Individuo: 
[1.4411896185259336, 1.8954749248229417, 2.3167016775781133, 3.8780483157704975, 1.0460264114162081, 0.23783306436612892, 0.9976593641043147, 0.9786603196174699, 0.9981243992657923, 0.9958925245794213, 0.8036896313375611, 0.6862565200779993, 1.9338443190075392, 1.6223912640245788, 1.782521219784751, 1.5870357432215603, 1.7531090221884285]
APTIDAO: 
88.0170653213709
GEN: 4000
Individuo: 
[1.4388725752861118, 1.8954749248229417, 2.3167016775781133, 3.8780483157704975, 1.0460264114162081, 0.23783306436612892, 0.9976593641043147, 0.9786603196174699, 0.9981243992657923, 0.9958925245794213, 0.8036896313375611, 0.6906223983175186, 1.9338443190075392, 1.6223912640245788, 1.794149314924131, 1.5870357432215603, 1.7531090221884285]
APTIDAO: 
88.01614644579175
GEN: 4100
Individuo: 
[1.4386804364824852, 1.8954749248229417, 2.3167016775781133, 3.897392745914379, 1.0460264114162081, 0.23783306436612892, 0.9976593641043147, 0.9786603196174699, 0.9981243992657923, 0.9958925245794213, 0.8036896313375611, 0.6906223983175186, 1.9338443190075392, 1.6223912640245788, 1.794149314924131, 1.5870357432215603, 1.7742039482971048]
APTIDAO: 
88.01168107098034
GEN: 4200
Individuo: 
[1.4386804364824852, 1.8954749248229417, 2.3554070730929584, 3.956470158838924, 1.0460264114162081, 0.23783306436612892, 0.9976593641043147, 0.9786603196174699, 0.9981243992657923, 0.9958925245794213, 0.8089365732411125, 0.6906223983175186, 1.9338443190075392, 1.6281891750557924, 1.794149314924131, 1.5870357432215603, 1.7742039482971048]
APTIDAO: 
88.00154560795335
GEN: 4300
Individuo: 
[1.4386804364824852, 1.8954749248229417, 2.3409276441924507, 3.956470158838924, 1.0460264114162081, 0.23783306436612892, 0.9976593641043147, 0.9786603196174699, 0.9981243992657923, 0.9958925245794213, 0.8114225619244667, 0.6906223983175186, 1.9338443190075392, 1.6281891750557924, 1.794149314924131, 1.5870357432215603, 1.782599367033107]
APTIDAO: 
87.99698766896464
GEN: 4400
Individuo: 
[1.4386804364824852, 1.8886755097833263, 2.3409276441924507, 3.956470158838924, 1.0460264114162081, 0.23783306436612892, 0.9976593641043147, 0.9826810635379531, 0.9981243992657923, 0.9958925245794213, 0.8114225619244667, 0.6906223983175186, 1.9338443190075392, 1.6281891750557924, 1.794149314924131, 1.5870357432215603, 1.782599367033107]
APTIDAO: 
87.99370110868541
GEN: 4500
Individuo: 
[1.4386804364824852, 1.8886755097833263, 2.3409276441924507, 3.956470158838924, 1.0460264114162081, 0.23783306436612892, 0.9976593641043147, 0.9826810635379531, 0.9981243992657923, 0.9958925245794213, 0.8114225619244667, 0.6906223983175186, 1.9338443190075392, 1.6281891750557924, 1.794149314924131, 1.5870357432215603, 1.782599367033107]
APTIDAO: 
87.99370110868541
GEN: 4600
Individuo: 
[1.4386804364824852, 1.8886755097833263, 2.3409276441924507, 3.956470158838924, 1.0460264114162081, 0.23783306436612892, 0.9976593641043147, 0.9826810635379531, 0.9981243992657923, 0.9958925245794213, 0.8114225619244667, 0.6912578177635834, 1.9338443190075392, 1.6281891750557924, 1.794149314924131, 1.5870357432215603, 1.782599367033107]
APTIDAO: 
87.99345279412991
GEN: 4700
Individuo: 
[1.4386804364824852, 1.8886755097833263, 2.322485403899278, 3.9579041228343335, 1.0460264114162081, 0.23783306436612892, 0.9976593641043147, 0.9826810635379531, 0.9981243992657923, 0.9958925245794213, 0.8114225619244667, 0.6912578177635834, 1.9338443190075392, 1.6281891750557924, 1.794149314924131, 1.5870357432215603, 1.782599367033107]
APTIDAO: 
87.99338107338093
GEN: 4800
Individuo: 
[1.4386804364824852, 1.8886755097833263, 2.2555544390853277, 3.9985193520907316, 1.0460264114162081, 0.23783306436612892, 0.9976593641043147, 0.9882593744155533, 0.9981243992657923, 0.9958925245794213, 0.8114225619244667, 0.6912578177635834, 1.9338443190075392, 1.6281891750557924, 1.794149314924131, 1.5870357432215603, 1.782599367033107]
APTIDAO: 
87.98846863152818
GEN: 4900
Individuo: 
[1.4333726404675384, 1.8886755097833263, 2.2751131065786807, 3.9985193520907316, 1.0460264114162081, 0.23783306436612892, 0.9976593641043147, 0.9882593744155533, 0.9981243992657923, 0.9970923967384778, 0.8114225619244667, 0.6912578177635834, 1.9338443190075392, 1.6281891750557924, 1.794149314924131, 1.5870357432215603, 1.782599367033107]
APTIDAO: 
87.98711440967053
GEN: 5000
Individuo: 
[1.4333726404675384, 1.8886755097833263, 2.2751131065786807, 3.9985193520907316, 1.0460264114162081, 0.23783306436612892, 0.9976593641043147, 0.9882593744155533, 0.9981243992657923, 0.9970923967384778, 0.8114225619244667, 0.6912578177635834, 1.9338443190075392, 1.6281891750557924, 1.794149314924131, 1.5870357432215603, 1.782599367033107]
APTIDAO: 
87.98711440967053
GEN: 5100
Individuo: 
[1.4333726404675384, 1.8886755097833263, 2.2751131065786807, 3.9985193520907316, 1.0460264114162081, 0.23783306436612892, 0.9976593641043147, 0.9882593744155533, 0.9981243992657923, 0.9970923967384778, 0.8114225619244667, 0.6912578177635834, 1.9338443190075392, 1.6281891750557924, 1.794149314924131, 1.5870357432215603, 1.782599367033107]
APTIDAO: 
87.98711440967053
GEN: 5200
Individuo: 
[1.4333726404675384, 1.8886755097833263, 2.2751131065786807, 3.9985193520907316, 1.0460264114162081, 0.23783306436612892, 0.9976593641043147, 0.9882593744155533, 0.9981243992657923, 0.9970923967384778, 0.8114225619244667, 0.6912578177635834, 1.9338443190075392, 1.6281891750557924, 1.794149314924131, 1.5870357432215603, 1.782599367033107]
APTIDAO: 
87.98711440967053
GEN: 5300
Individuo: 
[1.4333726404675384, 1.8886755097833263, 2.2751131065786807, 3.9985193520907316, 1.0460264114162081, 0.23783306436612892, 0.9976593641043147, 0.9882593744155533, 0.9981243992657923, 0.9970923967384778, 0.8114225619244667, 0.6912578177635834, 1.9338443190075392, 1.6281891750557924, 1.794149314924131, 1.5870357432215603, 1.782599367033107]
APTIDAO: 
87.98711440967053
GEN: 5400
Individuo: 
[1.4333726404675384, 1.8886755097833263, 2.2751131065786807, 3.9985193520907316, 1.0460264114162081, 0.23783306436612892, 0.9976593641043147, 0.9882593744155533, 0.9981243992657923, 0.9970923967384778, 0.8114225619244667, 0.6912578177635834, 1.9338443190075392, 1.630273625620575, 1.794149314924131, 1.5870357432215603, 1.782599367033107]
APTIDAO: 
87.98693182665907
GEN: 5500
Individuo: 
[1.4333726404675384, 1.8886755097833263, 2.2751131065786807, 3.9985193520907316, 1.0460264114162081, 0.23783306436612892, 0.9976593641043147, 0.9882593744155533, 0.9981243992657923, 0.9970923967384778, 0.8114225619244667, 0.6912578177635834, 1.9338443190075392, 1.630273625620575, 1.794149314924131, 1.5870357432215603, 1.782599367033107]
APTIDAO: 
87.98693182665907
GEN: 5600
Individuo: 
[1.4333726404675384, 1.8886755097833263, 2.2751131065786807, 3.9985193520907316, 1.055370463013519, 0.23783306436612892, 0.9976593641043147, 0.9882593744155533, 0.9981243992657923, 0.9970923967384778, 0.8114225619244667, 0.6912578177635834, 1.9338443190075392, 1.630273625620575, 1.794149314924131, 1.5870357432215603, 1.782599367033107]
APTIDAO: 
87.9854984212356
GEN: 5700
Individuo: 
[1.4333726404675384, 1.8886755097833263, 2.2751131065786807, 3.9985193520907316, 1.055370463013519, 0.23783306436612892, 0.9976593641043147, 0.9882593744155533, 0.9981243992657923, 0.9970923967384778, 0.8114225619244667, 0.6912578177635834, 1.9338443190075392, 1.630273625620575, 1.794149314924131, 1.5870357432215603, 1.782599367033107]
APTIDAO: 
87.9854984212356
GEN: 5800
Individuo: 
[1.4333726404675384, 1.8886755097833263, 2.2751131065786807, 3.9985193520907316, 1.055370463013519, 0.23783306436612892, 0.9976593641043147, 0.9882593744155533, 0.9981243992657923, 0.9970923967384778, 0.8114225619244667, 0.6912578177635834, 1.9338443190075392, 1.630273625620575, 1.794149314924131, 1.5870357432215603, 1.782599367033107]
APTIDAO: 
87.9854984212356
GEN: 5900
Individuo: 
[1.4333726404675384, 1.8886755097833263, 2.2751131065786807, 3.9985193520907316, 1.055370463013519, 0.23783306436612892, 0.9976593641043147, 0.9882593744155533, 0.9981243992657923, 0.9970923967384778, 0.8114225619244667, 0.6912578177635834, 1.9338443190075392, 1.630273625620575, 1.794149314924131, 1.5870357432215603, 1.782599367033107]
APTIDAO: 
87.9854984212356
GEN: 6000
Individuo: 
[1.4333726404675384, 1.8886755097833263, 2.2751131065786807, 3.9985193520907316, 1.055370463013519, 0.23783306436612892, 0.9976593641043147, 0.9882593744155533, 0.9981243992657923, 0.9970923967384778, 0.8114225619244667, 0.6912578177635834, 1.9338941158265412, 1.630273625620575, 1.794149314924131, 1.5870357432215603, 1.782599367033107]
APTIDAO: 
87.98545389931155
GEN: 6100
Individuo: 
[1.4333726404675384, 1.8886755097833263, 2.2751131065786807, 3.9985193520907316, 1.055370463013519, 0.23783306436612892, 0.9976593641043147, 0.9882593744155533, 0.9981243992657923, 0.9970923967384778, 0.8114225619244667, 0.6912578177635834, 1.9338941158265412, 1.630273625620575, 1.794149314924131, 1.5870357432215603, 1.782599367033107]
APTIDAO: 
87.98545389931155
GEN: 6200
Individuo: 
[1.4333726404675384, 1.8886755097833263, 2.259376161733741, 3.977456427833707, 1.0684058057110848, 0.23783306436612892, 0.9976593641043147, 0.9882593744155533, 0.9981243992657923, 0.9970923967384778, 0.8235655727230545, 0.8720354318939408, 1.93959865390765, 1.630273625620575, 1.794149314924131, 1.5870357432215603, 1.9456725990291426]
APTIDAO: 
87.92127467632275
GEN: 6300
Individuo: 
[1.4333726404675384, 1.8886755097833263, 2.259376161733741, 3.977456427833707, 1.0807695447249466, 0.23783306436612892, 0.9976593641043147, 0.9882593744155533, 0.9981243992657923, 0.9970923967384778, 0.8235655727230545, 0.8720354318939408, 1.93959865390765, 1.630273625620575, 1.794149314924131, 1.5870357432215603, 1.9456725990291426]
APTIDAO: 
87.91501890386962
GEN: 6400
Individuo: 
[1.4333726404675384, 1.8886755097833263, 2.259376161733741, 3.977456427833707, 1.0807695447249466, 0.23783306436612892, 0.9976593641043147, 0.9882593744155533, 0.9981243992657923, 0.9970923967384778, 0.8235655727230545, 0.8720354318939408, 1.93959865390765, 1.630273625620575, 1.794149314924131, 1.5870357432215603, 1.9456725990291426]
APTIDAO: 
87.91501890386962
GEN: 6500
Individuo: 
[1.4333726404675384, 1.8886755097833263, 2.259376161733741, 3.977456427833707, 1.0807695447249466, 0.23783306436612892, 0.9976593641043147, 0.9882593744155533, 0.9981243992657923, 0.9970923967384778, 0.8235655727230545, 0.8720354318939408, 1.93959865390765, 1.630273625620575, 1.794149314924131, 1.5870357432215603, 1.9456725990291426]
APTIDAO: 
87.91501890386962
GEN: 6600
Individuo: 
[1.4333726404675384, 1.8886755097833263, 2.259376161733741, 3.977456427833707, 1.0807695447249466, 0.23783306436612892, 0.9976593641043147, 0.9882593744155533, 0.9981243992657923, 0.9970923967384778, 0.8235655727230545, 0.8720354318939408, 1.93959865390765, 1.630273625620575, 1.794149314924131, 1.5870357432215603, 1.9456725990291426]
APTIDAO: 
87.91501890386962
GEN: 6700
Individuo: 
[1.4333726404675384, 1.8886755097833263, 2.259376161733741, 3.977456427833707, 1.0807695447249466, 0.23783306436612892, 0.9976593641043147, 0.9882593744155533, 0.9981243992657923, 0.9970923967384778, 0.8235655727230545, 0.8741057317252788, 1.93959865390765, 1.630273625620575, 1.794149314924131, 1.5870357432215603, 1.9456725990291426]
APTIDAO: 
87.91487196284339
GEN: 6800
Individuo: 
[1.4333726404675384, 1.8886755097833263, 2.259376161733741, 3.977456427833707, 1.0807695447249466, 0.23783306436612892, 0.9976593641043147, 0.9882593744155533, 0.9981243992657923, 0.9970923967384778, 0.8235655727230545, 0.8741057317252788, 1.93959865390765, 1.6300294085863198, 1.794149314924131, 1.5870357432215603, 1.9456725990291426]
APTIDAO: 
87.91481145521293
GEN: 6900
Individuo: 
[1.4333726404675384, 1.8886755097833263, 2.259376161733741, 3.977456427833707, 1.0807695447249466, 0.23783306436612892, 0.9976593641043147, 0.9882593744155533, 0.9981243992657923, 0.9970923967384778, 0.8235655727230545, 0.8741057317252788, 1.93959865390765, 1.6300294085863198, 1.794149314924131, 1.5870357432215603, 1.9456725990291426]
APTIDAO: 
87.91481145521293
GEN: 7000
Individuo: 
[1.4333726404675384, 1.8886755097833263, 2.259376161733741, 3.977456427833707, 1.0807695447249466, 0.23783306436612892, 0.9983656626451534, 0.9882593744155533, 0.9981243992657923, 0.9970923967384778, 0.8235655727230545, 0.8741057317252788, 1.93959865390765, 1.6300294085863198, 1.7983273773985684, 1.5870357432215603, 1.9456725990291426]
APTIDAO: 
87.91218120415078
GEN: 7100
Individuo: 
[1.4333726404675384, 1.8886755097833263, 2.259376161733741, 3.977456427833707, 1.0807695447249466, 0.23783306436612892, 0.9983656626451534, 0.9882593744155533, 0.9981243992657923, 0.9970923967384778, 0.8235655727230545, 0.8741057317252788, 1.93959865390765, 1.6300294085863198, 1.7983273773985684, 1.5870357432215603, 1.9456725990291426]
APTIDAO: 
87.91218120415078
GEN: 7200
Individuo: 
[1.4333726404675384, 1.8886755097833263, 2.259376161733741, 3.977456427833707, 1.0807695447249466, 0.23783306436612892, 0.9983656626451534, 0.9901609657991726, 0.9983896444693323, 0.9970923967384778, 0.8235655727230545, 0.8741057317252788, 1.93959865390765, 1.6300294085863198, 1.7983273773985684, 1.5870357432215603, 1.9456725990291426]
APTIDAO: 
87.91165743683733
GEN: 7300
Individuo: 
[1.4333726404675384, 1.8886755097833263, 2.250693524149807, 3.977456427833707, 1.0807695447249466, 0.23783306436612892, 0.9983656626451534, 0.9901609657991726, 0.9983896444693323, 0.9970923967384778, 0.8235655727230545, 0.8741057317252788, 1.93959865390765, 1.6300294085863198, 1.7986425291616523, 1.5870357432215603, 1.9456725990291426]
APTIDAO: 
87.91144881474487
GEN: 7400
Individuo: 
[1.4333726404675384, 1.8886755097833263, 2.250693524149807, 3.977456427833707, 1.0807695447249466, 0.23783306436612892, 0.9983656626451534, 0.9901609657991726, 0.9983896444693323, 0.9970923967384778, 0.8235655727230545, 0.8741057317252788, 1.93959865390765, 1.6300294085863198, 1.7986425291616523, 1.5870357432215603, 1.9456725990291426]
APTIDAO: 
87.91144881474487
GEN: 7500
Individuo: 
[1.4333726404675384, 1.8886755097833263, 2.250693524149807, 3.977456427833707, 1.0807695447249466, 0.23783306436612892, 0.9983656626451534, 0.9901609657991726, 0.9983896444693323, 0.9970923967384778, 0.824475670674538, 0.8741057317252788, 1.93959865390765, 1.6300294085863198, 1.7986425291616523, 1.5870357432215603, 1.9456725990291426]
APTIDAO: 
87.91047766824369
GEN: 7600
Individuo: 
[1.4333726404675384, 1.8886755097833263, 2.250693524149807, 3.977456427833707, 1.0807695447249466, 0.23783306436612892, 0.9983656626451534, 0.9901609657991726, 0.9983896444693323, 0.9970923967384778, 0.824475670674538, 0.8741057317252788, 1.93959865390765, 1.6300294085863198, 1.7993308595049087, 1.5870357432215603, 1.9456725990291426]
APTIDAO: 
87.9100534447226
GEN: 7700
Individuo: 
[1.4333726404675384, 1.8886755097833263, 2.250693524149807, 3.977456427833707, 1.0807695447249466, 0.23783306436612892, 0.9983656626451534, 0.9901609657991726, 0.9983896444693323, 0.9970923967384778, 0.824475670674538, 0.8741057317252788, 1.93959865390765, 1.6300294085863198, 1.7993308595049087, 1.5870357432215603, 1.9456725990291426]
APTIDAO: 
87.9100534447226
GEN: 7800
Individuo: 
[1.4333726404675384, 1.8886755097833263, 2.250693524149807, 3.977456427833707, 1.0807695447249466, 0.23783306436612892, 0.9983656626451534, 0.9901609657991726, 0.9983896444693323, 0.9970923967384778, 0.824475670674538, 0.8741057317252788, 1.93959865390765, 1.6300294085863198, 1.7993308595049087, 1.5870357432215603, 1.9456725990291426]
APTIDAO: 
87.9100534447226
GEN: 7900
Individuo: 
[1.4333726404675384, 1.8886755097833263, 2.250693524149807, 3.977456427833707, 1.0792640165606626, 0.23783306436612892, 0.9983656626451534, 0.9901609657991726, 0.9983896444693323, 0.9970923967384778, 0.824475670674538, 0.8741057317252788, 1.93959865390765, 1.6300294085863198, 1.7993308595049087, 1.5870357432215603, 1.9456725990291426]
APTIDAO: 
87.90987218844461
GEN: 8000
Individuo: 
[1.4333726404675384, 1.8886755097833263, 2.250693524149807, 3.977456427833707, 1.0792640165606626, 0.23783306436612892, 0.9983656626451534, 0.9901609657991726, 0.9983896444693323, 0.9970923967384778, 0.824475670674538, 0.8741057317252788, 1.93959865390765, 1.6300294085863198, 1.7993308595049087, 1.5870357432215603, 1.9456725990291426]
APTIDAO: 
87.90987218844461
GEN: 8100
Individuo: 
[1.4333726404675384, 1.8886755097833263, 2.250693524149807, 3.977456427833707, 1.0792640165606626, 0.23783306436612892, 0.9983656626451534, 0.9901609657991726, 0.9983896444693323, 0.9970923967384778, 0.824475670674538, 0.8741057317252788, 1.93959865390765, 1.6300294085863198, 1.7993308595049087, 1.5870357432215603, 1.9456725990291426]
APTIDAO: 
87.90987218844461
GEN: 8200
Individuo: 
[1.4333726404675384, 1.8886755097833263, 2.250693524149807, 3.977456427833707, 1.0792640165606626, 0.23783306436612892, 0.9983656626451534, 0.9901609657991726, 0.9983896444693323, 0.9970923967384778, 0.824475670674538, 0.8741057317252788, 1.93959865390765, 1.6300294085863198, 1.7993308595049087, 1.5870357432215603, 1.9456725990291426]
APTIDAO: 
87.90987218844461
GEN: 8300
Individuo: 
[1.4333726404675384, 1.8886755097833263, 2.250693524149807, 3.977456427833707, 1.0792640165606626, 0.23783306436612892, 0.9983656626451534, 0.9901609657991726, 0.9983896444693323, 0.9970923967384778, 0.824475670674538, 0.8741057317252788, 1.93959865390765, 1.6300294085863198, 1.7993308595049087, 1.5870357432215603, 1.9456725990291426]
APTIDAO: 
87.90987218844461
GEN: 8400
Individuo: 
[1.4333726404675384, 1.8886755097833263, 2.250693524149807, 3.977456427833707, 1.0792640165606626, 0.23783306436612892, 0.9983656626451534, 0.9901609657991726, 0.9983896444693323, 0.9970923967384778, 0.824475670674538, 0.8741057317252788, 1.93959865390765, 1.6300294085863198, 1.7993308595049087, 1.5870357432215603, 1.9456725990291426]
APTIDAO: 
87.90987218844461
GEN: 8500
Individuo: 
[1.4333726404675384, 1.8886755097833263, 2.250693524149807, 3.977456427833707, 1.0792640165606626, 0.23783306436612892, 0.9983656626451534, 0.9901609657991726, 0.9983896444693323, 0.9970923967384778, 0.824475670674538, 0.8741057317252788, 1.93959865390765, 1.6300294085863198, 1.7993308595049087, 1.5870357432215603, 1.9456725990291426]
APTIDAO: 
87.90987218844461
GEN: 8600
Individuo: 
[1.4333726404675384, 1.8886755097833263, 2.250693524149807, 3.977456427833707, 1.0792640165606626, 0.23783306436612892, 0.9983656626451534, 0.9901609657991726, 0.9983896444693323, 0.9970923967384778, 0.824475670674538, 0.8741057317252788, 1.93959865390765, 1.6300294085863198, 1.7993308595049087, 1.5870357432215603, 1.9456725990291426]
APTIDAO: 
87.90987218844461
GEN: 8700
Individuo: 
[1.4333726404675384, 1.8886755097833263, 2.250693524149807, 3.978945588548713, 1.0792640165606626, 0.23783306436612892, 0.9983656626451534, 0.9901609657991726, 0.9983896444693323, 0.9970923967384778, 0.824475670674538, 0.8741057317252788, 1.93959865390765, 1.6300294085863198, 1.7993308595049087, 1.5870357432215603, 1.9456725990291426]
APTIDAO: 
87.90986611585656
GEN: 8800
Individuo: 
[1.4333726404675384, 1.8886755097833263, 2.250693524149807, 3.978945588548713, 1.0792640165606626, 0.23779189600533482, 0.9983656626451534, 0.9901609657991726, 0.9983896444693323, 0.9970923967384778, 0.824475670674538, 0.8741057317252788, 1.93959865390765, 1.6300294085863198, 1.7993308595049087, 1.5870357432215603, 1.9456725990291426]
APTIDAO: 
87.90986104023496
GEN: 8900
Individuo: 
[1.4333726404675384, 1.8886755097833263, 2.250693524149807, 3.978945588548713, 1.0792640165606626, 0.23779189600533482, 0.9983656626451534, 0.9901609657991726, 0.9983896444693323, 0.9970923967384778, 0.824475670674538, 0.8743208225006859, 1.93959865390765, 1.6300294085863198, 1.7993308595049087, 1.5870357432215603, 1.9456725990291426]
APTIDAO: 
87.90981697790745
GEN: 9000
Individuo: 
[1.4333726404675384, 1.8886755097833263, 2.250693524149807, 3.978945588548713, 1.0792640165606626, 0.23779189600533482, 0.9983656626451534, 0.9901609657991726, 0.9983896444693323, 0.9970923967384778, 0.824475670674538, 0.8743208225006859, 1.93959865390765, 1.6300294085863198, 1.7993308595049087, 1.5870357432215603, 1.9456725990291426]
APTIDAO: 
87.90981697790745
GEN: 9100
Individuo: 
[1.4333726404675384, 1.8886755097833263, 2.250693524149807, 3.978945588548713, 1.0792640165606626, 0.23779189600533482, 0.9983656626451534, 0.9901609657991726, 0.9983896444693323, 0.9970923967384778, 0.824475670674538, 0.8743208225006859, 1.93959865390765, 1.6300294085863198, 1.7993308595049087, 1.5870357432215603, 1.9456725990291426]
APTIDAO: 
87.90981697790745
GEN: 9200
Individuo: 
[1.4333726404675384, 1.8886755097833263, 2.250693524149807, 3.978945588548713, 1.0792640165606626, 0.23779189600533482, 0.9983656626451534, 0.9901609657991726, 0.9983896444693323, 0.9970923967384778, 0.824475670674538, 0.8743208225006859, 1.93959865390765, 1.6300294085863198, 1.7993308595049087, 1.5870357432215603, 1.9456725990291426]
APTIDAO: 
87.90981697790745
GEN: 9300
Individuo: 
[1.4333726404675384, 1.8886755097833263, 2.250693524149807, 3.978945588548713, 1.0792640165606626, 0.23779189600533482, 0.9983656626451534, 0.9901609657991726, 0.9983896444693323, 0.9970923967384778, 0.824475670674538, 0.8743208225006859, 1.93959865390765, 1.6300294085863198, 1.7993308595049087, 1.5870357432215603, 1.9456725990291426]
APTIDAO: 
87.90981697790745
GEN: 9400
Individuo: 
[1.4333726404675384, 1.8886755097833263, 2.250693524149807, 3.978945588548713, 1.0792640165606626, 0.23779189600533482, 0.9983656626451534, 0.9901609657991726, 0.9983896444693323, 0.9970923967384778, 0.824475670674538, 0.8743208225006859, 1.93959865390765, 1.6300294085863198, 1.7993308595049087, 1.5870357432215603, 1.9456725990291426]
APTIDAO: 
87.90981697790745
GEN: 9500
Individuo: 
[1.4333726404675384, 1.8886755097833263, 2.250693524149807, 3.978945588548713, 1.0792640165606626, 0.23779189600533482, 0.9983656626451534, 0.9901609657991726, 0.9983896444693323, 0.9970923967384778, 0.824475670674538, 0.8743208225006859, 1.93959865390765, 1.6300294085863198, 1.7993308595049087, 1.5870357432215603, 1.9456725990291426]
APTIDAO: 
87.90981697790745
GEN: 9600
Individuo: 
[1.4333726404675384, 1.8886755097833263, 2.250693524149807, 3.978945588548713, 1.0792640165606626, 0.23779189600533482, 0.9983656626451534, 0.9901609657991726, 0.9983896444693323, 0.9970923967384778, 0.824475670674538, 0.8743208225006859, 1.93959865390765, 1.6300294085863198, 1.7993308595049087, 1.5870357432215603, 1.9456725990291426]
APTIDAO: 
87.90981697790745
GEN: 9700
Individuo: 
[1.4333726404675384, 1.8886755097833263, 2.2508022823834692, 3.978945588548713, 1.0792640165606626, 0.23779189600533482, 0.9983656626451534, 0.9901609657991726, 0.9983896444693323, 0.9970923967384778, 0.824475670674538, 0.8743208225006859, 1.93959865390765, 1.6300294085863198, 1.7993308595049087, 1.5870357432215603, 1.9456725990291426]
APTIDAO: 
87.9098169492909
GEN: 9800
Individuo: 
[1.4333726404675384, 1.8886755097833263, 2.2508022823834692, 3.978945588548713, 1.0792640165606626, 0.23779189600533482, 0.9983656626451534, 0.9901609657991726, 0.9983896444693323, 0.9970923967384778, 0.824475670674538, 0.8743208225006859, 1.93959865390765, 1.6300294085863198, 1.7993308595049087, 1.5870357432215603, 1.9456725990291426]
APTIDAO: 
87.9098169492909
GEN: 9900
Individuo: 
[1.4333726404675384, 1.8886755097833263, 2.2508022823834692, 3.978945588548713, 1.0792640165606626, 0.23779189600533482, 0.9983656626451534, 0.9901609657991726, 0.9983896444693323, 0.9970923967384778, 0.824475670674538, 0.8743208225006859, 1.93959865390765, 1.6300294085863198, 1.8013244622223616, 1.5870357432215603, 1.9456725990291426]
APTIDAO: 
87.90979582154604
GEN: 10000
Individuo: 
[1.4333726404675384, 1.8886755097833263, 2.2508022823834692, 3.978945588548713, 1.0792640165606626, 0.23779189600533482, 0.9983656626451534, 0.9901609657991726, 0.9983896444693323, 0.9970923967384778, 0.824475670674538, 0.8746860496651644, 1.93959865390765, 1.6300294085863198, 1.8013244622223616, 1.5870357432215603, 1.9456725990291426]
APTIDAO: 
87.90978100337796

--- RESULTADO FINAL ---
Erro (norma-1): 87.90978100337796
Parâmetros: [1.4333726404675384, 1.8886755097833263, 2.2508022823834692, 3.978945588548713, 1.0792640165606626, 0.23779189600533482, 0.9983656626451534, 0.9901609657991726, 0.9983896444693323, 0.9970923967384778, 0.824475670674538, 0.8746860496651644, 1.93959865390765, 1.6300294085863198, 1.8013244622223616, 1.5870357432215603, 1.9456725990291426]
Tempo total: 00h 29m 49s
