SEED: 1778663936
METODO: ES_MM
IND_SIZE: 17
GEN: 0
Individuo: 
[3.315419406815617, 4.71921698619141, 3.746758439144871, 2.2708650522327205, 3.139805449454024, 0.8742484925725803, 0.6108068198015163, 0.8778562136185784, 0.653835373696634, 0.7394824308255828, 0.749516836819612, 0.6356218149923367, 9.563942259834342, 1.709285047902907, 4.772668799624052, 2.47038054539947, 2.8743859120266233]
APTIDAO: 
626.867656917393
GEN: 100
Individuo: 
[0.9681223657435455, 1.8049262724972506, 2.803932205027979, 2.9681409916723442, 1.9055643636142294, 0.05067549170049077, 0.9711082130602537, 0.9972802227798092, 0.8473230730509627, 0.7003078866288096, 0.9025787202064377, 0.561922952874148, 6.374803411380953, 1.5267790046765508, 1.9656689666034368, 1.366590734691151, 1.506869763425488]
APTIDAO: 
89.12061151376683
GEN: 200
Individuo: 
[1.531897308507803, 1.8834284714346956, 2.288470518424079, 2.9681409916723442, 1.5966464203394306, 0.05067549170049077, 0.9711082130602537, 0.9972802227798092, 0.8473230730509627, 0.7003078866288096, 0.9025787202064377, 0.5284369886359234, 6.305632617591436, 1.588450048402189, 1.9656689666034368, 1.366590734691151, 1.506869763425488]
APTIDAO: 
88.15734931673347
GEN: 300
Individuo: 
[1.531897308507803, 1.7447221396393868, 2.3823646488538803, 2.7103286236993367, 1.5966464203394306, 0.05067549170049077, 0.9711082130602537, 0.9972802227798092, 0.8473230730509627, 0.7426623338126402, 0.9025787202064377, 0.9315785920599421, 6.305632617591436, 1.588450048402189, 1.8483328943022515, 1.3919898991466133, 1.7997287056302127]
APTIDAO: 
87.85288155923956
GEN: 400
Individuo: 
[1.531897308507803, 1.7447221396393868, 2.3823646488538803, 2.7103286236993367, 1.5665296873111647, 0.05067549170049077, 0.9711082130602537, 0.9972802227798092, 0.8473230730509627, 0.7426623338126402, 0.9025787202064377, 0.9315785920599421, 6.305632617591436, 1.588450048402189, 1.8483328943022515, 1.3919898991466133, 1.7997287056302127]
APTIDAO: 
87.83619177542269
GEN: 500
Individuo: 
[1.531897308507803, 1.7447221396393868, 2.3823646488538803, 2.919468273827552, 1.4809912502095828, 0.049866417157692196, 0.9711082130602537, 0.9972802227798092, 0.8473230730509627, 0.9745379772354099, 0.7919352399952223, 0.9336433902113752, 6.305632617591436, 1.588450048402189, 1.8483328943022515, 1.3919898991466133, 1.7997287056302127]
APTIDAO: 
87.75698084715027
GEN: 600
Individuo: 
[1.531897308507803, 1.7564380891327727, 2.3823646488538803, 2.919468273827552, 1.4809912502095828, 0.049866417157692196, 0.9724763609989029, 0.9972802227798092, 0.8473230730509627, 0.9745379772354099, 0.7919352399952223, 0.9336433902113752, 6.305632617591436, 1.588450048402189, 1.8483328943022515, 1.3919898991466133, 1.7997287056302127]
APTIDAO: 
87.75153101189323
GEN: 700
Individuo: 
[1.5848009146118534, 1.7564380891327727, 2.3823646488538803, 2.9647255537872437, 1.4201893756886057, 0.049866417157692196, 0.9724763609989029, 0.9972802227798092, 0.8473230730509627, 0.9745379772354099, 0.7919352399952223, 0.9336433902113752, 6.305632617591436, 1.588450048402189, 1.8483328943022515, 1.3919898991466133, 1.7997287056302127]
APTIDAO: 
87.72233623835078
GEN: 800
Individuo: 
[1.5848009146118534, 1.7886134103261242, 2.3823646488538803, 2.9029219989592336, 1.4117276551791373, 0.049866417157692196, 0.9724763609989029, 0.9972802227798092, 0.8473230730509627, 0.9745379772354099, 0.7919352399952223, 0.9336433902113752, 6.305632617591436, 1.588450048402189, 1.8483328943022515, 1.3919898991466133, 1.7997287056302127]
APTIDAO: 
87.71549723603917
GEN: 900
Individuo: 
[1.5848009146118534, 1.7886134103261242, 2.26573867166565, 2.9029219989592336, 1.4117276551791373, 0.049866417157692196, 0.9724763609989029, 0.9972802227798092, 0.8473230730509627, 0.974847834114828, 0.7919352399952223, 0.9336433902113752, 6.305632617591436, 1.588450048402189, 1.8475758784054923, 1.3919898991466133, 1.7997287056302127]
APTIDAO: 
87.70975340401623
GEN: 1000
Individuo: 
[1.7069254306541157, 1.7886134103261242, 2.26573867166565, 2.863282865951624, 1.3232724871224393, 0.049866417157692196, 0.9724763609989029, 0.9972802227798092, 0.8473230730509627, 0.9628884013738888, 0.7919352399952223, 0.9336433902113752, 6.305632617591436, 1.588450048402189, 1.8475758784054923, 1.3919898991466133, 1.7997287056302127]
APTIDAO: 
87.66989600222783
GEN: 1100
Individuo: 
[1.6452657021250454, 1.7886134103261242, 2.26573867166565, 2.861507140469182, 1.3799290224954874, 0.049866417157692196, 0.9851217026059109, 0.9972802227798092, 0.8473230730509627, 0.9628884013738888, 0.7919352399952223, 0.9336433902113752, 6.305632617591436, 1.588450048402189, 1.8475758784054923, 1.3919898991466133, 1.7997287056302127]
APTIDAO: 
87.68885748226361
GEN: 1200
Individuo: 
[1.6452657021250454, 1.7886134103261242, 2.26573867166565, 2.8451463628251608, 1.3799290224954874, 0.049866417157692196, 0.9851217026059109, 0.9972802227798092, 0.8473230730509627, 0.9628884013738888, 0.7919352399952223, 0.9249721383203785, 6.305632617591436, 1.588450048402189, 1.8475758784054923, 1.3919898991466133, 1.7997287056302127]
APTIDAO: 
87.6826281342657
GEN: 1300
Individuo: 
[1.6452657021250454, 1.7886134103261242, 2.26573867166565, 2.8451463628251608, 1.3799290224954874, 0.049866417157692196, 0.9851217026059109, 0.9972802227798092, 0.8473230730509627, 0.9628884013738888, 0.7919352399952223, 0.9249721383203785, 6.305632617591436, 1.588450048402189, 1.8475758784054923, 1.3919898991466133, 1.7997287056302127]
APTIDAO: 
87.6826281342657
GEN: 1400
Individuo: 
[1.6452657021250454, 1.7886134103261242, 2.26573867166565, 2.8451463628251608, 1.3449448023293473, 0.049866417157692196, 0.9851217026059109, 0.9972802227798092, 0.8473230730509627, 0.9628884013738888, 0.7919352399952223, 0.9249721383203785, 6.305632617591436, 1.588450048402189, 1.8475758784054923, 1.3919898991466133, 1.7997287056302127]
APTIDAO: 
87.68156395618504
GEN: 1500
Individuo: 
[1.649552658151983, 1.7886134103261242, 2.26573867166565, 2.8981855681286843, 1.3449448023293473, 0.049866417157692196, 0.9851217026059109, 0.9972802227798092, 0.8473230730509627, 0.9628884013738888, 0.7919352399952223, 0.9249721383203785, 6.305632617591436, 1.588450048402189, 1.8475758784054923, 1.3919898991466133, 1.7997287056302127]
APTIDAO: 
87.6728612163114
GEN: 1600
Individuo: 
[1.649552658151983, 1.7886134103261242, 2.26573867166565, 2.8981855681286843, 1.3449448023293473, 0.049866417157692196, 0.9851217026059109, 0.9972802227798092, 0.8473230730509627, 0.9628884013738888, 0.7919352399952223, 0.9249721383203785, 6.305632617591436, 1.588450048402189, 1.8475758784054923, 1.3919898991466133, 1.7997287056302127]
APTIDAO: 
87.6728612163114
GEN: 1700
Individuo: 
[1.649552658151983, 1.795617132558158, 2.262187322518087, 2.8981855681286843, 1.3449448023293473, 0.049866417157692196, 0.9851217026059109, 0.9972802227798092, 0.8473230730509627, 0.9628884013738888, 0.7919352399952223, 0.9249721383203785, 6.305632617591436, 1.588450048402189, 1.8475758784054923, 1.3919898991466133, 1.7997287056302127]
APTIDAO: 
87.67211406997914
GEN: 1800
Individuo: 
[1.649552658151983, 1.795617132558158, 2.262187322518087, 2.8981855681286843, 1.3449448023293473, 0.049866417157692196, 0.9851217026059109, 0.9972802227798092, 0.8473230730509627, 0.9628884013738888, 0.7919352399952223, 0.9249721383203785, 6.305632617591436, 1.588450048402189, 1.8475758784054923, 1.3919898991466133, 1.7997287056302127]
APTIDAO: 
87.67211406997914
GEN: 1900
Individuo: 
[1.649552658151983, 1.8126376398249344, 2.262187322518087, 2.8981855681286843, 1.3180264909357156, 0.049866417157692196, 0.9851217026059109, 0.9972802227798092, 0.8473230730509627, 0.9665808340858466, 0.7919352399952223, 0.9249721383203785, 6.305632617591436, 1.588450048402189, 1.8475758784054923, 1.3919898991466133, 1.7997287056302127]
APTIDAO: 
87.66463932650106
GEN: 2000
Individuo: 
[1.649552658151983, 1.8126376398249344, 2.262187322518087, 2.8965931005052683, 1.3180264909357156, 0.049866417157692196, 0.9851217026059109, 0.9972802227798092, 0.8473230730509627, 0.9666773890736149, 0.7919352399952223, 0.9249721383203785, 6.305632617591436, 1.588450048402189, 1.8475758784054923, 1.3919898991466133, 1.7997287056302127]
APTIDAO: 
87.66453505337309
GEN: 2100
Individuo: 
[1.649552658151983, 1.8126376398249344, 2.2672255025922388, 2.8965931005052683, 1.3180264909357156, 0.049866417157692196, 0.9851217026059109, 0.9972802227798092, 0.8473230730509627, 0.9666773890736149, 0.7919352399952223, 0.9249721383203785, 6.305632617591436, 1.588450048402189, 1.8475758784054923, 1.3919898991466133, 1.7997287056302127]
APTIDAO: 
87.66452687764831
GEN: 2200
Individuo: 
[1.649552658151983, 1.8126376398249344, 2.2672255025922388, 2.8965931005052683, 1.3180264909357156, 0.049866417157692196, 0.9851217026059109, 0.9974965674059079, 0.8473230730509627, 0.9666773890736149, 0.7919352399952223, 0.9239539169117268, 6.305632617591436, 1.588450048402189, 1.8475758784054923, 1.3919898991466133, 1.7997287056302127]
APTIDAO: 
87.66419465113255
GEN: 2300
Individuo: 
[1.649552658151983, 1.8131216452931898, 2.2672255025922388, 2.8965931005052683, 1.3173819749671678, 0.049866417157692196, 0.9851217026059109, 0.9974965674059079, 0.8473230730509627, 0.9666773890736149, 0.7919352399952223, 0.9239539169117268, 6.305632617591436, 1.588450048402189, 1.8475758784054923, 1.3919898991466133, 1.7997287056302127]
APTIDAO: 
87.66405127392085
GEN: 2400
Individuo: 
[1.649552658151983, 1.8131216452931898, 2.2688221596258513, 2.8965931005052683, 1.3173819749671678, 0.049866417157692196, 0.9851217026059109, 0.9974965674059079, 0.8473230730509627, 0.9666773890736149, 0.7919352399952223, 0.9237801667677691, 6.305632617591436, 1.588450048402189, 1.8475758784054923, 1.3919898991466133, 1.7997287056302127]
APTIDAO: 
87.66403329265238
GEN: 2500
Individuo: 
[1.6698748392458207, 1.8131216452931898, 2.2688221596258513, 2.8965931005052683, 1.306173496327908, 0.049866417157692196, 0.9851217026059109, 0.9974965674059079, 0.8473230730509627, 0.9666773890736149, 0.7919352399952223, 0.9237801667677691, 6.305632617591436, 1.588450048402189, 1.8475758784054923, 1.3929073885640064, 1.7997287056302127]
APTIDAO: 
87.65922796854899
GEN: 2600
Individuo: 
[1.6698748392458207, 1.8131216452931898, 2.2357958591974465, 2.8965931005052683, 1.306173496327908, 0.049866417157692196, 0.9851217026059109, 0.9974965674059079, 0.8473230730509627, 0.9666773890736149, 0.7919352399952223, 0.9275823986268085, 6.316237458276034, 1.588450048402189, 1.8475758784054923, 1.3973183296155014, 1.7997287056302127]
APTIDAO: 
87.65350532875183
GEN: 2700
Individuo: 
[1.6698748392458207, 1.8131216452931898, 2.2357958591974465, 2.8965931005052683, 1.2963826007733406, 0.049866417157692196, 0.9851217026059109, 0.9974965674059079, 0.8473230730509627, 0.9666773890736149, 0.7919352399952223, 0.9275823986268085, 6.316237458276034, 1.588450048402189, 1.8475758784054923, 1.3973183296155014, 1.7997287056302127]
APTIDAO: 
87.65209557861907
GEN: 2800
Individuo: 
[1.699352354266034, 1.8131216452931898, 2.2422262064656344, 2.8965931005052683, 1.2963826007733406, 0.049866417157692196, 0.9851217026059109, 0.9974965674059079, 0.8473230730509627, 0.9666773890736149, 0.7919352399952223, 0.9275823986268085, 6.316237458276034, 1.588450048402189, 1.8475758784054923, 1.4033130308849404, 1.7997287056302127]
APTIDAO: 
87.64063312261389
GEN: 2900
Individuo: 
[1.7014920722381295, 1.8131216452931898, 2.2422262064656344, 2.8965931005052683, 1.2963826007733406, 0.049866417157692196, 0.9851217026059109, 0.9974965674059079, 0.8473230730509627, 0.9666773890736149, 0.7919352399952223, 0.9275823986268085, 6.316237458276034, 1.588450048402189, 1.8475758784054923, 1.4033130308849404, 1.7997287056302127]
APTIDAO: 
87.64047316021122
GEN: 3000
Individuo: 
[1.7014920722381295, 1.8131216452931898, 2.2422262064656344, 2.8965931005052683, 1.2651764516322974, 0.049866417157692196, 0.9851217026059109, 0.9974965674059079, 0.8473230730509627, 0.9666773890736149, 0.7919352399952223, 0.9275823986268085, 6.316237458276034, 1.588450048402189, 1.8475758784054923, 1.4033130308849404, 1.7997287056302127]
APTIDAO: 
87.63944433440352
GEN: 3100
Individuo: 
[1.7014920722381295, 1.8131216452931898, 2.2422262064656344, 2.8965931005052683, 1.2730829311253218, 0.049866417157692196, 0.9851217026059109, 0.9974965674059079, 0.8473230730509627, 0.9666773890736149, 0.7919352399952223, 0.9275823986268085, 6.318900361120076, 1.588450048402189, 1.8475758784054923, 1.4033130308849404, 1.7997287056302127]
APTIDAO: 
87.63681519644766
GEN: 3200
Individuo: 
[1.7014920722381295, 1.8131216452931898, 2.2422262064656344, 2.8965931005052683, 1.2730829311253218, 0.049866417157692196, 0.9851217026059109, 0.9974965674059079, 0.8473230730509627, 0.9666773890736149, 0.7919352399952223, 0.9275823986268085, 6.318900361120076, 1.588450048402189, 1.8475758784054923, 1.4033130308849404, 1.7997287056302127]
APTIDAO: 
87.63681519644766
GEN: 3300
Individuo: 
[1.7014920722381295, 1.8131216452931898, 2.2431592051348153, 2.8965931005052683, 1.2730829311253218, 0.049866417157692196, 0.9851217026059109, 0.9974965674059079, 0.8473230730509627, 0.9666773890736149, 0.7919352399952223, 0.9275823986268085, 6.318900361120076, 1.588450048402189, 1.8475758784054923, 1.4033130308849404, 1.7997287056302127]
APTIDAO: 
87.63681216853473
GEN: 3400
Individuo: 
[1.7014920722381295, 1.8131216452931898, 2.2431592051348153, 2.8845137126831495, 1.2730829311253218, 0.049866417157692196, 0.9851217026059109, 0.9974965674059079, 0.8473230730509627, 0.9666773890736149, 0.7919352399952223, 0.9275823986268085, 6.318900361120076, 1.588450048402189, 1.8475758784054923, 1.4033130308849404, 1.7997287056302127]
APTIDAO: 
87.63651619344422
GEN: 3500
Individuo: 
[1.7014920722381295, 1.8131216452931898, 2.2431592051348153, 2.8845137126831495, 1.2730829311253218, 0.049866417157692196, 0.9851217026059109, 0.9974965674059079, 0.8473230730509627, 0.9666773890736149, 0.7919352399952223, 0.9275823986268085, 6.318900361120076, 1.588450048402189, 1.8475758784054923, 1.4033130308849404, 1.7997287056302127]
APTIDAO: 
87.63651619344422
GEN: 3600
Individuo: 
[1.7014920722381295, 1.8131216452931898, 2.2431592051348153, 2.8845137126831495, 1.2730829311253218, 0.049866417157692196, 0.9851217026059109, 0.9974965674059079, 0.8473230730509627, 0.9666773890736149, 0.7919352399952223, 0.9275823986268085, 6.318900361120076, 1.588450048402189, 1.8475758784054923, 1.4033130308849404, 1.7997287056302127]
APTIDAO: 
87.63651619344422
GEN: 3700
Individuo: 
[1.7170752237289435, 1.8131216452931898, 2.2431592051348153, 2.8845137126831495, 1.2730829311253218, 0.049866417157692196, 0.9851217026059109, 0.9974965674059079, 0.8473230730509627, 0.9666773890736149, 0.7919352399952223, 0.9275823986268085, 6.318900361120076, 1.588450048402189, 1.8475758784054923, 1.4033130308849404, 1.7997287056302127]
APTIDAO: 
87.63489546374959
GEN: 3800
Individuo: 
[1.7170752237289435, 1.8131216452931898, 2.2431592051348153, 2.8845137126831495, 1.2730829311253218, 0.049866417157692196, 0.9851217026059109, 0.9974965674059079, 0.8473230730509627, 0.9658155791739286, 0.7919352399952223, 0.9275823986268085, 6.318900361120076, 1.588450048402189, 1.8475758784054923, 1.4033130308849404, 1.7997287056302127]
APTIDAO: 
87.63438333371185
GEN: 3900
Individuo: 
[1.7170752237289435, 1.8131216452931898, 2.2431592051348153, 2.8845137126831495, 1.263173853659079, 0.049866417157692196, 0.9851217026059109, 0.9974965674059079, 0.8473230730509627, 0.9658155791739286, 0.7919352399952223, 0.9275823986268085, 6.318900361120076, 1.588450048402189, 1.8475758784054923, 1.4033130308849404, 1.7997287056302127]
APTIDAO: 
87.6332344844277
GEN: 4000
Individuo: 
[1.7170752237289435, 1.8131216452931898, 2.2431592051348153, 2.8845137126831495, 1.263173853659079, 0.049866417157692196, 0.9851217026059109, 0.9974965674059079, 0.8473230730509627, 0.9658155791739286, 0.7919352399952223, 0.9275823986268085, 6.318900361120076, 1.588450048402189, 1.8476194081502546, 1.4033130308849404, 1.7997287056302127]
APTIDAO: 
87.63322036724017
GEN: 4100
Individuo: 
[1.7170752237289435, 1.8131216452931898, 2.2431592051348153, 2.8845137126831495, 1.2631255694809875, 0.049866417157692196, 0.9851217026059109, 0.9974965674059079, 0.8473230730509627, 0.9658155791739286, 0.7919352399952223, 0.9275823986268085, 6.318900361120076, 1.588450048402189, 1.8476194081502546, 1.4033130308849404, 1.7997287056302127]
APTIDAO: 
87.63321666760072
GEN: 4200
Individuo: 
[1.7207454793804489, 1.8131216452931898, 2.2431592051348153, 2.8845137126831495, 1.2631255694809875, 0.049866417157692196, 0.9851217026059109, 0.9974965674059079, 0.8473230730509627, 0.9658155791739286, 0.7919352399952223, 0.9275823986268085, 6.318900361120076, 1.588450048402189, 1.8476194081502546, 1.4033130308849404, 1.7997287056302127]
APTIDAO: 
87.63314809623718
GEN: 4300
Individuo: 
[1.7207454793804489, 1.8131216452931898, 2.2431592051348153, 2.8845137126831495, 1.2631255694809875, 0.049866417157692196, 0.9851217026059109, 0.9974965674059079, 0.8473230730509627, 0.9658155791739286, 0.7919352399952223, 0.9275823986268085, 6.318900361120076, 1.588450048402189, 1.8476194081502546, 1.4033130308849404, 1.7997287056302127]
APTIDAO: 
87.63314809623718
GEN: 4400
Individuo: 
[1.7207454793804489, 1.8131216452931898, 2.2431592051348153, 2.8845137126831495, 1.2590258899230318, 0.049866417157692196, 0.9851217026059109, 0.9974965674059079, 0.8473230730509627, 0.9658155791739286, 0.7919352399952223, 0.9275823986268085, 6.318900361120076, 1.588450048402189, 1.8476194081502546, 1.4033130308849404, 1.7997287056302127]
APTIDAO: 
87.63274455764136
GEN: 4500
Individuo: 
[1.7207454793804489, 1.819666397710376, 2.2431592051348153, 2.8845137126831495, 1.2590258899230318, 0.049866417157692196, 0.9851217026059109, 0.9974965674059079, 0.8473230730509627, 0.9658155791739286, 0.7919352399952223, 0.9275823986268085, 6.318900361120076, 1.588450048402189, 1.8476194081502546, 1.4033130308849404, 1.7997287056302127]
APTIDAO: 
87.6319997247026
GEN: 4600
Individuo: 
[1.7207454793804489, 1.819666397710376, 2.2431592051348153, 2.8845137126831495, 1.2590258899230318, 0.049866417157692196, 0.9851217026059109, 0.9974965674059079, 0.8473230730509627, 0.9698218995374106, 0.7919352399952223, 0.9275823986268085, 6.318900361120076, 1.5925558050764332, 1.8476194081502546, 1.4033130308849404, 1.7997287056302127]
APTIDAO: 
87.62778769333988
GEN: 4700
Individuo: 
[1.7305275427508158, 1.819666397710376, 2.2431592051348153, 2.8845137126831495, 1.2590258899230318, 0.049866417157692196, 0.9851217026059109, 0.9974965674059079, 0.8470858259569873, 0.9698218995374106, 0.7919352399952223, 0.9275823986268085, 6.318900361120076, 1.5925558050764332, 1.8476194081502546, 1.4033130308849404, 1.7997287056302127]
APTIDAO: 
87.62735569999562
GEN: 4800
Individuo: 
[1.7305275427508158, 1.819666397710376, 2.2431592051348153, 2.8629429135643187, 1.2590258899230318, 0.049866417157692196, 0.9851217026059109, 0.9974965674059079, 0.8470858259569873, 0.9698218995374106, 0.7919352399952223, 0.9275823986268085, 6.318900361120076, 1.5925558050764332, 1.8476194081502546, 1.4071115474905203, 1.7997287056302127]
APTIDAO: 
87.6253128668352
GEN: 4900
Individuo: 
[1.7305275427508158, 1.819666397710376, 2.2431592051348153, 2.8629429135643187, 1.2590258899230318, 0.049866417157692196, 0.9912237085059488, 0.9974965674059079, 0.8470858259569873, 0.9698218995374106, 0.7919352399952223, 0.9275823986268085, 6.318900361120076, 1.5925558050764332, 1.8476194081502546, 1.4071115474905203, 1.7997287056302127]
APTIDAO: 
87.62473039284068
GEN: 5000
Individuo: 
[1.7305275427508158, 1.819666397710376, 2.2431592051348153, 2.8629429135643187, 1.2590258899230318, 0.049866417157692196, 0.9912237085059488, 0.9974965674059079, 0.8470858259569873, 0.9698218995374106, 0.7919352399952223, 0.9275823986268085, 6.318900361120076, 1.5925558050764332, 1.8476194081502546, 1.4071115474905203, 1.7997287056302127]
APTIDAO: 
87.62473039284068
GEN: 5100
Individuo: 
[1.727699922216756, 1.8119177976751937, 2.2431592051348153, 2.8629429135643187, 1.255323631429967, 0.049866417157692196, 0.9912237085059488, 0.9974965674059079, 0.8470858259569873, 0.9698218995374106, 0.7919352399952223, 0.9275823986268085, 6.318900361120076, 1.5925558050764332, 1.8476194081502546, 1.4071115474905203, 1.7997287056302127]
APTIDAO: 
87.62208370852777
GEN: 5200
Individuo: 
[1.727699922216756, 1.8119177976751937, 2.2431592051348153, 2.8629429135643187, 1.255323631429967, 0.049866417157692196, 0.9912237085059488, 0.9974965674059079, 0.8470858259569873, 0.9698218995374106, 0.7919352399952223, 0.9275823986268085, 6.318900361120076, 1.5925558050764332, 1.8476194081502546, 1.4071115474905203, 1.7997287056302127]
APTIDAO: 
87.62208370852777
GEN: 5300
Individuo: 
[1.727699922216756, 1.8119177976751937, 2.2431592051348153, 2.8629429135643187, 1.255323631429967, 0.049866417157692196, 0.9912237085059488, 0.9974965674059079, 0.8470858259569873, 0.9686306236422253, 0.7919352399952223, 0.9275823986268085, 6.318900361120076, 1.5925558050764332, 1.8476194081502546, 1.4071115474905203, 1.7997287056302127]
APTIDAO: 
87.62201253386174
GEN: 5400
Individuo: 
[1.727699922216756, 1.8119177976751937, 2.2431592051348153, 2.8629429135643187, 1.255323631429967, 0.049866417157692196, 0.9912237085059488, 0.9974965674059079, 0.8470858259569873, 0.9686306236422253, 0.7919352399952223, 0.9275823986268085, 6.318900361120076, 1.5925558050764332, 1.8476194081502546, 1.4071115474905203, 1.7997287056302127]
APTIDAO: 
87.62201253386174
GEN: 5500
Individuo: 
[1.727699922216756, 1.8119177976751937, 2.2431592051348153, 2.8629429135643187, 1.2603982122566795, 0.049866417157692196, 0.9912237085059488, 0.9974965674059079, 0.8470858259569873, 0.9686306236422253, 0.7919352399952223, 0.9275823986268085, 6.318900361120076, 1.5925558050764332, 1.8476194081502546, 1.4071115474905203, 1.7997287056302127]
APTIDAO: 
87.62177976809963
GEN: 5600
Individuo: 
[1.727699922216756, 1.8119177976751937, 2.2431592051348153, 2.8629429135643187, 1.2603982122566795, 0.049866417157692196, 0.9912237085059488, 0.9974965674059079, 0.8470858259569873, 0.9686306236422253, 0.7919352399952223, 0.9275823986268085, 6.318900361120076, 1.5925558050764332, 1.8476194081502546, 1.4071115474905203, 1.7997287056302127]
APTIDAO: 
87.62177976809963
GEN: 5700
Individuo: 
[1.727699922216756, 1.8119177976751937, 2.2431592051348153, 2.8629429135643187, 1.2603982122566795, 0.049866417157692196, 0.9912237085059488, 0.9974965674059079, 0.8470858259569873, 0.9686306236422253, 0.7919352399952223, 0.9275823986268085, 6.318900361120076, 1.5925558050764332, 1.8476194081502546, 1.4071115474905203, 1.7997287056302127]
APTIDAO: 
87.62177976809963
GEN: 5800
Individuo: 
[1.727699922216756, 1.8119177976751937, 2.2431592051348153, 2.8629429135643187, 1.2603982122566795, 0.049866417157692196, 0.9912237085059488, 0.9974965674059079, 0.8470858259569873, 0.9686306236422253, 0.7919352399952223, 0.9275823986268085, 6.318900361120076, 1.5925558050764332, 1.8476194081502546, 1.4071115474905203, 1.7997287056302127]
APTIDAO: 
87.62177976809963
GEN: 5900
Individuo: 
[1.727699922216756, 1.8119177976751937, 2.2431592051348153, 2.8629429135643187, 1.2603982122566795, 0.049866417157692196, 0.9912237085059488, 0.9974965674059079, 0.8470858259569873, 0.9686306236422253, 0.7919352399952223, 0.9275823986268085, 6.318900361120076, 1.5925558050764332, 1.8476194081502546, 1.4071115474905203, 1.7997287056302127]
APTIDAO: 
87.62177976809963
GEN: 6000
Individuo: 
[1.727699922216756, 1.8119177976751937, 2.239163278475323, 2.8629429135643187, 1.2603982122566795, 0.049866417157692196, 0.9912237085059488, 0.9974965674059079, 0.8470858259569873, 0.9686306236422253, 0.7919352399952223, 0.9275823986268085, 6.318900361120076, 1.5925558050764332, 1.8476194081502546, 1.4071115474905203, 1.800559806468909]
APTIDAO: 
87.62133335451311
GEN: 6100
Individuo: 
[1.727699922216756, 1.8119177976751937, 2.239163278475323, 2.8629429135643187, 1.2603982122566795, 0.049866417157692196, 0.9912237085059488, 0.9974965674059079, 0.8470858259569873, 0.9686306236422253, 0.7919352399952223, 0.9275823986268085, 6.318900361120076, 1.5925558050764332, 1.8476194081502546, 1.4071115474905203, 1.800559806468909]
APTIDAO: 
87.62133335451311
GEN: 6200
Individuo: 
[1.727699922216756, 1.8119177976751937, 2.239163278475323, 2.8629429135643187, 1.2603982122566795, 0.049866417157692196, 0.9912237085059488, 0.9974965674059079, 0.8470858259569873, 0.9686306236422253, 0.7919352399952223, 0.9275823986268085, 6.318900361120076, 1.5925558050764332, 1.8476194081502546, 1.4071115474905203, 1.800559806468909]
APTIDAO: 
87.62133335451311
GEN: 6300
Individuo: 
[1.727699922216756, 1.8119177976751937, 2.239163278475323, 2.8629429135643187, 1.2603982122566795, 0.049866417157692196, 0.9912237085059488, 0.9974965674059079, 0.8470858259569873, 0.9686306236422253, 0.7919352399952223, 0.9275823986268085, 6.318900361120076, 1.5925558050764332, 1.8476194081502546, 1.4071115474905203, 1.800559806468909]
APTIDAO: 
87.62133335451311
GEN: 6400
Individuo: 
[1.727699922216756, 1.8119177976751937, 2.239163278475323, 2.8629429135643187, 1.2603982122566795, 0.049866417157692196, 0.9912237085059488, 0.9974965674059079, 0.8470858259569873, 0.9686306236422253, 0.7919352399952223, 0.9275823986268085, 6.318900361120076, 1.5925558050764332, 1.8476194081502546, 1.4071115474905203, 1.800559806468909]
APTIDAO: 
87.62133335451311
GEN: 6500
Individuo: 
[1.727699922216756, 1.8119177976751937, 2.239163278475323, 2.8629429135643187, 1.2603982122566795, 0.049866417157692196, 0.9912237085059488, 0.9974965674059079, 0.8470858259569873, 0.9686306236422253, 0.7919352399952223, 0.9275823986268085, 6.325275965362545, 1.5925558050764332, 1.8476194081502546, 1.4071115474905203, 1.800559806468909]
APTIDAO: 
87.62113771943164
GEN: 6600
Individuo: 
[1.727699922216756, 1.8119177976751937, 2.239163278475323, 2.8629429135643187, 1.2603982122566795, 0.049866417157692196, 0.9912237085059488, 0.9974965674059079, 0.8470858259569873, 0.9686306236422253, 0.7919352399952223, 0.9275823986268085, 6.325275965362545, 1.5925558050764332, 1.8476194081502546, 1.4071115474905203, 1.800559806468909]
APTIDAO: 
87.62113771943164
GEN: 6700
Individuo: 
[1.727699922216756, 1.8119177976751937, 2.239163278475323, 2.8629429135643187, 1.2603982122566795, 0.049866417157692196, 0.9912237085059488, 0.9974965674059079, 0.8470858259569873, 0.9686306236422253, 0.7919352399952223, 0.9275823986268085, 6.325275965362545, 1.5925558050764332, 1.8476194081502546, 1.4071115474905203, 1.800559806468909]
APTIDAO: 
87.62113771943164
GEN: 6800
Individuo: 
[1.727699922216756, 1.8119177976751937, 2.239163278475323, 2.8629429135643187, 1.2603982122566795, 0.049866417157692196, 0.9912237085059488, 0.9974965674059079, 0.8470858259569873, 0.9686306236422253, 0.7919352399952223, 0.9275823986268085, 6.325275965362545, 1.5925558050764332, 1.8476194081502546, 1.4071115474905203, 1.800559806468909]
APTIDAO: 
87.62113771943164
GEN: 6900
Individuo: 
[1.727699922216756, 1.8119177976751937, 2.239163278475323, 2.8629429135643187, 1.2603982122566795, 0.049866417157692196, 0.9912237085059488, 0.9974965674059079, 0.8470858259569873, 0.9686306236422253, 0.7919352399952223, 0.9275823986268085, 6.325275965362545, 1.5925558050764332, 1.8509564229102784, 1.4071115474905203, 1.800559806468909]
APTIDAO: 
87.61959578746124
GEN: 7000
Individuo: 
[1.727699922216756, 1.8119177976751937, 2.239163278475323, 2.8629429135643187, 1.2603982122566795, 0.049866417157692196, 0.9912237085059488, 0.9974965674059079, 0.8470858259569873, 0.9686306236422253, 0.7919352399952223, 0.9275823986268085, 6.325275965362545, 1.5925558050764332, 1.8509564229102784, 1.4071115474905203, 1.800559806468909]
APTIDAO: 
87.61959578746124
GEN: 7100
Individuo: 
[1.727699922216756, 1.8119177976751937, 2.239163278475323, 2.8629429135643187, 1.2603982122566795, 0.049866417157692196, 0.9912237085059488, 0.9974965674059079, 0.8470858259569873, 0.9686306236422253, 0.7919352399952223, 0.9275823986268085, 6.325275965362545, 1.5925558050764332, 1.8509564229102784, 1.4071115474905203, 1.800559806468909]
APTIDAO: 
87.61959578746124
GEN: 7200
Individuo: 
[1.727699922216756, 1.8119177976751937, 2.239163278475323, 2.8629429135643187, 1.2603982122566795, 0.049866417157692196, 0.9912237085059488, 0.9974965674059079, 0.8470858259569873, 0.9686306236422253, 0.7919352399952223, 0.9275823986268085, 6.325275965362545, 1.5925558050764332, 1.8509564229102784, 1.4071115474905203, 1.800559806468909]
APTIDAO: 
87.61959578746124
GEN: 7300
Individuo: 
[1.727699922216756, 1.8119177976751937, 2.247238976598147, 2.8629429135643187, 1.2603982122566795, 0.049866417157692196, 0.9912237085059488, 0.9974965674059079, 0.8470858259569873, 0.9686306236422253, 0.7919352399952223, 0.9275823986268085, 6.325275965362545, 1.5925558050764332, 1.8509564229102784, 1.4071115474905203, 1.800559806468909]
APTIDAO: 
87.61897325575681
GEN: 7400
Individuo: 
[1.727699922216756, 1.8119177976751937, 2.247238976598147, 2.8629429135643187, 1.2603982122566795, 0.049866417157692196, 0.9912237085059488, 0.9974965674059079, 0.8470858259569873, 0.9686306236422253, 0.7919352399952223, 0.9275823986268085, 6.325275965362545, 1.5925558050764332, 1.8509564229102784, 1.4071115474905203, 1.800559806468909]
APTIDAO: 
87.61897325575681
GEN: 7500
Individuo: 
[1.727699922216756, 1.8119177976751937, 2.247238976598147, 2.8629429135643187, 1.2603982122566795, 0.049866417157692196, 0.9912237085059488, 0.9974965674059079, 0.8470858259569873, 0.9686306236422253, 0.7919352399952223, 0.9275823986268085, 6.325275965362545, 1.5925558050764332, 1.8509564229102784, 1.4071115474905203, 1.800559806468909]
APTIDAO: 
87.61897325575681
GEN: 7600
Individuo: 
[1.727699922216756, 1.8119177976751937, 2.247238976598147, 2.8661100160913673, 1.2603982122566795, 0.049866417157692196, 0.9912237085059488, 0.9974965674059079, 0.8470858259569873, 0.9686306236422253, 0.7919352399952223, 0.9275823986268085, 6.325275965362545, 1.5925558050764332, 1.8509564229102784, 1.4071115474905203, 1.800559806468909]
APTIDAO: 
87.61885940893829
GEN: 7700
Individuo: 
[1.727699922216756, 1.8119177976751937, 2.247238976598147, 2.8661100160913673, 1.2608883426753976, 0.049866417157692196, 0.9912237085059488, 0.9974965674059079, 0.8470858259569873, 0.9686306236422253, 0.7919352399952223, 0.9275823986268085, 6.325275965362545, 1.5925558050764332, 1.8509564229102784, 1.4071115474905203, 1.800559806468909]
APTIDAO: 
87.61875228309458
GEN: 7800
Individuo: 
[1.727699922216756, 1.8119177976751937, 2.247238976598147, 2.8661100160913673, 1.2608883426753976, 0.049866417157692196, 0.9912237085059488, 0.9974965674059079, 0.8470858259569873, 0.9686306236422253, 0.7919352399952223, 0.9275823986268085, 6.325275965362545, 1.5925558050764332, 1.8509564229102784, 1.4071115474905203, 1.800559806468909]
APTIDAO: 
87.61875228309458
GEN: 7900
Individuo: 
[1.727699922216756, 1.8184042174933115, 2.247238976598147, 2.8661100160913673, 1.2561779075831232, 0.049866417157692196, 0.9912237085059488, 0.9974965674059079, 0.8470858259569873, 0.9686306236422253, 0.7919352399952223, 0.9275823986268085, 6.325275965362545, 1.5925558050764332, 1.8509564229102784, 1.4071115474905203, 1.800559806468909]
APTIDAO: 
87.61809784677429
GEN: 8000
Individuo: 
[1.7280213420891577, 1.8184042174933115, 2.247238976598147, 2.8661100160913673, 1.2561779075831232, 0.049866417157692196, 0.9912237085059488, 0.9974965674059079, 0.8470858259569873, 0.9686306236422253, 0.7919352399952223, 0.9275823986268085, 6.325275965362545, 1.5925558050764332, 1.8509564229102784, 1.4071115474905203, 1.800559806468909]
APTIDAO: 
87.61801970014851
GEN: 8100
Individuo: 
[1.7280213420891577, 1.8184042174933115, 2.2509112853745, 2.8661100160913673, 1.2561779075831232, 0.049866417157692196, 0.9912237085059488, 0.9974965674059079, 0.8470858259569873, 0.9686306236422253, 0.7919352399952223, 0.9275823986268085, 6.325275965362545, 1.5925558050764332, 1.8509564229102784, 1.4071115474905203, 1.800559806468909]
APTIDAO: 
87.6177409256507
GEN: 8200
Individuo: 
[1.7280213420891577, 1.8184042174933115, 2.2509112853745, 2.8661100160913673, 1.2561779075831232, 0.049866417157692196, 0.9912237085059488, 0.9974965674059079, 0.8470858259569873, 0.9686306236422253, 0.7919352399952223, 0.9275823986268085, 6.325275965362545, 1.5925558050764332, 1.8509564229102784, 1.4071115474905203, 1.800559806468909]
APTIDAO: 
87.6177409256507
GEN: 8300
Individuo: 
[1.7280213420891577, 1.8184042174933115, 2.2509112853745, 2.8661100160913673, 1.2561779075831232, 0.049866417157692196, 0.9912237085059488, 0.9974965674059079, 0.8470858259569873, 0.9686306236422253, 0.7922502117437348, 0.9275823986268085, 6.325275965362545, 1.5925558050764332, 1.8509564229102784, 1.4071115474905203, 1.800559806468909]
APTIDAO: 
87.61771763328602
GEN: 8400
Individuo: 
[1.7280213420891577, 1.8184042174933115, 2.2509112853745, 2.8661100160913673, 1.2561779075831232, 0.049866417157692196, 0.9912237085059488, 0.9974965674059079, 0.8470858259569873, 0.9686306236422253, 0.7922502117437348, 0.9275823986268085, 6.325275965362545, 1.5925558050764332, 1.8509564229102784, 1.4071115474905203, 1.800559806468909]
APTIDAO: 
87.61771763328602
GEN: 8500
Individuo: 
[1.7280213420891577, 1.8184042174933115, 2.2509112853745, 2.8661100160913673, 1.2561779075831232, 0.049866417157692196, 0.9912237085059488, 0.9974965674059079, 0.8470858259569873, 0.9686306236422253, 0.7922502117437348, 0.9275823986268085, 6.325275965362545, 1.5925558050764332, 1.8509564229102784, 1.4071115474905203, 1.800559806468909]
APTIDAO: 
87.61771763328602
GEN: 8600
Individuo: 
[1.7280213420891577, 1.8184042174933115, 2.2509112853745, 2.8707848193988785, 1.2561779075831232, 0.049866417157692196, 0.9912237085059488, 0.9974965674059079, 0.8470858259569873, 0.9686306236422253, 0.7922502117437348, 0.9275823986268085, 6.325275965362545, 1.5925558050764332, 1.8509564229102784, 1.4071115474905203, 1.800559806468909]
APTIDAO: 
87.61770150570605
GEN: 8700
Individuo: 
[1.7280213420891577, 1.8184042174933115, 2.2509112853745, 2.8707848193988785, 1.2561779075831232, 0.049866417157692196, 0.9912237085059488, 0.9974965674059079, 0.8470858259569873, 0.9686306236422253, 0.7922502117437348, 0.9275823986268085, 6.325275965362545, 1.5925558050764332, 1.8509564229102784, 1.4071115474905203, 1.800559806468909]
APTIDAO: 
87.61770150570605
GEN: 8800
Individuo: 
[1.7280213420891577, 1.8184042174933115, 2.2509112853745, 2.8707848193988785, 1.2561779075831232, 0.049866417157692196, 0.9912237085059488, 0.9974571484201036, 0.8470854887272953, 0.9686306236422253, 0.7922502117437348, 0.9275823986268085, 6.325275965362545, 1.5925558050764332, 1.8509564229102784, 1.4071115474905203, 1.800559806468909]
APTIDAO: 
87.61768835721747
GEN: 8900
Individuo: 
[1.7280213420891577, 1.8184042174933115, 2.2509112853745, 2.8707848193988785, 1.2561779075831232, 0.049866417157692196, 0.9912237085059488, 0.9974571484201036, 0.8470854887272953, 0.9686306236422253, 0.7922502117437348, 0.9275823986268085, 6.325275965362545, 1.5925558050764332, 1.8509564229102784, 1.4071115474905203, 1.800559806468909]
APTIDAO: 
87.61768835721747
GEN: 9000
Individuo: 
[1.7280213420891577, 1.8184042174933115, 2.2509112853745, 2.8707848193988785, 1.2561779075831232, 0.049866417157692196, 0.9912237085059488, 0.9974571484201036, 0.8470854887272953, 0.9686306236422253, 0.7922502117437348, 0.9275823986268085, 6.325275965362545, 1.5925558050764332, 1.8509564229102784, 1.4071115474905203, 1.800559806468909]
APTIDAO: 
87.61768835721747
GEN: 9100
Individuo: 
[1.7287170479358398, 1.8184042174933115, 2.2509112853745, 2.8707848193988785, 1.2561779075831232, 0.049866417157692196, 0.9912237085059488, 0.9974571484201036, 0.8470854887272953, 0.9686306236422253, 0.7922502117437348, 0.9275823986268085, 6.325275965362545, 1.5925558050764332, 1.8509564229102784, 1.4071115474905203, 1.800559806468909]
APTIDAO: 
87.61768820475432
GEN: 9200
Individuo: 
[1.7287170479358398, 1.8184042174933115, 2.2509112853745, 2.8707848193988785, 1.2561779075831232, 0.049866417157692196, 0.9912237085059488, 0.9974571484201036, 0.8470854887272953, 0.9686306236422253, 0.7922502117437348, 0.9275823986268085, 6.325275965362545, 1.5925558050764332, 1.8509564229102784, 1.4071115474905203, 1.800559806468909]
APTIDAO: 
87.61768820475432
GEN: 9300
Individuo: 
[1.7287170479358398, 1.8184042174933115, 2.2509112853745, 2.8707848193988785, 1.2561779075831232, 0.049866417157692196, 0.9909186377689554, 0.9974571484201036, 0.8470854887272953, 0.9686306236422253, 0.7922502117437348, 0.9275823986268085, 6.325275965362545, 1.5925558050764332, 1.8509564229102784, 1.4071115474905203, 1.800559806468909]
APTIDAO: 
87.61751012106484
GEN: 9400
Individuo: 
[1.7287170479358398, 1.8184042174933115, 2.2509112853745, 2.8707848193988785, 1.2561779075831232, 0.049866417157692196, 0.9909186377689554, 0.9974571484201036, 0.8470854887272953, 0.9686306236422253, 0.7922502117437348, 0.9275823986268085, 6.325275965362545, 1.5925558050764332, 1.8509564229102784, 1.4071115474905203, 1.800559806468909]
APTIDAO: 
87.61751012106484
GEN: 9500
Individuo: 
[1.7287170479358398, 1.8184042174933115, 2.2509112853745, 2.8707848193988785, 1.2561779075831232, 0.049866417157692196, 0.9909186377689554, 0.9974571484201036, 0.8470854887272953, 0.9686306236422253, 0.7922502117437348, 0.9275823986268085, 6.325275965362545, 1.5925558050764332, 1.8509564229102784, 1.4071115474905203, 1.800559806468909]
APTIDAO: 
87.61751012106484
GEN: 9600
Individuo: 
[1.7287170479358398, 1.8184042174933115, 2.2509112853745, 2.8707848193988785, 1.2561779075831232, 0.049866417157692196, 0.9909186377689554, 0.9974571484201036, 0.8470854887272953, 0.9686306236422253, 0.7922502117437348, 0.9275823986268085, 6.325275965362545, 1.5925558050764332, 1.8509564229102784, 1.4071115474905203, 1.800559806468909]
APTIDAO: 
87.61751012106484
GEN: 9700
Individuo: 
[1.7287170479358398, 1.8184042174933115, 2.2509112853745, 2.8707848193988785, 1.2561779075831232, 0.049866417157692196, 0.9909186377689554, 0.9974571484201036, 0.8470854887272953, 0.9686306236422253, 0.7922502117437348, 0.9275823986268085, 6.325275965362545, 1.5925558050764332, 1.8509564229102784, 1.4071115474905203, 1.800559806468909]
APTIDAO: 
87.61751012106484
GEN: 9800
Individuo: 
[1.7287170479358398, 1.8184042174933115, 2.2509112853745, 2.8707848193988785, 1.2561779075831232, 0.049866417157692196, 0.9909186377689554, 0.9974571484201036, 0.8470854887272953, 0.9686306236422253, 0.7922502117437348, 0.9275823986268085, 6.325275965362545, 1.5925558050764332, 1.8509564229102784, 1.4071115474905203, 1.800559806468909]
APTIDAO: 
87.61751012106484
GEN: 9900
Individuo: 
[1.7287170479358398, 1.8184042174933115, 2.2509112853745, 2.8707848193988785, 1.2561779075831232, 0.049866417157692196, 0.9909186377689554, 0.9974571484201036, 0.8470854887272953, 0.9686306236422253, 0.7922502117437348, 0.9275823986268085, 6.325275965362545, 1.5925558050764332, 1.8509564229102784, 1.4071115474905203, 1.800559806468909]
APTIDAO: 
87.61751012106484
GEN: 10000
Individuo: 
[1.7287170479358398, 1.8184042174933115, 2.2509112853745, 2.8707848193988785, 1.2561779075831232, 0.049866417157692196, 0.9909186377689554, 0.9974571484201036, 0.8470854887272953, 0.9686306236422253, 0.7922502117437348, 0.9275823986268085, 6.325275965362545, 1.5925558050764332, 1.8509564229102784, 1.4071115474905203, 1.800559806468909]
APTIDAO: 
87.61751012106484

--- RESULTADO FINAL ---
Erro (norma-1): 87.61751012106484
Parâmetros: [1.7287170479358398, 1.8184042174933115, 2.2509112853745, 2.8707848193988785, 1.2561779075831232, 0.049866417157692196, 0.9909186377689554, 0.9974571484201036, 0.8470854887272953, 0.9686306236422253, 0.7922502117437348, 0.9275823986268085, 6.325275965362545, 1.5925558050764332, 1.8509564229102784, 1.4071115474905203, 1.800559806468909]
Tempo total: 00h 32m 14s
