SEED: 1778893788
METODO: ES_MM
IND_SIZE: 17
GEN: 0
Individuo: 
[0.8929184998516709, 2.2621188825489638, 3.8212223938270946, 1.3702040584648247, 3.4863198806488986, 0.37176937913117947, 0.46131607235842764, 0.4070471556367802, 0.623344424156464, 0.08149340345849487, 0.6204517116787119, 0.354998919819648, 2.78787657319398, 4.24849069848794, 2.6264247223553685, 5.27156915855589, 2.5007203339068087]
APTIDAO: 
597.434296317994
GEN: 100
Individuo: 
[0.8074923373062928, 1.5625280999763898, 4.584213801460463, 3.4177731583854776, 2.144695364343767, 0.02722912452288875, 0.8409612529428012, 0.9698451676221876, 0.623344424156464, 0.39296536987325736, 0.7668697272603633, 0.8404747558610207, 9.455803158356757, 1.332162316936979, 2.308788352361764, 1.1676036245933046, 1.1384154757501666]
APTIDAO: 
92.06382477249075
GEN: 200
Individuo: 
[1.1453964340010123, 1.6698152549790093, 2.873406189411876, 4.0156199618137345, 1.7220790488099165, 0.02722912452288875, 0.845471804466038, 0.9756314425801561, 0.623344424156464, 0.39296536987325736, 0.7668697272603633, 0.7852616696764771, 9.455803158356757, 1.4553870899265506, 1.9283167742186433, 1.191517817577951, 1.1384154757501666]
APTIDAO: 
89.84042675260179
GEN: 300
Individuo: 
[1.1453964340010123, 1.8227656623927537, 2.873406189411876, 4.061393328858774, 1.7893441108755594, 0.02722912452288875, 0.9910636947312008, 0.9756314425801561, 0.623344424156464, 0.5978501288852522, 0.5809625647844185, 0.7852616696764771, 9.775093161470975, 1.6942243972646156, 1.9283167742186433, 1.191517817577951, 1.1384154757501666]
APTIDAO: 
89.44583626822124
GEN: 400
Individuo: 
[1.1453964340010123, 2.081056417795194, 2.2931362587408732, 4.4306948691513925, 1.7893441108755594, 0.02722912452288875, 0.9910636947312008, 0.9705754725091197, 0.623344424156464, 0.5935346412879862, 0.5809625647844185, 0.7316826624757687, 9.882249809224978, 1.6942243972646156, 1.8332590072499722, 1.191517817577951, 1.1384154757501666]
APTIDAO: 
89.2159357995056
GEN: 500
Individuo: 
[1.2616718123287787, 2.081056417795194, 2.2931362587408732, 4.4306948691513925, 1.6175353071412706, 0.02722912452288875, 0.9910636947312008, 0.9705754725091197, 0.623344424156464, 0.6004472554029349, 0.5809625647844185, 0.7316826624757687, 9.882249809224978, 1.6942243972646156, 1.8198524239855869, 1.1955075070947723, 1.1384154757501666]
APTIDAO: 
89.05162967833614
GEN: 600
Individuo: 
[1.3869026343905564, 2.0998224364821154, 2.086531336031082, 4.4306948691513925, 1.6175353071412706, 0.028778841326340607, 0.9910636947312008, 0.9711678250059194, 0.623344424156464, 0.6004472554029349, 0.5401781083980507, 0.7316826624757687, 9.882249809224978, 1.6942243972646156, 1.8198524239855869, 1.1955075070947723, 1.1384154757501666]
APTIDAO: 
88.65674452696852
GEN: 700
Individuo: 
[1.4466205185157381, 1.961713322763846, 2.086531336031082, 3.79269220900006, 1.6175353071412706, 0.03045877693998391, 0.9910636947312008, 0.9723475757883998, 0.623344424156464, 0.5630726997455991, 0.5401781083980507, 0.7313779244089181, 9.882249809224978, 1.6702605577649057, 1.8198524239855869, 1.1955075070947723, 1.1498177238947997]
APTIDAO: 
88.40903698433483
GEN: 800
Individuo: 
[1.4466205185157381, 1.961713322763846, 2.086531336031082, 3.9736653305998804, 1.5273040337331052, 0.03045877693998391, 0.9910636947312008, 0.9867397302179125, 0.623344424156464, 0.5630726997455991, 0.5401781083980507, 0.7313779244089181, 9.882249809224978, 1.6702605577649057, 1.8198524239855869, 1.1955075070947723, 1.1498177238947997]
APTIDAO: 
88.38944172139931
GEN: 900
Individuo: 
[1.4466205185157381, 1.961713322763846, 2.1695717233830636, 3.7311190530506058, 1.5240773907148226, 0.03045877693998391, 0.9910636947312008, 0.9867397302179125, 0.6278051425520484, 0.5630726997455991, 0.5401781083980507, 0.7313779244089181, 9.882249809224978, 1.645170839959723, 1.8198524239855869, 1.1955075070947723, 1.1498177238947997]
APTIDAO: 
88.35492951583792
GEN: 1000
Individuo: 
[1.4466205185157381, 1.961713322763846, 2.1695717233830636, 3.7311190530506058, 1.5240773907148226, 0.03045877693998391, 0.9910636947312008, 0.9867397302179125, 0.6278051425520484, 0.5624445796601583, 0.5401781083980507, 0.7313779244089181, 9.882249809224978, 1.645170839959723, 1.8227321978990243, 1.1955075070947723, 1.1498177238947997]
APTIDAO: 
88.35104848618224
GEN: 1100
Individuo: 
[1.454956973056926, 1.961713322763846, 2.1695717233830636, 3.7311190530506058, 1.5240773907148226, 0.03045877693998391, 0.9910687631338875, 0.9867397302179125, 0.6262084076616833, 0.5624445796601583, 0.5401781083980507, 0.7313779244089181, 9.882249809224978, 1.645170839959723, 1.8227321978990243, 1.1955075070947723, 1.1498177238947997]
APTIDAO: 
88.34710723764661
GEN: 1200
Individuo: 
[1.454956973056926, 1.961713322763846, 2.1695717233830636, 3.7311190530506058, 1.5240773907148226, 0.03045877693998391, 0.9910687631338875, 0.9867397302179125, 0.6262084076616833, 0.5624445796601583, 0.5401781083980507, 0.7294857812180673, 9.882249809224978, 1.645170839959723, 1.8227321978990243, 1.1955075070947723, 1.1498177238947997]
APTIDAO: 
88.34522926471624
GEN: 1300
Individuo: 
[1.4844804752250012, 1.961713322763846, 2.1695717233830636, 3.7311190530506058, 1.5240773907148226, 0.03045877693998391, 0.9910687631338875, 0.9867397302179125, 0.6262084076616833, 0.5624445796601583, 0.5401781083980507, 0.7294857812180673, 9.896970824337123, 1.6467434336701825, 1.8227321978990243, 1.2042956104472862, 1.1498177238947997]
APTIDAO: 
88.33254525071042
GEN: 1400
Individuo: 
[1.5231693037894267, 1.961713322763846, 2.1695717233830636, 3.696340929118415, 1.4908847246550114, 0.03045877693998391, 0.9910687631338875, 0.9850644025491326, 0.6262084076616833, 0.5711907708575882, 0.5401781083980507, 0.723736353772452, 9.896970824337123, 1.6467434336701825, 1.8227321978990243, 1.2042956104472862, 1.1498177238947997]
APTIDAO: 
88.31271650739124
GEN: 1500
Individuo: 
[1.5231693037894267, 1.961713322763846, 2.1695717233830636, 3.696340929118415, 1.4908847246550114, 0.03045877693998391, 0.9910687631338875, 0.9850644025491326, 0.6262084076616833, 0.5732636566840424, 0.5401781083980507, 0.723736353772452, 9.896970824337123, 1.6467434336701825, 1.8227321978990243, 1.2042956104472862, 1.1498177238947997]
APTIDAO: 
88.31194666528455
GEN: 1600
Individuo: 
[1.5231693037894267, 1.932678472502802, 2.1695717233830636, 3.696340929118415, 1.4747978356010747, 0.03045877693998391, 0.9910687631338875, 0.9858234805694156, 0.6262084076616833, 0.5732636566840424, 0.5401781083980507, 0.723736353772452, 9.896970824337123, 1.6467434336701825, 1.8227321978990243, 1.2042956104472862, 1.1498177238947997]
APTIDAO: 
88.29640321360655
GEN: 1700
Individuo: 
[1.5231693037894267, 1.932678472502802, 2.1695717233830636, 3.682638963570522, 1.4747978356010747, 0.03045877693998391, 0.9910687631338875, 0.9858234805694156, 0.6262084076616833, 0.5732636566840424, 0.5401781083980507, 0.723736353772452, 9.896970824337123, 1.6467434336701825, 1.8227321978990243, 1.2042956104472862, 1.1498177238947997]
APTIDAO: 
88.29542642197995
GEN: 1800
Individuo: 
[1.5231693037894267, 1.932678472502802, 2.1695717233830636, 3.677447474733701, 1.4747978356010747, 0.03045877693998391, 0.9910687631338875, 0.9858234805694156, 0.6262084076616833, 0.5732636566840424, 0.5401781083980507, 0.723736353772452, 9.896970824337123, 1.6468668559357127, 1.8227321978990243, 1.2042956104472862, 1.1498177238947997]
APTIDAO: 
88.29504646498755
GEN: 1900
Individuo: 
[1.5231693037894267, 1.932678472502802, 2.1695717233830636, 3.677447474733701, 1.4593501672129217, 0.03045877693998391, 0.9910687631338875, 0.9858234805694156, 0.6262084076616833, 0.5732636566840424, 0.5401781083980507, 0.723736353772452, 9.896970824337123, 1.6468668559357127, 1.8227321978990243, 1.2042956104472862, 1.1498177238947997]
APTIDAO: 
88.29410451548077
GEN: 2000
Individuo: 
[1.5536534278909209, 1.932678472502802, 2.1695717233830636, 3.677447474733701, 1.4311421555449555, 0.03045877693998391, 0.9910687631338875, 0.9858234805694156, 0.6234398346214673, 0.5732636566840424, 0.5401781083980507, 0.723736353772452, 9.896970824337123, 1.6468668559357127, 1.8227321978990243, 1.2042956104472862, 1.1498177238947997]
APTIDAO: 
88.28003436005956
GEN: 2100
Individuo: 
[1.5536534278909209, 1.932678472502802, 2.105369652008634, 3.677447474733701, 1.4311421555449555, 0.03045877693998391, 0.9910687631338875, 0.9935376811402246, 0.6234398346214673, 0.5732636566840424, 0.5401781083980507, 0.723736353772452, 9.896970824337123, 1.6468668559357127, 1.8227321978990243, 1.2042956104472862, 1.1498177238947997]
APTIDAO: 
88.27765559763094
GEN: 2200
Individuo: 
[1.5536534278909209, 1.932678472502802, 2.1695717233830636, 3.677447474733701, 1.4042868463424598, 0.03045877693998391, 0.9910687631338875, 0.9935376811402246, 0.6234398346214673, 0.5732636566840424, 0.5401781083980507, 0.723736353772452, 9.896970824337123, 1.6468668559357127, 1.8227321978990243, 1.2042956104472862, 1.1498177238947997]
APTIDAO: 
88.27820672848412
GEN: 2300
Individuo: 
[1.5536534278909209, 1.932678472502802, 2.1695717233830636, 3.677447474733701, 1.4042868463424598, 0.03045877693998391, 0.9910687631338875, 0.9935376811402246, 0.6234398346214673, 0.5732636566840424, 0.5401781083980507, 0.723736353772452, 9.896970824337123, 1.6468668559357127, 1.8227321978990243, 1.2042956104472862, 1.1498177238947997]
APTIDAO: 
88.27820672848412
GEN: 2400
Individuo: 
[1.5536534278909209, 1.932678472502802, 2.1695717233830636, 3.677447474733701, 1.4042868463424598, 0.03045877693998391, 0.9910687631338875, 0.9935376811402246, 0.6234398346214673, 0.5732636566840424, 0.5401781083980507, 0.723736353772452, 9.896970824337123, 1.6468668559357127, 1.8227321978990243, 1.2042956104472862, 1.1498177238947997]
APTIDAO: 
88.27820672848412
GEN: 2500
Individuo: 
[1.563641037433468, 1.9486591482435303, 2.1381564073078128, 3.677447474733701, 1.4042868463424598, 0.03045877693998391, 0.9910687631338875, 0.9935376811402246, 0.6234398346214673, 0.5732636566840424, 0.5401781083980507, 0.723736353772452, 9.896970824337123, 1.6468668559357127, 1.8227321978990243, 1.2042956104472862, 1.1498177238947997]
APTIDAO: 
88.27409003174323
GEN: 2600
Individuo: 
[1.563641037433468, 1.9486591482435303, 2.1381564073078128, 3.677447474733701, 1.4042868463424598, 0.03045877693998391, 0.9910687631338875, 0.9935376811402246, 0.6234398346214673, 0.5732636566840424, 0.6520815114817912, 0.4997292425294629, 9.896970824337123, 1.6468668559357127, 1.8227321978990243, 1.2077660871410008, 1.1498177238947997]
APTIDAO: 
88.26209647364264
GEN: 2700
Individuo: 
[1.563641037433468, 1.9486591482435303, 2.1381564073078128, 3.3813549852524023, 1.4042868463424598, 0.03045877693998391, 0.9910687631338875, 0.9935376811402246, 0.6234398346214673, 0.5732636566840424, 0.6531010800850853, 0.5150699037712363, 9.896970824337123, 1.6468668559357127, 1.8227321978990243, 1.2077660871410008, 1.1575962697600646]
APTIDAO: 
88.24994057742724
GEN: 2800
Individuo: 
[1.563641037433468, 1.9486591482435303, 2.1381564073078128, 3.3813549852524023, 1.4042868463424598, 0.03045877693998391, 0.9910687631338875, 0.9935376811402246, 0.6234398346214673, 0.5840085635997683, 0.6531010800850853, 0.5150699037712363, 9.864932060195603, 1.6468668559357127, 1.8227321978990243, 1.2077660871410008, 1.1575962697600646]
APTIDAO: 
88.24543977970349
GEN: 2900
Individuo: 
[1.5787150942367902, 1.9486591482435303, 2.1381564073078128, 3.3952621610365497, 1.4042868463424598, 0.03045877693998391, 0.9910687631338875, 0.9935376811402246, 0.6234398346214673, 0.5840085635997683, 0.6531010800850853, 0.5150699037712363, 9.864932060195603, 1.6513857673443146, 1.8227321978990243, 1.2077660871410008, 1.1575962697600646]
APTIDAO: 
88.23922095317839
GEN: 3000
Individuo: 
[1.5787150942367902, 1.9440128696748653, 2.1381564073078128, 3.360362685812174, 1.4042868463424598, 0.03045877693998391, 0.9910687631338875, 0.9935376811402246, 0.6234398346214673, 0.5840085635997683, 0.6531010800850853, 0.5150699037712363, 9.864932060195603, 1.6513857673443146, 1.8227321978990243, 1.2077660871410008, 1.1575962697600646]
APTIDAO: 
88.23890009077435
GEN: 3100
Individuo: 
[1.5787150942367902, 1.9440128696748653, 2.1381564073078128, 3.360362685812174, 1.4042868463424598, 0.03045877693998391, 0.9910687631338875, 0.9935376811402246, 0.6234398346214673, 0.5842870100108914, 0.6531010800850853, 0.5150699037712363, 9.864932060195603, 1.6513857673443146, 1.8218128275187349, 1.209222760439834, 1.1575962697600646]
APTIDAO: 
88.23803886281351
GEN: 3200
Individuo: 
[1.5787150942367902, 1.9440128696748653, 2.1381564073078128, 3.370740364803304, 1.4042868463424598, 0.03045877693998391, 0.9910687631338875, 0.9948065849141763, 0.6234398346214673, 0.5842870100108914, 0.6531010800850853, 0.5150699037712363, 9.864932060195603, 1.6513857673443146, 1.8218128275187349, 1.209222760439834, 1.1575962697600646]
APTIDAO: 
88.23624790191309
GEN: 3300
Individuo: 
[1.58586268697541, 1.9440128696748653, 2.1381564073078128, 3.370740364803304, 1.4042868463424598, 0.03045877693998391, 0.9910687631338875, 0.9948065849141763, 0.6234398346214673, 0.5842870100108914, 0.6531010800850853, 0.5150699037712363, 9.864932060195603, 1.6513857673443146, 1.8218128275187349, 1.209222760439834, 1.1575962697600646]
APTIDAO: 
88.23575670180325
GEN: 3400
Individuo: 
[1.58586268697541, 1.9440128696748653, 2.1051472915569738, 3.370740364803304, 1.4042868463424598, 0.03045877693998391, 0.9910687631338875, 0.9948065849141763, 0.6234398346214673, 0.5842870100108914, 0.6531010800850853, 0.5150699037712363, 9.864932060195603, 1.6513857673443146, 1.8218128275187349, 1.209222760439834, 1.1575962697600646]
APTIDAO: 
88.2351147087905
GEN: 3500
Individuo: 
[1.58586268697541, 1.9440128696748653, 2.1051472915569738, 3.370740364803304, 1.4042868463424598, 0.03045877693998391, 0.9910687631338875, 0.9948065849141763, 0.6234398346214673, 0.5842870100108914, 0.6531010800850853, 0.5150699037712363, 9.864932060195603, 1.6513857673443146, 1.8218128275187349, 1.209222760439834, 1.1575962697600646]
APTIDAO: 
88.2351147087905
GEN: 3600
Individuo: 
[1.58586268697541, 1.9440128696748653, 2.1051472915569738, 3.370740364803304, 1.4042868463424598, 0.03045877693998391, 0.9910687631338875, 0.9948065849141763, 0.6234398346214673, 0.5842870100108914, 0.6531010800850853, 0.5150699037712363, 9.864932060195603, 1.6513857673443146, 1.8218128275187349, 1.209222760439834, 1.1575962697600646]
APTIDAO: 
88.2351147087905
GEN: 3700
Individuo: 
[1.58586268697541, 1.9440128696748653, 2.1051472915569738, 3.4173066570650907, 1.4042868463424598, 0.03045877693998391, 0.9910687631338875, 0.9948065849141763, 0.6234398346214673, 0.5842870100108914, 0.6531010800850853, 0.5150699037712363, 9.864932060195603, 1.6513857673443146, 1.8218128275187349, 1.209222760439834, 1.1575962697600646]
APTIDAO: 
88.23470543393496
GEN: 3800
Individuo: 
[1.58586268697541, 1.9440128696748653, 2.1051472915569738, 3.398312629434069, 1.4042868463424598, 0.03045877693998391, 0.9910687631338875, 0.9948065849141763, 0.6234398346214673, 0.5842870100108914, 0.6508024385173039, 0.5150699037712363, 9.904626293555381, 1.6513857673443146, 1.8218128275187349, 1.209222760439834, 1.1575962697600646]
APTIDAO: 
88.23202294780708
GEN: 3900
Individuo: 
[1.58586268697541, 1.9440128696748653, 2.1051472915569738, 3.3692191701015597, 1.4042868463424598, 0.03045877693998391, 0.9910687631338875, 0.9958303073488609, 0.6234398346214673, 0.5818426011000403, 0.6508024385173039, 0.5150699037712363, 9.904626293555381, 1.6513857673443146, 1.8218128275187349, 1.209222760439834, 1.1575962697600646]
APTIDAO: 
88.22983961330725
GEN: 4000
Individuo: 
[1.58586268697541, 1.9440128696748653, 2.1051472915569738, 3.3685808399610604, 1.4042868463424598, 0.03045877693998391, 0.9910687631338875, 0.9958303073488609, 0.6234398346214673, 0.5818426011000403, 0.6508024385173039, 0.5150699037712363, 9.904626293555381, 1.6513857673443146, 1.8218128275187349, 1.209222760439834, 1.1575962697600646]
APTIDAO: 
88.22982337932379
GEN: 4100
Individuo: 
[1.58586268697541, 1.9440128696748653, 2.1051472915569738, 3.3685808399610604, 1.4042868463424598, 0.03045877693998391, 0.9910687631338875, 0.9958303073488609, 0.6234398346214673, 0.5818426011000403, 0.6508024385173039, 0.5150699037712363, 9.904626293555381, 1.6513857673443146, 1.8218128275187349, 1.209222760439834, 1.1575962697600646]
APTIDAO: 
88.22982337932379
GEN: 4200
Individuo: 
[1.58586268697541, 1.9440128696748653, 2.1051472915569738, 3.3685808399610604, 1.4042868463424598, 0.03045877693998391, 0.9910687631338875, 0.9958303073488609, 0.6234398346214673, 0.5818426011000403, 0.6508024385173039, 0.5150699037712363, 9.904626293555381, 1.6513857673443146, 1.8218128275187349, 1.209222760439834, 1.1575962697600646]
APTIDAO: 
88.22982337932379
GEN: 4300
Individuo: 
[1.58586268697541, 1.9440128696748653, 2.1051472915569738, 3.3685808399610604, 1.4042868463424598, 0.03045877693998391, 0.9910687631338875, 0.9958303073488609, 0.6234398346214673, 0.5818426011000403, 0.6508024385173039, 0.5150699037712363, 9.904626293555381, 1.6513857673443146, 1.8218128275187349, 1.209222760439834, 1.1575962697600646]
APTIDAO: 
88.22982337932379
GEN: 4400
Individuo: 
[1.58586268697541, 1.9440128696748653, 2.1051472915569738, 3.3685808399610604, 1.4042868463424598, 0.03045877693998391, 0.9910687631338875, 0.9985724942151242, 0.6234398346214673, 0.5818426011000403, 0.6508024385173039, 0.5150699037712363, 9.904626293555381, 1.6513857673443146, 1.8218128275187349, 1.209222760439834, 1.1575962697600646]
APTIDAO: 
88.22945091584027
GEN: 4500
Individuo: 
[1.58586268697541, 1.9440128696748653, 2.1051472915569738, 3.3685808399610604, 1.395479385611596, 0.03045877693998391, 0.9910687631338875, 0.9985724942151242, 0.6234398346214673, 0.5818426011000403, 0.6508024385173039, 0.5150699037712363, 9.904626293555381, 1.6513857673443146, 1.8218128275187349, 1.209222760439834, 1.1575962697600646]
APTIDAO: 
88.22898097932878
GEN: 4600
Individuo: 
[1.58586268697541, 1.9440128696748653, 2.1051472915569738, 3.3685808399610604, 1.395479385611596, 0.03045877693998391, 0.9910687631338875, 0.9985724942151242, 0.6234398346214673, 0.5818426011000403, 0.6508024385173039, 0.5150699037712363, 9.904626293555381, 1.6513857673443146, 1.8218128275187349, 1.209222760439834, 1.1575962697600646]
APTIDAO: 
88.22898097932878
GEN: 4700
Individuo: 
[1.5927236508409617, 1.9440128696748653, 2.1051472915569738, 3.3685808399610604, 1.395479385611596, 0.03045877693998391, 0.9910687631338875, 0.9985724942151242, 0.6234398346214673, 0.5818426011000403, 0.6508024385173039, 0.5150699037712363, 9.904626293555381, 1.6513857673443146, 1.8218128275187349, 1.209222760439834, 1.1575962697600646]
APTIDAO: 
88.22744833615808
GEN: 4800
Individuo: 
[1.5927236508409617, 1.9440128696748653, 2.1051472915569738, 3.3685808399610604, 1.395479385611596, 0.03045877693998391, 0.9910687631338875, 0.9985724942151242, 0.6234398346214673, 0.5818426011000403, 0.6508024385173039, 0.5150699037712363, 9.904626293555381, 1.6513857673443146, 1.8218128275187349, 1.209222760439834, 1.1575962697600646]
APTIDAO: 
88.22744833615808
GEN: 4900
Individuo: 
[1.5927236508409617, 1.9440128696748653, 2.1051472915569738, 3.3685808399610604, 1.3943853448744346, 0.03045877693998391, 0.9910687631338875, 0.9985724942151242, 0.6234398346214673, 0.5818426011000403, 0.6508024385173039, 0.5150699037712363, 9.904626293555381, 1.6513857673443146, 1.8218128275187349, 1.209222760439834, 1.1575962697600646]
APTIDAO: 
88.22738485490963
GEN: 5000
Individuo: 
[1.6031166761839628, 1.9440128696748653, 2.1051472915569738, 3.3685808399610604, 1.3943853448744346, 0.03045877693998391, 0.9910687631338875, 0.9985724942151242, 0.6234398346214673, 0.5818426011000403, 0.6508024385173039, 0.5150699037712363, 9.904626293555381, 1.6513857673443146, 1.8218128275187349, 1.209222760439834, 1.1575962697600646]
APTIDAO: 
88.22733141089839
GEN: 5100
Individuo: 
[1.595194122974765, 1.9440128696748653, 2.1051472915569738, 3.3685808399610604, 1.3943853448744346, 0.03045877693998391, 0.9910687631338875, 0.9985724942151242, 0.6234398346214673, 0.5818426011000403, 0.6508024385173039, 0.5150699037712363, 9.904626293555381, 1.6513857673443146, 1.8218128275187349, 1.209222760439834, 1.1575962697600646]
APTIDAO: 
88.22687810475806
GEN: 5200
Individuo: 
[1.5958044912114888, 1.9440128696748653, 2.1051472915569738, 3.3685808399610604, 1.3943853448744346, 0.03045877693998391, 0.9910687631338875, 0.9985724942151242, 0.6234398346214673, 0.5818426011000403, 0.6508024385173039, 0.5150699037712363, 9.904626293555381, 1.6513857673443146, 1.8218128275187349, 1.209222760439834, 1.1575962697600646]
APTIDAO: 
88.22675490378445
GEN: 5300
Individuo: 
[1.5958044912114888, 1.9440128696748653, 2.095660720869533, 3.3685808399610604, 1.3943853448744346, 0.03045877693998391, 0.9910687631338875, 0.9985724942151242, 0.6234398346214673, 0.5818426011000403, 0.6508024385173039, 0.5150699037712363, 9.904626293555381, 1.6513857673443146, 1.8218128275187349, 1.209222760439834, 1.1575962697600646]
APTIDAO: 
88.22661050358946
GEN: 5400
Individuo: 
[1.5958044912114888, 1.9440128696748653, 2.095660720869533, 3.3754739764802717, 1.3943853448744346, 0.03045877693998391, 0.9910687631338875, 0.9985724942151242, 0.6234398346214673, 0.5818426011000403, 0.6508024385173039, 0.5150699037712363, 9.904626293555381, 1.6513857673443146, 1.8218128275187349, 1.209222760439834, 1.1575962697600646]
APTIDAO: 
88.22658750242974
GEN: 5500
Individuo: 
[1.5958044912114888, 1.9440128696748653, 2.095660720869533, 3.3754739764802717, 1.3943853448744346, 0.03045877693998391, 0.9910687631338875, 0.9985724942151242, 0.6234398346214673, 0.5818426011000403, 0.6508024385173039, 0.5150699037712363, 9.904626293555381, 1.6513857673443146, 1.8218128275187349, 1.209222760439834, 1.1575962697600646]
APTIDAO: 
88.22658750242974
GEN: 5600
Individuo: 
[1.5958044912114888, 1.9440128696748653, 2.095660720869533, 3.3754739764802717, 1.3943853448744346, 0.03045877693998391, 0.9910687631338875, 0.9985724942151242, 0.6234398346214673, 0.5818426011000403, 0.6508024385173039, 0.5150699037712363, 9.904626293555381, 1.6513857673443146, 1.8218128275187349, 1.209222760439834, 1.1575962697600646]
APTIDAO: 
88.22658750242974
GEN: 5700
Individuo: 
[1.5958044912114888, 1.9399650635616357, 2.095660720869533, 3.3754739764802717, 1.3943853448744346, 0.03045877693998391, 0.9910687631338875, 0.9985724942151242, 0.6234398346214673, 0.5818426011000403, 0.6508024385173039, 0.5150699037712363, 9.904626293555381, 1.6513857673443146, 1.8242001257118003, 1.209222760439834, 1.1575962697600646]
APTIDAO: 
88.22630763652691
GEN: 5800
Individuo: 
[1.5958044912114888, 1.9399650635616357, 2.095660720869533, 3.3754739764802717, 1.3943853448744346, 0.03045877693998391, 0.9910687631338875, 0.9985724942151242, 0.6234398346214673, 0.5818426011000403, 0.6508024385173039, 0.5150699037712363, 9.904626293555381, 1.6513857673443146, 1.8242001257118003, 1.209222760439834, 1.1575962697600646]
APTIDAO: 
88.22630763652691
GEN: 5900
Individuo: 
[1.5958044912114888, 1.9399650635616357, 2.0977376816733773, 3.383678079634074, 1.3943853448744346, 0.03045877693998391, 0.9910687631338875, 0.9985724942151242, 0.6234398346214673, 0.5818426011000403, 0.6508024385173039, 0.5150699037712363, 9.904626293555381, 1.6513857673443146, 1.8242001257118003, 1.209222760439834, 1.1575962697600646]
APTIDAO: 
88.2260239771218
GEN: 6000
Individuo: 
[1.6025134711215927, 1.9399650635616357, 2.0977376816733773, 3.383678079634074, 1.3943853448744346, 0.03045877693998391, 0.9910687631338875, 0.9985724942151242, 0.6234398346214673, 0.5818426011000403, 0.6508024385173039, 0.5150699037712363, 9.904626293555381, 1.6513857673443146, 1.8242001257118003, 1.209222760439834, 1.1575962697600646]
APTIDAO: 
88.2248003722681
GEN: 6100
Individuo: 
[1.6025134711215927, 1.9399650635616357, 2.0977376816733773, 3.383678079634074, 1.394379097443273, 0.03045877693998391, 0.9910687631338875, 0.9985724942151242, 0.6234398346214673, 0.5818426011000403, 0.6508024385173039, 0.5150699037712363, 9.904626293555381, 1.6513857673443146, 1.8242001257118003, 1.209222760439834, 1.1575962697600646]
APTIDAO: 
88.22479843943862
GEN: 6200
Individuo: 
[1.6025134711215927, 1.9399650635616357, 2.0977376816733773, 3.383678079634074, 1.394379097443273, 0.03045877693998391, 0.9910687631338875, 0.9985724942151242, 0.6234398346214673, 0.5818426011000403, 0.6508024385173039, 0.5150699037712363, 9.904626293555381, 1.6513857673443146, 1.8242001257118003, 1.209222760439834, 1.1575962697600646]
APTIDAO: 
88.22479843943862
GEN: 6300
Individuo: 
[1.6025134711215927, 1.9398495332418255, 2.0977376816733773, 3.383678079634074, 1.394379097443273, 0.03045877693998391, 0.9910687631338875, 0.9985724942151242, 0.6234398346214673, 0.5818426011000403, 0.6508024385173039, 0.5150699037712363, 9.904626293555381, 1.6513857673443146, 1.8242001257118003, 1.209222760439834, 1.1575962697600646]
APTIDAO: 
88.2247575862244
GEN: 6400
Individuo: 
[1.6025134711215927, 1.9398495332418255, 2.0977376816733773, 3.383678079634074, 1.394379097443273, 0.03045877693998391, 0.9910687631338875, 0.9985724942151242, 0.6234398346214673, 0.5818426011000403, 0.6508024385173039, 0.5150699037712363, 9.904626293555381, 1.6513857673443146, 1.8242001257118003, 1.209222760439834, 1.1575962697600646]
APTIDAO: 
88.2247575862244
GEN: 6500
Individuo: 
[1.6025134711215927, 1.9398495332418255, 2.0977376816733773, 3.383678079634074, 1.394379097443273, 0.03045877693998391, 0.9910687631338875, 0.9985724942151242, 0.6234398346214673, 0.5818426011000403, 0.6508024385173039, 0.5150699037712363, 9.904626293555381, 1.6513857673443146, 1.8242001257118003, 1.209222760439834, 1.1575962697600646]
APTIDAO: 
88.2247575862244
GEN: 6600
Individuo: 
[1.6025134711215927, 1.9398495332418255, 2.0977376816733773, 3.383678079634074, 1.394379097443273, 0.03045877693998391, 0.9910687631338875, 0.9985724942151242, 0.6234398346214673, 0.5818426011000403, 0.6508024385173039, 0.5150699037712363, 9.904626293555381, 1.6513857673443146, 1.8242001257118003, 1.209222760439834, 1.1575962697600646]
APTIDAO: 
88.2247575862244
GEN: 6700
Individuo: 
[1.6025134711215927, 1.9398495332418255, 2.096612513777457, 3.383678079634074, 1.394379097443273, 0.03045877693998391, 0.9910687631338875, 0.9985724942151242, 0.6234398346214673, 0.5818426011000403, 0.6508024385173039, 0.5153675440066623, 9.904626293555381, 1.6513857673443146, 1.8242001257118003, 1.209222760439834, 1.1575962697600646]
APTIDAO: 
88.22473545120569
GEN: 6800
Individuo: 
[1.6025134711215927, 1.9398495332418255, 2.096612513777457, 3.383678079634074, 1.394379097443273, 0.03045877693998391, 0.9910687631338875, 0.9985724942151242, 0.6234398346214673, 0.5818426011000403, 0.6508024385173039, 0.5153675440066623, 9.907831895152132, 1.6513857673443146, 1.8242001257118003, 1.209222760439834, 1.1575962697600646]
APTIDAO: 
88.22460160005868
GEN: 6900
Individuo: 
[1.6025134711215927, 1.9398495332418255, 2.096612513777457, 3.383678079634074, 1.394379097443273, 0.03045877693998391, 0.9910687631338875, 0.9985724942151242, 0.6234398346214673, 0.5818426011000403, 0.6508024385173039, 0.5153675440066623, 9.907831895152132, 1.6513857673443146, 1.8242001257118003, 1.209222760439834, 1.1575962697600646]
APTIDAO: 
88.22460160005868
GEN: 7000
Individuo: 
[1.6025134711215927, 1.9398495332418255, 2.096612513777457, 3.383678079634074, 1.394379097443273, 0.03045877693998391, 0.9910687631338875, 0.9985724942151242, 0.6234398346214673, 0.5818426011000403, 0.6508024385173039, 0.5153675440066623, 9.907831895152132, 1.6513857673443146, 1.8242001257118003, 1.209222760439834, 1.1575962697600646]
APTIDAO: 
88.22460160005868
GEN: 7100
Individuo: 
[1.6027523183010637, 1.9398495332418255, 2.096612513777457, 3.383678079634074, 1.3933936804941784, 0.03045877693998391, 0.9910687631338875, 0.9985724942151242, 0.6234398346214673, 0.5818426011000403, 0.6508024385173039, 0.5153675440066623, 9.907831895152132, 1.6513857673443146, 1.8242001257118003, 1.209222760439834, 1.1575962697600646]
APTIDAO: 
88.22449145427807
GEN: 7200
Individuo: 
[1.6027523183010637, 1.9398495332418255, 2.101562464586467, 3.383678079634074, 1.3933936804941784, 0.03045877693998391, 0.9910687631338875, 0.9985724942151242, 0.6326522906417159, 0.6194664973463285, 0.6508024385173039, 0.5086367336347236, 9.907831895152132, 1.6513857673443146, 1.8242001257118003, 1.2464021283933227, 1.1575962697600646]
APTIDAO: 
88.20243380510635
GEN: 7300
Individuo: 
[1.6027523183010637, 1.9398495332418255, 2.101562464586467, 3.383678079634074, 1.3933936804941784, 0.030415483005064546, 0.9910687631338875, 0.9985724942151242, 0.6326522906417159, 0.6194664973463285, 0.6508024385173039, 0.5086367336347236, 9.907831895152132, 1.6513857673443146, 1.8242001257118003, 1.2464021283933227, 1.1575962697600646]
APTIDAO: 
88.20135855233363
GEN: 7400
Individuo: 
[1.6027523183010637, 1.9398495332418255, 2.101562464586467, 3.383678079634074, 1.387880554787349, 0.030415483005064546, 0.9971052926269303, 0.9985724942151242, 0.6326522906417159, 0.6194664973463285, 0.6508024385173039, 0.5055510425936586, 9.907831895152132, 1.6513857673443146, 1.8242001257118003, 1.2464021283933227, 1.1575962697600646]
APTIDAO: 
88.19715433612585
GEN: 7500
Individuo: 
[1.6027523183010637, 1.9398495332418255, 2.101562464586467, 3.3989563275222867, 1.387880554787349, 0.030415483005064546, 0.994895357598401, 0.9985724942151242, 0.6326522906417159, 0.6194664973463285, 0.6508024385173039, 0.5055510425936586, 9.907831895152132, 1.6513857673443146, 1.8242001257118003, 1.2464021283933227, 1.1575962697600646]
APTIDAO: 
88.19600343351117
GEN: 7600
Individuo: 
[1.6027523183010637, 1.9398495332418255, 2.100315109505211, 3.3989563275222867, 1.387880554787349, 0.030415483005064546, 0.994895357598401, 0.9985724942151242, 0.6326522906417159, 0.6194664973463285, 0.6508024385173039, 0.5055510425936586, 9.910173549885819, 1.6515614029442598, 1.8242001257118003, 1.2464021283933227, 1.1575962697600646]
APTIDAO: 
88.19553534811523
GEN: 7700
Individuo: 
[1.6027523183010637, 1.9398495332418255, 2.100315109505211, 3.3989563275222867, 1.387880554787349, 0.030415483005064546, 0.994895357598401, 0.9985724942151242, 0.6326522906417159, 0.6207864695156312, 0.6508024385173039, 0.5055510425936586, 9.910173549885819, 1.6515614029442598, 1.8242001257118003, 1.2464021283933227, 1.1575962697600646]
APTIDAO: 
88.19517554759285
GEN: 7800
Individuo: 
[1.6027523183010637, 1.9274072580827242, 2.100315109505211, 3.3989563275222867, 1.387880554787349, 0.030415483005064546, 0.994895357598401, 0.9985724942151242, 0.6328806301864481, 0.6207864695156312, 0.6508024385173039, 0.5055510425936586, 9.910173549885819, 1.6515614029442598, 1.8242001257118003, 1.2464021283933227, 1.1575962697600646]
APTIDAO: 
88.19465323004228
GEN: 7900
Individuo: 
[1.6027523183010637, 1.9297083146565868, 2.100315109505211, 3.3989563275222867, 1.387880554787349, 0.030415483005064546, 0.994895357598401, 0.9985724942151242, 0.6328806301864481, 0.6207864695156312, 0.6508024385173039, 0.5055510425936586, 9.910173549885819, 1.6515614029442598, 1.8242001257118003, 1.2464021283933227, 1.1575962697600646]
APTIDAO: 
88.19441210480817
GEN: 8000
Individuo: 
[1.6027523183010637, 1.9297083146565868, 2.100315109505211, 3.3989563275222867, 1.387880554787349, 0.030415483005064546, 0.997466054029897, 0.9985724942151242, 0.6328806301864481, 0.6207864695156312, 0.6508024385173039, 0.5055510425936586, 9.910173549885819, 1.6515614029442598, 1.8242001257118003, 1.2464021283933227, 1.1575962697600646]
APTIDAO: 
88.19252167381993
GEN: 8100
Individuo: 
[1.6027523183010637, 1.9297083146565868, 2.100315109505211, 3.3989563275222867, 1.387880554787349, 0.030415483005064546, 0.9953396745998805, 0.9985724942151242, 0.6328806301864481, 0.6184557867016909, 0.6508024385173039, 0.5055510425936586, 9.910173549885819, 1.6515614029442598, 1.8242001257118003, 1.2464021283933227, 1.1575962697600646]
APTIDAO: 
88.19369203209244
GEN: 8200
Individuo: 
[1.6027523183010637, 1.9297083146565868, 2.100315109505211, 3.3989563275222867, 1.387880554787349, 0.030415483005064546, 0.9953396745998805, 0.9985724942151242, 0.6328806301864481, 0.6184557867016909, 0.6508024385173039, 0.5055510425936586, 9.910173549885819, 1.6515614029442598, 1.8242001257118003, 1.2464021283933227, 1.1575962697600646]
APTIDAO: 
88.19369203209244
GEN: 8300
Individuo: 
[1.6099686681804692, 1.9297083146565868, 2.100315109505211, 3.3989563275222867, 1.387880554787349, 0.030415483005064546, 0.9953396745998805, 0.9985724942151242, 0.6328806301864481, 0.6184557867016909, 0.6508024385173039, 0.5055510425936586, 9.910173549885819, 1.6515614029442598, 1.8242001257118003, 1.2464021283933227, 1.1575962697600646]
APTIDAO: 
88.19258154608698
GEN: 8400
Individuo: 
[1.6099686681804692, 1.9297083146565868, 2.100315109505211, 3.3989563275222867, 1.387880554787349, 0.030415483005064546, 0.9953396745998805, 0.9985724942151242, 0.63502023417183, 0.6184557867016909, 0.6508024385173039, 0.5055510425936586, 9.910173549885819, 1.6515614029442598, 1.8242001257118003, 1.2464021283933227, 1.1575962697600646]
APTIDAO: 
88.19147724663462
GEN: 8500
Individuo: 
[1.6099686681804692, 1.929033278585478, 2.100315109505211, 3.3989563275222867, 1.387880554787349, 0.030416168449479454, 0.9953396745998805, 0.9985724942151242, 0.63502023417183, 0.6184557867016909, 0.6508024385173039, 0.5055510425936586, 9.910173549885819, 1.6515614029442598, 1.8242001257118003, 1.2464021283933227, 1.1575962697600646]
APTIDAO: 
88.19146912267583
GEN: 8600
Individuo: 
[1.6099686681804692, 1.929033278585478, 2.100315109505211, 3.3989563275222867, 1.386862815312904, 0.030416168449479454, 0.9953396745998805, 0.9985724942151242, 0.63502023417183, 0.6184557867016909, 0.6508024385173039, 0.5055510425936586, 9.910173549885819, 1.6509402264299968, 1.8242001257118003, 1.2464021283933227, 1.1575962697600646]
APTIDAO: 
88.19120646648608
GEN: 8700
Individuo: 
[1.6099686681804692, 1.929033278585478, 2.100315109505211, 3.3989563275222867, 1.386862815312904, 0.030416168449479454, 0.9953396745998805, 0.9985724942151242, 0.63502023417183, 0.6184557867016909, 0.6508024385173039, 0.5055510425936586, 9.910173549885819, 1.6509402264299968, 1.8242001257118003, 1.2464021283933227, 1.1575962697600646]
APTIDAO: 
88.19120646648608
GEN: 8800
Individuo: 
[1.6099686681804692, 1.929033278585478, 2.100315109505211, 3.3989563275222867, 1.386862815312904, 0.030416168449479454, 0.9953396745998805, 0.9985724942151242, 0.6409383000299329, 0.6184557867016909, 0.6508024385173039, 0.5055510425936586, 9.910173549885819, 1.6509402264299968, 1.8242001257118003, 1.2464021283933227, 1.160548178718132]
APTIDAO: 
88.18469025349347
GEN: 8900
Individuo: 
[1.6099686681804692, 1.929033278585478, 2.100315109505211, 3.3989563275222867, 1.386862815312904, 0.030416168449479454, 0.9953396745998805, 0.9985724942151242, 0.6409383000299329, 0.6184557867016909, 0.6508024385173039, 0.5055510425936586, 9.910173549885819, 1.6509402264299968, 1.8242001257118003, 1.2464021283933227, 1.160548178718132]
APTIDAO: 
88.18469025349347
GEN: 9000
Individuo: 
[1.6075424333393535, 1.929033278585478, 2.100315109505211, 3.349340884246609, 1.386862815312904, 0.030416168449479454, 0.9953396745998805, 0.9985724942151242, 0.6409383000299329, 0.6184557867016909, 0.6508024385173039, 0.5055510425936586, 9.910173549885819, 1.6509402264299968, 1.8242001257118003, 1.2464021283933227, 1.160548178718132]
APTIDAO: 
88.18462232634138
GEN: 9100
Individuo: 
[1.6075424333393535, 1.929033278585478, 2.100315109505211, 3.349340884246609, 1.386862815312904, 0.030416168449479454, 0.9953396745998805, 0.9985724942151242, 0.6409383000299329, 0.6184557867016909, 0.6508024385173039, 0.5055510425936586, 9.910173549885819, 1.6509402264299968, 1.8242001257118003, 1.2464021283933227, 1.160548178718132]
APTIDAO: 
88.18462232634138
GEN: 9200
Individuo: 
[1.6075424333393535, 1.929033278585478, 2.100315109505211, 3.349340884246609, 1.386862815312904, 0.030416168449479454, 0.9953396745998805, 0.9985724942151242, 0.6409383000299329, 0.6184557867016909, 0.6508024385173039, 0.5055510425936586, 9.910173549885819, 1.6509402264299968, 1.8242001257118003, 1.2464021283933227, 1.160548178718132]
APTIDAO: 
88.18462232634138
GEN: 9300
Individuo: 
[1.6075424333393535, 1.929033278585478, 2.100315109505211, 3.349340884246609, 1.386862815312904, 0.030416168449479454, 0.9953396745998805, 0.9985724942151242, 0.6409383000299329, 0.6184557867016909, 0.6508024385173039, 0.505660912433775, 9.910173549885819, 1.6509402264299968, 1.8242001257118003, 1.2464021283933227, 1.160548178718132]
APTIDAO: 
88.18453900478134
GEN: 9400
Individuo: 
[1.6075424333393535, 1.929033278585478, 2.1059098287044224, 3.349340884246609, 1.386862815312904, 0.030416168449479454, 0.9953396745998805, 0.9985724942151242, 0.6409383000299329, 0.6184557867016909, 0.6508024385173039, 0.505660912433775, 9.910173549885819, 1.6509402264299968, 1.8242001257118003, 1.2464021283933227, 1.160548178718132]
APTIDAO: 
88.18450556401426
GEN: 9500
Individuo: 
[1.6075424333393535, 1.929033278585478, 2.1059098287044224, 3.349340884246609, 1.386862815312904, 0.030416168449479454, 0.9953396745998805, 0.9985724942151242, 0.6409383000299329, 0.6184557867016909, 0.6508024385173039, 0.505660912433775, 9.910173549885819, 1.6509402264299968, 1.8242001257118003, 1.2464021283933227, 1.160548178718132]
APTIDAO: 
88.18450556401426
GEN: 9600
Individuo: 
[1.6075424333393535, 1.929033278585478, 2.1059098287044224, 3.349340884246609, 1.386862815312904, 0.030416168449479454, 0.9953396745998805, 0.9985724942151242, 0.6409383000299329, 0.6184557867016909, 0.6508024385173039, 0.505660912433775, 9.910173549885819, 1.6509402264299968, 1.8242001257118003, 1.2464021283933227, 1.160548178718132]
APTIDAO: 
88.18450556401426
GEN: 9700
Individuo: 
[1.6075424333393535, 1.929033278585478, 2.1059098287044224, 3.349340884246609, 1.386862815312904, 0.030416168449479454, 0.9953396745998805, 0.9985724942151242, 0.6409383000299329, 0.6184557867016909, 0.6508024385173039, 0.505660912433775, 9.910173549885819, 1.6509402264299968, 1.8242001257118003, 1.2464021283933227, 1.160548178718132]
APTIDAO: 
88.18450556401426
GEN: 9800
Individuo: 
[1.6075424333393535, 1.929033278585478, 2.1059098287044224, 3.349340884246609, 1.386862815312904, 0.030416168449479454, 0.9953396745998805, 0.9985724942151242, 0.6409383000299329, 0.6184557867016909, 0.6508024385173039, 0.505660912433775, 9.910173549885819, 1.6509402264299968, 1.8242001257118003, 1.2464021283933227, 1.160548178718132]
APTIDAO: 
88.18450556401426
GEN: 9900
Individuo: 
[1.6075424333393535, 1.929033278585478, 2.1059098287044224, 3.349340884246609, 1.386862815312904, 0.030416168449479454, 0.9953396745998805, 0.9985724942151242, 0.6409383000299329, 0.6184557867016909, 0.6508024385173039, 0.505660912433775, 9.910173549885819, 1.6509402264299968, 1.8242001257118003, 1.2464021283933227, 1.160548178718132]
APTIDAO: 
88.18450556401426
GEN: 10000
Individuo: 
[1.6075424333393535, 1.929033278585478, 2.1059098287044224, 3.349340884246609, 1.386862815312904, 0.030416168449479454, 0.9953396745998805, 0.9985724942151242, 0.6409383000299329, 0.6184557867016909, 0.6508024385173039, 0.505660912433775, 9.910173549885819, 1.6509402264299968, 1.8242001257118003, 1.2464021283933227, 1.160548178718132]
APTIDAO: 
88.18450556401426

--- RESULTADO FINAL ---
Erro (norma-1): 88.18450556401426
Parâmetros: [1.6075424333393535, 1.929033278585478, 2.1059098287044224, 3.349340884246609, 1.386862815312904, 0.030416168449479454, 0.9953396745998805, 0.9985724942151242, 0.6409383000299329, 0.6184557867016909, 0.6508024385173039, 0.505660912433775, 9.910173549885819, 1.6509402264299968, 1.8242001257118003, 1.2464021283933227, 1.160548178718132]
Tempo total: 00h 29m 29s
