SEED: 1778749666
METODO: ES_MM
IND_SIZE: 17
GEN: 0
Individuo: 
[1.3275761458640758, 0.27202602606507853, 0.17769714863921116, 1.5345683090543, 4.1383197621747385, 0.16202784756749636, 0.7761982191546116, 0.4766441155867737, 0.12349390225853989, 0.4444158763151451, 0.2661711580654722, 0.44334819512547663, 1.9475530350016115, 2.214058770040814, 3.1799688067018828, 2.262327424331349, 7.647132967021751]
APTIDAO: 
683.2451250692483
GEN: 100
Individuo: 
[1.8482100614209678, 1.7806928943039932, 2.1888170714984607, 3.2154800695032026, 1.1785775238586704, 0.05061834854640551, 0.9863840542980112, 0.9406754286979782, 0.6566194010006859, 0.8267935796504838, 0.8047744503017171, 0.9718436671788827, 6.607267304821993, 1.551534348170265, 1.7829881853896445, 1.176253628024902, 1.8054432411877124]
APTIDAO: 
88.07781393884109
GEN: 200
Individuo: 
[1.8482100614209678, 1.889915704908323, 2.1888170714984607, 3.2154800695032026, 1.1785775238586704, 0.05061834854640551, 0.9863840542980112, 0.9406754286979782, 0.7421141560049085, 0.9920741292834062, 0.8047744503017171, 0.891694506229605, 6.607267304821993, 1.573052222786125, 1.8103099601121364, 1.3135268559678328, 1.8054432411877124]
APTIDAO: 
87.86099673370053
GEN: 300
Individuo: 
[1.8482100614209678, 1.889915704908323, 2.2587188499685897, 3.1862264326508956, 1.1785775238586704, 0.05061834854640551, 0.9863840542980112, 0.9406754286979782, 0.7518425339223644, 0.9920741292834062, 0.831064788759776, 0.8870483788859881, 6.536268506122457, 1.573052222786125, 1.789230441584896, 1.3494801252627817, 1.8504672340882258]
APTIDAO: 
87.78969214192543
GEN: 400
Individuo: 
[1.8482100614209678, 1.889915704908323, 2.4102967899702445, 3.2878118763532673, 1.1785775238586704, 0.05061834854640551, 0.9863840542980112, 0.9421568869153022, 0.7729746641405888, 0.9920741292834062, 0.831064788759776, 0.8612995520965303, 6.536268506122457, 1.628647089648068, 1.7802481992710883, 1.3494801252627817, 1.8504672340882258]
APTIDAO: 
87.73987536729508
GEN: 500
Individuo: 
[1.8482100614209678, 1.9321676344645875, 2.4102967899702445, 2.9554740079491117, 1.2301799248193255, 0.05061834854640551, 0.9863840542980112, 0.9602033116233567, 0.7729746641405888, 0.9920741292834062, 0.831064788759776, 0.8612995520965303, 6.536268506122457, 1.628647089648068, 1.7802481992710883, 1.3494801252627817, 1.8504672340882258]
APTIDAO: 
87.71863319991836
GEN: 600
Individuo: 
[1.8482100614209678, 1.9321676344645875, 2.0469676146423237, 3.014112662464178, 1.2301799248193255, 0.05061834854640551, 0.9863840542980112, 0.9697216683942382, 0.7729746641405888, 0.9927557669126764, 0.831064788759776, 0.8612995520965303, 6.536268506122457, 1.628647089648068, 1.7802481992710883, 1.3494801252627817, 1.8504672340882258]
APTIDAO: 
87.69725810300157
GEN: 700
Individuo: 
[1.8482100614209678, 1.9321676344645875, 2.0469676146423237, 3.014112662464178, 1.2823605088797032, 0.05061834854640551, 0.9863840542980112, 0.9697216683942382, 0.7779864461846483, 0.9927557669126764, 0.831064788759776, 0.8612995520965303, 6.536268506122457, 1.628647089648068, 1.7802481992710883, 1.3494801252627817, 1.8504672340882258]
APTIDAO: 
87.69416470686276
GEN: 800
Individuo: 
[1.8482100614209678, 1.9321676344645875, 2.0469676146423237, 2.9535690934017267, 1.2823605088797032, 0.05061834854640551, 0.9863840542980112, 0.9697216683942382, 0.7836135649564145, 0.9927557669126764, 0.831064788759776, 0.8612995520965303, 6.536268506122457, 1.628647089648068, 1.7802481992710883, 1.3494801252627817, 1.8504672340882258]
APTIDAO: 
87.69389589396737
GEN: 900
Individuo: 
[1.7288296980151199, 1.9321676344645875, 2.122283967170083, 3.005073710438112, 1.3235998847118764, 0.05061834854640551, 0.9863840542980112, 0.9697216683942382, 0.7836135649564145, 0.9927557669126764, 0.831064788759776, 0.8612995520965303, 6.536268506122457, 1.628647089648068, 1.7802481992710883, 1.3494801252627817, 1.8504672340882258]
APTIDAO: 
87.68403575120125
GEN: 1000
Individuo: 
[1.7288296980151199, 1.9321676344645875, 2.117129124227785, 3.005073710438112, 1.3235998847118764, 0.05061834854640551, 0.9863840542980112, 0.9697216683942382, 0.7836135649564145, 0.9927557669126764, 0.831064788759776, 0.8612995520965303, 6.536268506122457, 1.628647089648068, 1.7802481992710883, 1.3494801252627817, 1.8504672340882258]
APTIDAO: 
87.68395554337755
GEN: 1100
Individuo: 
[1.7288296980151199, 1.9321676344645875, 2.117129124227785, 3.005073710438112, 1.3235998847118764, 0.05061834854640551, 0.9863840542980112, 0.9697216683942382, 0.7836135649564145, 0.9927557669126764, 0.831064788759776, 0.8612995520965303, 6.536268506122457, 1.628647089648068, 1.7802481992710883, 1.3494801252627817, 1.8504672340882258]
APTIDAO: 
87.68395554337755
GEN: 1200
Individuo: 
[1.7288296980151199, 1.9321676344645875, 2.117129124227785, 3.005073710438112, 1.3235998847118764, 0.05061834854640551, 0.9863840542980112, 0.9697216683942382, 0.7836135649564145, 0.9927557669126764, 0.8313457084946413, 0.8612995520965303, 6.422973334530966, 1.628647089648068, 1.7913163203102969, 1.3494801252627817, 1.8504672340882258]
APTIDAO: 
87.67010801900753
GEN: 1300
Individuo: 
[1.7288296980151199, 1.9321676344645875, 2.161312214540197, 3.005073710438112, 1.3127190809694615, 0.05061834854640551, 0.9863840542980112, 0.9743988480318359, 0.7836135649564145, 0.9927557669126764, 0.8313457084946413, 0.8612995520965303, 6.461788481378527, 1.628647089648068, 1.7913163203102969, 1.3499139855940734, 1.8504672340882258]
APTIDAO: 
87.66325433270102
GEN: 1400
Individuo: 
[1.7288296980151199, 1.9321676344645875, 2.161312214540197, 3.005710135519861, 1.3127190809694615, 0.05061834854640551, 0.9863840542980112, 0.9743988480318359, 0.7836135649564145, 0.9927557669126764, 0.8313457084946413, 0.8612995520965303, 6.461788481378527, 1.628647089648068, 1.7913163203102969, 1.3499139855940734, 1.8504672340882258]
APTIDAO: 
87.6632480795428
GEN: 1500
Individuo: 
[1.6926517357184403, 1.9321676344645875, 2.161312214540197, 3.005710135519861, 1.3127190809694615, 0.05061834854640551, 0.9863840542980112, 0.9743988480318359, 0.7836135649564145, 0.9927557669126764, 0.8313457084946413, 0.8627252316228575, 6.450707427136768, 1.628647089648068, 1.7913163203102969, 1.3499139855940734, 1.8504672340882258]
APTIDAO: 
87.6586032453145
GEN: 1600
Individuo: 
[1.6926517357184403, 1.9321676344645875, 2.161312214540197, 3.005710135519861, 1.3127190809694615, 0.05061834854640551, 0.9912302294751679, 0.9732543326639149, 0.7836135649564145, 0.9927557669126764, 0.8313457084946413, 0.8627252316228575, 6.450707427136768, 1.628647089648068, 1.7913163203102969, 1.3499139855940734, 1.8504672340882258]
APTIDAO: 
87.65803791662927
GEN: 1700
Individuo: 
[1.6926517357184403, 1.9321676344645875, 2.161312214540197, 3.0130130331404312, 1.3088229308660304, 0.05061834854640551, 0.9912302294751679, 0.9732543326639149, 0.7836135649564145, 0.9927557669126764, 0.8313457084946413, 0.8627252316228575, 6.450707427136768, 1.628647089648068, 1.7913163203102969, 1.3499139855940734, 1.8504672340882258]
APTIDAO: 
87.65769320161112
GEN: 1800
Individuo: 
[1.6926517357184403, 1.9321676344645875, 2.161312214540197, 3.0130130331404312, 1.2927983070510722, 0.05061834854640551, 0.9912302294751679, 0.9732543326639149, 0.7836135649564145, 0.9927557669126764, 0.8313457084946413, 0.8662827556566601, 6.417749282196272, 1.628647089648068, 1.7913163203102969, 1.3499139855940734, 1.8504672340882258]
APTIDAO: 
87.65168455789555
GEN: 1900
Individuo: 
[1.6926517357184403, 1.9321676344645875, 2.1428458126233947, 3.0130130331404312, 1.2927983070510722, 0.05061834854640551, 0.9939775024734675, 0.9732543326639149, 0.7846396048198802, 0.9927557669126764, 0.8313457084946413, 0.8662827556566601, 6.417749282196272, 1.628647089648068, 1.7913163203102969, 1.3499139855940734, 1.8504672340882258]
APTIDAO: 
87.64928047960571
GEN: 2000
Individuo: 
[1.6926517357184403, 1.927541299083994, 2.1428458126233947, 3.0130130331404312, 1.2927983070510722, 0.05061834854640551, 0.9961270727129233, 0.9732543326639149, 0.7846396048198802, 0.9927557669126764, 0.8313457084946413, 0.8662827556566601, 6.417749282196272, 1.628647089648068, 1.7913163203102969, 1.3499139855940734, 1.8504672340882258]
APTIDAO: 
87.6492179588908
GEN: 2100
Individuo: 
[1.6926517357184403, 1.927541299083994, 2.1428458126233947, 3.0130130331404312, 1.2927983070510722, 0.05061834854640551, 0.9961270727129233, 0.9732543326639149, 0.7846396048198802, 0.9927557669126764, 0.8313457084946413, 0.8662827556566601, 6.417749282196272, 1.628647089648068, 1.7913163203102969, 1.3499139855940734, 1.8504672340882258]
APTIDAO: 
87.6492179588908
GEN: 2200
Individuo: 
[1.6926517357184403, 1.927541299083994, 2.1428458126233947, 3.0130130331404312, 1.2927983070510722, 0.05061834854640551, 0.9961270727129233, 0.9732543326639149, 0.7846396048198802, 0.9927557669126764, 0.8313457084946413, 0.8662827556566601, 6.417749282196272, 1.628647089648068, 1.7989922857101308, 1.3499139855940734, 1.8504672340882258]
APTIDAO: 
87.64738290207649
GEN: 2300
Individuo: 
[1.7126639300558733, 1.9284961987439269, 2.1428458126233947, 3.0130130331404312, 1.2927983070510722, 0.05061834854640551, 0.998643684496403, 0.9732543326639149, 0.7846396048198802, 0.9927557669126764, 0.8313457084946413, 0.8662827556566601, 6.417749282196272, 1.628647089648068, 1.7989922857101308, 1.3499139855940734, 1.8504672340882258]
APTIDAO: 
87.64478966375658
GEN: 2400
Individuo: 
[1.7126639300558733, 1.9284961987439269, 2.1428458126233947, 3.0130130331404312, 1.2931233654789247, 0.05061834854640551, 0.998643684496403, 0.9732543326639149, 0.7846396048198802, 0.9927557669126764, 0.8313457084946413, 0.8662827556566601, 6.417749282196272, 1.628647089648068, 1.7989922857101308, 1.3499139855940734, 1.8504672340882258]
APTIDAO: 
87.64477001547476
GEN: 2500
Individuo: 
[1.7126639300558733, 1.9284961987439269, 2.1428458126233947, 3.0130130331404312, 1.2931233654789247, 0.05061834854640551, 0.998643684496403, 0.9732543326639149, 0.7846396048198802, 0.9927557669126764, 0.8313457084946413, 0.8662827556566601, 6.417749282196272, 1.628647089648068, 1.7989922857101308, 1.3499139855940734, 1.8504672340882258]
APTIDAO: 
87.64477001547476
GEN: 2600
Individuo: 
[1.7126639300558733, 1.9284961987439269, 2.1428458126233947, 3.0130130331404312, 1.2931233654789247, 0.05061834854640551, 0.998643684496403, 0.9732543326639149, 0.7846396048198802, 0.9927557669126764, 0.8313457084946413, 0.8662827556566601, 6.412640817550606, 1.628647089648068, 1.7989922857101308, 1.3511228364491288, 1.8504672340882258]
APTIDAO: 
87.64269973553428
GEN: 2700
Individuo: 
[1.7126639300558733, 1.9284961987439269, 2.1428458126233947, 3.0130130331404312, 1.2931233654789247, 0.05061834854640551, 0.998643684496403, 0.9732543326639149, 0.7846396048198802, 0.9927557669126764, 0.8313457084946413, 0.8662827556566601, 6.412640817550606, 1.628647089648068, 1.7989922857101308, 1.3517060900961222, 1.8504672340882258]
APTIDAO: 
87.64226410367951
GEN: 2800
Individuo: 
[1.7126639300558733, 1.9284961987439269, 2.1428458126233947, 3.0130130331404312, 1.2931233654789247, 0.05061834854640551, 0.998643684496403, 0.9732543326639149, 0.7846396048198802, 0.9927557669126764, 0.8313457084946413, 0.8662827556566601, 6.412640817550606, 1.628647089648068, 1.7989922857101308, 1.3517060900961222, 1.8504672340882258]
APTIDAO: 
87.64226410367951
GEN: 2900
Individuo: 
[1.7126639300558733, 1.9291318725418127, 2.1484216895604393, 2.9925202573671434, 1.2931233654789247, 0.05061834854640551, 0.998643684496403, 0.9732543326639149, 0.7846396048198802, 0.9927557669126764, 0.8313457084946413, 0.8662827556566601, 6.412640817550606, 1.628647089648068, 1.7989922857101308, 1.3517060900961222, 1.8504672340882258]
APTIDAO: 
87.64179036540806
GEN: 3000
Individuo: 
[1.7126639300558733, 1.9291318725418127, 2.1484216895604393, 2.9925202573671434, 1.2931233654789247, 0.05061834854640551, 0.998643684496403, 0.9732543326639149, 0.7846396048198802, 0.9963976440622747, 0.8313457084946413, 0.8667749521679472, 6.412640817550606, 1.628647089648068, 1.7989922857101308, 1.3517060900961222, 1.8504672340882258]
APTIDAO: 
87.64009695014035
GEN: 3100
Individuo: 
[1.7126639300558733, 1.9291318725418127, 2.1484216895604393, 2.9925202573671434, 1.2931233654789247, 0.05061834854640551, 0.998643684496403, 0.9732543326639149, 0.7846396048198802, 0.9963976440622747, 0.8313457084946413, 0.8667749521679472, 6.412640817550606, 1.628647089648068, 1.7989922857101308, 1.3517060900961222, 1.8504672340882258]
APTIDAO: 
87.64009695014035
GEN: 3200
Individuo: 
[1.7126639300558733, 1.9291318725418127, 2.1484216895604393, 2.9925202573671434, 1.2931233654789247, 0.05061834854640551, 0.998643684496403, 0.9732543326639149, 0.7846396048198802, 0.9963976440622747, 0.8313457084946413, 0.8667749521679472, 6.412640817550606, 1.628647089648068, 1.7989922857101308, 1.3517060900961222, 1.8504672340882258]
APTIDAO: 
87.64009695014035
GEN: 3300
Individuo: 
[1.7126639300558733, 1.9291318725418127, 2.1484216895604393, 2.9925202573671434, 1.2931233654789247, 0.05061834854640551, 0.998643684496403, 0.9732543326639149, 0.7876518833541631, 0.9963976440622747, 0.8313457084946413, 0.8667749521679472, 6.410832909001349, 1.628647089648068, 1.7989922857101308, 1.3571112998690882, 1.8504672340882258]
APTIDAO: 
87.6353282973583
GEN: 3400
Individuo: 
[1.7126639300558733, 1.9291318725418127, 2.1484216895604393, 2.9925202573671434, 1.2931233654789247, 0.05061834854640551, 0.998643684496403, 0.9732543326639149, 0.7876518833541631, 0.9963976440622747, 0.8313457084946413, 0.8667749521679472, 6.410832909001349, 1.628647089648068, 1.7989922857101308, 1.3571112998690882, 1.8504672340882258]
APTIDAO: 
87.6353282973583
GEN: 3500
Individuo: 
[1.7126639300558733, 1.9291318725418127, 2.1484216895604393, 2.9925202573671434, 1.2931233654789247, 0.05061834854640551, 0.998643684496403, 0.9732543326639149, 0.7876518833541631, 0.9963976440622747, 0.8313457084946413, 0.8667749521679472, 6.410832909001349, 1.628647089648068, 1.7989922857101308, 1.3571112998690882, 1.8504672340882258]
APTIDAO: 
87.6353282973583
GEN: 3600
Individuo: 
[1.7126639300558733, 1.9291318725418127, 2.1484216895604393, 2.9925202573671434, 1.2931233654789247, 0.05061834854640551, 0.998643684496403, 0.9732543326639149, 0.7876518833541631, 0.9963976440622747, 0.8330633860619371, 0.8667749521679472, 6.410832909001349, 1.628647089648068, 1.7989922857101308, 1.3571112998690882, 1.8504672340882258]
APTIDAO: 
87.63468507967059
GEN: 3700
Individuo: 
[1.7126639300558733, 1.9291318725418127, 2.1484216895604393, 2.9860072189537243, 1.2931233654789247, 0.05061834854640551, 0.998643684496403, 0.9732543326639149, 0.7876518833541631, 0.9963976440622747, 0.8330633860619371, 0.8667749521679472, 6.410832909001349, 1.628647089648068, 1.7989922857101308, 1.3571112998690882, 1.8504672340882258]
APTIDAO: 
87.63453675815687
GEN: 3800
Individuo: 
[1.7126639300558733, 1.9291318725418127, 2.1484216895604393, 2.9860072189537243, 1.2931233654789247, 0.05061834854640551, 0.998643684496403, 0.9732543326639149, 0.7876518833541631, 0.9963976440622747, 0.8330633860619371, 0.8667749521679472, 6.410832909001349, 1.628647089648068, 1.7989922857101308, 1.3571112998690882, 1.8504672340882258]
APTIDAO: 
87.63453675815687
GEN: 3900
Individuo: 
[1.7299805015202505, 1.9291318725418127, 2.1484216895604393, 2.9860072189537243, 1.2931233654789247, 0.05061834854640551, 0.998643684496403, 0.9732543326639149, 0.7876518833541631, 0.9963976440622747, 0.8336917495861313, 0.8667749521679472, 6.410832909001349, 1.628647089648068, 1.7989922857101308, 1.3613040353656034, 1.8504672340882258]
APTIDAO: 
87.63178362432008
GEN: 4000
Individuo: 
[1.7299805015202505, 1.9291318725418127, 2.1484216895604393, 2.9860072189537243, 1.2931233654789247, 0.05061834854640551, 0.998643684496403, 0.9732543326639149, 0.7876518833541631, 0.9963976440622747, 0.8336917495861313, 0.8667749521679472, 6.410832909001349, 1.628647089648068, 1.7989922857101308, 1.3613040353656034, 1.8504672340882258]
APTIDAO: 
87.63178362432008
GEN: 4100
Individuo: 
[1.7093626667511859, 1.9291318725418127, 2.159352693274321, 2.9860072189537243, 1.2931233654789247, 0.05061834854640551, 0.998643684496403, 0.9732543326639149, 0.7876518833541631, 0.9963976440622747, 0.8336917495861313, 0.8740540082905958, 6.410832909001349, 1.628647089648068, 1.7989922857101308, 1.3613040353656034, 1.8504672340882258]
APTIDAO: 
87.63054374889855
GEN: 4200
Individuo: 
[1.7093626667511859, 1.9291318725418127, 2.1496000509835613, 2.9860072189537243, 1.2931233654789247, 0.05061834854640551, 0.998643684496403, 0.9732543326639149, 0.7876518833541631, 0.9963976440622747, 0.8336917495861313, 0.8740540082905958, 6.410832909001349, 1.628647089648068, 1.7989922857101308, 1.3613040353656034, 1.8504672340882258]
APTIDAO: 
87.63047344667025
GEN: 4300
Individuo: 
[1.7093626667511859, 1.9291318725418127, 2.1496000509835613, 2.954099622460799, 1.2931233654789247, 0.05061834854640551, 0.998643684496403, 0.9732543326639149, 0.7876518833541631, 0.9963976440622747, 0.8336917495861313, 0.8740540082905958, 6.410832909001349, 1.628647089648068, 1.7989922857101308, 1.3613040353656034, 1.8504672340882258]
APTIDAO: 
87.63009825914781
GEN: 4400
Individuo: 
[1.7093626667511859, 1.9291318725418127, 2.1496000509835613, 2.954099622460799, 1.2931233654789247, 0.05061834854640551, 0.998643684496403, 0.9732543326639149, 0.7876518833541631, 0.9963976440622747, 0.8336917495861313, 0.8740540082905958, 6.410832909001349, 1.628647089648068, 1.7989922857101308, 1.3613040353656034, 1.8504672340882258]
APTIDAO: 
87.63009825914781
GEN: 4500
Individuo: 
[1.7093626667511859, 1.9291318725418127, 2.157993717212341, 2.954099622460799, 1.2931233654789247, 0.05061834854640551, 0.998643684496403, 0.9732543326639149, 0.7876518833541631, 0.9981853873747976, 0.8336917495861313, 0.8740540082905958, 6.410832909001349, 1.628647089648068, 1.7989922857101308, 1.3613040353656034, 1.8504672340882258]
APTIDAO: 
87.62881208438044
GEN: 4600
Individuo: 
[1.7093626667511859, 1.9291318725418127, 2.157993717212341, 2.954099622460799, 1.2931233654789247, 0.05061834854640551, 0.998643684496403, 0.9732543326639149, 0.7876518833541631, 0.9981853873747976, 0.8336917495861313, 0.8767754190413791, 6.410832909001349, 1.628647089648068, 1.7989922857101308, 1.3613040353656034, 1.8504672340882258]
APTIDAO: 
87.6285011518108
GEN: 4700
Individuo: 
[1.7093626667511859, 1.9291318725418127, 2.157993717212341, 2.954099622460799, 1.2931233654789247, 0.05061834854640551, 0.998643684496403, 0.9732543326639149, 0.7876518833541631, 0.9981853873747976, 0.8336917495861313, 0.8767754190413791, 6.410832909001349, 1.628647089648068, 1.7989922857101308, 1.3613040353656034, 1.8504672340882258]
APTIDAO: 
87.6285011518108
GEN: 4800
Individuo: 
[1.7093626667511859, 1.9291318725418127, 2.157993717212341, 2.954099622460799, 1.2931233654789247, 0.05061834854640551, 0.998643684496403, 0.9732543326639149, 0.7876518833541631, 0.9981853873747976, 0.8336917495861313, 0.8767754190413791, 6.410832909001349, 1.628647089648068, 1.7989922857101308, 1.363701426773795, 1.8504672340882258]
APTIDAO: 
87.62654951158507
GEN: 4900
Individuo: 
[1.7093626667511859, 1.9291318725418127, 2.157993717212341, 2.954099622460799, 1.2931233654789247, 0.05061834854640551, 0.998643684496403, 0.9732543326639149, 0.7876518833541631, 0.9981853873747976, 0.8336917495861313, 0.8767754190413791, 6.410832909001349, 1.628647089648068, 1.7989922857101308, 1.363701426773795, 1.8504672340882258]
APTIDAO: 
87.62654951158507
GEN: 5000
Individuo: 
[1.7093626667511859, 1.9321352237184752, 2.157993717212341, 2.9613373396258447, 1.2931233654789247, 0.05061834854640551, 0.998643684496403, 0.9732543326639149, 0.7876518833541631, 0.9981853873747976, 0.8336917495861313, 0.8767754190413791, 6.410832909001349, 1.628647089648068, 1.7989922857101308, 1.363701426773795, 1.8504672340882258]
APTIDAO: 
87.62639308951204
GEN: 5100
Individuo: 
[1.7093626667511859, 1.9321352237184752, 2.157993717212341, 2.9613373396258447, 1.232827455907226, 0.05061834854640551, 0.998643684496403, 0.9873696897666552, 0.8027941143070255, 0.9981853873747976, 0.8336917495861313, 0.8870433025938681, 6.410832909001349, 1.64266941303288, 1.7989922857101308, 1.363701426773795, 1.8504672340882258]
APTIDAO: 
87.61686132025181
GEN: 5200
Individuo: 
[1.7391046334842608, 1.967251442504582, 2.157993717212341, 2.9613373396258447, 1.232827455907226, 0.05061834854640551, 0.998643684496403, 0.9873696897666552, 0.8027941143070255, 0.9981853873747976, 0.8336917495861313, 0.8624317237435161, 6.410832909001349, 1.64266941303288, 1.8065675016788978, 1.363701426773795, 1.8504672340882258]
APTIDAO: 
87.61197994498099
GEN: 5300
Individuo: 
[1.7391046334842608, 1.964649758363578, 2.157993717212341, 2.9740401708490904, 1.232827455907226, 0.05061834854640551, 0.998643684496403, 0.9873696897666552, 0.8027941143070255, 0.9981853873747976, 0.8336917495861313, 0.8735287388192612, 6.410832909001349, 1.64266941303288, 1.8065675016788978, 1.363701426773795, 1.8504672340882258]
APTIDAO: 
87.6098115921969
GEN: 5400
Individuo: 
[1.7391046334842608, 1.964649758363578, 2.157993717212341, 2.9740401708490904, 1.232827455907226, 0.05061834854640551, 0.998643684496403, 0.9873696897666552, 0.8027941143070255, 0.9981853873747976, 0.8336917495861313, 0.8735287388192612, 6.410832909001349, 1.64266941303288, 1.8065675016788978, 1.3689759937230654, 1.8504672340882258]
APTIDAO: 
87.60569880498004
GEN: 5500
Individuo: 
[1.7391046334842608, 2.009610538655457, 2.157993717212341, 2.995444615996645, 1.232827455907226, 0.05061834854640551, 0.998643684496403, 0.9926998775044401, 0.8027941143070255, 0.9981853873747976, 0.8336917495861313, 0.8757955016847611, 6.410832909001349, 1.6572974871165238, 1.8065675016788978, 1.3689759937230654, 1.8504672340882258]
APTIDAO: 
87.59681653834552
GEN: 5600
Individuo: 
[1.7391046334842608, 2.009610538655457, 2.157993717212341, 2.995444615996645, 1.232827455907226, 0.05061834854640551, 0.998643684496403, 0.9926998775044401, 0.8027941143070255, 0.9981853873747976, 0.8336917495861313, 0.8757955016847611, 6.410832909001349, 1.6572974871165238, 1.8065675016788978, 1.3689759937230654, 1.8504672340882258]
APTIDAO: 
87.59681653834552
GEN: 5700
Individuo: 
[1.737561392249233, 2.009610538655457, 2.11541491727316, 2.995444615996645, 1.232827455907226, 0.05061834854640551, 0.998643684496403, 0.9926998775044401, 0.8027941143070255, 0.9981853873747976, 0.8331495272899638, 0.8757955016847611, 6.410832909001349, 1.6572974871165238, 1.8065675016788978, 1.3689759937230654, 1.8504672340882258]
APTIDAO: 
87.59541447042895
GEN: 5800
Individuo: 
[1.737561392249233, 2.009610538655457, 2.11541491727316, 2.9939042305920416, 1.232827455907226, 0.05061834854640551, 0.998643684496403, 0.9926998775044401, 0.8027941143070255, 0.9981853873747976, 0.8331495272899638, 0.8757955016847611, 6.410832909001349, 1.6572974871165238, 1.8065675016788978, 1.3689759937230654, 1.8504672340882258]
APTIDAO: 
87.59540475298058
GEN: 5900
Individuo: 
[1.745623265011234, 2.009610538655457, 2.11541491727316, 2.9914910874259864, 1.232827455907226, 0.05061834854640551, 0.998643684496403, 0.9926998775044401, 0.8027941143070255, 0.9981853873747976, 0.8331495272899638, 0.8757955016847611, 6.410832909001349, 1.6572974871165238, 1.8065675016788978, 1.3689759937230654, 1.8504672340882258]
APTIDAO: 
87.59500234653322
GEN: 6000
Individuo: 
[1.745623265011234, 2.009610538655457, 2.11541491727316, 2.9914910874259864, 1.232827455907226, 0.05061834854640551, 0.998643684496403, 0.9926998775044401, 0.8027941143070255, 0.9981853873747976, 0.8331495272899638, 0.8757955016847611, 6.410832909001349, 1.6572974871165238, 1.8065675016788978, 1.3689759937230654, 1.8504672340882258]
APTIDAO: 
87.59500234653322
GEN: 6100
Individuo: 
[1.745623265011234, 2.009610538655457, 2.11541491727316, 2.9914910874259864, 1.232827455907226, 0.05061834854640551, 0.998643684496403, 0.9926998775044401, 0.8027941143070255, 0.9981853873747976, 0.8331495272899638, 0.8757955016847611, 6.410832909001349, 1.6572974871165238, 1.8065675016788978, 1.3689759937230654, 1.8504672340882258]
APTIDAO: 
87.59500234653322
GEN: 6200
Individuo: 
[1.745623265011234, 2.009610538655457, 2.11541491727316, 2.9914910874259864, 1.232827455907226, 0.05061834854640551, 0.998643684496403, 0.9926998775044401, 0.8027941143070255, 0.9981853873747976, 0.8331495272899638, 0.8757955016847611, 6.410832909001349, 1.6572974871165238, 1.8065675016788978, 1.3689759937230654, 1.8504672340882258]
APTIDAO: 
87.59500234653322
GEN: 6300
Individuo: 
[1.745623265011234, 2.009610538655457, 2.11541491727316, 2.991632003669497, 1.238385717018747, 0.05061834854640551, 0.998643684496403, 0.9926998775044401, 0.8027941143070255, 0.9981853873747976, 0.8331495272899638, 0.8757955016847611, 6.410832909001349, 1.6572974871165238, 1.8065675016788978, 1.3689759937230654, 1.8504672340882258]
APTIDAO: 
87.59406245050734
GEN: 6400
Individuo: 
[1.745623265011234, 2.009610538655457, 2.11541491727316, 2.991632003669497, 1.238385717018747, 0.05061834854640551, 0.998643684496403, 0.9926998775044401, 0.8027941143070255, 0.9981853873747976, 0.8331495272899638, 0.8757955016847611, 6.410832909001349, 1.6572974871165238, 1.8065675016788978, 1.3689759937230654, 1.8504672340882258]
APTIDAO: 
87.59406245050734
GEN: 6500
Individuo: 
[1.745623265011234, 2.009610538655457, 2.11541491727316, 2.991632003669497, 1.238385717018747, 0.05061834854640551, 0.998643684496403, 0.9926998775044401, 0.8027941143070255, 0.9981853873747976, 0.8331495272899638, 0.8757955016847611, 6.410832909001349, 1.6572974871165238, 1.8065675016788978, 1.3689759937230654, 1.8504672340882258]
APTIDAO: 
87.59406245050734
GEN: 6600
Individuo: 
[1.745623265011234, 2.009610538655457, 2.11541491727316, 2.994755958134159, 1.238385717018747, 0.05061834854640551, 0.998643684496403, 0.9926998775044401, 0.8027941143070255, 0.9981853873747976, 0.8331495272899638, 0.8757955016847611, 6.410832909001349, 1.6572974871165238, 1.8065675016788978, 1.3689759937230654, 1.8504672340882258]
APTIDAO: 
87.59403889324051
GEN: 6700
Individuo: 
[1.745623265011234, 2.009610538655457, 2.11541491727316, 2.994755958134159, 1.238385717018747, 0.05061834854640551, 0.998643684496403, 0.9926998775044401, 0.8027941143070255, 0.9981853873747976, 0.8331495272899638, 0.8757955016847611, 6.410832909001349, 1.6572974871165238, 1.8065675016788978, 1.3689759937230654, 1.8504672340882258]
APTIDAO: 
87.59403889324051
GEN: 6800
Individuo: 
[1.745623265011234, 2.009610538655457, 2.11541491727316, 2.994755958134159, 1.238385717018747, 0.05061834854640551, 0.998643684496403, 0.9926998775044401, 0.8027941143070255, 0.9981853873747976, 0.8331495272899638, 0.8757955016847611, 6.410832909001349, 1.6572974871165238, 1.8065675016788978, 1.3689759937230654, 1.8504672340882258]
APTIDAO: 
87.59403889324051
GEN: 6900
Individuo: 
[1.745623265011234, 2.009610538655457, 2.11541491727316, 2.994755958134159, 1.238385717018747, 0.05061834854640551, 0.998643684496403, 0.9926998775044401, 0.8027941143070255, 0.9981853873747976, 0.8331495272899638, 0.8757955016847611, 6.410832909001349, 1.6572974871165238, 1.8065675016788978, 1.3689759937230654, 1.8504672340882258]
APTIDAO: 
87.59403889324051
GEN: 7000
Individuo: 
[1.745623265011234, 2.009610538655457, 2.11541491727316, 2.994755958134159, 1.238385717018747, 0.05061834854640551, 0.998643684496403, 0.9926998775044401, 0.8027941143070255, 0.9981853873747976, 0.8331495272899638, 0.8757955016847611, 6.410832909001349, 1.6572974871165238, 1.8065675016788978, 1.3689759937230654, 1.8504672340882258]
APTIDAO: 
87.59403889324051
GEN: 7100
Individuo: 
[1.745623265011234, 2.009610538655457, 2.11541491727316, 2.994755958134159, 1.238385717018747, 0.05061834854640551, 0.998643684496403, 0.9926998775044401, 0.8027941143070255, 0.9981853873747976, 0.8331495272899638, 0.8757955016847611, 6.410832909001349, 1.6572974871165238, 1.8065675016788978, 1.3689759937230654, 1.8504672340882258]
APTIDAO: 
87.59403889324051
GEN: 7200
Individuo: 
[1.745623265011234, 2.009610538655457, 2.11541491727316, 2.994755958134159, 1.238385717018747, 0.05061834854640551, 0.998643684496403, 0.9926998775044401, 0.8027941143070255, 0.9981853873747976, 0.8331495272899638, 0.8757955016847611, 6.410832909001349, 1.6572974871165238, 1.8065675016788978, 1.3689759937230654, 1.8504672340882258]
APTIDAO: 
87.59403889324051
GEN: 7300
Individuo: 
[1.745623265011234, 2.009610538655457, 2.11541491727316, 2.994755958134159, 1.238385717018747, 0.05061834854640551, 0.998643684496403, 0.9926998775044401, 0.8027941143070255, 0.9981853873747976, 0.8331495272899638, 0.8757955016847611, 6.410832909001349, 1.6572974871165238, 1.8065675016788978, 1.3689759937230654, 1.8504672340882258]
APTIDAO: 
87.59403889324051
GEN: 7400
Individuo: 
[1.745623265011234, 2.009610538655457, 2.11541491727316, 2.994755958134159, 1.238385717018747, 0.05061834854640551, 0.998643684496403, 0.9926998775044401, 0.8027941143070255, 0.9981853873747976, 0.8331495272899638, 0.8757955016847611, 6.410832909001349, 1.6572974871165238, 1.8065675016788978, 1.3699878518591073, 1.8504672340882258]
APTIDAO: 
87.59324595038905
GEN: 7500
Individuo: 
[1.745623265011234, 2.009610538655457, 2.11541491727316, 2.994755958134159, 1.238385717018747, 0.05061834854640551, 0.998643684496403, 0.9926998775044401, 0.8031755507403273, 0.9981853873747976, 0.8331495272899638, 0.8757955016847611, 6.410832909001349, 1.6572974871165238, 1.8065675016788978, 1.3699878518591073, 1.8504672340882258]
APTIDAO: 
87.59304649344688
GEN: 7600
Individuo: 
[1.745623265011234, 2.009610538655457, 2.11541491727316, 2.994755958134159, 1.238385717018747, 0.05061834854640551, 0.998643684496403, 0.9926998775044401, 0.8031755507403273, 0.9981853873747976, 0.8331495272899638, 0.8757955016847611, 6.410832909001349, 1.6572974871165238, 1.8065675016788978, 1.3699878518591073, 1.8504672340882258]
APTIDAO: 
87.59304649344688
GEN: 7700
Individuo: 
[1.745623265011234, 2.009610538655457, 2.11541491727316, 2.994755958134159, 1.238385717018747, 0.05061834854640551, 0.998643684496403, 0.9926998775044401, 0.8031755507403273, 0.9981853873747976, 0.8331495272899638, 0.8757955016847611, 6.410832909001349, 1.6572974871165238, 1.8065675016788978, 1.3699878518591073, 1.8504672340882258]
APTIDAO: 
87.59304649344688
GEN: 7800
Individuo: 
[1.745623265011234, 2.009610538655457, 2.11541491727316, 2.994755958134159, 1.238385717018747, 0.05061834854640551, 0.998643684496403, 0.9926998775044401, 0.8031755507403273, 0.9981853873747976, 0.8331495272899638, 0.8757955016847611, 6.410832909001349, 1.6572974871165238, 1.8065675016788978, 1.3699878518591073, 1.8504672340882258]
APTIDAO: 
87.59304649344688
GEN: 7900
Individuo: 
[1.745623265011234, 2.009610538655457, 2.11541491727316, 2.994755958134159, 1.238385717018747, 0.05061834854640551, 0.998643684496403, 0.9926998775044401, 0.8031755507403273, 0.9981853873747976, 0.8331495272899638, 0.8757955016847611, 6.410832909001349, 1.6572974871165238, 1.8065675016788978, 1.3699878518591073, 1.8504672340882258]
APTIDAO: 
87.59304649344688
GEN: 8000
Individuo: 
[1.745623265011234, 2.009610538655457, 2.11541491727316, 2.994755958134159, 1.238385717018747, 0.05061834854640551, 0.998643684496403, 0.9926998775044401, 0.8031755507403273, 0.9981853873747976, 0.8331495272899638, 0.8757955016847611, 6.410832909001349, 1.6572974871165238, 1.8065675016788978, 1.3699878518591073, 1.8504672340882258]
APTIDAO: 
87.59304649344688
GEN: 8100
Individuo: 
[1.745623265011234, 2.009610538655457, 2.11541491727316, 2.994755958134159, 1.238385717018747, 0.05061834854640551, 0.998643684496403, 0.9926998775044401, 0.8031755507403273, 0.9981853873747976, 0.8331495272899638, 0.8757955016847611, 6.410832909001349, 1.6572974871165238, 1.8065675016788978, 1.3699878518591073, 1.8504672340882258]
APTIDAO: 
87.59304649344688
GEN: 8200
Individuo: 
[1.745623265011234, 2.009610538655457, 2.11541491727316, 2.994755958134159, 1.238385717018747, 0.05061834854640551, 0.998643684496403, 0.9926998775044401, 0.8031755507403273, 0.9985479055199623, 0.8331495272899638, 0.8757955016847611, 6.410832909001349, 1.6572974871165238, 1.8065675016788978, 1.3699878518591073, 1.8504672340882258]
APTIDAO: 
87.59279270386517
GEN: 8300
Individuo: 
[1.745623265011234, 2.009610538655457, 2.11541491727316, 2.994755958134159, 1.238385717018747, 0.05061834854640551, 0.998643684496403, 0.9926998775044401, 0.8031755507403273, 0.9985479055199623, 0.8331495272899638, 0.8757955016847611, 6.410832909001349, 1.6572974871165238, 1.8065675016788978, 1.3699878518591073, 1.8504672340882258]
APTIDAO: 
87.59279270386517
GEN: 8400
Individuo: 
[1.745623265011234, 2.009610538655457, 2.110804305231388, 2.994755958134159, 1.242838882261883, 0.05061834854640551, 0.998643684496403, 0.9926998775044401, 0.8031755507403273, 0.9985479055199623, 0.8331495272899638, 0.8757955016847611, 6.410832909001349, 1.6572974871165238, 1.8065675016788978, 1.3699878518591073, 1.8504672340882258]
APTIDAO: 
87.59224050563122
GEN: 8500
Individuo: 
[1.745623265011234, 2.009610538655457, 2.110804305231388, 2.994755958134159, 1.242838882261883, 0.05061834854640551, 0.998643684496403, 0.9926998775044401, 0.8031755507403273, 0.9985479055199623, 0.8331495272899638, 0.8757955016847611, 6.410832909001349, 1.6572974871165238, 1.8065675016788978, 1.3699878518591073, 1.8504672340882258]
APTIDAO: 
87.59224050563122
GEN: 8600
Individuo: 
[1.745623265011234, 2.009610538655457, 2.110804305231388, 2.994755958134159, 1.242838882261883, 0.05061834854640551, 0.998643684496403, 0.9926998775044401, 0.8031755507403273, 0.9985479055199623, 0.8331495272899638, 0.8757955016847611, 6.410832909001349, 1.6572974871165238, 1.8065675016788978, 1.3699878518591073, 1.8504672340882258]
APTIDAO: 
87.59224050563122
GEN: 8700
Individuo: 
[1.745623265011234, 2.009610538655457, 2.110804305231388, 2.994755958134159, 1.242838882261883, 0.05061834854640551, 0.998643684496403, 0.9926998775044401, 0.8031755507403273, 0.9985479055199623, 0.8331495272899638, 0.8757955016847611, 6.410832909001349, 1.6572974871165238, 1.8065675016788978, 1.3699878518591073, 1.8504672340882258]
APTIDAO: 
87.59224050563122
GEN: 8800
Individuo: 
[1.745623265011234, 2.009473751774152, 2.110804305231388, 2.994755958134159, 1.242838882261883, 0.05061834854640551, 0.998643684496403, 0.9926998775044401, 0.8031755507403273, 0.9985479055199623, 0.8331495272899638, 0.8757955016847611, 6.410832909001349, 1.6572974871165238, 1.8065675016788978, 1.3700099286368603, 1.8504672340882258]
APTIDAO: 
87.59219685942759
GEN: 8900
Individuo: 
[1.745623265011234, 2.009473751774152, 2.110804305231388, 2.994755958134159, 1.242838882261883, 0.05061834854640551, 0.998643684496403, 0.9926998775044401, 0.8031755507403273, 0.9985479055199623, 0.8331495272899638, 0.8757955016847611, 6.410832909001349, 1.6572974871165238, 1.8065675016788978, 1.3700099286368603, 1.8504672340882258]
APTIDAO: 
87.59219685942759
GEN: 9000
Individuo: 
[1.745623265011234, 2.009473751774152, 2.110804305231388, 2.994755958134159, 1.242838882261883, 0.05061834854640551, 0.998643684496403, 0.9926998775044401, 0.8031755507403273, 0.9985479055199623, 0.8331495272899638, 0.8757955016847611, 6.410832909001349, 1.6572974871165238, 1.8065675016788978, 1.3700099286368603, 1.8504672340882258]
APTIDAO: 
87.59219685942759
GEN: 9100
Individuo: 
[1.745623265011234, 2.009473751774152, 2.110804305231388, 2.994755958134159, 1.242838882261883, 0.05061834854640551, 0.998643684496403, 0.9926998775044401, 0.8031755507403273, 0.9985479055199623, 0.8331495272899638, 0.8757955016847611, 6.410832909001349, 1.6572974871165238, 1.8065675016788978, 1.3700099286368603, 1.8504672340882258]
APTIDAO: 
87.59219685942759
GEN: 9200
Individuo: 
[1.745623265011234, 2.009473751774152, 2.110804305231388, 2.994755958134159, 1.242838882261883, 0.05061834854640551, 0.998643684496403, 0.9926998775044401, 0.8031755507403273, 0.9985479055199623, 0.8331495272899638, 0.8757955016847611, 6.410832909001349, 1.6572974871165238, 1.8065675016788978, 1.3700099286368603, 1.8504672340882258]
APTIDAO: 
87.59219685942759
GEN: 9300
Individuo: 
[1.745623265011234, 2.009473751774152, 2.110804305231388, 2.994755958134159, 1.242838882261883, 0.05061834854640551, 0.998643684496403, 0.9926998775044401, 0.8031755507403273, 0.9985479055199623, 0.8331495272899638, 0.8757955016847611, 6.410832909001349, 1.6572974871165238, 1.8065675016788978, 1.3700099286368603, 1.8504672340882258]
APTIDAO: 
87.59219685942759
GEN: 9400
Individuo: 
[1.745623265011234, 2.009473751774152, 2.110804305231388, 2.994755958134159, 1.242838882261883, 0.05061834854640551, 0.998643684496403, 0.9926998775044401, 0.8031755507403273, 0.9985479055199623, 0.8331495272899638, 0.8757955016847611, 6.410832909001349, 1.6572974871165238, 1.8065675016788978, 1.3700099286368603, 1.8504672340882258]
APTIDAO: 
87.59219685942759
GEN: 9500
Individuo: 
[1.745623265011234, 2.009473751774152, 2.110804305231388, 2.994755958134159, 1.242838882261883, 0.05061834854640551, 0.998643684496403, 0.9928979559232024, 0.8031755507403273, 0.9985479055199623, 0.8331495272899638, 0.8757955016847611, 6.410832909001349, 1.6572974871165238, 1.8065675016788978, 1.3700099286368603, 1.8504672340882258]
APTIDAO: 
87.59217453050661
GEN: 9600
Individuo: 
[1.745623265011234, 2.009473751774152, 2.110804305231388, 2.994755958134159, 1.242838882261883, 0.05061834854640551, 0.998643684496403, 0.9928979559232024, 0.8031755507403273, 0.9985479055199623, 0.8331495272899638, 0.8757955016847611, 6.410832909001349, 1.6572974871165238, 1.8065675016788978, 1.3700099286368603, 1.8504672340882258]
APTIDAO: 
87.59217453050661
GEN: 9700
Individuo: 
[1.745623265011234, 2.009473751774152, 2.110804305231388, 2.994755958134159, 1.242838882261883, 0.05061834854640551, 0.998643684496403, 0.9928979559232024, 0.8031755507403273, 0.9985479055199623, 0.8331495272899638, 0.8757955016847611, 6.410832909001349, 1.6572974871165238, 1.8065675016788978, 1.3700099286368603, 1.8504672340882258]
APTIDAO: 
87.59217453050661
GEN: 9800
Individuo: 
[1.745623265011234, 2.006694625364403, 2.110804305231388, 2.994755958134159, 1.242838882261883, 0.05061834854640551, 0.998643684496403, 0.9928979559232024, 0.8031755507403273, 0.9985479055199623, 0.8331495272899638, 0.8757955016847611, 6.410832909001349, 1.6572974871165238, 1.8065675016788978, 1.3700099286368603, 1.8504672340882258]
APTIDAO: 
87.59213268715462
GEN: 9900
Individuo: 
[1.745623265011234, 2.006694625364403, 2.110804305231388, 2.991456470595466, 1.2507485647568493, 0.05061834854640551, 0.998643684496403, 0.9928979559232024, 0.8031755507403273, 0.9985479055199623, 0.8331495272899638, 0.8757955016847611, 6.410832909001349, 1.6572974871165238, 1.8065675016788978, 1.3700099286368603, 1.8504672340882258]
APTIDAO: 
87.5917838677988
GEN: 10000
Individuo: 
[1.745623265011234, 2.006694625364403, 2.101425586088471, 2.991456470595466, 1.2507485647568493, 0.05061834854640551, 0.998643684496403, 0.9928979559232024, 0.8031755507403273, 0.9985479055199623, 0.8331495272899638, 0.8757955016847611, 6.410832909001349, 1.6572974871165238, 1.8065675016788978, 1.3700099286368603, 1.8504672340882258]
APTIDAO: 
87.5915373708392

--- RESULTADO FINAL ---
Erro (norma-1): 87.5915373708392
Parâmetros: [1.745623265011234, 2.006694625364403, 2.101425586088471, 2.991456470595466, 1.2507485647568493, 0.05061834854640551, 0.998643684496403, 0.9928979559232024, 0.8031755507403273, 0.9985479055199623, 0.8331495272899638, 0.8757955016847611, 6.410832909001349, 1.6572974871165238, 1.8065675016788978, 1.3700099286368603, 1.8504672340882258]
Tempo total: 00h 30m 38s
