SEED: 1778981565
METODO: ES_MM
IND_SIZE: 17
GEN: 0
Individuo: 
[1.3106574804953741, 0.9941849593511962, 2.6370969993114786, 0.5325203063640743, 0.2964355707515984, 0.27150237544064504, 0.9110956262814301, 0.37415211598058784, 0.8979381136421497, 0.3377959441728388, 0.7205709218457081, 0.8784233809118597, 1.4430515563566304, 1.2176987092128013, 1.6616791809856828, 7.255138058135506, 9.695452800199435]
APTIDAO: 
680.8491693452908
GEN: 100
Individuo: 
[1.3106574804953741, 2.243710523498444, 2.0614588706841857, 4.24788667854451, 1.1058333977742154, 0.27150237544064504, 0.5503374432219554, 0.8767402434168275, 0.8979381136421497, 0.2912936294168593, 0.5976853427966741, 0.7551359175187422, 1.6746987920013932, 1.1506613726718968, 1.6572299538694348, 1.4830774210863937, 1.0728635846128862]
APTIDAO: 
90.13765566219705
GEN: 200
Individuo: 
[1.527137573734351, 1.8600296950138557, 2.5370778189476124, 4.24788667854451, 1.1058333977742154, 0.27150237544064504, 0.5503374432219554, 0.8767402434168275, 0.8979381136421497, 0.6940180534637527, 0.632364812381656, 0.3033976719152082, 1.7971292462295296, 1.1506613726718968, 1.6786714442253292, 1.4830774210863937, 1.123524818701235]
APTIDAO: 
89.73546282006453
GEN: 300
Individuo: 
[1.4933396951869167, 1.8600296950138557, 2.4193423970207264, 3.974843055955553, 1.1058333977742154, 0.27150237544064504, 0.558752389841124, 0.8767402434168275, 0.9182518948061896, 0.7483408385343735, 0.7498089799715372, 0.43967526821619285, 1.7971292462295296, 1.1506613726718968, 1.6786714442253292, 1.4830774210863937, 1.431802012829017]
APTIDAO: 
89.38224976271019
GEN: 400
Individuo: 
[1.5271836703491417, 1.8600296950138557, 2.39561215009929, 3.974843055955553, 0.9394719356284371, 0.27150237544064504, 0.558752389841124, 0.8767402434168275, 0.9182518948061896, 0.8934102741502855, 0.7498089799715372, 0.43967526821619285, 1.82739616135088, 1.1198213526786334, 1.6786714442253292, 1.4830774210863937, 1.4173295833954846]
APTIDAO: 
89.25022063612411
GEN: 500
Individuo: 
[1.5519784997933237, 1.8600296950138557, 2.39561215009929, 4.5083863815227385, 0.9394719356284371, 0.26223941553540736, 0.7891642641465569, 0.8767402434168275, 0.8957103071797768, 0.905618773292221, 0.7498089799715372, 0.43967526821619285, 1.8537640010399739, 1.3022334750926445, 1.8006466864737245, 1.4830774210863937, 1.4173295833954846]
APTIDAO: 
89.06828328940065
GEN: 600
Individuo: 
[1.5519784997933237, 1.8600296950138557, 2.128624919613366, 4.238484373268343, 0.9394719356284371, 0.2648117236997025, 0.8020995317810656, 0.9386015748961347, 0.9164941648347518, 0.905618773292221, 0.7403125175509981, 0.43967526821619285, 1.8537640010399739, 1.3585355652144449, 1.7417262774848654, 1.4830774210863937, 1.4173295833954846]
APTIDAO: 
88.80316464417848
GEN: 700
Individuo: 
[1.5519784997933237, 1.8600296950138557, 2.077727893041293, 4.238484373268343, 0.9394719356284371, 0.2648117236997025, 0.8349455751780753, 0.9649523606869397, 0.9164941648347518, 0.905618773292221, 0.7403125175509981, 0.43967526821619285, 1.8633793758801318, 1.3834720475464173, 1.7821670985236324, 1.4830774210863937, 1.4173295833954846]
APTIDAO: 
88.73673065457908
GEN: 800
Individuo: 
[1.52927823436899, 1.8600296950138557, 2.077727893041293, 4.238484373268343, 0.9394719356284371, 0.26620299072823117, 0.8406723647864138, 0.9742546336155296, 0.9164941648347518, 0.905618773292221, 0.7403125175509981, 0.43967526821619285, 1.8633793758801318, 1.4228849623761324, 1.7821670985236324, 1.4830774210863937, 1.4173295833954846]
APTIDAO: 
88.7252782857509
GEN: 900
Individuo: 
[1.52927823436899, 1.8779364445946587, 2.077727893041293, 4.238484373268343, 0.9394719356284371, 0.23862522902232622, 0.8832535862325487, 0.9529068129421344, 0.8860723432181662, 0.9702758750151141, 0.7403125175509981, 0.471243748103312, 1.8633793758801318, 1.461301493910709, 1.7821670985236324, 1.4830774210863937, 1.4532461001341435]
APTIDAO: 
88.64588433759765
GEN: 1000
Individuo: 
[1.52927823436899, 1.8928133978885122, 1.870190572260672, 4.238484373268343, 0.9394719356284371, 0.25333764899915684, 0.8832535862325487, 0.9844985841186077, 0.8860723432181662, 0.9702758750151141, 0.7403125175509981, 0.4778133841163606, 1.8633793758801318, 1.461301493910709, 1.7821670985236324, 1.4830774210863937, 1.4532461001341435]
APTIDAO: 
88.60416902580582
GEN: 1100
Individuo: 
[1.4590725369704594, 1.8928133978885122, 1.9718199796338238, 4.238484373268343, 0.9394719356284371, 0.25333764899915684, 0.8832535862325487, 0.9844985841186077, 0.8860723432181662, 0.9793313157110957, 0.7403125175509981, 0.4778133841163606, 1.8633793758801318, 1.461301493910709, 1.800703349301745, 1.4830774210863937, 1.4532461001341435]
APTIDAO: 
88.59019609294707
GEN: 1200
Individuo: 
[1.4590725369704594, 1.8928133978885122, 2.0962298240333253, 4.346228398081098, 0.9704431088464326, 0.25333764899915684, 0.8832535862325487, 0.9844985841186077, 0.8884063154272283, 0.9903710412236492, 0.7403125175509981, 0.4778133841163606, 1.8633793758801318, 1.4957207781705648, 1.800703349301745, 1.4830774210863937, 1.479799977596985]
APTIDAO: 
88.55235183340413
GEN: 1300
Individuo: 
[1.4590725369704594, 1.8928133978885122, 2.025960702013001, 4.1800603544081065, 0.9704431088464326, 0.25333764899915684, 0.9246470193857076, 0.9844985841186077, 0.9149628246906125, 0.9903710412236492, 0.7403125175509981, 0.4778133841163606, 1.8633793758801318, 1.4957207781705648, 1.8354675894703285, 1.4830774210863937, 1.479799977596985]
APTIDAO: 
88.50572809936526
GEN: 1400
Individuo: 
[1.4590725369704594, 1.8928133978885122, 2.065614807337958, 4.1754338816245555, 0.9704431088464326, 0.2560640469927389, 0.9246470193857076, 0.9844985841186077, 0.9149628246906125, 0.9903710412236492, 0.7403125175509981, 0.4778133841163606, 1.8633793758801318, 1.4957207781705648, 1.8314514111290623, 1.4830774210863937, 1.479799977596985]
APTIDAO: 
88.49674539769677
GEN: 1500
Individuo: 
[1.4590725369704594, 1.8928133978885122, 2.065614807337958, 4.188137716701749, 0.9704431088464326, 0.2560640469927389, 0.9246470193857076, 0.9844985841186077, 0.9149628246906125, 0.9903710412236492, 0.7403125175509981, 0.4778133841163606, 1.8633793758801318, 1.5048814896012968, 1.8314514111290623, 1.4830774210863937, 1.479799977596985]
APTIDAO: 
88.48825033657266
GEN: 1600
Individuo: 
[1.4590725369704594, 1.8928133978885122, 2.065614807337958, 4.188137716701749, 0.9704431088464326, 0.2560640469927389, 0.9246470193857076, 0.9941051849840158, 0.9248052292499072, 0.9903710412236492, 0.7403125175509981, 0.4778133841163606, 1.8633793758801318, 1.5048814896012968, 1.8434951704230926, 1.4830774210863937, 1.479799977596985]
APTIDAO: 
88.48081454804881
GEN: 1700
Individuo: 
[1.4590725369704594, 1.8928133978885122, 2.065614807337958, 4.188137716701749, 0.9704431088464326, 0.2560640469927389, 0.9246470193857076, 0.9941051849840158, 0.9248052292499072, 0.9903710412236492, 0.7403125175509981, 0.4753682105451838, 1.8702551850132152, 1.5048814896012968, 1.8434951704230926, 1.4830774210863937, 1.479799977596985]
APTIDAO: 
88.47437891164608
GEN: 1800
Individuo: 
[1.46205972531994, 1.8928133978885122, 2.065614807337958, 4.188137716701749, 0.9704431088464326, 0.2560640469927389, 0.9246470193857076, 0.9941051849840158, 0.9248052292499072, 0.9903710412236492, 0.7403125175509981, 0.4753682105451838, 1.8702551850132152, 1.5048814896012968, 1.8487493454833566, 1.4830774210863937, 1.479799977596985]
APTIDAO: 
88.47354162725749
GEN: 1900
Individuo: 
[1.46205972531994, 1.8546788419178828, 2.077237528716353, 4.111886940868587, 0.9704431088464326, 0.2560640469927389, 0.9379561918812437, 0.9941051849840158, 0.9248052292499072, 0.9955400798293184, 0.7403125175509981, 0.483300400522605, 1.8702551850132152, 1.5048814896012968, 1.8487493454833566, 1.4830774210863937, 1.485169326038409]
APTIDAO: 
88.45662801855497
GEN: 2000
Individuo: 
[1.46205972531994, 1.8369778310926326, 2.077237528716353, 4.104574501589793, 0.9704431088464326, 0.2560640469927389, 0.9379561918812437, 0.9989634508923237, 0.9248052292499072, 0.9955400798293184, 0.7405884182013912, 0.483300400522605, 1.8702551850132152, 1.5048814896012968, 1.8487493454833566, 1.4830774210863937, 1.485169326038409]
APTIDAO: 
88.45519681203095
GEN: 2100
Individuo: 
[1.46205972531994, 1.8369778310926326, 2.1246815174828626, 4.104574501589793, 0.9704431088464326, 0.2560640469927389, 0.9379561918812437, 0.9989634508923237, 0.9248052292499072, 0.9955400798293184, 0.7405884182013912, 0.483300400522605, 1.8702551850132152, 1.5048814896012968, 1.8487493454833566, 1.4830774210863937, 1.485169326038409]
APTIDAO: 
88.4538219828093
GEN: 2200
Individuo: 
[1.46205972531994, 1.8369778310926326, 2.1246815174828626, 4.104574501589793, 0.9704431088464326, 0.2560640469927389, 0.9379561918812437, 0.9989634508923237, 0.9248052292499072, 0.998497984603684, 0.7405884182013912, 0.483300400522605, 1.8702551850132152, 1.5048814896012968, 1.8498083509787189, 1.4830774210863937, 1.485169326038409]
APTIDAO: 
88.45276902105147
GEN: 2300
Individuo: 
[1.46205972531994, 1.8369778310926326, 2.1246815174828626, 4.104574501589793, 0.9704431088464326, 0.2560640469927389, 0.9379561918812437, 0.9989634508923237, 0.9248052292499072, 0.998497984603684, 0.7405884182013912, 0.484956389640321, 1.8702551850132152, 1.5048814896012968, 1.856432381976945, 1.4930169862648333, 1.485169326038409]
APTIDAO: 
88.4496052723556
GEN: 2400
Individuo: 
[1.46205972531994, 1.8369778310926326, 2.1246815174828626, 4.104574501589793, 0.9807167598953327, 0.2560640469927389, 0.9379561918812437, 0.9989634508923237, 0.9248052292499072, 0.998497984603684, 0.7405884182013912, 0.484956389640321, 1.876306329712468, 1.5048814896012968, 1.856432381976945, 1.4930169862648333, 1.485169326038409]
APTIDAO: 
88.44270409401011
GEN: 2500
Individuo: 
[1.46205972531994, 1.8369778310926326, 2.1246815174828626, 4.104574501589793, 0.9807167598953327, 0.2560640469927389, 0.9379561918812437, 0.9989634508923237, 0.9248052292499072, 0.998497984603684, 0.7405884182013912, 0.484956389640321, 1.876306329712468, 1.5048814896012968, 1.856432381976945, 1.4930169862648333, 1.485169326038409]
APTIDAO: 
88.44270409401011
GEN: 2600
Individuo: 
[1.4617362205720528, 1.8369778310926326, 2.1246815174828626, 4.104574501589793, 0.9807167598953327, 0.2560640469927389, 0.9379561918812437, 0.9989634508923237, 0.9248052292499072, 0.998497984603684, 0.7405884182013912, 0.484956389640321, 1.876306329712468, 1.5048814896012968, 1.856432381976945, 1.4930169862648333, 1.485169326038409]
APTIDAO: 
88.44270039488623
GEN: 2700
Individuo: 
[1.4617362205720528, 1.8369778310926326, 2.1246815174828626, 4.104574501589793, 0.9807167598953327, 0.2560640469927389, 0.9379561918812437, 0.9989634508923237, 0.9252153202091474, 0.998497984603684, 0.7405884182013912, 0.484956389640321, 1.876306329712468, 1.5139960314648229, 1.856432381976945, 1.4930169862648333, 1.485169326038409]
APTIDAO: 
88.43909295151477
GEN: 2800
Individuo: 
[1.4617362205720528, 1.8369778310926326, 2.172877482730221, 4.104574501589793, 0.9807167598953327, 0.2560640469927389, 0.9379561918812437, 0.9989634508923237, 0.9252153202091474, 0.998497984603684, 0.7405884182013912, 0.484956389640321, 1.876306329712468, 1.5139960314648229, 1.856432381976945, 1.4930169862648333, 1.4886911213861704]
APTIDAO: 
88.43406257566397
GEN: 2900
Individuo: 
[1.4748388725169284, 1.8369778310926326, 2.1974834764855244, 4.104574501589793, 0.9807167598953327, 0.2560640469927389, 0.9379561918812437, 0.9989634508923237, 0.9252153202091474, 0.998497984603684, 0.7405884182013912, 0.484956389640321, 1.876306329712468, 1.5139960314648229, 1.856432381976945, 1.4930169862648333, 1.4886911213861704]
APTIDAO: 
88.43102931435624
GEN: 3000
Individuo: 
[1.4748388725169284, 1.8369778310926326, 2.1974834764855244, 4.104574501589793, 0.9807167598953327, 0.2560640469927389, 0.9379561918812437, 0.9989634508923237, 0.9252153202091474, 0.998762424796236, 0.7405884182013912, 0.484956389640321, 1.876306329712468, 1.5139960314648229, 1.856432381976945, 1.4930169862648333, 1.4886911213861704]
APTIDAO: 
88.43088984348908
GEN: 3100
Individuo: 
[1.4748388725169284, 1.8369778310926326, 2.1974834764855244, 4.104574501589793, 0.9807167598953327, 0.2520359202342305, 0.9379561918812437, 0.9989634508923237, 0.9252153202091474, 0.998762424796236, 0.7405884182013912, 0.484956389640321, 1.876306329712468, 1.5208675312196624, 1.856432381976945, 1.4930169862648333, 1.4886911213861704]
APTIDAO: 
88.4247820800818
GEN: 3200
Individuo: 
[1.4748388725169284, 1.8369778310926326, 2.1974834764855244, 4.104574501589793, 0.9807167598953327, 0.2520359202342305, 0.9454116271035037, 0.9989634508923237, 0.9252153202091474, 0.998762424796236, 0.7405884182013912, 0.484956389640321, 1.876306329712468, 1.5259659909467223, 1.856432381976945, 1.4930169862648333, 1.4886911213861704]
APTIDAO: 
88.41641771363382
GEN: 3300
Individuo: 
[1.4748388725169284, 1.8369778310926326, 2.1574626049380203, 4.104574501589793, 0.9807167598953327, 0.2520359202342305, 0.9454116271035037, 0.9989634508923237, 0.9398366972230047, 0.998762424796236, 0.7405884182013912, 0.484956389640321, 1.876306329712468, 1.5259659909467223, 1.856432381976945, 1.5143603330190147, 1.4886911213861704]
APTIDAO: 
88.41153622266899
GEN: 3400
Individuo: 
[1.4682284671917547, 1.8369778310926326, 2.1247551704757357, 4.104574501589793, 0.9807167598953327, 0.2520359202342305, 0.9454116271035037, 0.9989634508923237, 0.9338487043830033, 0.998762424796236, 0.7405884182013912, 0.5048246501072067, 1.876306329712468, 1.5259659909467223, 1.856432381976945, 1.5143603330190147, 1.4886911213861704]
APTIDAO: 
88.4033296880847
GEN: 3500
Individuo: 
[1.4682284671917547, 1.8369778310926326, 2.1247551704757357, 4.036273099284088, 0.9807167598953327, 0.2517564968107727, 0.9454116271035037, 0.9989634508923237, 0.938107481825471, 0.998762424796236, 0.7405884182013912, 0.5048246501072067, 1.876306329712468, 1.5259659909467223, 1.856432381976945, 1.5143603330190147, 1.4886911213861704]
APTIDAO: 
88.40077140217566
GEN: 3600
Individuo: 
[1.4682284671917547, 1.8369778310926326, 2.1247551704757357, 4.036273099284088, 0.9807167598953327, 0.2517564968107727, 0.9454116271035037, 0.9989634508923237, 0.938107481825471, 0.998762424796236, 0.7405884182013912, 0.5048246501072067, 1.876306329712468, 1.5259659909467223, 1.856432381976945, 1.5143603330190147, 1.4886911213861704]
APTIDAO: 
88.40077140217566
GEN: 3700
Individuo: 
[1.4682284671917547, 1.8369778310926326, 2.1247551704757357, 3.7367081459643154, 1.0465916610147092, 0.2517564968107727, 0.9454116271035037, 0.9989634508923237, 0.938107481825471, 0.998762424796236, 0.8115942744261216, 0.5155590678646859, 1.8955596217597723, 1.5259659909467223, 1.856432381976945, 1.5143603330190147, 1.5783890678794488]
APTIDAO: 
88.32373574920575
GEN: 3800
Individuo: 
[1.4682284671917547, 1.8369778310926326, 2.1521467973214436, 3.7840464513457315, 1.035075109552106, 0.2517564968107727, 0.9454116271035037, 0.9989634508923237, 0.938107481825471, 0.988165872118076, 0.8115942744261216, 0.5155590678646859, 1.8955596217597723, 1.5259659909467223, 1.856432381976945, 1.5143603330190147, 1.5783890678794488]
APTIDAO: 
88.31598574115002
GEN: 3900
Individuo: 
[1.4682284671917547, 1.8369778310926326, 2.1247551704757357, 3.7840464513457315, 1.035075109552106, 0.2517564968107727, 0.9542156475354961, 0.9989634508923237, 0.938107481825471, 0.9919401046301555, 0.8098196754870294, 0.5155590678646859, 1.8955596217597723, 1.5259659909467223, 1.856432381976945, 1.5143603330190147, 1.5783890678794488]
APTIDAO: 
88.31037852702651
GEN: 4000
Individuo: 
[1.4682284671917547, 1.8369778310926326, 2.1247551704757357, 3.8475769774064714, 1.035075109552106, 0.2517564968107727, 0.9542156475354961, 0.9989634508923237, 0.9530131179075708, 0.9919401046301555, 0.8098196754870294, 0.5155590678646859, 1.8955596217597723, 1.5259659909467223, 1.856432381976945, 1.5143603330190147, 1.5892122687225307]
APTIDAO: 
88.29750639743312
GEN: 4100
Individuo: 
[1.4682284671917547, 1.7902285576419552, 2.1247551704757357, 3.8475769774064714, 1.035075109552106, 0.2517564968107727, 0.9542156475354961, 0.9989634508923237, 0.9507436165809435, 0.9919401046301555, 0.8098196754870294, 0.5155590678646859, 1.8955596217597723, 1.5259659909467223, 1.856432381976945, 1.5143603330190147, 1.5892122687225307]
APTIDAO: 
88.29645115552609
GEN: 4200
Individuo: 
[1.4682284671917547, 1.7902285576419552, 2.134593387123776, 3.8025711458660423, 1.035075109552106, 0.2517564968107727, 0.9565409519588093, 0.9989634508923237, 0.9650806012020596, 0.9919401046301555, 0.8098196754870294, 0.5189998840619162, 1.8955596217597723, 1.5259659909467223, 1.856432381976945, 1.5143603330190147, 1.5892122687225307]
APTIDAO: 
88.29247280761969
GEN: 4300
Individuo: 
[1.4682284671917547, 1.7902285576419552, 2.144673840550636, 3.8025711458660423, 1.035075109552106, 0.2517564968107727, 0.9565409519588093, 0.9989634508923237, 0.9650806012020596, 0.9919401046301555, 0.8056493728895078, 0.5189998840619162, 1.8955596217597723, 1.526740192977127, 1.856432381976945, 1.5143603330190147, 1.5892122687225307]
APTIDAO: 
88.29062675729999
GEN: 4400
Individuo: 
[1.4682284671917547, 1.7902285576419552, 2.144673840550636, 3.8025711458660423, 1.035075109552106, 0.2517564968107727, 0.9621638569990327, 0.9989634508923237, 0.9648670076421818, 0.9919401046301555, 0.8056493728895078, 0.5177279252309498, 1.8955596217597723, 1.5421001481007726, 1.856432381976945, 1.5143603330190147, 1.5892122687225307]
APTIDAO: 
88.27857249680574
GEN: 4500
Individuo: 
[1.4682284671917547, 1.7890992035116573, 2.17114978548574, 3.785165949225318, 1.035075109552106, 0.2517564968107727, 0.9779953301623987, 0.9989634508923237, 0.9648670076421818, 0.9919401046301555, 0.8056493728895078, 0.5177279252309498, 1.8955596217597723, 1.5421001481007726, 1.856432381976945, 1.5143603330190147, 1.5968199434232018]
APTIDAO: 
88.27013021128776
GEN: 4600
Individuo: 
[1.4682284671917547, 1.7890992035116573, 2.17114978548574, 3.832169156260795, 1.0310825975220494, 0.2517564968107727, 0.9779953301623987, 0.9989634508923237, 0.9648670076421818, 0.9919401046301555, 0.8056493728895078, 0.5177279252309498, 1.8955596217597723, 1.5421001481007726, 1.856432381976945, 1.5143603330190147, 1.5968199434232018]
APTIDAO: 
88.26928638093064
GEN: 4700
Individuo: 
[1.4682284671917547, 1.7890992035116573, 2.17114978548574, 3.832169156260795, 1.012980634658181, 0.2517564968107727, 0.9779953301623987, 0.9989634508923237, 0.9648670076421818, 0.9919401046301555, 0.806962684753073, 0.5177279252309498, 1.8955596217597723, 1.5421001481007726, 1.856432381976945, 1.5143603330190147, 1.5968199434232018]
APTIDAO: 
88.26569550230036
GEN: 4800
Individuo: 
[1.4682284671917547, 1.7890992035116573, 2.17114978548574, 3.852092621885978, 1.012980634658181, 0.2517564968107727, 0.9737225984463075, 0.9989634508923237, 0.9648670076421818, 0.9919401046301555, 0.806962684753073, 0.5177279252309498, 1.8955596217597723, 1.5421001481007726, 1.856432381976945, 1.5143603330190147, 1.5968199434232018]
APTIDAO: 
88.26198379565167
GEN: 4900
Individuo: 
[1.4682284671917547, 1.782030026682758, 2.164572574295765, 3.852092621885978, 1.0199858614094575, 0.2517564968107727, 0.9737225984463075, 0.9989634508923237, 0.9648670076421818, 0.9919401046301555, 0.806962684753073, 0.5177279252309498, 1.8955596217597723, 1.5421001481007726, 1.856432381976945, 1.5143603330190147, 1.5968199434232018]
APTIDAO: 
88.26154388777955
GEN: 5000
Individuo: 
[1.4682284671917547, 1.782030026682758, 2.164572574295765, 4.132125810304682, 1.0030792433626645, 0.24564214511622456, 0.9737225984463075, 0.9989634508923237, 0.9648670076421818, 0.9919401046301555, 0.8455334382189862, 0.5177279252309498, 1.8955596217597723, 1.5643619121860988, 1.856432381976945, 1.5143603330190147, 1.6664551204991176]
APTIDAO: 
88.21658350265787
GEN: 5100
Individuo: 
[1.4682284671917547, 1.7894145724565702, 2.184436636602709, 4.132125810304682, 1.0030792433626645, 0.24828091673370364, 0.9673975649809952, 0.9989634508923237, 0.9648670076421818, 0.9919401046301555, 0.8455334382189862, 0.5177279252309498, 1.8955596217597723, 1.5643619121860988, 1.856432381976945, 1.5143603330190147, 1.6664551204991176]
APTIDAO: 
88.20709989228095
GEN: 5200
Individuo: 
[1.4682284671917547, 1.7894145724565702, 2.184436636602709, 4.132125810304682, 1.0040877745535284, 0.24828091673370364, 0.9673975649809952, 0.9989634508923237, 0.9648670076421818, 0.9919401046301555, 0.8455334382189862, 0.5177279252309498, 1.8955596217597723, 1.5643619121860988, 1.856432381976945, 1.5143603330190147, 1.6664551204991176]
APTIDAO: 
88.20692759026545
GEN: 5300
Individuo: 
[1.4682284671917547, 1.8044342122970285, 2.2970303017116582, 3.9692982154304812, 1.0040877745535284, 0.24828091673370364, 0.9673975649809952, 0.9989634508923237, 0.9661229461785136, 0.9919401046301555, 0.8455334382189862, 0.5177279252309498, 1.8955596217597723, 1.5643619121860988, 1.856432381976945, 1.5143603330190147, 1.6664551204991176]
APTIDAO: 
88.19491102830592
GEN: 5400
Individuo: 
[1.458491455457686, 1.8044342122970285, 2.2970303017116582, 3.9692982154304812, 1.0040877745535284, 0.24828091673370364, 0.9673975649809952, 0.9989634508923237, 0.9661229461785136, 0.9919401046301555, 0.8455334382189862, 0.5177279252309498, 1.8982827910979823, 1.5643619121860988, 1.856432381976945, 1.5143603330190147, 1.667236673658637]
APTIDAO: 
88.19182118385308
GEN: 5500
Individuo: 
[1.458491455457686, 1.8044342122970285, 2.2970303017116582, 3.9692982154304812, 1.0211401698948017, 0.24828091673370364, 0.9673975649809952, 0.9989634508923237, 0.9661229461785136, 0.9919401046301555, 0.8455334382189862, 0.5177279252309498, 1.8982827910979823, 1.5643619121860988, 1.856432381976945, 1.5143603330190147, 1.667236673658637]
APTIDAO: 
88.19017008257632
GEN: 5600
Individuo: 
[1.458491455457686, 1.8044342122970285, 2.2970303017116582, 3.9749705871242167, 1.0211401698948017, 0.24828091673370364, 0.9673975649809952, 0.9989634508923237, 0.9661229461785136, 0.9919401046301555, 0.8455334382189862, 0.5177279252309498, 1.8982827910979823, 1.5643619121860988, 1.8564767051848636, 1.5143603330190147, 1.667236673658637]
APTIDAO: 
88.1901523336934
GEN: 5700
Individuo: 
[1.458491455457686, 1.8005985636824096, 2.2970303017116582, 3.9749705871242167, 1.0211401698948017, 0.24828091673370364, 0.9673975649809952, 0.9989634508923237, 0.9661229461785136, 0.9919401046301555, 0.8455334382189862, 0.521030977014372, 1.8982827910979823, 1.5711096780993303, 1.8564767051848636, 1.5143603330190147, 1.667236673658637]
APTIDAO: 
88.18219882542793
GEN: 5800
Individuo: 
[1.458491455457686, 1.8005985636824096, 2.2970303017116582, 3.9749705871242167, 1.0211401698948017, 0.24466045962358546, 0.9673975649809952, 0.9989634508923237, 0.9661229461785136, 0.9919401046301555, 0.8455334382189862, 0.521030977014372, 1.8982827910979823, 1.5711096780993303, 1.8564767051848636, 1.5143603330190147, 1.667236673658637]
APTIDAO: 
88.18218633087234
GEN: 5900
Individuo: 
[1.458491455457686, 1.8005985636824096, 2.292677844676415, 3.9712859463548176, 1.0211401698948017, 0.243615978253043, 0.9673975649809952, 0.9989634508923237, 0.9661229461785136, 0.9919401046301555, 0.857331211643898, 0.521030977014372, 1.921759900226625, 1.5711096780993303, 1.8564767051848636, 1.5143603330190147, 1.689684615553737]
APTIDAO: 
88.15031431671399
GEN: 6000
Individuo: 
[1.458491455457686, 1.8005985636824096, 2.292677844676415, 3.9712859463548176, 1.0495927105399037, 0.243615978253043, 0.9673975649809952, 0.9989634508923237, 0.9661229461785136, 0.9986646203042017, 0.857331211643898, 0.521030977014372, 1.921759900226625, 1.5711096780993303, 1.8564767051848636, 1.5143603330190147, 1.689684615553737]
APTIDAO: 
88.14590725922021
GEN: 6100
Individuo: 
[1.4731854518266494, 1.8005985636824096, 2.292677844676415, 3.9712859463548176, 1.0495927105399037, 0.19193263021697937, 0.9673975649809952, 0.9989634508923237, 0.9661229461785136, 0.9986646203042017, 0.857331211643898, 0.521030977014372, 2.1782109509630145, 1.5812026550454, 1.8564767051848636, 1.5143603330190147, 1.689684615553737]
APTIDAO: 
88.02005445125562
GEN: 6200
Individuo: 
[1.5324660883863106, 1.8005985636824096, 2.3008124257318654, 3.9712859463548176, 1.0724180927469524, 0.19193263021697937, 0.9673975649809952, 0.9989634508923237, 0.9661229461785136, 0.9986646203042017, 0.857331211643898, 0.521030977014372, 2.1782109509630145, 1.5812026550454, 1.8564767051848636, 1.5143603330190147, 1.689684615553737]
APTIDAO: 
87.99757689170022
GEN: 6300
Individuo: 
[1.5324660883863106, 1.831465822672684, 2.3008124257318654, 3.8768405271491924, 1.0724180927469524, 0.19193263021697937, 0.9673975649809952, 0.9989634508923237, 0.9503256757210738, 0.9986646203042017, 0.8509948445960146, 0.5628710257820564, 2.1782109509630145, 1.603226888413908, 1.8564767051848636, 1.5143603330190147, 1.689684615553737]
APTIDAO: 
87.93644336855346
GEN: 6400
Individuo: 
[1.5324660883863106, 1.831465822672684, 2.3008124257318654, 3.8768405271491924, 1.0451176295824325, 0.19243563569010524, 0.9673975649809952, 0.9989634508923237, 0.9503256757210738, 0.9986646203042017, 0.8509948445960146, 0.5628710257820564, 2.1782109509630145, 1.603226888413908, 1.8564767051848636, 1.5143603330190147, 1.6911537735963336]
APTIDAO: 
87.92960643565296
GEN: 6500
Individuo: 
[1.5324660883863106, 1.8407999938675694, 2.3008124257318654, 3.8768405271491924, 1.0451176295824325, 0.19243563569010524, 0.9673975649809952, 0.9989634508923237, 0.9503256757210738, 0.9986646203042017, 0.8509948445960146, 0.5628710257820564, 2.1872223899262893, 1.603226888413908, 1.8564767051848636, 1.5143603330190147, 1.6911537735963336]
APTIDAO: 
87.92343779481564
GEN: 6600
Individuo: 
[1.5324660883863106, 1.8407999938675694, 2.3008124257318654, 3.873852615239235, 1.0451176295824325, 0.19243563569010524, 0.9673975649809952, 0.9989634508923237, 0.9469706569655901, 0.9986646203042017, 0.8509948445960146, 0.5628710257820564, 2.1872223899262893, 1.603226888413908, 1.8564767051848636, 1.5143603330190147, 1.6911537735963336]
APTIDAO: 
87.92290899901879
GEN: 6700
Individuo: 
[1.5364292841895215, 1.8439752578798512, 2.3008124257318654, 3.873852615239235, 1.0451176295824325, 0.19243563569010524, 0.9673975649809952, 0.9989634508923237, 0.9469706569655901, 0.9986646203042017, 0.8509948445960146, 0.5628710257820564, 2.1872223899262893, 1.603226888413908, 1.8417898694258241, 1.5143603330190147, 1.6938322740225755]
APTIDAO: 
87.91818737728333
GEN: 6800
Individuo: 
[1.5364292841895215, 1.8439752578798512, 2.276529653953114, 3.873852615239235, 1.0451176295824325, 0.19243563569010524, 0.9673975649809952, 0.9989634508923237, 0.9469706569655901, 0.9986646203042017, 0.8509948445960146, 0.5628710257820564, 2.1872223899262893, 1.603226888413908, 1.8417898694258241, 1.5143603330190147, 1.6969863008543806]
APTIDAO: 
87.91296764341298
GEN: 6900
Individuo: 
[1.5364292841895215, 1.8439752578798512, 2.276529653953114, 3.873852615239235, 1.0451176295824325, 0.192538937249085, 0.9673975649809952, 0.9989634508923237, 0.9469706569655901, 0.9986646203042017, 0.8524199376861028, 0.5628710257820564, 2.1872223899262893, 1.603226888413908, 1.8417898694258241, 1.5143603330190147, 1.7041395426337158]
APTIDAO: 
87.911505397454
GEN: 7000
Individuo: 
[1.5364292841895215, 1.8439752578798512, 2.276529653953114, 3.873852615239235, 1.0451176295824325, 0.192538937249085, 0.9721351217907487, 0.9989634508923237, 0.9469706569655901, 0.9986646203042017, 0.8580746154831899, 0.5628710257820564, 2.1872223899262893, 1.6103360738731285, 1.8417898694258241, 1.5143603330190147, 1.7041395426337158]
APTIDAO: 
87.90340342855805
GEN: 7100
Individuo: 
[1.5304413466618818, 1.8439752578798512, 2.276529653953114, 3.873852615239235, 1.0451176295824325, 0.192538937249085, 0.9721351217907487, 0.9989634508923237, 0.9469706569655901, 0.9986646203042017, 0.8580746154831899, 0.5628710257820564, 2.1872223899262893, 1.60805789567533, 1.8417898694258241, 1.5143603330190147, 1.7041395426337158]
APTIDAO: 
87.90205224212099
GEN: 7200
Individuo: 
[1.5304413466618818, 1.8439752578798512, 2.276529653953114, 3.873852615239235, 1.0451176295824325, 0.192538937249085, 0.9721351217907487, 0.9989634508923237, 0.9469706569655901, 0.9986646203042017, 0.8580746154831899, 0.5628710257820564, 2.1872223899262893, 1.60805789567533, 1.8417898694258241, 1.5143603330190147, 1.7041395426337158]
APTIDAO: 
87.90205224212099
GEN: 7300
Individuo: 
[1.5304413466618818, 1.8439752578798512, 2.276529653953114, 3.873852615239235, 1.0451176295824325, 0.192538937249085, 0.9721351217907487, 0.9989634508923237, 0.9469706569655901, 0.9986646203042017, 0.8580746154831899, 0.5628710257820564, 2.1872223899262893, 1.60805789567533, 1.8417898694258241, 1.5143603330190147, 1.7041395426337158]
APTIDAO: 
87.90205224212099
GEN: 7400
Individuo: 
[1.5304413466618818, 1.8439752578798512, 2.273655207272966, 3.873852615239235, 1.0451176295824325, 0.192538937249085, 0.9721351217907487, 0.9989634508923237, 0.9469706569655901, 0.9986646203042017, 0.8580746154831899, 0.5628710257820564, 2.1872223899262893, 1.60805789567533, 1.8417898694258241, 1.5143603330190147, 1.7041395426337158]
APTIDAO: 
87.9020019560157
GEN: 7500
Individuo: 
[1.5304413466618818, 1.8439752578798512, 2.2585296121116447, 3.873852615239235, 1.0451176295824325, 0.192538937249085, 0.9721351217907487, 0.9989634508923237, 0.9469706569655901, 0.9986646203042017, 0.8580746154831899, 0.5628710257820564, 2.1872223899262893, 1.60805789567533, 1.8417898694258241, 1.5143603330190147, 1.7041395426337158]
APTIDAO: 
87.90178131202835
GEN: 7600
Individuo: 
[1.5304413466618818, 1.8439752578798512, 2.2585296121116447, 3.873852615239235, 1.0451176295824325, 0.192538937249085, 0.9721351217907487, 0.9989634508923237, 0.9469706569655901, 0.9986646203042017, 0.8580746154831899, 0.5628710257820564, 2.1872223899262893, 1.60805789567533, 1.8417898694258241, 1.5143603330190147, 1.7041395426337158]
APTIDAO: 
87.90178131202835
GEN: 7700
Individuo: 
[1.5304413466618818, 1.8439752578798512, 2.2585296121116447, 3.873852615239235, 1.0451176295824325, 0.19189948200444448, 0.9721351217907487, 0.9989634508923237, 0.9469706569655901, 0.9986646203042017, 0.8584955868019405, 0.5628710257820564, 2.1872223899262893, 1.60805789567533, 1.8417898694258241, 1.5143603330190147, 1.7041395426337158]
APTIDAO: 
87.90040898692125
GEN: 7800
Individuo: 
[1.5304413466618818, 1.8448237334923498, 2.2585296121116447, 3.873852615239235, 1.0451176295824325, 0.19189948200444448, 0.9721351217907487, 0.9989634508923237, 0.9469706569655901, 0.9986646203042017, 0.8584955868019405, 0.5628710257820564, 2.1872223899262893, 1.60805789567533, 1.8417898694258241, 1.5143603330190147, 1.7041395426337158]
APTIDAO: 
87.90014741364384
GEN: 7900
Individuo: 
[1.5304413466618818, 1.8448237334923498, 2.2585296121116447, 3.873852615239235, 1.0451176295824325, 0.19189948200444448, 0.9721351217907487, 0.9989634508923237, 0.9469706569655901, 0.9986646203042017, 0.8584955868019405, 0.5628710257820564, 2.1872223899262893, 1.60805789567533, 1.8417898694258241, 1.5143603330190147, 1.7041395426337158]
APTIDAO: 
87.90014741364384
GEN: 8000
Individuo: 
[1.5304413466618818, 1.8448237334923498, 2.261317531077085, 3.873852615239235, 1.0451176295824325, 0.19189948200444448, 0.9721351217907487, 0.9989634508923237, 0.9469706569655901, 0.9986646203042017, 0.8590511301326103, 0.5628710257820564, 2.191251105312225, 1.60805789567533, 1.8417898694258241, 1.5145722737532816, 1.7041395426337158]
APTIDAO: 
87.89927047443119
GEN: 8100
Individuo: 
[1.5304413466618818, 1.8448237334923498, 2.261317531077085, 3.873852615239235, 1.0546567007010432, 0.19189948200444448, 0.9746268858518023, 0.9989634508923237, 0.9469706569655901, 0.9986646203042017, 0.8590511301326103, 0.5628710257820564, 2.191251105312225, 1.60805789567533, 1.8417898694258241, 1.5145722737532816, 1.7041395426337158]
APTIDAO: 
87.8974187801022
GEN: 8200
Individuo: 
[1.5304413466618818, 1.8448237334923498, 2.261317531077085, 3.873852615239235, 1.0546567007010432, 0.19189948200444448, 0.9746268858518023, 0.9989634508923237, 0.9482846667659114, 0.9986646203042017, 0.8590511301326103, 0.5654958002084224, 2.191251105312225, 1.60805789567533, 1.8417898694258241, 1.521307790516599, 1.7041395426337158]
APTIDAO: 
87.89458910417707
GEN: 8300
Individuo: 
[1.5304413466618818, 1.8448237334923498, 2.261317531077085, 3.873852615239235, 1.0546567007010432, 0.19189948200444448, 0.9746268858518023, 0.9989634508923237, 0.9482846667659114, 0.9986646203042017, 0.8590511301326103, 0.5654958002084224, 2.191251105312225, 1.60805789567533, 1.8417898694258241, 1.5259205458921834, 1.7041395426337158]
APTIDAO: 
87.89296132420873
GEN: 8400
Individuo: 
[1.5304413466618818, 1.8448237334923498, 2.261317531077085, 3.873852615239235, 1.0546567007010432, 0.19189948200444448, 0.9746268858518023, 0.9989634508923237, 0.9482846667659114, 0.9986646203042017, 0.8590511301326103, 0.5654958002084224, 2.191251105312225, 1.60805789567533, 1.8417898694258241, 1.5259205458921834, 1.7041395426337158]
APTIDAO: 
87.89296132420873
GEN: 8500
Individuo: 
[1.5304413466618818, 1.8448237334923498, 2.221841692692474, 3.873852615239235, 1.0546567007010432, 0.19189948200444448, 0.9786580379001206, 0.9989634508923237, 0.9520949227198389, 0.9986646203042017, 0.8590511301326103, 0.5654958002084224, 2.191251105312225, 1.60805789567533, 1.8417898694258241, 1.5259205458921834, 1.7041395426337158]
APTIDAO: 
87.8878257999591
GEN: 8600
Individuo: 
[1.5304413466618818, 1.8540968196512182, 2.221841692692474, 3.852699541546935, 1.0546567007010432, 0.19189948200444448, 0.9786580379001206, 0.9989634508923237, 0.9520949227198389, 0.9986646203042017, 0.8599042989876964, 0.5654958002084224, 2.191251105312225, 1.60805789567533, 1.8417898694258241, 1.5259205458921834, 1.7041395426337158]
APTIDAO: 
87.88608579707277
GEN: 8700
Individuo: 
[1.5304413466618818, 1.8540968196512182, 2.221841692692474, 3.828532619361283, 1.0493462312297506, 0.19189948200444448, 0.9786580379001206, 0.9989634508923237, 0.952687776144054, 0.9986646203042017, 0.8599042989876964, 0.5654958002084224, 2.191251105312225, 1.60805789567533, 1.8417898694258241, 1.5259205458921834, 1.7041395426337158]
APTIDAO: 
87.88394554377815
GEN: 8800
Individuo: 
[1.5304413466618818, 1.8540968196512182, 2.221841692692474, 3.828532619361283, 1.0493462312297506, 0.19189948200444448, 0.9786580379001206, 0.9989634508923237, 0.952687776144054, 0.9986646203042017, 0.8599042989876964, 0.568398802348073, 2.191251105312225, 1.60805789567533, 1.8417898694258241, 1.5259205458921834, 1.7041395426337158]
APTIDAO: 
87.88125047550399
GEN: 8900
Individuo: 
[1.5304413466618818, 1.8540968196512182, 2.221841692692474, 3.828532619361283, 1.0493462312297506, 0.19189948200444448, 0.9786580379001206, 0.9989634508923237, 0.952687776144054, 0.9986646203042017, 0.8599042989876964, 0.568398802348073, 2.191251105312225, 1.60805789567533, 1.8417898694258241, 1.5259205458921834, 1.7041395426337158]
APTIDAO: 
87.88125047550399
GEN: 9000
Individuo: 
[1.5304413466618818, 1.8540968196512182, 2.221841692692474, 3.828532619361283, 1.0493462312297506, 0.19189948200444448, 0.9786580379001206, 0.9989634508923237, 0.952687776144054, 0.9986646203042017, 0.8599042989876964, 0.568398802348073, 2.191251105312225, 1.60805789567533, 1.8417898694258241, 1.5259205458921834, 1.7041395426337158]
APTIDAO: 
87.88125047550399
GEN: 9100
Individuo: 
[1.5304413466618818, 1.8540968196512182, 2.221841692692474, 3.828532619361283, 1.0493462312297506, 0.19189948200444448, 0.9786580379001206, 0.9989634508923237, 0.952687776144054, 0.9986646203042017, 0.8599042989876964, 0.568398802348073, 2.191251105312225, 1.60805789567533, 1.8417898694258241, 1.5259205458921834, 1.7041395426337158]
APTIDAO: 
87.88125047550399
GEN: 9200
Individuo: 
[1.5304413466618818, 1.8540968196512182, 2.221841692692474, 3.828532619361283, 1.0493462312297506, 0.19189948200444448, 0.9786580379001206, 0.9989634508923237, 0.952687776144054, 0.9986646203042017, 0.8599042989876964, 0.568398802348073, 2.191251105312225, 1.60805789567533, 1.8417898694258241, 1.5259205458921834, 1.7041395426337158]
APTIDAO: 
87.88125047550399
GEN: 9300
Individuo: 
[1.5304413466618818, 1.8540968196512182, 2.221841692692474, 3.828532619361283, 1.0493462312297506, 0.19189948200444448, 0.9786580379001206, 0.9989634508923237, 0.952687776144054, 0.9986646203042017, 0.8599042989876964, 0.568398802348073, 2.191251105312225, 1.60805789567533, 1.8417898694258241, 1.5259205458921834, 1.7041395426337158]
APTIDAO: 
87.88125047550399
GEN: 9400
Individuo: 
[1.5304413466618818, 1.8540968196512182, 2.221841692692474, 3.8226813566718483, 1.0493462312297506, 0.19189948200444448, 0.9786580379001206, 0.9989634508923237, 0.952687776144054, 0.9986646203042017, 0.8599042989876964, 0.568398802348073, 2.191251105312225, 1.60805789567533, 1.8417898694258241, 1.5259205458921834, 1.7041395426337158]
APTIDAO: 
87.88117339487246
GEN: 9500
Individuo: 
[1.5304413466618818, 1.8540968196512182, 2.221841692692474, 3.8226813566718483, 1.0478422703543564, 0.19189948200444448, 0.9786580379001206, 0.9989634508923237, 0.952687776144054, 0.9986646203042017, 0.8599042989876964, 0.568398802348073, 2.191251105312225, 1.60805789567533, 1.8417898694258241, 1.5259205458921834, 1.7041395426337158]
APTIDAO: 
87.88109335968566
GEN: 9600
Individuo: 
[1.5304413466618818, 1.8540968196512182, 2.221841692692474, 3.8226813566718483, 1.0478422703543564, 0.19189948200444448, 0.9786580379001206, 0.9989634508923237, 0.952687776144054, 0.9986646203042017, 0.8599042989876964, 0.568398802348073, 2.191251105312225, 1.60805789567533, 1.8417898694258241, 1.5259205458921834, 1.7041395426337158]
APTIDAO: 
87.88109335968566
GEN: 9700
Individuo: 
[1.5304413466618818, 1.8540968196512182, 2.221841692692474, 3.8226813566718483, 1.0478422703543564, 0.19189948200444448, 0.9786580379001206, 0.9989634508923237, 0.952687776144054, 0.9986646203042017, 0.8599042989876964, 0.568398802348073, 2.191251105312225, 1.60805789567533, 1.8417898694258241, 1.5259205458921834, 1.7041395426337158]
APTIDAO: 
87.88109335968566
GEN: 9800
Individuo: 
[1.5304413466618818, 1.8540968196512182, 2.221841692692474, 3.8226813566718483, 1.0478422703543564, 0.19189948200444448, 0.9786580379001206, 0.9989634508923237, 0.952687776144054, 0.9986646203042017, 0.8599042989876964, 0.568398802348073, 2.191251105312225, 1.60805789567533, 1.8417898694258241, 1.5258382985678023, 1.7041395426337158]
APTIDAO: 
87.88105942751342
GEN: 9900
Individuo: 
[1.5304413466618818, 1.8540968196512182, 2.221841692692474, 3.8226813566718483, 1.0478422703543564, 0.19189948200444448, 0.9786580379001206, 0.9989634508923237, 0.952687776144054, 0.9986646203042017, 0.8599042989876964, 0.568398802348073, 2.191251105312225, 1.60805789567533, 1.8417898694258241, 1.5258382985678023, 1.7041395426337158]
APTIDAO: 
87.88105942751342
GEN: 10000
Individuo: 
[1.5304413466618818, 1.8540968196512182, 2.221841692692474, 3.8226813566718483, 1.0478422703543564, 0.19189948200444448, 0.9786580379001206, 0.9989634508923237, 0.952687776144054, 0.9986646203042017, 0.8599042989876964, 0.568398802348073, 2.191251105312225, 1.60805789567533, 1.8417898694258241, 1.5258382985678023, 1.7041395426337158]
APTIDAO: 
87.88105942751342

--- RESULTADO FINAL ---
Erro (norma-1): 87.88105942751342
Parâmetros: [1.5304413466618818, 1.8540968196512182, 2.221841692692474, 3.8226813566718483, 1.0478422703543564, 0.19189948200444448, 0.9786580379001206, 0.9989634508923237, 0.952687776144054, 0.9986646203042017, 0.8599042989876964, 0.568398802348073, 2.191251105312225, 1.60805789567533, 1.8417898694258241, 1.5258382985678023, 1.7041395426337158]
Tempo total: 00h 28m 56s
