SEED: 1778578247
METODO: ES_MM
IND_SIZE: 17
GEN: 0
Individuo: 
[4.378376416554503, 4.904119774462966, 3.8106363016973663, 2.770235701136685, 0.924467887973521, 0.1904015519920554, 0.405322443996179, 0.0010104691316244752, 0.9036239104798656, 0.3742447209922582, 0.9925957048340489, 0.5582024628440595, 2.517380984195302, 5.4841855227784935, 1.987130142851195, 3.7291867441957987, 2.7850283988579685]
APTIDAO: 
490.63651097360656
GEN: 100
Individuo: 
[1.3365062600032052, 2.254533269197743, 1.9881293489618226, 4.932172778982546, 1.1890411141550101, 0.15219762383909743, 0.824183611776282, 0.8064566405005583, 0.2960909312325614, 0.8772982862082872, 0.9175828997191823, 0.27821518321964156, 2.323380485763098, 1.5429866952419165, 1.510937132317333, 1.0076085355905657, 1.165778538117196]
APTIDAO: 
90.42489413725332
GEN: 200
Individuo: 
[1.3365062600032052, 1.881547083717379, 1.9881293489618226, 4.932172778982546, 1.2706932955847732, 0.15219762383909743, 0.9446214498695583, 0.783442040716594, 0.3845282534601095, 0.5772137343982154, 0.9175828997191823, 0.23266107761342572, 2.4057309982712773, 1.5429866952419165, 1.510937132317333, 1.0076085355905657, 1.165778538117196]
APTIDAO: 
89.54000632148382
GEN: 300
Individuo: 
[1.3365062600032052, 1.881547083717379, 2.2027698739860075, 4.932172778982546, 1.2706932955847732, 0.15670282179275605, 0.9260818448646659, 0.783442040716594, 0.6054709067503465, 0.5772137343982154, 0.9164452579522381, 0.23266107761342572, 2.4377815467692585, 1.5429866952419165, 1.510937132317333, 1.250575470162239, 1.165778538117196]
APTIDAO: 
89.08976115643073
GEN: 400
Individuo: 
[1.447246568829184, 1.881547083717379, 2.274702792166662, 4.919328894309669, 1.0793396515720708, 0.15670282179275605, 0.9260818448646659, 0.7946318358371962, 0.6054709067503465, 0.5772137343982154, 0.9164452579522381, 0.23266107761342572, 2.4377815467692585, 1.5429866952419165, 1.510937132317333, 1.250575470162239, 1.1770705922629119]
APTIDAO: 
89.00492844500343
GEN: 500
Individuo: 
[1.447246568829184, 1.8228380250369216, 2.274702792166662, 4.919328894309669, 1.0793396515720708, 0.15670282179275605, 0.9260818448646659, 0.7887531593216948, 0.6054709067503465, 0.5772137343982154, 0.9164452579522381, 0.2411958104445955, 2.449922661105767, 1.5429866952419165, 1.510937132317333, 1.250575470162239, 1.1770705922629119]
APTIDAO: 
88.97587755819907
GEN: 600
Individuo: 
[1.447246568829184, 1.8228380250369216, 2.3272860558398105, 4.919328894309669, 1.0584673426990394, 0.15670282179275605, 0.9266346565350414, 0.7887531593216948, 0.6054709067503465, 0.5772137343982154, 0.9175105204838175, 0.2411958104445955, 2.449922661105767, 1.5429866952419165, 1.510937132317333, 1.250575470162239, 1.1770705922629119]
APTIDAO: 
88.9720121474773
GEN: 700
Individuo: 
[1.447246568829184, 1.8228380250369216, 2.311131733714948, 4.919328894309669, 1.0584673426990394, 0.15670282179275605, 0.9266346565350414, 0.7887531593216948, 0.6054709067503465, 0.5628411069941479, 0.927162439574263, 0.2411958104445955, 2.449922661105767, 1.5429866952419165, 1.5334157215175488, 1.2470180285390804, 1.1770705922629119]
APTIDAO: 
88.96442544063133
GEN: 800
Individuo: 
[1.447246568829184, 1.8228380250369216, 2.311131733714948, 4.919328894309669, 1.0584673426990394, 0.15670282179275605, 0.9266346565350414, 0.7946976359980408, 0.6091640081185765, 0.5628411069941479, 0.927162439574263, 0.24294820007002693, 2.449922661105767, 1.5429866952419165, 1.5334157215175488, 1.2470180285390804, 1.1770705922629119]
APTIDAO: 
88.95716665955595
GEN: 900
Individuo: 
[1.447246568829184, 1.8228380250369216, 2.5385715061352134, 4.798400133044489, 1.0409605141858547, 0.15670282179275605, 0.9266346565350414, 0.8122333624795324, 0.6091640081185765, 0.5628411069941479, 0.927162439574263, 0.40463739445324626, 2.449922661105767, 1.5429866952419165, 1.5334157215175488, 1.2470180285390804, 1.382645518506977]
APTIDAO: 
88.77566611839808
GEN: 1000
Individuo: 
[1.447246568829184, 1.930920855780747, 2.3844724790986076, 4.798400133044489, 1.083560534916429, 0.15548932665962573, 0.9266346565350414, 0.8122333624795324, 0.6150963754254191, 0.5628411069941479, 0.927162439574263, 0.43078417152641857, 2.449922661105767, 1.5775400336279028, 1.5334157215175488, 1.2470180285390804, 1.382645518506977]
APTIDAO: 
88.68766216529869
GEN: 1100
Individuo: 
[1.447246568829184, 1.930920855780747, 2.166481942890761, 4.798400133044489, 1.083560534916429, 0.1563553509598469, 0.9266346565350414, 0.8122333624795324, 0.6150963754254191, 0.5628411069941479, 0.927162439574263, 0.43078417152641857, 2.449922661105767, 1.5775400336279028, 1.5541789832258246, 1.2386681955539514, 1.382645518506977]
APTIDAO: 
88.65100892330096
GEN: 1200
Individuo: 
[1.4543744745936156, 1.930920855780747, 2.166481942890761, 4.798400133044489, 1.083560534916429, 0.1563553509598469, 0.9266346565350414, 0.8122333624795324, 0.6186890335783432, 0.5628411069941479, 0.927162439574263, 0.43078417152641857, 2.449922661105767, 1.5775400336279028, 1.5541789832258246, 1.2386681955539514, 1.382645518506977]
APTIDAO: 
88.64490342324947
GEN: 1300
Individuo: 
[1.4543744745936156, 1.930920855780747, 2.166481942890761, 4.875106120267258, 1.083560534916429, 0.1563553509598469, 0.9266346565350414, 0.8122333624795324, 0.6186890335783432, 0.5628411069941479, 0.9292687725150082, 0.43078417152641857, 2.449922661105767, 1.5775400336279028, 1.5891335735253584, 1.2386681955539514, 1.382645518506977]
APTIDAO: 
88.62597764653435
GEN: 1400
Individuo: 
[1.4543744745936156, 1.930920855780747, 2.166481942890761, 4.875106120267258, 1.0856301391878735, 0.1563553509598469, 0.9266346565350414, 0.8122333624795324, 0.6186890335783432, 0.5628411069941479, 0.9292687725150082, 0.43078417152641857, 2.449922661105767, 1.5775400336279028, 1.5891335735253584, 1.2386681955539514, 1.382645518506977]
APTIDAO: 
88.62514866200166
GEN: 1500
Individuo: 
[1.4543744745936156, 1.930920855780747, 2.166481942890761, 4.875106120267258, 1.0856301391878735, 0.1563553509598469, 0.9266346565350414, 0.8122333624795324, 0.6186890335783432, 0.5628411069941479, 0.9292687725150082, 0.43078417152641857, 2.449922661105767, 1.5775400336279028, 1.5891335735253584, 1.2386681955539514, 1.382645518506977]
APTIDAO: 
88.62514866200166
GEN: 1600
Individuo: 
[1.4543744745936156, 1.930920855780747, 2.166481942890761, 4.875106120267258, 1.0856301391878735, 0.1563553509598469, 0.9266346565350414, 0.8122333624795324, 0.6186890335783432, 0.5628411069941479, 0.9292687725150082, 0.43078417152641857, 2.449922661105767, 1.5775400336279028, 1.5891335735253584, 1.2386681955539514, 1.382645518506977]
APTIDAO: 
88.62514866200166
GEN: 1700
Individuo: 
[1.4543744745936156, 1.930920855780747, 2.166481942890761, 4.875106120267258, 1.0856301391878735, 0.1563553509598469, 0.9266346565350414, 0.8122333624795324, 0.6186890335783432, 0.5628411069941479, 0.9292687725150082, 0.43078417152641857, 2.449922661105767, 1.5775400336279028, 1.5891335735253584, 1.2386681955539514, 1.382645518506977]
APTIDAO: 
88.62514866200166
GEN: 1800
Individuo: 
[1.4543744745936156, 1.930920855780747, 2.166481942890761, 4.875106120267258, 1.0856301391878735, 0.1563553509598469, 0.9266346565350414, 0.8122333624795324, 0.6186890335783432, 0.5628411069941479, 0.9292687725150082, 0.43078417152641857, 2.449922661105767, 1.5775400336279028, 1.5891335735253584, 1.2386681955539514, 1.382645518506977]
APTIDAO: 
88.62514866200166
GEN: 1900
Individuo: 
[1.4543744745936156, 1.930920855780747, 2.166481942890761, 4.875106120267258, 1.0856301391878735, 0.1563553509598469, 0.9266346565350414, 0.8122333624795324, 0.6186890335783432, 0.5628411069941479, 0.9292687725150082, 0.43078417152641857, 2.449922661105767, 1.5775400336279028, 1.5891335735253584, 1.2386681955539514, 1.382645518506977]
APTIDAO: 
88.62514866200166
GEN: 2000
Individuo: 
[1.4543744745936156, 1.930920855780747, 2.166481942890761, 4.875106120267258, 1.0856301391878735, 0.1563553509598469, 0.9266346565350414, 0.8122333624795324, 0.6186890335783432, 0.5628411069941479, 0.9292687725150082, 0.43078417152641857, 2.449922661105767, 1.5775400336279028, 1.5891335735253584, 1.2386681955539514, 1.382645518506977]
APTIDAO: 
88.62514866200166
GEN: 2100
Individuo: 
[1.4543744745936156, 1.930920855780747, 2.1665606534361967, 4.875106120267258, 1.0856301391878735, 0.1563553509598469, 0.9266346565350414, 0.8122333624795324, 0.6186890335783432, 0.5628411069941479, 0.9292687725150082, 0.43078417152641857, 2.449922661105767, 1.5775400336279028, 1.5891335735253584, 1.2386681955539514, 1.382645518506977]
APTIDAO: 
88.62514164233814
GEN: 2200
Individuo: 
[1.4543744745936156, 1.930920855780747, 2.1665606534361967, 4.875106120267258, 1.0856301391878735, 0.1563553509598469, 0.9266346565350414, 0.8122333624795324, 0.6186890335783432, 0.5628411069941479, 0.9292687725150082, 0.43078417152641857, 2.449922661105767, 1.5775400336279028, 1.5891335735253584, 1.2386681955539514, 1.382645518506977]
APTIDAO: 
88.62514164233814
GEN: 2300
Individuo: 
[1.4543744745936156, 1.930920855780747, 2.1665606534361967, 4.875106120267258, 1.0856301391878735, 0.1563553509598469, 0.9266346565350414, 0.8122333624795324, 0.6186890335783432, 0.5628411069941479, 0.9292687725150082, 0.43078417152641857, 2.449922661105767, 1.5775400336279028, 1.5891335735253584, 1.2386681955539514, 1.382645518506977]
APTIDAO: 
88.62514164233814
GEN: 2400
Individuo: 
[1.4543744745936156, 1.930920855780747, 2.1665606534361967, 4.875106120267258, 1.0856301391878735, 0.1563553509598469, 0.9266346565350414, 0.8122333624795324, 0.6186890335783432, 0.5628411069941479, 0.9292687725150082, 0.43078417152641857, 2.449922661105767, 1.5775400336279028, 1.5891335735253584, 1.2386681955539514, 1.382645518506977]
APTIDAO: 
88.62514164233814
GEN: 2500
Individuo: 
[1.4543744745936156, 1.930920855780747, 2.1665606534361967, 4.875106120267258, 1.0856301391878735, 0.1563553509598469, 0.9266346565350414, 0.8122333624795324, 0.6186890335783432, 0.5628411069941479, 0.9292687725150082, 0.43078417152641857, 2.449922661105767, 1.5775400336279028, 1.5891335735253584, 1.2386681955539514, 1.382645518506977]
APTIDAO: 
88.62514164233814
GEN: 2600
Individuo: 
[1.4543744745936156, 1.930920855780747, 2.1665606534361967, 4.875106120267258, 1.0856301391878735, 0.1563553509598469, 0.9266346565350414, 0.8122333624795324, 0.6186890335783432, 0.5628411069941479, 0.9292687725150082, 0.43078417152641857, 2.449922661105767, 1.5775400336279028, 1.5891335735253584, 1.2386681955539514, 1.382645518506977]
APTIDAO: 
88.62514164233814
GEN: 2700
Individuo: 
[1.513896975997807, 1.930920855780747, 2.1665606534361967, 4.875106120267258, 1.0856301391878735, 0.15482127840056625, 0.9266346565350414, 0.8122333624795324, 0.6186890335783432, 0.5628411069941479, 0.9292687725150082, 0.43078417152641857, 2.4777505851469566, 1.5775400336279028, 1.5891335735253584, 1.2386681955539514, 1.382645518506977]
APTIDAO: 
88.61890056858194
GEN: 2800
Individuo: 
[1.513896975997807, 1.9027507864795243, 2.1665606534361967, 4.865151847966356, 1.0856301391878735, 0.15600530627966785, 0.9266346565350414, 0.8122333624795324, 0.6229422822245004, 0.5628411069941479, 0.9292687725150082, 0.43078417152641857, 2.4777505851469566, 1.5775400336279028, 1.5891335735253584, 1.2386681955539514, 1.382645518506977]
APTIDAO: 
88.61391667326983
GEN: 2900
Individuo: 
[1.513896975997807, 1.9027507864795243, 2.272297442447777, 4.7767604968036945, 1.0789226076785412, 0.15600530627966785, 0.9266346565350414, 0.8122333624795324, 0.6229422822245004, 0.5847414090584773, 0.9292687725150082, 0.43078417152641857, 2.4777505851469566, 1.5775400336279028, 1.5891335735253584, 1.2386681955539514, 1.4002205053498042]
APTIDAO: 
88.58118215880083
GEN: 3000
Individuo: 
[1.513896975997807, 1.9027507864795243, 2.225443164949932, 4.7767604968036945, 1.0789226076785412, 0.15600530627966785, 0.9266346565350414, 0.8166850807107311, 0.6229422822245004, 0.5847414090584773, 0.9292687725150082, 0.43078417152641857, 2.4777505851469566, 1.5775400336279028, 1.5891335735253584, 1.2386681955539514, 1.4002205053498042]
APTIDAO: 
88.57811194081295
GEN: 3100
Individuo: 
[1.513896975997807, 1.9027507864795243, 2.225443164949932, 4.7767604968036945, 1.0705010020535974, 0.15600530627966785, 0.9266346565350414, 0.8166850807107311, 0.6229422822245004, 0.5847414090584773, 0.9292687725150082, 0.43078417152641857, 2.4777505851469566, 1.5775400336279028, 1.5891335735253584, 1.2386681955539514, 1.4002205053498042]
APTIDAO: 
88.57806520411609
GEN: 3200
Individuo: 
[1.513896975997807, 1.9027507864795243, 2.225443164949932, 4.7514791157850365, 1.0705010020535974, 0.15600530627966785, 0.9266346565350414, 0.8166850807107311, 0.6263456319172952, 0.5847414090584773, 0.9292687725150082, 0.43078417152641857, 2.4777505851469566, 1.5775400336279028, 1.5891335735253584, 1.2386681955539514, 1.4002205053498042]
APTIDAO: 
88.57548228639047
GEN: 3300
Individuo: 
[1.513896975997807, 1.9027507864795243, 2.225443164949932, 4.7514791157850365, 1.0705010020535974, 0.15600530627966785, 0.9266346565350414, 0.8166850807107311, 0.628816868913284, 0.5847414090584773, 0.9292687725150082, 0.43078417152641857, 2.4777505851469566, 1.5775400336279028, 1.5891335735253584, 1.2386681955539514, 1.4002205053498042]
APTIDAO: 
88.57509860118579
GEN: 3400
Individuo: 
[1.5505710959019834, 1.9027507864795243, 2.2356270540839684, 4.7361207580087035, 1.0705010020535974, 0.15485769274906616, 0.9266346565350414, 0.8166850807107311, 0.628816868913284, 0.5847414090584773, 0.9292687725150082, 0.43078417152641857, 2.4880786585593357, 1.5775400336279028, 1.5891335735253584, 1.2386681955539514, 1.4002205053498042]
APTIDAO: 
88.5674471338337
GEN: 3500
Individuo: 
[1.5448546641512735, 1.9027507864795243, 2.20811702270664, 4.604274729519886, 1.0705010020535974, 0.15485769274906616, 0.9331004607414326, 0.8166850807107311, 0.6436274741597701, 0.5847414090584773, 0.9292687725150082, 0.43078417152641857, 2.4880786585593357, 1.5775400336279028, 1.5891335735253584, 1.2386681955539514, 1.4153506273395355]
APTIDAO: 
88.55151822363028
GEN: 3600
Individuo: 
[1.5505710959019834, 1.9027507864795243, 2.2953720390067893, 4.691604952346163, 1.0449331285351082, 0.15485769274906616, 0.9331004607414326, 0.8128057018869297, 0.6436274741597701, 0.6018572337955387, 0.9263671074370093, 0.43078417152641857, 2.4880786585593357, 1.5775400336279028, 1.5891335735253584, 1.2386681955539514, 1.4153506273395355]
APTIDAO: 
88.52715627365606
GEN: 3700
Individuo: 
[1.5505710959019834, 1.9027507864795243, 2.2953720390067893, 4.695100153133477, 1.0449331285351082, 0.15485769274906616, 0.9331004607414326, 0.8128057018869297, 0.6436274741597701, 0.6018572337955387, 0.9263671074370093, 0.43078417152641857, 2.4880786585593357, 1.5775400336279028, 1.5980450589990367, 1.2386681955539514, 1.4153506273395355]
APTIDAO: 
88.52533865694785
GEN: 3800
Individuo: 
[1.5505710959019834, 1.9027507864795243, 2.2953720390067893, 4.695100153133477, 1.0449331285351082, 0.15485769274906616, 0.9331004607414326, 0.8128057018869297, 0.6436274741597701, 0.6018572337955387, 0.9263671074370093, 0.43078417152641857, 2.4880786585593357, 1.5775400336279028, 1.5980450589990367, 1.2386681955539514, 1.4153506273395355]
APTIDAO: 
88.52533865694785
GEN: 3900
Individuo: 
[1.5505710959019834, 1.9027507864795243, 2.2953720390067893, 4.695100153133477, 1.0449331285351082, 0.15485769274906616, 0.9331004607414326, 0.8128057018869297, 0.6436274741597701, 0.6018572337955387, 0.9263671074370093, 0.43078417152641857, 2.4880786585593357, 1.5775400336279028, 1.5980450589990367, 1.2386681955539514, 1.4153506273395355]
APTIDAO: 
88.52533865694785
GEN: 4000
Individuo: 
[1.5505710959019834, 1.9027507864795243, 2.2953720390067893, 4.1889261070575605, 1.0449331285351082, 0.15485769274906616, 0.9566073096510406, 0.8692934312632571, 0.6436274741597701, 0.6561123621892266, 0.9263671074370093, 0.43078417152641857, 2.4880786585593357, 1.5775400336279028, 1.5980450589990367, 1.2709901522797111, 1.4153506273395355]
APTIDAO: 
88.4896571071498
GEN: 4100
Individuo: 
[1.5505710959019834, 1.8938930678921706, 2.2105117090967488, 4.284119844961435, 1.0449331285351082, 0.15485769274906616, 0.9566073096510406, 0.8692934312632571, 0.6436274741597701, 0.6561123621892266, 0.9263671074370093, 0.43078417152641857, 2.4880786585593357, 1.5775400336279028, 1.5980450589990367, 1.2709901522797111, 1.4153506273395355]
APTIDAO: 
88.48429897764963
GEN: 4200
Individuo: 
[1.5505710959019834, 1.8938930678921706, 2.214369149585051, 4.284119844961435, 1.0449331285351082, 0.15485769274906616, 0.9427764511339543, 0.8692934312632571, 0.6436274741597701, 0.6563769263643754, 0.9263671074370093, 0.43078417152641857, 2.5093132220231524, 1.5775400336279028, 1.6516649818232956, 1.2709901522797111, 1.4153506273395355]
APTIDAO: 
88.45233558192767
GEN: 4300
Individuo: 
[1.5505710959019834, 1.8938930678921706, 2.214369149585051, 4.284119844961435, 1.0449331285351082, 0.15485769274906616, 0.9427764511339543, 0.8692934312632571, 0.6436274741597701, 0.6563769263643754, 0.9263671074370093, 0.43137629976399317, 2.5093132220231524, 1.5775400336279028, 1.6516649818232956, 1.2709901522797111, 1.4153506273395355]
APTIDAO: 
88.45161089013959
GEN: 4400
Individuo: 
[1.5505710959019834, 1.8591398226778617, 2.214369149585051, 4.284119844961435, 1.0449331285351082, 0.15485769274906616, 0.9427764511339543, 0.8692934312632571, 0.6538577352597154, 0.6563769263643754, 0.9263671074370093, 0.43137629976399317, 2.502950152759127, 1.5775400336279028, 1.6516649818232956, 1.2709901522797111, 1.4153506273395355]
APTIDAO: 
88.4359150567296
GEN: 4500
Individuo: 
[1.5617260844983811, 1.8591398226778617, 2.214369149585051, 4.284119844961435, 1.0449331285351082, 0.15485769274906616, 0.9490886081083898, 0.8731591964899085, 0.6538577352597154, 0.6563769263643754, 0.9263671074370093, 0.43137629976399317, 2.502950152759127, 1.5775400336279028, 1.6516649818232956, 1.2709901522797111, 1.4153506273395355]
APTIDAO: 
88.42867620610187
GEN: 4600
Individuo: 
[1.5617260844983811, 1.8591398226778617, 2.214369149585051, 4.284119844961435, 1.0449331285351082, 0.15485769274906616, 0.9490886081083898, 0.8731591964899085, 0.6538577352597154, 0.658617944062592, 0.9263671074370093, 0.43137629976399317, 2.502950152759127, 1.5775400336279028, 1.6516649818232956, 1.2709901522797111, 1.4153506273395355]
APTIDAO: 
88.42619608289958
GEN: 4700
Individuo: 
[1.5617260844983811, 1.8591398226778617, 2.214369149585051, 4.284119844961435, 1.0449331285351082, 0.15485769274906616, 0.9490886081083898, 0.8737382085617521, 0.6545598653670722, 0.658617944062592, 0.9263671074370093, 0.43137629976399317, 2.502950152759127, 1.5775400336279028, 1.6516649818232956, 1.2709901522797111, 1.4153506273395355]
APTIDAO: 
88.42498274907959
GEN: 4800
Individuo: 
[1.5617260844983811, 1.8591398226778617, 2.214369149585051, 4.284119844961435, 1.024388944847179, 0.15485769274906616, 0.9490886081083898, 0.8737382085617521, 0.6545598653670722, 0.658617944062592, 0.9263671074370093, 0.43137629976399317, 2.502950152759127, 1.5775400336279028, 1.6644933080271176, 1.2709901522797111, 1.4153506273395355]
APTIDAO: 
88.42222488278702
GEN: 4900
Individuo: 
[1.5617260844983811, 1.8591398226778617, 2.2970195836181104, 4.284119844961435, 1.024388944847179, 0.15340058951355945, 0.9490886081083898, 0.874926455044378, 0.6545598653670722, 0.658617944062592, 0.9263671074370093, 0.43211457460112446, 2.502950152759127, 1.5775400336279028, 1.6644933080271176, 1.2709901522797111, 1.4153506273395355]
APTIDAO: 
88.41710555541331
GEN: 5000
Individuo: 
[1.5617260844983811, 1.8591398226778617, 2.2970195836181104, 4.3215583864125575, 1.024388944847179, 0.15340058951355945, 0.9514364984797601, 0.874926455044378, 0.6545598653670722, 0.658617944062592, 0.9263671074370093, 0.43211457460112446, 2.502950152759127, 1.5775400336279028, 1.6644933080271176, 1.2709901522797111, 1.4153506273395355]
APTIDAO: 
88.41328291483345
GEN: 5100
Individuo: 
[1.5617260844983811, 1.8591398226778617, 2.2970195836181104, 4.3215583864125575, 1.024388944847179, 0.15340058951355945, 0.9514364984797601, 0.874926455044378, 0.6545598653670722, 0.658617944062592, 0.9263671074370093, 0.43211457460112446, 2.502950152759127, 1.5775400336279028, 1.6644933080271176, 1.2709901522797111, 1.4153506273395355]
APTIDAO: 
88.41328291483345
GEN: 5200
Individuo: 
[1.5617260844983811, 1.8591398226778617, 2.2970195836181104, 4.3215583864125575, 1.024388944847179, 0.15340058951355945, 0.9514364984797601, 0.874926455044378, 0.6545598653670722, 0.658617944062592, 0.9263671074370093, 0.43211457460112446, 2.502950152759127, 1.5856306411537768, 1.6644933080271176, 1.2709901522797111, 1.4153506273395355]
APTIDAO: 
88.41127704255703
GEN: 5300
Individuo: 
[1.5617260844983811, 1.8591398226778617, 2.1469617134307257, 4.291311347061607, 1.024388944847179, 0.1356710707292146, 0.9602598966394393, 0.874926455044378, 0.6633776306678645, 0.658617944062592, 0.9263671074370093, 0.42953097903667414, 2.699821630427522, 1.5856306411537768, 1.6644933080271176, 1.2709901522797111, 1.4153506273395355]
APTIDAO: 
88.3536030524751
GEN: 5400
Individuo: 
[1.5617260844983811, 1.8591398226778617, 2.1469617134307257, 4.291311347061607, 1.024388944847179, 0.1356710707292146, 0.9602598966394393, 0.874926455044378, 0.6637815148632343, 0.658617944062592, 0.9263671074370093, 0.42953097903667414, 2.699821630427522, 1.5856306411537768, 1.6644933080271176, 1.2709901522797111, 1.4153506273395355]
APTIDAO: 
88.35268084694685
GEN: 5500
Individuo: 
[1.5617260844983811, 1.8591398226778617, 2.1469617134307257, 4.291311347061607, 1.024388944847179, 0.1356710707292146, 0.9536973084065846, 0.8770337340142758, 0.6637815148632343, 0.658617944062592, 0.9263671074370093, 0.42953097903667414, 2.699821630427522, 1.5856306411537768, 1.6644933080271176, 1.2709901522797111, 1.4153506273395355]
APTIDAO: 
88.34884573278345
GEN: 5600
Individuo: 
[1.5617260844983811, 1.8591398226778617, 2.176646207742657, 4.291311347061607, 1.024388944847179, 0.1356710707292146, 0.9536973084065846, 0.8770337340142758, 0.6637815148632343, 0.658617944062592, 0.9263671074370093, 0.42953097903667414, 2.699821630427522, 1.5856306411537768, 1.6644933080271176, 1.2709901522797111, 1.4153506273395355]
APTIDAO: 
88.34692989082819
GEN: 5700
Individuo: 
[1.5617260844983811, 1.8591398226778617, 2.176646207742657, 4.291311347061607, 1.024388944847179, 0.1356710707292146, 0.9536973084065846, 0.8770337340142758, 0.6641058967578221, 0.658617944062592, 0.9263671074370093, 0.42953097903667414, 2.699821630427522, 1.5856306411537768, 1.6644933080271176, 1.2709901522797111, 1.4153506273395355]
APTIDAO: 
88.34687862684807
GEN: 5800
Individuo: 
[1.5617260844983811, 1.8591398226778617, 2.2301326954245138, 4.291311347061607, 1.0550515867484667, 0.1356710707292146, 0.9536973084065846, 0.8770337340142758, 0.6641058967578221, 0.6657108775528523, 0.9263671074370093, 0.42953097903667414, 2.699821630427522, 1.5856306411537768, 1.6644933080271176, 1.2709901522797111, 1.4153506273395355]
APTIDAO: 
88.33692688195812
GEN: 5900
Individuo: 
[1.5617260844983811, 1.8591398226778617, 2.201664415720829, 4.291311347061607, 1.0550515867484667, 0.1356710707292146, 0.9536973084065846, 0.8770337340142758, 0.6641058967578221, 0.6657108775528523, 0.9263671074370093, 0.42953097903667414, 2.699821630427522, 1.5856306411537768, 1.6644933080271176, 1.2702848408673495, 1.4153506273395355]
APTIDAO: 
88.33362426517202
GEN: 6000
Individuo: 
[1.5682300155805176, 1.8591398226778617, 2.201664415720829, 4.291311347061607, 1.0550515867484667, 0.1356710707292146, 0.9536973084065846, 0.8748490388537717, 0.6641058967578221, 0.6657108775528523, 0.9263671074370093, 0.4334162722763829, 2.699821630427522, 1.5856306411537768, 1.6697746574038648, 1.2702848408673495, 1.4153506273395355]
APTIDAO: 
88.32667233564771
GEN: 6100
Individuo: 
[1.5682300155805176, 1.8591398226778617, 2.201664415720829, 4.291311347061607, 1.0550515867484667, 0.1356710707292146, 0.9536973084065846, 0.8748490388537717, 0.6641058967578221, 0.6657108775528523, 0.9263671074370093, 0.4334162722763829, 2.699821630427522, 1.6009074844033477, 1.6697746574038648, 1.263703978680539, 1.4153506273395355]
APTIDAO: 
88.32335917466716
GEN: 6200
Individuo: 
[1.5682300155805176, 1.8767368743414707, 2.201664415720829, 4.291311347061607, 1.0550515867484667, 0.1356710707292146, 0.9536973084065846, 0.8748490388537717, 0.6641058967578221, 0.6657108775528523, 0.9263671074370093, 0.42863356850327233, 2.699821630427522, 1.6009074844033477, 1.6697746574038648, 1.263703978680539, 1.4153506273395355]
APTIDAO: 
88.32051234177521
GEN: 6300
Individuo: 
[1.5682300155805176, 1.8767368743414707, 2.201664415720829, 4.291311347061607, 1.0550515867484667, 0.1356710707292146, 0.9536973084065846, 0.8748490388537717, 0.6641058967578221, 0.6657108775528523, 0.9263671074370093, 0.42863356850327233, 2.699821630427522, 1.6009074844033477, 1.6697746574038648, 1.263703978680539, 1.4153506273395355]
APTIDAO: 
88.32051234177521
GEN: 6400
Individuo: 
[1.5682300155805176, 1.8767368743414707, 2.201664415720829, 4.291311347061607, 1.0550515867484667, 0.1356710707292146, 0.9536973084065846, 0.8753652952631732, 0.6641058967578221, 0.6657108775528523, 0.9263671074370093, 0.42863356850327233, 2.699821630427522, 1.6009074844033477, 1.6697746574038648, 1.263703978680539, 1.4153506273395355]
APTIDAO: 
88.32004434886298
GEN: 6500
Individuo: 
[1.5682300155805176, 1.8767368743414707, 2.201664415720829, 4.315486592759688, 1.0550515867484667, 0.1356710707292146, 0.9536973084065846, 0.8835069964099191, 0.6641058967578221, 0.6657108775528523, 0.9263671074370093, 0.42863356850327233, 2.699821630427522, 1.6009074844033477, 1.6919149361775947, 1.263703978680539, 1.4153506273395355]
APTIDAO: 
88.31462996007711
GEN: 6600
Individuo: 
[1.5682300155805176, 1.8767368743414707, 2.201664415720829, 4.315486592759688, 1.0550515867484667, 0.1356710707292146, 0.9536973084065846, 0.8835069964099191, 0.6641058967578221, 0.6657108775528523, 0.9263671074370093, 0.42863356850327233, 2.699821630427522, 1.5947935900797, 1.6919149361775947, 1.263703978680539, 1.4153506273395355]
APTIDAO: 
88.3111572646785
GEN: 6700
Individuo: 
[1.5682300155805176, 1.8767368743414707, 2.2073004493397783, 4.315486592759688, 1.0550515867484667, 0.1356710707292146, 0.9555412304002544, 0.8835069964099191, 0.6641058967578221, 0.6657108775528523, 0.9263671074370093, 0.42863356850327233, 2.699821630427522, 1.5947935900797, 1.6919149361775947, 1.263703978680539, 1.4153506273395355]
APTIDAO: 
88.310629080559
GEN: 6800
Individuo: 
[1.5682300155805176, 1.8767368743414707, 2.2073004493397783, 4.315486592759688, 1.0550515867484667, 0.1356710707292146, 0.9555412304002544, 0.8835069964099191, 0.6641058967578221, 0.6657108775528523, 0.9263671074370093, 0.42863356850327233, 2.699821630427522, 1.5947935900797, 1.6919149361775947, 1.263703978680539, 1.4153506273395355]
APTIDAO: 
88.310629080559
GEN: 6900
Individuo: 
[1.5682300155805176, 1.8767368743414707, 2.1721727862675824, 4.315486592759688, 1.0550515867484667, 0.1356710707292146, 0.9555412304002544, 0.8854583992402053, 0.6641058967578221, 0.6657108775528523, 0.9263671074370093, 0.42863356850327233, 2.699821630427522, 1.5947935900797, 1.6919149361775947, 1.263703978680539, 1.4153506273395355]
APTIDAO: 
88.30915721712617
GEN: 7000
Individuo: 
[1.5682300155805176, 1.8767368743414707, 2.1721727862675824, 4.309656026841693, 1.0550515867484667, 0.1356710707292146, 0.9555412304002544, 0.8927276346000684, 0.6641058967578221, 0.6657108775528523, 0.9263671074370093, 0.42863356850327233, 2.699821630427522, 1.5947935900797, 1.6919149361775947, 1.263703978680539, 1.4153506273395355]
APTIDAO: 
88.30377442116102
GEN: 7100
Individuo: 
[1.5682300155805176, 1.8767368743414707, 2.1495614981227744, 4.309656026841693, 1.0550515867484667, 0.1356710707292146, 0.9555412304002544, 0.8927276346000684, 0.6641058967578221, 0.6657108775528523, 0.9263671074370093, 0.42863356850327233, 2.699821630427522, 1.5947935900797, 1.6919149361775947, 1.263703978680539, 1.4153506273395355]
APTIDAO: 
88.30281819043697
GEN: 7200
Individuo: 
[1.5682300155805176, 1.8767368743414707, 2.0961964128543733, 4.309656026841693, 1.0550515867484667, 0.1356710707292146, 0.9555412304002544, 0.8927276346000684, 0.7317735995961305, 0.6675198047012005, 0.9263671074370093, 0.42863356850327233, 2.699821630427522, 1.5947935900797, 1.6919149361775947, 1.3451854301625497, 1.4153506273395355]
APTIDAO: 
88.24442519318478
GEN: 7300
Individuo: 
[1.577959470647104, 1.8767368743414707, 2.0961964128543733, 4.303134216999577, 1.0865743697613526, 0.1356710707292146, 0.9555412304002544, 0.8927276346000684, 0.7317735995961305, 0.6675198047012005, 0.9494438845088662, 0.6633080712073546, 2.699821630427522, 1.5947935900797, 1.6919149361775947, 1.3451854301625497, 1.6302643129590777]
APTIDAO: 
88.16330384035588
GEN: 7400
Individuo: 
[1.5781966700846946, 1.8767368743414707, 2.0918764790092625, 4.232111792464489, 1.0865743697613526, 0.1373262250917615, 0.9463564257789755, 0.8927276346000684, 0.7317735995961305, 0.6675198047012005, 0.9494438845088662, 0.6681763973014312, 2.699821630427522, 1.5947935900797, 1.6919149361775947, 1.339386654170619, 1.6302643129590777]
APTIDAO: 
88.13191168073992
GEN: 7500
Individuo: 
[1.5781966700846946, 1.8767368743414707, 2.226360175659487, 3.9883292746144954, 1.1007817974764005, 0.1373262250917615, 0.9463564257789755, 0.8927276346000684, 0.7317735995961305, 0.6675198047012005, 0.9494438845088662, 0.6681763973014312, 2.699821630427522, 1.5947935900797, 1.6919149361775947, 1.339386654170619, 1.6302643129590777]
APTIDAO: 
88.09603587330706
GEN: 7600
Individuo: 
[1.5781966700846946, 1.8767368743414707, 2.226360175659487, 3.9883292746144954, 1.1007817974764005, 0.1373262250917615, 0.9463564257789755, 0.8927276346000684, 0.7317735995961305, 0.6675198047012005, 0.9494438845088662, 0.6681763973014312, 2.699821630427522, 1.5947935900797, 1.6919149361775947, 1.339386654170619, 1.6302643129590777]
APTIDAO: 
88.09603587330706
GEN: 7700
Individuo: 
[1.5781966700846946, 1.8908049392182327, 2.193274228877258, 3.9883292746144954, 1.1007817974764005, 0.1373262250917615, 0.9468522096686877, 0.8927276346000684, 0.7317735995961305, 0.6675198047012005, 0.9494438845088662, 0.6681763973014312, 2.699821630427522, 1.5947935900797, 1.6919149361775947, 1.339386654170619, 1.6302643129590777]
APTIDAO: 
88.09156500429884
GEN: 7800
Individuo: 
[1.5781966700846946, 1.8908049392182327, 2.193274228877258, 3.9883292746144954, 1.1007817974764005, 0.1373262250917615, 0.9468522096686877, 0.8927276346000684, 0.7317735995961305, 0.6675198047012005, 0.9494438845088662, 0.6679031658822826, 2.699821630427522, 1.5947935900797, 1.6919149361775947, 1.339386654170619, 1.6302643129590777]
APTIDAO: 
88.09143805643812
GEN: 7900
Individuo: 
[1.5781966700846946, 1.8908049392182327, 2.193274228877258, 3.9883292746144954, 1.1007817974764005, 0.1373262250917615, 0.9468522096686877, 0.8927276346000684, 0.7317735995961305, 0.6675198047012005, 0.9494438845088662, 0.6679031658822826, 2.699821630427522, 1.5947935900797, 1.6919149361775947, 1.339386654170619, 1.6302643129590777]
APTIDAO: 
88.09143805643812
GEN: 8000
Individuo: 
[1.5781966700846946, 1.8908049392182327, 2.193274228877258, 3.9883292746144954, 1.1007817974764005, 0.1373262250917615, 0.9468522096686877, 0.8927276346000684, 0.7317735995961305, 0.6675198047012005, 0.9494438845088662, 0.6679031658822826, 2.699821630427522, 1.5947935900797, 1.6919149361775947, 1.339386654170619, 1.6302643129590777]
APTIDAO: 
88.09143805643812
GEN: 8100
Individuo: 
[1.5781966700846946, 1.8908049392182327, 2.193274228877258, 3.9883292746144954, 1.1007817974764005, 0.1373262250917615, 0.9468522096686877, 0.8927276346000684, 0.7317735995961305, 0.6675198047012005, 0.9494438845088662, 0.6679031658822826, 2.699821630427522, 1.5947935900797, 1.6919149361775947, 1.339386654170619, 1.6302643129590777]
APTIDAO: 
88.09143805643812
GEN: 8200
Individuo: 
[1.5781966700846946, 1.8908049392182327, 2.193274228877258, 3.9883292746144954, 1.1007817974764005, 0.1373262250917615, 0.9468522096686877, 0.8952944304085341, 0.7317735995961305, 0.6675198047012005, 0.9494438845088662, 0.6679031658822826, 2.699821630427522, 1.5947935900797, 1.6919149361775947, 1.339386654170619, 1.6302643129590777]
APTIDAO: 
88.09107913030273
GEN: 8300
Individuo: 
[1.5781966700846946, 1.8908049392182327, 2.193274228877258, 3.9876372070023605, 1.1007817974764005, 0.1373262250917615, 0.9467244192806598, 0.8952944304085341, 0.7317735995961305, 0.6675198047012005, 0.9494438845088662, 0.6679031658822826, 2.699821630427522, 1.5947935900797, 1.6919149361775947, 1.339386654170619, 1.6302643129590777]
APTIDAO: 
88.0909002687481
GEN: 8400
Individuo: 
[1.5781966700846946, 1.8908049392182327, 2.193274228877258, 3.9876372070023605, 1.1007817974764005, 0.1373262250917615, 0.9467244192806598, 0.8952944304085341, 0.7317735995961305, 0.6675198047012005, 0.9494438845088662, 0.6679031658822826, 2.699821630427522, 1.5955572124720585, 1.6919149361775947, 1.339386654170619, 1.6302643129590777]
APTIDAO: 
88.08988592910615
GEN: 8500
Individuo: 
[1.5781966700846946, 1.8908049392182327, 2.1695732893277695, 3.996865808271869, 1.1007817974764005, 0.1373262250917615, 0.9467244192806598, 0.8952944304085341, 0.7317735995961305, 0.6675198047012005, 0.9494438845088662, 0.6679031658822826, 2.699821630427522, 1.5955572124720585, 1.6919149361775947, 1.339386654170619, 1.6302643129590777]
APTIDAO: 
88.08895806937265
GEN: 8600
Individuo: 
[1.5781966700846946, 1.8908049392182327, 2.1695732893277695, 3.9985088291338275, 1.1007817974764005, 0.1373262250917615, 0.9467244192806598, 0.8952944304085341, 0.7317735995961305, 0.6675198047012005, 0.9494438845088662, 0.6679031658822826, 2.699821630427522, 1.5955572124720585, 1.6919149361775947, 1.339386654170619, 1.6302643129590777]
APTIDAO: 
88.08893227854095
GEN: 8700
Individuo: 
[1.5781966700846946, 1.847048493688162, 2.0174621298892195, 3.969018525977331, 1.1007817974764005, 0.1373262250917615, 0.9467244192806598, 0.8952944304085341, 0.7317735995961305, 0.9214161937083135, 0.9494438845088662, 0.4923829056218554, 2.699821630427522, 1.5955572124720585, 1.6919149361775947, 1.339386654170619, 1.6302643129590777]
APTIDAO: 
88.0390086659261
GEN: 8800
Individuo: 
[1.5781966700846946, 1.847048493688162, 2.0174621298892195, 3.969018525977331, 1.1007817974764005, 0.1373262250917615, 0.9519367715241845, 0.8952944304085341, 0.7317735995961305, 0.9214161937083135, 0.9494438845088662, 0.4923829056218554, 2.699821630427522, 1.5955572124720585, 1.6919149361775947, 1.3405154689542298, 1.6302643129590777]
APTIDAO: 
88.03284284678838
GEN: 8900
Individuo: 
[1.5781966700846946, 1.847048493688162, 2.0243786545167053, 3.969018525977331, 1.1007817974764005, 0.1373262250917615, 0.9519367715241845, 0.8952944304085341, 0.7317735995961305, 0.9214161937083135, 0.9494438845088662, 0.4923829056218554, 2.699821630427522, 1.5955572124720585, 1.6919149361775947, 1.3405154689542298, 1.6302643129590777]
APTIDAO: 
88.03220761025668
GEN: 9000
Individuo: 
[1.5781966700846946, 1.847048493688162, 2.0432667366125044, 3.9554474085413447, 1.1007817974764005, 0.1373262250917615, 0.9519367715241845, 0.8952944304085341, 0.7317735995961305, 0.9214161937083135, 0.9494438845088662, 0.4923829056218554, 2.699821630427522, 1.5955572124720585, 1.6919149361775947, 1.3405154689542298, 1.6302643129590777]
APTIDAO: 
88.0284898754479
GEN: 9100
Individuo: 
[1.5781966700846946, 1.847048493688162, 2.0432667366125044, 3.9554474085413447, 1.1007817974764005, 0.1373262250917615, 0.9519367715241845, 0.8952944304085341, 0.7317735995961305, 0.9214161937083135, 0.9494438845088662, 0.4923829056218554, 2.699821630427522, 1.5955572124720585, 1.6919149361775947, 1.3405154689542298, 1.6302643129590777]
APTIDAO: 
88.0284898754479
GEN: 9200
Individuo: 
[1.5866948588658374, 1.851658760992704, 2.0473508655941752, 3.945065076801293, 1.1007817974764005, 0.1373262250917615, 0.9519367715241845, 0.8952944304085341, 0.7317735995961305, 0.9181464365929294, 0.9494438845088662, 0.4923829056218554, 2.699821630427522, 1.5955572124720585, 1.6919149361775947, 1.3405154689542298, 1.6302643129590777]
APTIDAO: 
88.0246698676958
GEN: 9300
Individuo: 
[1.5866948588658374, 1.851658760992704, 2.0473508655941752, 3.945065076801293, 1.1007817974764005, 0.1373262250917615, 0.9519367715241845, 0.8952944304085341, 0.7317735995961305, 0.9181464365929294, 0.9494438845088662, 0.4923829056218554, 2.699821630427522, 1.5955572124720585, 1.6919149361775947, 1.3405154689542298, 1.6302643129590777]
APTIDAO: 
88.0246698676958
GEN: 9400
Individuo: 
[1.5866948588658374, 1.851658760992704, 2.0473508655941752, 3.945065076801293, 1.1007817974764005, 0.1373262250917615, 0.9519367715241845, 0.900049142439007, 0.7317735995961305, 0.9181464365929294, 0.9494438845088662, 0.4923829056218554, 2.699821630427522, 1.5955572124720585, 1.6919149361775947, 1.3405154689542298, 1.6302643129590777]
APTIDAO: 
88.02404120178778
GEN: 9500
Individuo: 
[1.588784873058303, 1.851658760992704, 2.0473508655941752, 3.945065076801293, 1.1007817974764005, 0.1373262250917615, 0.9519367715241845, 0.900049142439007, 0.7317735995961305, 0.9181464365929294, 0.9494438845088662, 0.4923829056218554, 2.699821630427522, 1.5955572124720585, 1.6919149361775947, 1.3405154689542298, 1.6302643129590777]
APTIDAO: 
88.02371743750344
GEN: 9600
Individuo: 
[1.588784873058303, 1.851658760992704, 2.0473508655941752, 3.945065076801293, 1.1007817974764005, 0.1373262250917615, 0.9519367715241845, 0.900049142439007, 0.7317735995961305, 0.9181464365929294, 0.9494438845088662, 0.4923829056218554, 2.699821630427522, 1.5955572124720585, 1.6919149361775947, 1.3405154689542298, 1.6302643129590777]
APTIDAO: 
88.02371743750344
GEN: 9700
Individuo: 
[1.588784873058303, 1.851658760992704, 2.0473508655941752, 3.945065076801293, 1.0801880617720565, 0.1373262250917615, 0.9519367715241845, 0.900049142439007, 0.7317735995961305, 0.9181464365929294, 0.9494438845088662, 0.4923829056218554, 2.699821630427522, 1.5955572124720585, 1.6919149361775947, 1.3405154689542298, 1.6302643129590777]
APTIDAO: 
88.02291452505797
GEN: 9800
Individuo: 
[1.5944274556230245, 1.851658760992704, 2.0473508655941752, 3.945065076801293, 1.0801880617720565, 0.1373262250917615, 0.9519367715241845, 0.900049142439007, 0.7317735995961305, 0.9181464365929294, 0.9494438845088662, 0.4923829056218554, 2.699821630427522, 1.5955572124720585, 1.6919149361775947, 1.3439510035294695, 1.6302643129590777]
APTIDAO: 
88.0204727283702
GEN: 9900
Individuo: 
[1.5944274556230245, 1.851658760992704, 2.0473508655941752, 3.945065076801293, 1.0801880617720565, 0.1373262250917615, 0.9519367715241845, 0.900049142439007, 0.7317735995961305, 0.9181464365929294, 0.9494438845088662, 0.49310574327677376, 2.699821630427522, 1.5955572124720585, 1.6919149361775947, 1.3439510035294695, 1.6302643129590777]
APTIDAO: 
88.01968288936696
GEN: 10000
Individuo: 
[1.5944274556230245, 1.851658760992704, 2.0473508655941752, 3.945065076801293, 1.0801880617720565, 0.1373262250917615, 0.9519367715241845, 0.900049142439007, 0.7317735995961305, 0.9181464365929294, 0.9494438845088662, 0.49310574327677376, 2.699821630427522, 1.5955572124720585, 1.6919149361775947, 1.3439510035294695, 1.6302643129590777]
APTIDAO: 
88.01968288936696

--- RESULTADO FINAL ---
Erro (norma-1): 88.01968288936696
Parâmetros: [1.5944274556230245, 1.851658760992704, 2.0473508655941752, 3.945065076801293, 1.0801880617720565, 0.1373262250917615, 0.9519367715241845, 0.900049142439007, 0.7317735995961305, 0.9181464365929294, 0.9494438845088662, 0.49310574327677376, 2.699821630427522, 1.5955572124720585, 1.6919149361775947, 1.3439510035294695, 1.6302643129590777]
Tempo total: 00h 29m 50s
