SEED: 1778461231
METODO: ES_MM
IND_SIZE: 17
GEN: 0
Individuo: 
[1.2482790782737176, 0.8200665113037064, 4.399796970222642, 1.7788154453670155, 0.7242531715857813, 0.4190434805510038, 0.9439794671110349, 0.7829747381335185, 0.7948973574315209, 0.36877813804788573, 0.47788198737635623, 0.529728957436474, 7.238678866759849, 4.510104779782459, 1.4413641406957947, 4.066857297241038, 2.950053147146224]
APTIDAO: 
507.3027935875232
GEN: 100
Individuo: 
[1.7286313463963539, 2.2490708065453093, 1.3729283764772053, 4.486029176536935, 1.061417098643824, 0.15238495769137417, 0.9311829035969285, 0.8392945749057333, 0.9984837143254353, 0.9358006645227892, 0.8909169540114762, 0.29144455332487834, 2.9462231886370995, 1.5308322798874339, 1.5522238338736662, 1.380408427436813, 1.7147981897172935]
APTIDAO: 
89.251297341528
GEN: 200
Individuo: 
[1.8140041268901967, 1.9771456379218617, 1.819709673022423, 3.811861523689116, 1.118522332423823, 0.14926472798304147, 0.941092733718176, 0.8392945749057333, 0.9984837143254353, 0.9916625826130689, 0.9934934624440734, 0.29144455332487834, 2.908659006729866, 1.5308322798874339, 1.5522238338736662, 1.5239831509182278, 1.7147981897172935]
APTIDAO: 
88.47765507714483
GEN: 300
Individuo: 
[1.8140041268901967, 1.6665413225250538, 2.011189802771691, 3.7940620773723346, 1.118522332423823, 0.14926472798304147, 0.941092733718176, 0.8392945749057333, 0.9602604326610302, 0.9916625826130689, 0.9934934624440734, 0.3574595244097213, 2.803837884277302, 1.5308322798874339, 1.5522238338736662, 1.5239831509182278, 1.7147981897172935]
APTIDAO: 
88.23944894342344
GEN: 400
Individuo: 
[1.8140041268901967, 1.6737964229968703, 2.062823589008899, 3.7940620773723346, 1.118522332423823, 0.14889671914447072, 0.94077444610227, 0.763746183309303, 0.9602604326610302, 0.9916625826130689, 0.9934934624440734, 0.3815590844005014, 2.803837884277302, 1.5407515096560698, 1.5522238338736662, 1.5239831509182278, 1.7147981897172935]
APTIDAO: 
88.19258372158863
GEN: 500
Individuo: 
[1.8140041268901967, 1.702695123960306, 2.396049124163258, 3.1769112700867312, 1.118522332423823, 0.14889671914447072, 0.94077444610227, 0.7698798607511645, 0.9402635015023888, 0.9916625826130689, 0.9916657787533066, 0.4518822009699153, 2.803837884277302, 1.5407515096560698, 1.5522238338736662, 1.5239831509182278, 1.7475539761748067]
APTIDAO: 
88.10388582842914
GEN: 600
Individuo: 
[1.8140041268901967, 1.702695123960306, 2.396049124163258, 3.1769112700867312, 1.118522332423823, 0.14889671914447072, 0.94077444610227, 0.7830976162274633, 0.95093890445058, 0.9916625826130689, 0.9883559906398711, 0.4515228049704709, 2.803837884277302, 1.5407515096560698, 1.5522238338736662, 1.5239831509182278, 1.7475539761748067]
APTIDAO: 
88.09538014389534
GEN: 700
Individuo: 
[1.8140041268901967, 1.702695123960306, 2.3193234136736205, 3.5165962693044865, 1.118522332423823, 0.11649826129457327, 0.94077444610227, 0.7830976162274633, 0.9206457332936289, 0.9916625826130689, 0.9874347028363716, 0.47921294669123915, 3.2870093921330996, 1.5640312583197655, 1.5522238338736662, 1.5239831509182278, 1.7475539761748067]
APTIDAO: 
88.00795847273692
GEN: 800
Individuo: 
[1.8140041268901967, 1.702695123960306, 2.340806608039185, 3.245650329996392, 1.1331514758872823, 0.11649826129457327, 0.94077444610227, 0.7802319383469919, 0.942084545446774, 0.9916625826130689, 0.9874347028363716, 0.47921294669123915, 3.242513418829802, 1.5640312583197655, 1.5522238338736662, 1.5239831509182278, 1.7475539761748067]
APTIDAO: 
87.96799727474735
GEN: 900
Individuo: 
[1.8140041268901967, 1.749415553794156, 2.3047966361712136, 3.245650329996392, 1.1331514758872823, 0.11598480136755626, 0.9561308439753913, 0.7802319383469919, 0.942084545446774, 0.9916625826130689, 0.9944041761597294, 0.4889858139732496, 3.2405563247591664, 1.5640312583197655, 1.5522238338736662, 1.5239831509182278, 1.7475539761748067]
APTIDAO: 
87.9411236917694
GEN: 1000
Individuo: 
[1.8140041268901967, 1.749415553794156, 2.3047966361712136, 3.245650329996392, 1.117968605282336, 0.11598480136755626, 0.9561308439753913, 0.7802319383469919, 0.942084545446774, 0.9916625826130689, 0.9944041761597294, 0.4889858139732496, 3.2405563247591664, 1.5640312583197655, 1.5555498930709737, 1.5239831509182278, 1.7475539761748067]
APTIDAO: 
87.93808700158233
GEN: 1100
Individuo: 
[1.8140041268901967, 1.749415553794156, 2.3047966361712136, 3.245650329996392, 1.0971941503789864, 0.11286327756474603, 0.9561308439753913, 0.8490575133861541, 0.942084545446774, 0.9916625826130689, 0.9944041761597294, 0.4889858139732496, 3.2405563247591664, 1.5640312583197655, 1.6392826120528063, 1.5239831509182278, 1.7475539761748067]
APTIDAO: 
87.86772618882421
GEN: 1200
Individuo: 
[1.7554590781602155, 1.749415553794156, 2.2177463321786335, 3.245650329996392, 1.0871903244608672, 0.11286327756474603, 0.9561308439753913, 0.8490575133861541, 0.942084545446774, 0.9916625826130689, 0.9989085379373561, 0.4889858139732496, 3.2405563247591664, 1.5640312583197655, 1.6392826120528063, 1.5239831509182278, 1.7475539761748067]
APTIDAO: 
87.86030762580464
GEN: 1300
Individuo: 
[1.7928183137254343, 1.75728427025653, 2.2177463321786335, 3.245650329996392, 1.0871903244608672, 0.11286327756474603, 0.9561308439753913, 0.8420211108579463, 0.9516332323786695, 0.9989545084301289, 0.9989085379373561, 0.4889858139732496, 3.2405563247591664, 1.5640312583197655, 1.6392826120528063, 1.5239831509182278, 1.7475539761748067]
APTIDAO: 
87.85093725802629
GEN: 1400
Individuo: 
[1.7928183137254343, 1.8532706948155047, 2.2177463321786335, 3.2723192687008615, 1.0871903244608672, 0.11286327756474603, 0.9561308439753913, 0.8420211108579463, 0.9516332323786695, 0.9989545084301289, 0.9989085379373561, 0.4889858139732496, 3.2039214378164673, 1.6032066724766956, 1.6392826120528063, 1.5239831509182278, 1.7475539761748067]
APTIDAO: 
87.77882513138643
GEN: 1500
Individuo: 
[1.7928183137254343, 1.8640039419767311, 2.176538138337026, 3.2723192687008615, 1.0871903244608672, 0.11286327756474603, 0.9561308439753913, 0.8420211108579463, 0.9516332323786695, 0.9989545084301289, 0.9989085379373561, 0.4889858139732496, 3.2039214378164673, 1.6034783630282834, 1.6392826120528063, 1.5251561794117454, 1.7475539761748067]
APTIDAO: 
87.7764291785168
GEN: 1600
Individuo: 
[1.7954298881364168, 1.8640039419767311, 2.176538138337026, 3.2723192687008615, 1.0871903244608672, 0.11286327756474603, 0.9561308439753913, 0.8523900245908623, 0.9516332323786695, 0.9989545084301289, 0.9989085379373561, 0.4889858139732496, 3.2039214378164673, 1.6034783630282834, 1.654861433277565, 1.5251561794117454, 1.7475539761748067]
APTIDAO: 
87.76816945189128
GEN: 1700
Individuo: 
[1.7954298881364168, 1.8640039419767311, 2.176538138337026, 3.2723192687008615, 1.0871903244608672, 0.11286327756474603, 0.9561308439753913, 0.8600571347598723, 0.9476160253578246, 0.9989545084301289, 0.9989085379373561, 0.4889858139732496, 3.2039214378164673, 1.6034783630282834, 1.654861433277565, 1.5251561794117454, 1.7475539761748067]
APTIDAO: 
87.76237029037985
GEN: 1800
Individuo: 
[1.7954298881364168, 1.8640039419767311, 2.176538138337026, 3.2723192687008615, 1.0871903244608672, 0.11286327756474603, 0.9561308439753913, 0.8600571347598723, 0.9476160253578246, 0.9989545084301289, 0.9989085379373561, 0.49140107860318083, 3.2039214378164673, 1.6034783630282834, 1.654861433277565, 1.5251561794117454, 1.7475539761748067]
APTIDAO: 
87.76141591247537
GEN: 1900
Individuo: 
[1.7954298881364168, 1.8640039419767311, 2.1713453562043954, 3.2723192687008615, 1.0871903244608672, 0.11286327756474603, 0.9561308439753913, 0.8600571347598723, 0.9476160253578246, 0.9989545084301289, 0.9989085379373561, 0.4889858139732496, 3.2039214378164673, 1.6034783630282834, 1.654861433277565, 1.5251561794117454, 1.7475539761748067]
APTIDAO: 
87.76222249046194
GEN: 2000
Individuo: 
[1.7954298881364168, 1.8640039419767311, 2.1713453562043954, 3.2723192687008615, 1.1061376936327596, 0.11286327756474603, 0.9561308439753913, 0.8600571347598723, 0.9476160253578246, 0.9989545084301289, 0.9989085379373561, 0.4889858139732496, 3.2039214378164673, 1.6063556112485387, 1.654861433277565, 1.5251561794117454, 1.7475539761748067]
APTIDAO: 
87.76003854207437
GEN: 2100
Individuo: 
[1.7764896507806502, 1.8640039419767311, 2.1462653350287835, 3.2723192687008615, 1.1061376936327596, 0.11286327756474603, 0.9561308439753913, 0.8600571347598723, 0.9476160253578246, 0.9989545084301289, 0.9989085379373561, 0.49072957801501926, 3.2039214378164673, 1.6063556112485387, 1.654861433277565, 1.5251561794117454, 1.7475539761748067]
APTIDAO: 
87.75637552188017
GEN: 2200
Individuo: 
[1.7764896507806502, 1.8640039419767311, 2.1462653350287835, 3.2723192687008615, 1.1061376936327596, 0.11286327756474603, 0.9561308439753913, 0.8600571347598723, 0.9476160253578246, 0.9989545084301289, 0.9989085379373561, 0.49072957801501926, 3.2039214378164673, 1.6063556112485387, 1.654861433277565, 1.5251561794117454, 1.7475539761748067]
APTIDAO: 
87.75637552188017
GEN: 2300
Individuo: 
[1.7764896507806502, 1.8640039419767311, 2.1622249980120167, 3.2378210919367127, 1.1061376936327596, 0.11286327756474603, 0.9561308439753913, 0.8600571347598723, 0.9476160253578246, 0.9989545084301289, 0.9989085379373561, 0.49072957801501926, 3.2039214378164673, 1.6063556112485387, 1.654861433277565, 1.5251561794117454, 1.7475539761748067]
APTIDAO: 
87.75585159866985
GEN: 2400
Individuo: 
[1.7848294870620174, 1.8640039419767311, 2.1622249980120167, 3.2378210919367127, 1.1061376936327596, 0.11286327756474603, 0.9561308439753913, 0.8600571347598723, 0.9476160253578246, 0.9989545084301289, 0.9989085379373561, 0.49072957801501926, 3.2039214378164673, 1.6063556112485387, 1.654861433277565, 1.5251561794117454, 1.7475539761748067]
APTIDAO: 
87.75581248214752
GEN: 2500
Individuo: 
[1.7848294870620174, 1.8668390690853978, 2.1622249980120167, 3.2378210919367127, 1.1061376936327596, 0.11286327756474603, 0.9561308439753913, 0.8600571347598723, 0.9476160253578246, 0.9989545084301289, 0.9989085379373561, 0.49072957801501926, 3.2039214378164673, 1.6063556112485387, 1.654861433277565, 1.5251561794117454, 1.7475539761748067]
APTIDAO: 
87.75543211172744
GEN: 2600
Individuo: 
[1.7848294870620174, 1.8668390690853978, 2.1622249980120167, 3.2378210919367127, 1.1061376936327596, 0.11286327756474603, 0.9561308439753913, 0.8600571347598723, 0.9476160253578246, 0.9989545084301289, 0.9989085379373561, 0.49072957801501926, 3.2039214378164673, 1.6063556112485387, 1.654861433277565, 1.5251561794117454, 1.7475539761748067]
APTIDAO: 
87.75543211172744
GEN: 2700
Individuo: 
[1.7848294870620174, 1.867875741541666, 2.1622249980120167, 3.2378210919367127, 1.1061376936327596, 0.11286327756474603, 0.9561308439753913, 0.8600571347598723, 0.9476160253578246, 0.9989545084301289, 0.9989085379373561, 0.49072957801501926, 3.2039214378164673, 1.6063556112485387, 1.654861433277565, 1.5251561794117454, 1.7475539761748067]
APTIDAO: 
87.75531877932632
GEN: 2800
Individuo: 
[1.7848294870620174, 1.867875741541666, 2.1622249980120167, 3.2378210919367127, 1.1061376936327596, 0.11286327756474603, 0.9561308439753913, 0.8600571347598723, 0.9476160253578246, 0.9989545084301289, 0.9989085379373561, 0.49072957801501926, 3.2039214378164673, 1.6063556112485387, 1.654861433277565, 1.5251561794117454, 1.7475539761748067]
APTIDAO: 
87.75531877932632
GEN: 2900
Individuo: 
[1.7848294870620174, 1.867875741541666, 2.1622249980120167, 3.2378210919367127, 1.1061376936327596, 0.11286327756474603, 0.9561308439753913, 0.8600571347598723, 0.9476160253578246, 0.9989545084301289, 0.9989085379373561, 0.49072957801501926, 3.2039214378164673, 1.6063556112485387, 1.654861433277565, 1.5251561794117454, 1.7475539761748067]
APTIDAO: 
87.75531877932632
GEN: 3000
Individuo: 
[1.7848294870620174, 1.867875741541666, 2.1622249980120167, 3.2378210919367127, 1.1061376936327596, 0.11286327756474603, 0.9561308439753913, 0.8600571347598723, 0.9476160253578246, 0.9989545084301289, 0.9989085379373561, 0.49072957801501926, 3.2039214378164673, 1.6063556112485387, 1.654861433277565, 1.5251561794117454, 1.7475539761748067]
APTIDAO: 
87.75531877932632
GEN: 3100
Individuo: 
[1.7848294870620174, 1.867875741541666, 2.1622249980120167, 3.2378210919367127, 1.1061376936327596, 0.11286327756474603, 0.9561308439753913, 0.8600571347598723, 0.9476160253578246, 0.9989545084301289, 0.9989085379373561, 0.49072957801501926, 3.2039214378164673, 1.6063556112485387, 1.654861433277565, 1.5251561794117454, 1.7475539761748067]
APTIDAO: 
87.75531877932632
GEN: 3200
Individuo: 
[1.7848294870620174, 1.867875741541666, 2.1622249980120167, 3.2378210919367127, 1.1061376936327596, 0.11286327756474603, 0.9561308439753913, 0.8600571347598723, 0.9476160253578246, 0.9989545084301289, 0.9989085379373561, 0.49072957801501926, 3.2018779718590045, 1.6063556112485387, 1.654861433277565, 1.5251561794117454, 1.7475539761748067]
APTIDAO: 
87.75511209773973
GEN: 3300
Individuo: 
[1.7848294870620174, 1.867875741541666, 2.1622249980120167, 3.2378210919367127, 1.1061376936327596, 0.11286327756474603, 0.9561308439753913, 0.8635472898670348, 0.9476160253578246, 0.9989545084301289, 0.9989085379373561, 0.49072957801501926, 3.2018779718590045, 1.6063556112485387, 1.654861433277565, 1.5251561794117454, 1.7475539761748067]
APTIDAO: 
87.75257459507475
GEN: 3400
Individuo: 
[1.7778168646445536, 1.867875741541666, 2.1622249980120167, 3.2378210919367127, 1.1061376936327596, 0.11286327756474603, 0.9561308439753913, 0.8635472898670348, 0.9476160253578246, 0.9989545084301289, 0.9989085379373561, 0.49072957801501926, 3.2018779718590045, 1.6063556112485387, 1.654861433277565, 1.5251561794117454, 1.7475539761748067]
APTIDAO: 
87.75237655027898
GEN: 3500
Individuo: 
[1.7778168646445536, 1.8719156281281328, 2.1622249980120167, 3.2378210919367127, 1.1061376936327596, 0.11286327756474603, 0.9561308439753913, 0.8635472898670348, 0.9476160253578246, 0.9989545084301289, 0.9989085379373561, 0.49072957801501926, 3.2018779718590045, 1.6063556112485387, 1.654861433277565, 1.5251561794117454, 1.7475539761748067]
APTIDAO: 
87.7521220050217
GEN: 3600
Individuo: 
[1.7778168646445536, 1.8719156281281328, 2.134354134187947, 3.2378210919367127, 1.1061376936327596, 0.11286327756474603, 0.9561308439753913, 0.8635472898670348, 0.9476160253578246, 0.9989545084301289, 0.9989085379373561, 0.49072957801501926, 3.2018779718590045, 1.6063556112485387, 1.654861433277565, 1.5251561794117454, 1.7475539761748067]
APTIDAO: 
87.75141688074112
GEN: 3700
Individuo: 
[1.7778168646445536, 1.8719156281281328, 2.134354134187947, 3.2378210919367127, 1.1061376936327596, 0.11286327756474603, 0.9561308439753913, 0.8635472898670348, 0.9476160253578246, 0.9989545084301289, 0.9989085379373561, 0.49072957801501926, 3.2018779718590045, 1.6063556112485387, 1.654861433277565, 1.5251561794117454, 1.7475539761748067]
APTIDAO: 
87.75141688074112
GEN: 3800
Individuo: 
[1.7778168646445536, 1.8719156281281328, 2.134354134187947, 3.2348590144121565, 1.1061376936327596, 0.11286327756474603, 0.9561308439753913, 0.8635472898670348, 0.9476160253578246, 0.9989545084301289, 0.9989085379373561, 0.49072957801501926, 3.2018779718590045, 1.6063556112485387, 1.654861433277565, 1.5251561794117454, 1.7475539761748067]
APTIDAO: 
87.75139663310287
GEN: 3900
Individuo: 
[1.7778168646445536, 1.8719156281281328, 2.134354134187947, 3.2348590144121565, 1.1061376936327596, 0.11286327756474603, 0.9561308439753913, 0.8635472898670348, 0.9476160253578246, 0.9989545084301289, 0.9989085379373561, 0.49072957801501926, 3.2018779718590045, 1.6063556112485387, 1.654861433277565, 1.5251561794117454, 1.7475539761748067]
APTIDAO: 
87.75139663310287
GEN: 4000
Individuo: 
[1.7778168646445536, 1.8719156281281328, 2.134354134187947, 3.2348590144121565, 1.1061376936327596, 0.11286327756474603, 0.9561308439753913, 0.8635472898670348, 0.9476160253578246, 0.9989545084301289, 0.9989085379373561, 0.49072957801501926, 3.2018779718590045, 1.6063556112485387, 1.654861433277565, 1.5251561794117454, 1.7475539761748067]
APTIDAO: 
87.75139663310287
GEN: 4100
Individuo: 
[1.7778168646445536, 1.8719156281281328, 2.134354134187947, 3.2348590144121565, 1.1061376936327596, 0.11286327756474603, 0.9561308439753913, 0.8635472898670348, 0.9476160253578246, 0.9989545084301289, 0.9989085379373561, 0.49072957801501926, 3.2018779718590045, 1.6063556112485387, 1.654861433277565, 1.5251561794117454, 1.7475539761748067]
APTIDAO: 
87.75139663310287
GEN: 4200
Individuo: 
[1.7778168646445536, 1.8719156281281328, 2.134354134187947, 3.2348590144121565, 1.1061376936327596, 0.11286327756474603, 0.9561308439753913, 0.8635472898670348, 0.9476160253578246, 0.9989545084301289, 0.9989085379373561, 0.49072957801501926, 3.2018779718590045, 1.6063556112485387, 1.654861433277565, 1.5251561794117454, 1.7475539761748067]
APTIDAO: 
87.75139663310287
GEN: 4300
Individuo: 
[1.7778168646445536, 1.8719156281281328, 2.134354134187947, 3.2348590144121565, 1.1061376936327596, 0.11286327756474603, 0.9561308439753913, 0.8635472898670348, 0.9476160253578246, 0.9989545084301289, 0.9989085379373561, 0.49072957801501926, 3.2018779718590045, 1.6063556112485387, 1.654861433277565, 1.5251561794117454, 1.7475539761748067]
APTIDAO: 
87.75139663310287
GEN: 4400
Individuo: 
[1.7778168646445536, 1.8719156281281328, 2.134354134187947, 3.2348590144121565, 1.1061376936327596, 0.11286327756474603, 0.9561308439753913, 0.8635472898670348, 0.9476160253578246, 0.9989545084301289, 0.9989085379373561, 0.49072957801501926, 3.2018779718590045, 1.6063556112485387, 1.654861433277565, 1.5251561794117454, 1.7475539761748067]
APTIDAO: 
87.75139663310287
GEN: 4500
Individuo: 
[1.7778168646445536, 1.8719156281281328, 2.134354134187947, 3.2348590144121565, 1.1061376936327596, 0.11286327756474603, 0.9561308439753913, 0.8635472898670348, 0.9476160253578246, 0.9989545084301289, 0.9989085379373561, 0.49072957801501926, 3.2018779718590045, 1.6063556112485387, 1.654861433277565, 1.5251561794117454, 1.7475539761748067]
APTIDAO: 
87.75139663310287
GEN: 4600
Individuo: 
[1.7778168646445536, 1.8719156281281328, 2.134354134187947, 3.2348590144121565, 1.1061376936327596, 0.11286327756474603, 0.9561308439753913, 0.8635472898670348, 0.9476160253578246, 0.9989545084301289, 0.9989085379373561, 0.49072957801501926, 3.2018779718590045, 1.6063556112485387, 1.654861433277565, 1.5251561794117454, 1.7475539761748067]
APTIDAO: 
87.75139663310287
GEN: 4700
Individuo: 
[1.7778168646445536, 1.8719156281281328, 2.134354134187947, 3.2348590144121565, 1.1061376936327596, 0.11286327756474603, 0.9561308439753913, 0.8635472898670348, 0.9476160253578246, 0.9989545084301289, 0.9989085379373561, 0.49072957801501926, 3.2018779718590045, 1.6063556112485387, 1.654861433277565, 1.5251561794117454, 1.7475539761748067]
APTIDAO: 
87.75139663310287
GEN: 4800
Individuo: 
[1.7778168646445536, 1.8719156281281328, 2.134354134187947, 3.2348590144121565, 1.1061376936327596, 0.11286327756474603, 0.9561308439753913, 0.8635472898670348, 0.9476160253578246, 0.9989545084301289, 0.9989085379373561, 0.49072957801501926, 3.2018779718590045, 1.6063556112485387, 1.654861433277565, 1.5251561794117454, 1.7475539761748067]
APTIDAO: 
87.75139663310287
GEN: 4900
Individuo: 
[1.7778168646445536, 1.8719156281281328, 2.134354134187947, 3.2348590144121565, 1.1061376936327596, 0.11286327756474603, 0.9561308439753913, 0.8635472898670348, 0.9476160253578246, 0.9989545084301289, 0.9989085379373561, 0.49072957801501926, 3.2018779718590045, 1.6063556112485387, 1.654861433277565, 1.5251561794117454, 1.7475539761748067]
APTIDAO: 
87.75139663310287
GEN: 5000
Individuo: 
[1.7778168646445536, 1.8719156281281328, 2.134354134187947, 3.2348590144121565, 1.1061376936327596, 0.11286327756474603, 0.9561308439753913, 0.8635472898670348, 0.9476160253578246, 0.9989545084301289, 0.9989085379373561, 0.49072957801501926, 3.2018779718590045, 1.6063556112485387, 1.654861433277565, 1.5251561794117454, 1.7475539761748067]
APTIDAO: 
87.75139663310287
GEN: 5100
Individuo: 
[1.7778168646445536, 1.8719156281281328, 2.134354134187947, 3.2348590144121565, 1.1061376936327596, 0.11286327756474603, 0.9561308439753913, 0.8635472898670348, 0.9476160253578246, 0.9989545084301289, 0.9989085379373561, 0.49072957801501926, 3.2018779718590045, 1.6063556112485387, 1.654861433277565, 1.5251561794117454, 1.7475539761748067]
APTIDAO: 
87.75139663310287
GEN: 5200
Individuo: 
[1.7778168646445536, 1.8719156281281328, 2.134354134187947, 3.2348590144121565, 1.1061376936327596, 0.11286327756474603, 0.9561308439753913, 0.8635472898670348, 0.9476160253578246, 0.9989545084301289, 0.9989085379373561, 0.49072957801501926, 3.2018779718590045, 1.6063556112485387, 1.654861433277565, 1.5251561794117454, 1.7475539761748067]
APTIDAO: 
87.75139663310287
GEN: 5300
Individuo: 
[1.7778168646445536, 1.8719156281281328, 2.134354134187947, 3.2348590144121565, 1.1061376936327596, 0.11286327756474603, 0.9561308439753913, 0.8635472898670348, 0.9476160253578246, 0.9989545084301289, 0.9989085379373561, 0.49072957801501926, 3.2018779718590045, 1.6063556112485387, 1.654861433277565, 1.5251561794117454, 1.7475539761748067]
APTIDAO: 
87.75139663310287
GEN: 5400
Individuo: 
[1.7778168646445536, 1.8719156281281328, 2.134354134187947, 3.2348590144121565, 1.1061376936327596, 0.11286327756474603, 0.9561308439753913, 0.8635472898670348, 0.9476160253578246, 0.9989545084301289, 0.9989085379373561, 0.49072957801501926, 3.2018779718590045, 1.6063556112485387, 1.654861433277565, 1.5251561794117454, 1.7475539761748067]
APTIDAO: 
87.75139663310287
GEN: 5500
Individuo: 
[1.7778168646445536, 1.8719156281281328, 2.134354134187947, 3.2348590144121565, 1.1061376936327596, 0.11286327756474603, 0.9561308439753913, 0.8635472898670348, 0.9476160253578246, 0.9989545084301289, 0.9989085379373561, 0.49072957801501926, 3.2018779718590045, 1.6063556112485387, 1.654861433277565, 1.5251561794117454, 1.7475539761748067]
APTIDAO: 
87.75139663310287
GEN: 5600
Individuo: 
[1.7778168646445536, 1.8719156281281328, 2.134354134187947, 3.2348590144121565, 1.1061376936327596, 0.11286327756474603, 0.9561308439753913, 0.8635472898670348, 0.9476160253578246, 0.9989545084301289, 0.9989085379373561, 0.49072957801501926, 3.2018779718590045, 1.6063556112485387, 1.654861433277565, 1.5251561794117454, 1.7475539761748067]
APTIDAO: 
87.75139663310287
GEN: 5700
Individuo: 
[1.7778168646445536, 1.8719156281281328, 2.134354134187947, 3.2348590144121565, 1.1061376936327596, 0.11286327756474603, 0.9561308439753913, 0.8635472898670348, 0.9476160253578246, 0.9989545084301289, 0.9989085379373561, 0.49072957801501926, 3.2018779718590045, 1.6063556112485387, 1.654861433277565, 1.5251561794117454, 1.7475539761748067]
APTIDAO: 
87.75139663310287
GEN: 5800
Individuo: 
[1.7778168646445536, 1.8719156281281328, 2.134354134187947, 3.2348590144121565, 1.1061376936327596, 0.11286327756474603, 0.9561308439753913, 0.8629839104483676, 0.9476160253578246, 0.9989545084301289, 0.9989085379373561, 0.49072957801501926, 3.2018779718590045, 1.6063556112485387, 1.654861433277565, 1.5251561794117454, 1.7475539761748067]
APTIDAO: 
87.75117240401767
GEN: 5900
Individuo: 
[1.7778168646445536, 1.8719156281281328, 2.134354134187947, 3.2348590144121565, 1.1061376936327596, 0.11286327756474603, 0.9561308439753913, 0.8629839104483676, 0.9476160253578246, 0.9989545084301289, 0.9989085379373561, 0.49072957801501926, 3.2018779718590045, 1.6063556112485387, 1.654861433277565, 1.5251561794117454, 1.7475539761748067]
APTIDAO: 
87.75117240401767
GEN: 6000
Individuo: 
[1.7738630856808397, 1.8719156281281328, 2.134354134187947, 3.2348590144121565, 1.1061376936327596, 0.11286327756474603, 0.9569421134951835, 0.8629839104483676, 0.9476160253578246, 0.9989545084301289, 0.9989085379373561, 0.49072957801501926, 3.2018779718590045, 1.6063556112485387, 1.654861433277565, 1.5251561794117454, 1.7475539761748067]
APTIDAO: 
87.75110751626823
GEN: 6100
Individuo: 
[1.7738630856808397, 1.8719156281281328, 2.134354134187947, 3.2348590144121565, 1.1061376936327596, 0.11286327756474603, 0.9569421134951835, 0.8629839104483676, 0.9476160253578246, 0.9989545084301289, 0.9989085379373561, 0.49072957801501926, 3.2018779718590045, 1.6063556112485387, 1.654861433277565, 1.5251561794117454, 1.7475539761748067]
APTIDAO: 
87.75110751626823
GEN: 6200
Individuo: 
[1.7738630856808397, 1.8719156281281328, 2.134354134187947, 3.2348590144121565, 1.1061376936327596, 0.11286327756474603, 0.9569421134951835, 0.8629839104483676, 0.9476160253578246, 0.9989545084301289, 0.9989085379373561, 0.49072957801501926, 3.2018779718590045, 1.6063556112485387, 1.654861433277565, 1.5251561794117454, 1.7475539761748067]
APTIDAO: 
87.75110751626823
GEN: 6300
Individuo: 
[1.7738630856808397, 1.8719156281281328, 2.134354134187947, 3.2348590144121565, 1.1061376936327596, 0.11286327756474603, 0.9569421134951835, 0.8629839104483676, 0.9476160253578246, 0.9989545084301289, 0.9989085379373561, 0.49072957801501926, 3.2018779718590045, 1.6063556112485387, 1.654861433277565, 1.5251561794117454, 1.7475539761748067]
APTIDAO: 
87.75110751626823
GEN: 6400
Individuo: 
[1.7738630856808397, 1.8719156281281328, 2.134354134187947, 3.2348590144121565, 1.1061376936327596, 0.11286327756474603, 0.9569421134951835, 0.8629839104483676, 0.9476160253578246, 0.9989545084301289, 0.9989085379373561, 0.49072957801501926, 3.2018779718590045, 1.6063556112485387, 1.654861433277565, 1.5251561794117454, 1.7475539761748067]
APTIDAO: 
87.75110751626823
GEN: 6500
Individuo: 
[1.7738630856808397, 1.8719156281281328, 2.134354134187947, 3.2348590144121565, 1.1061376936327596, 0.11286327756474603, 0.9569421134951835, 0.8629839104483676, 0.9476160253578246, 0.9989545084301289, 0.9989085379373561, 0.49072957801501926, 3.2018779718590045, 1.6063556112485387, 1.654861433277565, 1.5251561794117454, 1.7475539761748067]
APTIDAO: 
87.75110751626823
GEN: 6600
Individuo: 
[1.7738630856808397, 1.8719156281281328, 2.134354134187947, 3.2348590144121565, 1.1061376936327596, 0.11286327756474603, 0.9569421134951835, 0.8629839104483676, 0.9476160253578246, 0.9989545084301289, 0.9989085379373561, 0.49072957801501926, 3.2018779718590045, 1.6063556112485387, 1.654861433277565, 1.5251561794117454, 1.7475539761748067]
APTIDAO: 
87.75110751626823
GEN: 6700
Individuo: 
[1.7738630856808397, 1.8719156281281328, 2.134354134187947, 3.2348590144121565, 1.1061376936327596, 0.11286327756474603, 0.9569421134951835, 0.8629839104483676, 0.9476160253578246, 0.9989545084301289, 0.9989085379373561, 0.49072957801501926, 3.2018779718590045, 1.6063556112485387, 1.654861433277565, 1.5251561794117454, 1.7475539761748067]
APTIDAO: 
87.75110751626823
GEN: 6800
Individuo: 
[1.7738630856808397, 1.8719156281281328, 2.134354134187947, 3.2348590144121565, 1.1061376936327596, 0.11286327756474603, 0.9569421134951835, 0.8629839104483676, 0.9476160253578246, 0.9989545084301289, 0.9989085379373561, 0.49072957801501926, 3.2018779718590045, 1.6063556112485387, 1.654861433277565, 1.5251561794117454, 1.7475539761748067]
APTIDAO: 
87.75110751626823
GEN: 6900
Individuo: 
[1.7738630856808397, 1.8719156281281328, 2.134354134187947, 3.2348590144121565, 1.1061376936327596, 0.11286327756474603, 0.9569421134951835, 0.8629839104483676, 0.9476160253578246, 0.9989545084301289, 0.9989085379373561, 0.49072957801501926, 3.2018779718590045, 1.6063556112485387, 1.654861433277565, 1.5251561794117454, 1.7475539761748067]
APTIDAO: 
87.75110751626823
GEN: 7000
Individuo: 
[1.7738630856808397, 1.8719156281281328, 2.134354134187947, 3.2348590144121565, 1.1061376936327596, 0.11286327756474603, 0.9569421134951835, 0.8629839104483676, 0.9476160253578246, 0.9989545084301289, 0.9989085379373561, 0.49072957801501926, 3.2018779718590045, 1.6063556112485387, 1.654861433277565, 1.5251561794117454, 1.7475539761748067]
APTIDAO: 
87.75110751626823
GEN: 7100
Individuo: 
[1.7738630856808397, 1.8782604807452574, 2.134354134187947, 3.2348590144121565, 1.1061376936327596, 0.11286327756474603, 0.9569421134951835, 0.8629839104483676, 0.9476160253578246, 0.9989545084301289, 0.9989085379373561, 0.49072957801501926, 3.2018779718590045, 1.6079902049335861, 1.654861433277565, 1.5251561794117454, 1.7475539761748067]
APTIDAO: 
87.74959334475223
GEN: 7200
Individuo: 
[1.7738630856808397, 1.8782604807452574, 2.134354134187947, 3.2348590144121565, 1.1061376936327596, 0.11286327756474603, 0.9569421134951835, 0.8629839104483676, 0.9476160253578246, 0.9989545084301289, 0.9989085379373561, 0.49072957801501926, 3.2018779718590045, 1.6079902049335861, 1.654861433277565, 1.5251561794117454, 1.7487695638063887]
APTIDAO: 
87.74890906440193
GEN: 7300
Individuo: 
[1.7738630856808397, 1.8782604807452574, 2.134354134187947, 3.2348590144121565, 1.1061376936327596, 0.11286327756474603, 0.9569421134951835, 0.8629839104483676, 0.9476160253578246, 0.9989545084301289, 0.9989085379373561, 0.49072957801501926, 3.2018779718590045, 1.6079902049335861, 1.654861433277565, 1.5251561794117454, 1.7487695638063887]
APTIDAO: 
87.74890906440193
GEN: 7400
Individuo: 
[1.7738630856808397, 1.8782604807452574, 2.134354134187947, 3.2348590144121565, 1.1061376936327596, 0.11286327756474603, 0.9569421134951835, 0.8629839104483676, 0.9476160253578246, 0.9989545084301289, 0.9989085379373561, 0.49072957801501926, 3.2018779718590045, 1.6079902049335861, 1.654861433277565, 1.5251561794117454, 1.7487695638063887]
APTIDAO: 
87.74890906440193
GEN: 7500
Individuo: 
[1.7738630856808397, 1.8782604807452574, 2.134354134187947, 3.2348590144121565, 1.1061376936327596, 0.11286327756474603, 0.9569421134951835, 0.8629839104483676, 0.9476160253578246, 0.9989545084301289, 0.9989085379373561, 0.49072957801501926, 3.2018779718590045, 1.6079902049335861, 1.654861433277565, 1.5251561794117454, 1.7487695638063887]
APTIDAO: 
87.74890906440193
GEN: 7600
Individuo: 
[1.7738630856808397, 1.8782604807452574, 2.134354134187947, 3.2348590144121565, 1.1061376936327596, 0.11286327756474603, 0.9569421134951835, 0.8629839104483676, 0.9476160253578246, 0.9989545084301289, 0.9989085379373561, 0.49072957801501926, 3.2018779718590045, 1.6079902049335861, 1.654861433277565, 1.5251561794117454, 1.7487695638063887]
APTIDAO: 
87.74890906440193
GEN: 7700
Individuo: 
[1.7738630856808397, 1.8782604807452574, 2.134354134187947, 3.2348590144121565, 1.1061376936327596, 0.11286327756474603, 0.9569421134951835, 0.8629839104483676, 0.9476160253578246, 0.9989545084301289, 0.9989085379373561, 0.49072957801501926, 3.2018779718590045, 1.6079902049335861, 1.654861433277565, 1.5251561794117454, 1.7487695638063887]
APTIDAO: 
87.74890906440193
GEN: 7800
Individuo: 
[1.7738630856808397, 1.8782604807452574, 2.134354134187947, 3.2402684628443392, 1.1061376936327596, 0.11286327756474603, 0.9569421134951835, 0.8629839104483676, 0.9476160253578246, 0.9989545084301289, 0.9989085379373561, 0.49072957801501926, 3.2018779718590045, 1.6079902049335861, 1.654861433277565, 1.5251561794117454, 1.7487695638063887]
APTIDAO: 
87.74871566921944
GEN: 7900
Individuo: 
[1.7738630856808397, 1.8782604807452574, 2.134354134187947, 3.2402684628443392, 1.1061376936327596, 0.11286327756474603, 0.9569421134951835, 0.8629839104483676, 0.9476160253578246, 0.9989545084301289, 0.9989085379373561, 0.49072957801501926, 3.2018779718590045, 1.6079902049335861, 1.654861433277565, 1.5251561794117454, 1.7487695638063887]
APTIDAO: 
87.74871566921944
GEN: 8000
Individuo: 
[1.7738630856808397, 1.8782604807452574, 2.134354134187947, 3.2402684628443392, 1.1061376936327596, 0.11286327756474603, 0.9569421134951835, 0.8629839104483676, 0.9476160253578246, 0.9989545084301289, 0.9989085379373561, 0.49072957801501926, 3.2018779718590045, 1.6079902049335861, 1.654861433277565, 1.5251561794117454, 1.7487695638063887]
APTIDAO: 
87.74871566921944
GEN: 8100
Individuo: 
[1.7738630856808397, 1.8782604807452574, 2.134354134187947, 3.2402684628443392, 1.1061376936327596, 0.11286327756474603, 0.9569421134951835, 0.8629839104483676, 0.9476160253578246, 0.9989545084301289, 0.9989085379373561, 0.49072957801501926, 3.2018779718590045, 1.6079902049335861, 1.654861433277565, 1.5251561794117454, 1.7487695638063887]
APTIDAO: 
87.74871566921944
GEN: 8200
Individuo: 
[1.7647633554419744, 1.8782604807452574, 2.134354134187947, 3.2402684628443392, 1.1061376936327596, 0.11286327756474603, 0.9569421134951835, 0.8629839104483676, 0.9476160253578246, 0.9989545084301289, 0.9989085379373561, 0.49072957801501926, 3.2018779718590045, 1.6079902049335861, 1.654861433277565, 1.5251561794117454, 1.7487695638063887]
APTIDAO: 
87.74867065623765
GEN: 8300
Individuo: 
[1.7647633554419744, 1.8782604807452574, 2.134354134187947, 3.1973850137045687, 1.1061376936327596, 0.11286327756474603, 0.9569421134951835, 0.8629839104483676, 0.9476160253578246, 0.9989545084301289, 0.9989085379373561, 0.49072957801501926, 3.2018779718590045, 1.6079902049335861, 1.654861433277565, 1.5251561794117454, 1.7487695638063887]
APTIDAO: 
87.74861957239781
GEN: 8400
Individuo: 
[1.7647633554419744, 1.880013025903529, 2.134354134187947, 3.1973850137045687, 1.1061376936327596, 0.11286327756474603, 0.9569421134951835, 0.8629839104483676, 0.9476160253578246, 0.9989545084301289, 0.9989085379373561, 0.49072957801501926, 3.2018779718590045, 1.6079902049335861, 1.654861433277565, 1.5251561794117454, 1.7487695638063887]
APTIDAO: 
87.74859212406986
GEN: 8500
Individuo: 
[1.7647633554419744, 1.880013025903529, 2.134354134187947, 3.2388268784414134, 1.1061376936327596, 0.11286327756474603, 0.9569421134951835, 0.8629839104483676, 0.9476160253578246, 0.9989545084301289, 0.9989085379373561, 0.49072957801501926, 3.2018779718590045, 1.6079902049335861, 1.654861433277565, 1.5251561794117454, 1.7487695638063887]
APTIDAO: 
87.74843967069718
GEN: 8600
Individuo: 
[1.7647633554419744, 1.880013025903529, 2.134354134187947, 3.2388268784414134, 1.1061376936327596, 0.11286327756474603, 0.9569421134951835, 0.8629839104483676, 0.9476160253578246, 0.9989545084301289, 0.9989085379373561, 0.49072957801501926, 3.2018779718590045, 1.6079902049335861, 1.654861433277565, 1.5251561794117454, 1.7487695638063887]
APTIDAO: 
87.74843967069718
GEN: 8700
Individuo: 
[1.7647633554419744, 1.882031002299656, 2.134354134187947, 3.2388268784414134, 1.1061376936327596, 0.11286327756474603, 0.9569421134951835, 0.8629839104483676, 0.9476160253578246, 0.9989545084301289, 0.9989085379373561, 0.49072957801501926, 3.2018779718590045, 1.6079902049335861, 1.654861433277565, 1.5251561794117454, 1.7487695638063887]
APTIDAO: 
87.74823360622123
GEN: 8800
Individuo: 
[1.7647633554419744, 1.882031002299656, 2.134354134187947, 3.2388268784414134, 1.1061376936327596, 0.11286327756474603, 0.9569421134951835, 0.8629839104483676, 0.9476160253578246, 0.9989545084301289, 0.9989085379373561, 0.49072957801501926, 3.2018779718590045, 1.6079902049335861, 1.654861433277565, 1.5251561794117454, 1.7487695638063887]
APTIDAO: 
87.74823360622123
GEN: 8900
Individuo: 
[1.7647633554419744, 1.882031002299656, 2.134354134187947, 3.231593762626715, 1.1061376936327596, 0.11286327756474603, 0.9569421134951835, 0.8629839104483676, 0.9476160253578246, 0.9989545084301289, 0.9989085379373561, 0.49072957801501926, 3.2018779718590045, 1.6079902049335861, 1.654861433277565, 1.5251561794117454, 1.7487695638063887]
APTIDAO: 
87.74819669114196
GEN: 9000
Individuo: 
[1.7647633554419744, 1.882031002299656, 2.134354134187947, 3.231593762626715, 1.1061376936327596, 0.11286327756474603, 0.9569421134951835, 0.8629839104483676, 0.9476160253578246, 0.9989545084301289, 0.9989085379373561, 0.49072957801501926, 3.2018779718590045, 1.6079902049335861, 1.654861433277565, 1.5251561794117454, 1.7487695638063887]
APTIDAO: 
87.74819669114196
GEN: 9100
Individuo: 
[1.7647633554419744, 1.882031002299656, 2.134354134187947, 3.231593762626715, 1.1061376936327596, 0.11286327756474603, 0.9569421134951835, 0.8629839104483676, 0.9476160253578246, 0.9989545084301289, 0.9989085379373561, 0.49072957801501926, 3.2018779718590045, 1.6079902049335861, 1.654861433277565, 1.5251561794117454, 1.7487695638063887]
APTIDAO: 
87.74819669114196
GEN: 9200
Individuo: 
[1.7647633554419744, 1.882031002299656, 2.134354134187947, 3.231593762626715, 1.1061376936327596, 0.11286327756474603, 0.9569421134951835, 0.8629839104483676, 0.9476160253578246, 0.9989545084301289, 0.9989085379373561, 0.49072957801501926, 3.2018779718590045, 1.6079902049335861, 1.654861433277565, 1.5251561794117454, 1.7487695638063887]
APTIDAO: 
87.74819669114196
GEN: 9300
Individuo: 
[1.7647633554419744, 1.882031002299656, 2.134354134187947, 3.231593762626715, 1.1061376936327596, 0.11286327756474603, 0.9569421134951835, 0.8629839104483676, 0.9476160253578246, 0.9989545084301289, 0.9989085379373561, 0.49072957801501926, 3.2018779718590045, 1.6079902049335861, 1.654861433277565, 1.5251561794117454, 1.7487695638063887]
APTIDAO: 
87.74819669114196
GEN: 9400
Individuo: 
[1.7647633554419744, 1.882031002299656, 2.134354134187947, 3.231593762626715, 1.1061376936327596, 0.11286327756474603, 0.9569421134951835, 0.8629839104483676, 0.9476160253578246, 0.9989545084301289, 0.9989085379373561, 0.49072957801501926, 3.2018779718590045, 1.6079902049335861, 1.654861433277565, 1.5251561794117454, 1.7487695638063887]
APTIDAO: 
87.74819669114196
GEN: 9500
Individuo: 
[1.7647633554419744, 1.882031002299656, 2.134354134187947, 3.231593762626715, 1.1061376936327596, 0.11286327756474603, 0.9569421134951835, 0.8629839104483676, 0.9476160253578246, 0.9989545084301289, 0.9989085379373561, 0.49072957801501926, 3.2018779718590045, 1.6079902049335861, 1.654861433277565, 1.5251561794117454, 1.7487695638063887]
APTIDAO: 
87.74819669114196
GEN: 9600
Individuo: 
[1.7647633554419744, 1.882031002299656, 2.134354134187947, 3.231593762626715, 1.1061376936327596, 0.11286327756474603, 0.9569421134951835, 0.8629839104483676, 0.9476160253578246, 0.9989545084301289, 0.9989085379373561, 0.49072957801501926, 3.2018779718590045, 1.6079902049335861, 1.654861433277565, 1.5251561794117454, 1.7487695638063887]
APTIDAO: 
87.74819669114196
GEN: 9700
Individuo: 
[1.7647633554419744, 1.882031002299656, 2.134354134187947, 3.224684542734971, 1.1061376936327596, 0.11286327756474603, 0.9569421134951835, 0.8629839104483676, 0.9476160253578246, 0.9989545084301289, 0.9989085379373561, 0.49072957801501926, 3.2018779718590045, 1.6079902049335861, 1.654861433277565, 1.5251561794117454, 1.7487695638063887]
APTIDAO: 
87.74817045351817
GEN: 9800
Individuo: 
[1.7647633554419744, 1.882031002299656, 2.134354134187947, 3.224684542734971, 1.1061376936327596, 0.11286327756474603, 0.9569421134951835, 0.8629839104483676, 0.9476160253578246, 0.9989545084301289, 0.9989085379373561, 0.49072957801501926, 3.2018779718590045, 1.6079902049335861, 1.654861433277565, 1.5251561794117454, 1.7487695638063887]
APTIDAO: 
87.74817045351817
GEN: 9900
Individuo: 
[1.7647633554419744, 1.882031002299656, 2.134354134187947, 3.224684542734971, 1.1061376936327596, 0.11286327756474603, 0.9569421134951835, 0.8629839104483676, 0.9476160253578246, 0.9989545084301289, 0.9989085379373561, 0.49072957801501926, 3.2018779718590045, 1.6079902049335861, 1.654861433277565, 1.5251561794117454, 1.7487695638063887]
APTIDAO: 
87.74817045351817
GEN: 10000
Individuo: 
[1.7647633554419744, 1.882031002299656, 2.134354134187947, 3.224684542734971, 1.1061376936327596, 0.11286327756474603, 0.9569421134951835, 0.8629839104483676, 0.9476160253578246, 0.9989545084301289, 0.9989085379373561, 0.49072957801501926, 3.2018779718590045, 1.6079902049335861, 1.654861433277565, 1.5251561794117454, 1.7487695638063887]
APTIDAO: 
87.74817045351817

--- RESULTADO FINAL ---
Erro (norma-1): 87.74817045351817
Parâmetros: [1.7647633554419744, 1.882031002299656, 2.134354134187947, 3.224684542734971, 1.1061376936327596, 0.11286327756474603, 0.9569421134951835, 0.8629839104483676, 0.9476160253578246, 0.9989545084301289, 0.9989085379373561, 0.49072957801501926, 3.2018779718590045, 1.6079902049335861, 1.654861433277565, 1.5251561794117454, 1.7487695638063887]
Tempo total: 00h 30m 05s
