SEED: 1778719796
METODO: ES_MM
IND_SIZE: 17
GEN: 0
Individuo: 
[2.4521721046206344, 0.732991900753416, 3.0481918832805968, 0.8824475689060716, 1.970263532393381, 0.9865557936162637, 0.27194970721752665, 0.8593580336179308, 0.08419555981972213, 0.7898336274138968, 0.6231822886659911, 0.15804946773238102, 3.677403280979588, 4.356157384668486, 2.8270592744680845, 1.892423553667944, 2.3936767711007705]
APTIDAO: 
610.4808148780365
GEN: 100
Individuo: 
[1.9207484015669032, 1.3790568080715242, 2.789005088007822, 4.407343805118255, 1.0727614591318133, 0.30812273768977316, 0.9534769781565281, 0.4181141840983598, 0.9942334025520744, 0.8924477345587685, 0.9860825733305172, 0.25833827441787716, 2.0414026784325303, 1.3699128847364286, 1.0368976238680534, 1.892423553667944, 1.5161288924335823]
APTIDAO: 
90.5006893034071
GEN: 200
Individuo: 
[1.9642161536989304, 1.3790568080715242, 2.431640376431436, 4.641317387117536, 1.0727614591318133, 0.26050985122645287, 0.9746248561510785, 0.4181141840983598, 0.9942334025520744, 0.7161665467711137, 0.9860825733305172, 0.38125388448464576, 2.0414026784325303, 1.5068652780659524, 1.0368976238680534, 1.7286575782601459, 1.5161288924335823]
APTIDAO: 
89.35580931492571
GEN: 300
Individuo: 
[1.8482264473249308, 1.5438085140863311, 2.433247702335752, 4.58271660188504, 0.9581508222186612, 0.26050985122645287, 0.9902584636965711, 0.4181141840983598, 0.9942334025520744, 0.8961491088059631, 0.9860825733305172, 0.3936133032267566, 2.0414026784325303, 1.5068652780659524, 1.0368976238680534, 1.7286575782601459, 1.6732059485137876]
APTIDAO: 
89.10579870581348
GEN: 400
Individuo: 
[1.7926536815614116, 1.7193707790938562, 2.433247702335752, 4.58271660188504, 1.0460299707107412, 0.26050985122645287, 0.9902584636965711, 0.4181141840983598, 0.9942334025520744, 0.8986489995623181, 0.9908658783537407, 0.43580813394359497, 1.9943099454705375, 1.5068652780659524, 1.1150488627693163, 1.6714963598948214, 1.718347586155254]
APTIDAO: 
88.94132738246493
GEN: 500
Individuo: 
[1.7926536815614116, 1.7193707790938562, 2.352038734985635, 4.58271660188504, 1.0460299707107412, 0.26050985122645287, 0.9855395874138153, 0.42964753696927327, 0.9968475263149322, 0.9355049250910132, 0.9968969133092886, 0.43580813394359497, 1.9943099454705375, 1.5314189365380906, 1.1150488627693163, 1.6714963598948214, 1.718347586155254]
APTIDAO: 
88.86079545129986
GEN: 600
Individuo: 
[1.7926536815614116, 1.7193707790938562, 2.3511294246389007, 4.408823414072972, 1.0443570532618307, 0.26050985122645287, 0.9855395874138153, 0.46144913846608115, 0.9968475263149322, 0.96000954110199, 0.9968969133092886, 0.42879393180350106, 1.9943099454705375, 1.5314189365380906, 1.1150488627693163, 1.6714963598948214, 1.718347586155254]
APTIDAO: 
88.83897238032144
GEN: 700
Individuo: 
[1.7926536815614116, 1.7193707790938562, 2.3511294246389007, 4.408823414072972, 1.0443570532618307, 0.26050985122645287, 0.9855395874138153, 0.46073447548050656, 0.9968475263149322, 0.982823453968845, 0.9744650719760694, 0.42985649763529954, 1.9943099454705375, 1.5325029145504758, 1.1150488627693163, 1.667362479546636, 1.718347586155254]
APTIDAO: 
88.80408740647397
GEN: 800
Individuo: 
[1.7926536815614116, 1.7193707790938562, 2.300366598538456, 4.408823414072972, 1.0443570532618307, 0.26050985122645287, 0.9959292207035523, 0.46073447548050656, 0.9968475263149322, 0.982823453968845, 0.9733331303826975, 0.42985649763529954, 1.9975878241952247, 1.5325029145504758, 1.1150488627693163, 1.6714963598948214, 1.718347586155254]
APTIDAO: 
88.79068690143552
GEN: 900
Individuo: 
[1.7926536815614116, 1.7193707790938562, 2.300366598538456, 4.360612467382436, 1.0142792629392539, 0.2594065634124686, 0.9959292207035523, 0.46073447548050656, 0.9968475263149322, 0.98905479976637, 0.9733331303826975, 0.42985649763529954, 1.9975878241952247, 1.5325029145504758, 1.1150488627693163, 1.6714963598948214, 1.718347586155254]
APTIDAO: 
88.76918064180326
GEN: 1000
Individuo: 
[1.7926536815614116, 1.7193707790938562, 2.300366598538456, 4.360612467382436, 1.0142792629392539, 0.2594065634124686, 0.9959292207035523, 0.46073447548050656, 0.9968475263149322, 0.98905479976637, 0.9733331303826975, 0.42985649763529954, 1.9975878241952247, 1.5325029145504758, 1.1150488627693163, 1.6714963598948214, 1.718347586155254]
APTIDAO: 
88.76918064180326
GEN: 1100
Individuo: 
[1.7926536815614116, 1.7193707790938562, 2.300366598538456, 4.360612467382436, 1.0142792629392539, 0.2594065634124686, 0.9959292207035523, 0.46073447548050656, 0.9968475263149322, 0.98905479976637, 0.9733331303826975, 0.42985649763529954, 1.9975878241952247, 1.5325029145504758, 1.1150488627693163, 1.6714963598948214, 1.718347586155254]
APTIDAO: 
88.76918064180326
GEN: 1200
Individuo: 
[1.7926536815614116, 1.7193707790938562, 2.300366598538456, 4.360612467382436, 1.0142792629392539, 0.2594065634124686, 0.9959292207035523, 0.46073447548050656, 0.9968475263149322, 0.98905479976637, 0.9733331303826975, 0.42985649763529954, 1.9975878241952247, 1.5325029145504758, 1.1150488627693163, 1.6714963598948214, 1.718347586155254]
APTIDAO: 
88.76918064180326
GEN: 1300
Individuo: 
[1.7926536815614116, 1.7193707790938562, 2.300366598538456, 4.360612467382436, 1.0142792629392539, 0.2594065634124686, 0.9959292207035523, 0.46073447548050656, 0.9968475263149322, 0.98905479976637, 0.9733331303826975, 0.42985649763529954, 1.9975878241952247, 1.5325029145504758, 1.1150488627693163, 1.6714963598948214, 1.718347586155254]
APTIDAO: 
88.76918064180326
GEN: 1400
Individuo: 
[1.7926536815614116, 1.7193707790938562, 2.300366598538456, 4.360612467382436, 1.0142792629392539, 0.2594065634124686, 0.9959292207035523, 0.46073447548050656, 0.9968475263149322, 0.98905479976637, 0.9733331303826975, 0.42985649763529954, 1.9975878241952247, 1.5325029145504758, 1.1150488627693163, 1.6714963598948214, 1.718347586155254]
APTIDAO: 
88.76918064180326
GEN: 1500
Individuo: 
[1.7926536815614116, 1.7193707790938562, 2.300366598538456, 4.360612467382436, 1.0142792629392539, 0.2594065634124686, 0.9959292207035523, 0.46073447548050656, 0.9968475263149322, 0.98905479976637, 0.9733331303826975, 0.42985649763529954, 1.9975878241952247, 1.5325029145504758, 1.1150488627693163, 1.6714963598948214, 1.718347586155254]
APTIDAO: 
88.76918064180326
GEN: 1600
Individuo: 
[1.7926536815614116, 1.7193707790938562, 2.300366598538456, 4.360612467382436, 1.0142792629392539, 0.2594065634124686, 0.9959292207035523, 0.46073447548050656, 0.9968475263149322, 0.98905479976637, 0.9733331303826975, 0.42985649763529954, 1.9975878241952247, 1.5325029145504758, 1.1150488627693163, 1.6714963598948214, 1.718347586155254]
APTIDAO: 
88.76918064180326
GEN: 1700
Individuo: 
[1.7926536815614116, 1.7193707790938562, 2.300366598538456, 4.360612467382436, 1.0142792629392539, 0.2594065634124686, 0.9959292207035523, 0.46073447548050656, 0.9968475263149322, 0.98905479976637, 0.9733331303826975, 0.42985649763529954, 1.9975878241952247, 1.5325029145504758, 1.1150488627693163, 1.6714963598948214, 1.718347586155254]
APTIDAO: 
88.76918064180326
GEN: 1800
Individuo: 
[1.7926536815614116, 1.7193707790938562, 2.300366598538456, 4.360612467382436, 1.0142792629392539, 0.21738016864573162, 0.9959292207035523, 0.46073447548050656, 0.9976465982112565, 0.98905479976637, 0.9733331303826975, 0.42985649763529954, 2.203661054135295, 1.5325029145504758, 1.1150488627693163, 1.6714963598948214, 1.718347586155254]
APTIDAO: 
88.71114056058545
GEN: 1900
Individuo: 
[1.7926536815614116, 1.7193707790938562, 2.265127873056233, 4.099025716341112, 1.0142792629392539, 0.21738016864573162, 0.9959292207035523, 0.4651915099384122, 0.9976465982112565, 0.98905479976637, 0.9707437586457754, 0.6271567800848967, 2.203661054135295, 1.5973601331391005, 1.1150488627693163, 1.6714963598948214, 1.9373536229533395]
APTIDAO: 
88.47744343222006
GEN: 2000
Individuo: 
[1.7926536815614116, 1.7867465422113684, 2.265127873056233, 4.073484526046199, 1.0142792629392539, 0.21738016864573162, 0.9959292207035523, 0.4670957305969176, 0.9976465982112565, 0.98905479976637, 0.9707437586457754, 0.6447744184915661, 2.18409333940621, 1.5973601331391005, 1.1150488627693163, 1.6714963598948214, 1.9373536229533395]
APTIDAO: 
88.4545533040223
GEN: 2100
Individuo: 
[1.7926536815614116, 1.8167730719845168, 2.265127873056233, 4.073484526046199, 1.0142792629392539, 0.21738016864573162, 0.9959292207035523, 0.4670957305969176, 0.9976465982112565, 0.98905479976637, 0.9707437586457754, 0.6303225659275173, 2.18409333940621, 1.5973601331391005, 1.1150488627693163, 1.6714963598948214, 1.9373536229533395]
APTIDAO: 
88.44792821858991
GEN: 2200
Individuo: 
[1.7926536815614116, 1.8167730719845168, 2.265127873056233, 4.073484526046199, 1.0142792629392539, 0.21698502210448462, 0.9959292207035523, 0.4670957305969176, 0.9976465982112565, 0.98905479976637, 0.9707437586457754, 0.6303225659275173, 2.18409333940621, 1.5973601331391005, 1.1150488627693163, 1.6714963598948214, 1.9373536229533395]
APTIDAO: 
88.44714059110981
GEN: 2300
Individuo: 
[1.7926536815614116, 1.8167730719845168, 2.265127873056233, 4.073484526046199, 1.0142792629392539, 0.21698502210448462, 0.9959292207035523, 0.4670957305969176, 0.9976465982112565, 0.98905479976637, 0.9707437586457754, 0.6303225659275173, 2.18409333940621, 1.5973601331391005, 1.1150488627693163, 1.6714963598948214, 1.9373536229533395]
APTIDAO: 
88.44714059110981
GEN: 2400
Individuo: 
[1.7926536815614116, 1.8167730719845168, 2.2811869624165064, 4.073484526046199, 1.0142792629392539, 0.21698502210448462, 0.9959292207035523, 0.4670957305969176, 0.9976465982112565, 0.9931393264005469, 0.9707437586457754, 0.6303225659275173, 2.18409333940621, 1.5973601331391005, 1.1150488627693163, 1.6714963598948214, 1.9373536229533395]
APTIDAO: 
88.44463833018891
GEN: 2500
Individuo: 
[1.7926536815614116, 1.8167730719845168, 2.2811869624165064, 4.073484526046199, 1.0142792629392539, 0.21698502210448462, 0.9959292207035523, 0.4666613645499792, 0.9976465982112565, 0.9931393264005469, 0.9707437586457754, 0.6303225659275173, 2.18409333940621, 1.5973601331391005, 1.1150488627693163, 1.6724692521571767, 1.9373536229533395]
APTIDAO: 
88.4440446281896
GEN: 2600
Individuo: 
[1.7926536815614116, 1.8167730719845168, 2.2811869624165064, 4.073484526046199, 1.0142792629392539, 0.21698502210448462, 0.9959292207035523, 0.4666613645499792, 0.9976465982112565, 0.9931393264005469, 0.9707437586457754, 0.6303225659275173, 2.18409333940621, 1.5973601331391005, 1.1150488627693163, 1.6724692521571767, 1.9373536229533395]
APTIDAO: 
88.4440446281896
GEN: 2700
Individuo: 
[1.7926536815614116, 1.8167730719845168, 2.2811869624165064, 4.073484526046199, 1.0142792629392539, 0.21698502210448462, 0.9959292207035523, 0.4666613645499792, 0.9976465982112565, 0.9931393264005469, 0.9707437586457754, 0.6303225659275173, 2.18409333940621, 1.5973601331391005, 1.1203918478736206, 1.6724692521571767, 1.9373536229533395]
APTIDAO: 
88.44120277371108
GEN: 2800
Individuo: 
[1.7926536815614116, 1.8167730719845168, 2.2811869624165064, 4.073484526046199, 1.0142792629392539, 0.21698502210448462, 0.9959292207035523, 0.4666613645499792, 0.9978445405186709, 0.9931393264005469, 0.9707437586457754, 0.6324919868816152, 2.18409333940621, 1.5973601331391005, 1.1203918478736206, 1.6724692521571767, 1.9373536229533395]
APTIDAO: 
88.44048139125647
GEN: 2900
Individuo: 
[1.7926536815614116, 1.8167730719845168, 2.3168811583533055, 4.073484526046199, 1.0142792629392539, 0.21698502210448462, 0.9959292207035523, 0.4666613645499792, 0.9978445405186709, 0.9931393264005469, 0.9707437586457754, 0.6324919868816152, 2.18409333940621, 1.5973601331391005, 1.1203918478736206, 1.6724692521571767, 1.9373536229533395]
APTIDAO: 
88.44046448981581
GEN: 3000
Individuo: 
[1.7926536815614116, 1.7949003800771899, 2.3168811583533055, 4.073484526046199, 1.0142792629392539, 0.21698502210448462, 0.9959292207035523, 0.4666613645499792, 0.9978445405186709, 0.9931393264005469, 0.9707437586457754, 0.6324919868816152, 2.18409333940621, 1.5973601331391005, 1.1203918478736206, 1.6724692521571767, 1.9373536229533395]
APTIDAO: 
88.43867650737384
GEN: 3100
Individuo: 
[1.772842293420204, 1.7949003800771899, 2.3168811583533055, 4.073484526046199, 1.0209510349934223, 0.21684328691936045, 0.9959292207035523, 0.47826835948340984, 0.9983840810190537, 0.9931393264005469, 0.9707437586457754, 0.6324919868816152, 2.18409333940621, 1.5973601331391005, 1.1258048185969234, 1.6724692521571767, 1.9373536229533395]
APTIDAO: 
88.4335192995283
GEN: 3200
Individuo: 
[1.772842293420204, 1.7949003800771899, 2.3121176997099426, 4.073484526046199, 1.0209510349934223, 0.21684328691936045, 0.9959292207035523, 0.47826835948340984, 0.9983840810190537, 0.9931393264005469, 0.9707437586457754, 0.6452917283905077, 2.1682259949662597, 1.5973601331391005, 1.146541141478426, 1.6724692521571767, 1.9350412325068096]
APTIDAO: 
88.41346261150352
GEN: 3300
Individuo: 
[1.7568190919793796, 1.7949003800771899, 2.3121176997099426, 4.073484526046199, 1.0252760196901505, 0.21684328691936045, 0.9959292207035523, 0.4927871114569762, 0.9983840810190537, 0.9766158968336022, 0.9686452204521696, 0.6452917283905077, 2.1682259949662597, 1.5973601331391005, 1.146541141478426, 1.6724692521571767, 1.9350412325068096]
APTIDAO: 
88.39456440026191
GEN: 3400
Individuo: 
[1.7568190919793796, 1.7949003800771899, 2.3121176997099426, 4.073484526046199, 1.0252760196901505, 0.21684328691936045, 0.9962256326842927, 0.4927871114569762, 0.9983840810190537, 0.9766158968336022, 0.9686452204521696, 0.6452917283905077, 2.1682259949662597, 1.5973601331391005, 1.146541141478426, 1.6724692521571767, 1.9350412325068096]
APTIDAO: 
88.39446276037096
GEN: 3500
Individuo: 
[1.7568190919793796, 1.7949003800771899, 2.3121176997099426, 4.073484526046199, 1.0252760196901505, 0.21684328691936045, 0.9987646734618771, 0.4927871114569762, 0.9983840810190537, 0.9766158968336022, 0.9686452204521696, 0.6452917283905077, 2.1682259949662597, 1.5982694338488392, 1.146541141478426, 1.6724692521571767, 1.9350412325068096]
APTIDAO: 
88.39338214030619
GEN: 3600
Individuo: 
[1.7568190919793796, 1.7949003800771899, 2.3121176997099426, 4.073484526046199, 1.0252760196901505, 0.21684328691936045, 0.9987646734618771, 0.4927871114569762, 0.9983840810190537, 0.9766158968336022, 0.9686452204521696, 0.6452917283905077, 2.1682259949662597, 1.5982694338488392, 1.146541141478426, 1.6724692521571767, 1.9350412325068096]
APTIDAO: 
88.39338214030619
GEN: 3700
Individuo: 
[1.7568190919793796, 1.7949003800771899, 2.3121176997099426, 4.064489261995822, 1.0252760196901505, 0.21684328691936045, 0.9987646734618771, 0.4927871114569762, 0.9983840810190537, 0.9766158968336022, 0.9686452204521696, 0.6452917283905077, 2.1682259949662597, 1.5982694338488392, 1.146541141478426, 1.6724692521571767, 1.9350412325068096]
APTIDAO: 
88.3933461243963
GEN: 3800
Individuo: 
[1.7568190919793796, 1.7949003800771899, 2.3121176997099426, 4.064489261995822, 1.0252760196901505, 0.21684328691936045, 0.9987646734618771, 0.4927871114569762, 0.9983840810190537, 0.9766158968336022, 0.9686452204521696, 0.6452917283905077, 2.1682259949662597, 1.5982694338488392, 1.146541141478426, 1.6724692521571767, 1.9350412325068096]
APTIDAO: 
88.3933461243963
GEN: 3900
Individuo: 
[1.7568190919793796, 1.7949003800771899, 2.3121176997099426, 4.0413901308078595, 1.0252760196901505, 0.21672936829192946, 0.9987646734618771, 0.4927871114569762, 0.9983840810190537, 0.9825550136024962, 0.9686452204521696, 0.6452917283905077, 2.1682259949662597, 1.5982694338488392, 1.146541141478426, 1.6724692521571767, 1.9350412325068096]
APTIDAO: 
88.39023456060511
GEN: 4000
Individuo: 
[1.7568190919793796, 1.7949003800771899, 2.322514096114297, 4.0413901308078595, 1.0252760196901505, 0.21672936829192946, 0.9987646734618771, 0.4927871114569762, 0.9983840810190537, 0.9825550136024962, 0.9686452204521696, 0.6452917283905077, 2.1682259949662597, 1.5982694338488392, 1.146541141478426, 1.6724692521571767, 1.9350412325068096]
APTIDAO: 
88.38935571961456
GEN: 4100
Individuo: 
[1.7568190919793796, 1.7949003800771899, 2.322514096114297, 4.0413901308078595, 1.0252760196901505, 0.21672936829192946, 0.9987646734618771, 0.4927871114569762, 0.9983840810190537, 0.9825550136024962, 0.9686452204521696, 0.6452917283905077, 2.1682259949662597, 1.5982694338488392, 1.146541141478426, 1.6724692521571767, 1.9350412325068096]
APTIDAO: 
88.38935571961456
GEN: 4200
Individuo: 
[1.7568190919793796, 1.7949003800771899, 2.322514096114297, 4.0413901308078595, 1.0252760196901505, 0.21672936829192946, 0.9987646734618771, 0.4927871114569762, 0.9983840810190537, 0.9825550136024962, 0.9686452204521696, 0.6452917283905077, 2.1682259949662597, 1.5982694338488392, 1.146541141478426, 1.6724692521571767, 1.9350412325068096]
APTIDAO: 
88.38935571961456
GEN: 4300
Individuo: 
[1.7568190919793796, 1.7949003800771899, 2.322514096114297, 4.0413901308078595, 1.0252760196901505, 0.21672936829192946, 0.9987646734618771, 0.4927871114569762, 0.9983840810190537, 0.9825550136024962, 0.9686452204521696, 0.6452917283905077, 2.1682259949662597, 1.5982694338488392, 1.146541141478426, 1.6724692521571767, 1.9350412325068096]
APTIDAO: 
88.38935571961456
GEN: 4400
Individuo: 
[1.7568190919793796, 1.7949003800771899, 2.322514096114297, 4.0413901308078595, 1.0252760196901505, 0.21672936829192946, 0.9987646734618771, 0.4927871114569762, 0.9983840810190537, 0.9825550136024962, 0.9686452204521696, 0.6452917283905077, 2.1682259949662597, 1.5982694338488392, 1.146541141478426, 1.6724692521571767, 1.9350412325068096]
APTIDAO: 
88.38935571961456
GEN: 4500
Individuo: 
[1.7568190919793796, 1.7949003800771899, 2.322514096114297, 4.0413901308078595, 1.0262083379668696, 0.21672936829192946, 0.9987646734618771, 0.4927871114569762, 0.9983840810190537, 0.9825550136024962, 0.9686452204521696, 0.6452917283905077, 2.1682259949662597, 1.5982694338488392, 1.146541141478426, 1.6724692521571767, 1.9350412325068096]
APTIDAO: 
88.38933515109301
GEN: 4600
Individuo: 
[1.7568190919793796, 1.7949003800771899, 2.3268583872366655, 4.0413901308078595, 1.0262083379668696, 0.21672936829192946, 0.9987646734618771, 0.4927871114569762, 0.9983840810190537, 0.9825550136024962, 0.9686452204521696, 0.6452917283905077, 2.1682259949662597, 1.5982694338488392, 1.146541141478426, 1.6724692521571767, 1.9350412325068096]
APTIDAO: 
88.38923893352887
GEN: 4700
Individuo: 
[1.7568190919793796, 1.7949003800771899, 2.3268583872366655, 4.0413901308078595, 1.0262083379668696, 0.21672936829192946, 0.9987646734618771, 0.4927871114569762, 0.9983840810190537, 0.9825550136024962, 0.9686452204521696, 0.6452917283905077, 2.1682259949662597, 1.5982694338488392, 1.146541141478426, 1.6724692521571767, 1.9350412325068096]
APTIDAO: 
88.38923893352887
GEN: 4800
Individuo: 
[1.7568190919793796, 1.7938395802166025, 2.3268583872366655, 4.0413901308078595, 1.0262083379668696, 0.21672936829192946, 0.9987646734618771, 0.4927871114569762, 0.9983840810190537, 0.9825550136024962, 0.9686452204521696, 0.6452917283905077, 2.1682259949662597, 1.5982694338488392, 1.146541141478426, 1.6724692521571767, 1.9350412325068096]
APTIDAO: 
88.3890307068147
GEN: 4900
Individuo: 
[1.7568190919793796, 1.7938395802166025, 2.3268583872366655, 4.0413901308078595, 1.0262083379668696, 0.21672936829192946, 0.9987646734618771, 0.4927871114569762, 0.9983840810190537, 0.9825550136024962, 0.9686452204521696, 0.6452917283905077, 2.1682259949662597, 1.5982694338488392, 1.146541141478426, 1.6724692521571767, 1.9350412325068096]
APTIDAO: 
88.3890307068147
GEN: 5000
Individuo: 
[1.7568190919793796, 1.7938395802166025, 2.3268583872366655, 4.0413901308078595, 1.0262083379668696, 0.21672936829192946, 0.9987646734618771, 0.4927871114569762, 0.9983840810190537, 0.9825550136024962, 0.9686452204521696, 0.6452917283905077, 2.1682259949662597, 1.5982694338488392, 1.146541141478426, 1.6724692521571767, 1.9350412325068096]
APTIDAO: 
88.3890307068147
GEN: 5100
Individuo: 
[1.7568190919793796, 1.7938395802166025, 2.3268583872366655, 4.0413901308078595, 1.0262083379668696, 0.21672936829192946, 0.9987646734618771, 0.4927871114569762, 0.9983840810190537, 0.9825550136024962, 0.9686452204521696, 0.6452917283905077, 2.1682259949662597, 1.5982694338488392, 1.146541141478426, 1.6724692521571767, 1.9350412325068096]
APTIDAO: 
88.3890307068147
GEN: 5200
Individuo: 
[1.7568190919793796, 1.7938395802166025, 2.3268583872366655, 4.0413901308078595, 1.0262083379668696, 0.21672936829192946, 0.9987646734618771, 0.4927871114569762, 0.9983840810190537, 0.9825550136024962, 0.9686452204521696, 0.6452917283905077, 2.1682259949662597, 1.5982694338488392, 1.146541141478426, 1.6724692521571767, 1.9350412325068096]
APTIDAO: 
88.3890307068147
GEN: 5300
Individuo: 
[1.7568190919793796, 1.7938395802166025, 2.3268583872366655, 4.0413901308078595, 1.0262083379668696, 0.21672936829192946, 0.9987646734618771, 0.4927871114569762, 0.9983840810190537, 0.9825550136024962, 0.9686452204521696, 0.6452917283905077, 2.1682259949662597, 1.5982694338488392, 1.146541141478426, 1.6724692521571767, 1.9350412325068096]
APTIDAO: 
88.3890307068147
GEN: 5400
Individuo: 
[1.7568190919793796, 1.7938395802166025, 2.3928739256015157, 4.0413901308078595, 1.0262083379668696, 0.21566230776499198, 0.9987646734618771, 0.4927871114569762, 0.9983840810190537, 0.9825550136024962, 0.9686452204521696, 0.6452917283905077, 2.1682259949662597, 1.605363594380635, 1.146541141478426, 1.6724692521571767, 1.9350412325068096]
APTIDAO: 
88.38142944648223
GEN: 5500
Individuo: 
[1.7568190919793796, 1.7938395802166025, 2.3928739256015157, 4.0413901308078595, 1.0262083379668696, 0.21566230776499198, 0.9987646734618771, 0.4927871114569762, 0.9983840810190537, 0.9825550136024962, 0.9686452204521696, 0.6520336988237158, 2.1682259949662597, 1.605363594380635, 1.146541141478426, 1.6724692521571767, 1.9350412325068096]
APTIDAO: 
88.38051281448989
GEN: 5600
Individuo: 
[1.7568190919793796, 1.7938395802166025, 2.3928739256015157, 4.0413901308078595, 1.0262083379668696, 0.21566230776499198, 0.9987646734618771, 0.4927871114569762, 0.9983840810190537, 0.9825550136024962, 0.9686452204521696, 0.6520336988237158, 2.1682259949662597, 1.605363594380635, 1.146541141478426, 1.6724692521571767, 1.9350412325068096]
APTIDAO: 
88.38051281448989
GEN: 5700
Individuo: 
[1.7568190919793796, 1.787810975039646, 2.3928739256015157, 4.0413901308078595, 1.0262083379668696, 0.21566230776499198, 0.9987646734618771, 0.49288586036191645, 0.9983840810190537, 0.9825550136024962, 0.9686452204521696, 0.6520336988237158, 2.1682259949662597, 1.605363594380635, 1.146541141478426, 1.6724692521571767, 1.9350412325068096]
APTIDAO: 
88.37955031905756
GEN: 5800
Individuo: 
[1.7568190919793796, 1.787810975039646, 2.3928739256015157, 4.0413901308078595, 1.0262083379668696, 0.21566230776499198, 0.9987646734618771, 0.49288586036191645, 0.9983840810190537, 0.9825550136024962, 0.9686452204521696, 0.6520336988237158, 2.1682259949662597, 1.605363594380635, 1.146541141478426, 1.6724692521571767, 1.9366233075188755]
APTIDAO: 
88.37890128510193
GEN: 5900
Individuo: 
[1.7568190919793796, 1.787810975039646, 2.3928739256015157, 4.0413901308078595, 1.0262083379668696, 0.21456051195452117, 0.9987646734618771, 0.49288586036191645, 0.9983840810190537, 0.9825550136024962, 0.9686452204521696, 0.6520336988237158, 2.1682259949662597, 1.605363594380635, 1.146541141478426, 1.6724692521571767, 1.9366233075188755]
APTIDAO: 
88.37862917612543
GEN: 6000
Individuo: 
[1.7429520823571887, 1.787810975039646, 2.3928739256015157, 4.0413901308078595, 1.0262083379668696, 0.21417471517003922, 0.9987646734618771, 0.49288586036191645, 0.9983840810190537, 0.9984406291712704, 0.9686452204521696, 0.6520336988237158, 2.1682259949662597, 1.605363594380635, 1.146541141478426, 1.6724692521571767, 1.9367408376416386]
APTIDAO: 
88.36830382815528
GEN: 6100
Individuo: 
[1.7429520823571887, 1.787810975039646, 2.372959994141628, 4.0195831069634185, 1.0262083379668696, 0.21417471517003922, 0.9987646734618771, 0.49288586036191645, 0.9983840810190537, 0.9984406291712704, 0.9686452204521696, 0.6520336988237158, 2.1682259949662597, 1.605363594380635, 1.146541141478426, 1.6724692521571767, 1.9367408376416386]
APTIDAO: 
88.36447292278373
GEN: 6200
Individuo: 
[1.7429520823571887, 1.787810975039646, 2.372959994141628, 4.0195831069634185, 1.0262083379668696, 0.21417471517003922, 0.9987646734618771, 0.49288586036191645, 0.9983840810190537, 0.9984406291712704, 0.9686452204521696, 0.6520336988237158, 2.1682259949662597, 1.6059483622072706, 1.146541141478426, 1.6724692521571767, 1.9367408376416386]
APTIDAO: 
88.36432705924146
GEN: 6300
Individuo: 
[1.7432502164450179, 1.787810975039646, 2.372959994141628, 4.0195831069634185, 1.0262083379668696, 0.21417471517003922, 0.9987646734618771, 0.49288586036191645, 0.9983840810190537, 0.9984406291712704, 0.9686452204521696, 0.6520336988237158, 2.1682259949662597, 1.6059483622072706, 1.146541141478426, 1.6724692521571767, 1.9367408376416386]
APTIDAO: 
88.36428448386921
GEN: 6400
Individuo: 
[1.7432502164450179, 1.787810975039646, 2.4542170383174486, 4.0195831069634185, 1.0262083379668696, 0.21417471517003922, 0.9987646734618771, 0.49288586036191645, 0.9983840810190537, 0.9984406291712704, 0.9686452204521696, 0.6483875943508117, 2.1682259949662597, 1.6059483622072706, 1.1536749460544355, 1.6724692521571767, 1.9367408376416386]
APTIDAO: 
88.36026874190125
GEN: 6500
Individuo: 
[1.7432502164450179, 1.787810975039646, 2.4542170383174486, 4.0195831069634185, 1.0262083379668696, 0.21417471517003922, 0.9987646734618771, 0.49288586036191645, 0.9983840810190537, 0.9984406291712704, 0.9686452204521696, 0.6483875943508117, 2.1682259949662597, 1.6059483622072706, 1.1536749460544355, 1.6724692521571767, 1.9367408376416386]
APTIDAO: 
88.36026874190125
GEN: 6600
Individuo: 
[1.7432502164450179, 1.787810975039646, 2.4542170383174486, 4.0195831069634185, 1.0262083379668696, 0.21417471517003922, 0.9987646734618771, 0.49288586036191645, 0.9983840810190537, 0.9984406291712704, 0.9686452204521696, 0.6483875943508117, 2.1682259949662597, 1.6059483622072706, 1.1536749460544355, 1.6724692521571767, 1.9367408376416386]
APTIDAO: 
88.36026874190125
GEN: 6700
Individuo: 
[1.7432502164450179, 1.787810975039646, 2.4542170383174486, 4.0195831069634185, 1.0262083379668696, 0.21417471517003922, 0.9987646734618771, 0.49288586036191645, 0.9983840810190537, 0.9984406291712704, 0.9686452204521696, 0.9755233650924551, 2.179929289704714, 1.6059483622072706, 1.1536749460544355, 1.6724692521571767, 2.2328867064788196]
APTIDAO: 
88.29514557359161
GEN: 6800
Individuo: 
[1.7432502164450179, 1.7624534359316035, 2.4542170383174486, 4.0195831069634185, 1.0262083379668696, 0.21417471517003922, 0.9987646734618771, 0.49288586036191645, 0.9983840810190537, 0.9984406291712704, 0.9686452204521696, 0.9755233650924551, 2.179929289704714, 1.6059483622072706, 1.1536749460544355, 1.6724692521571767, 2.2328867064788196]
APTIDAO: 
88.28921501561791
GEN: 6900
Individuo: 
[1.7432502164450179, 1.7624534359316035, 2.391509074916143, 4.003089103672083, 1.0262083379668696, 0.21417471517003922, 0.9987646734618771, 0.49288586036191645, 0.9983840810190537, 0.9984406291712704, 0.9686452204521696, 0.9867135158076924, 2.179929289704714, 1.6059483622072706, 1.1536749460544355, 1.6724692521571767, 2.2328867064788196]
APTIDAO: 
88.28290510509665
GEN: 7000
Individuo: 
[1.7432502164450179, 1.7624534359316035, 2.4106298651526608, 3.9992117832874796, 1.0262083379668696, 0.21417471517003922, 0.9987646734618771, 0.501317170607251, 0.9983840810190537, 0.9984406291712704, 0.9686452204521696, 0.9867135158076924, 2.179929289704714, 1.6059483622072706, 1.1536749460544355, 1.6724692521571767, 2.2328867064788196]
APTIDAO: 
88.28055506681265
GEN: 7100
Individuo: 
[1.7432502164450179, 1.7624534359316035, 2.347894646865229, 3.9992117832874796, 1.0262083379668696, 0.21417471517003922, 0.9987646734618771, 0.501317170607251, 0.9983840810190537, 0.9984406291712704, 0.9686452204521696, 0.9867135158076924, 2.179929289704714, 1.6059483622072706, 1.1536749460544355, 1.6724692521571767, 2.2328867064788196]
APTIDAO: 
88.27582766404323
GEN: 7200
Individuo: 
[1.7432502164450179, 1.7673820793727077, 2.310723825666439, 3.9992117832874796, 1.0262083379668696, 0.21417471517003922, 0.9988705064623087, 0.501317170607251, 0.9983840810190537, 0.9987406586849833, 0.9686452204521696, 0.9945479849692419, 2.179929289704714, 1.6059483622072706, 1.1536749460544355, 1.6724692521571767, 2.2328867064788196]
APTIDAO: 
88.27217843041271
GEN: 7300
Individuo: 
[1.7432502164450179, 1.7673820793727077, 2.310723825666439, 3.9938223621051403, 1.0262083379668696, 0.21417471517003922, 0.9988705064623087, 0.501317170607251, 0.9983840810190537, 0.9987406586849833, 0.9686452204521696, 0.9945479849692419, 2.179929289704714, 1.6059483622072706, 1.1536749460544355, 1.6724692521571767, 2.2328867064788196]
APTIDAO: 
88.27144970509356
GEN: 7400
Individuo: 
[1.7432502164450179, 1.7673820793727077, 2.310723825666439, 3.9938223621051403, 1.0262083379668696, 0.21417471517003922, 0.9988705064623087, 0.501317170607251, 0.9983840810190537, 0.9987406586849833, 0.9686452204521696, 0.9945479849692419, 2.179929289704714, 1.6059483622072706, 1.1536749460544355, 1.6724692521571767, 2.2328867064788196]
APTIDAO: 
88.27144970509356
GEN: 7500
Individuo: 
[1.7432502164450179, 1.7673820793727077, 2.310723825666439, 3.9938223621051403, 1.0262083379668696, 0.21386210196643282, 0.9988705064623087, 0.501317170607251, 0.9983840810190537, 0.9987406586849833, 0.9686452204521696, 0.9945479849692419, 2.179929289704714, 1.6059483622072706, 1.1536749460544355, 1.6724692521571767, 2.2328867064788196]
APTIDAO: 
88.2682391303107
GEN: 7600
Individuo: 
[1.7432502164450179, 1.7673820793727077, 2.310723825666439, 3.9938223621051403, 1.0262083379668696, 0.21362672433735058, 0.9988705064623087, 0.501317170607251, 0.9983840810190537, 0.9987406586849833, 0.9686452204521696, 0.9956274104745145, 2.179929289704714, 1.6059483622072706, 1.1536749460544355, 1.6724692521571767, 2.2328867064788196]
APTIDAO: 
88.2679865745218
GEN: 7700
Individuo: 
[1.7432502164450179, 1.7673820793727077, 2.3446960514543225, 3.9938223621051403, 1.0262083379668696, 0.21362672433735058, 0.9988705064623087, 0.49946037107613717, 0.9983840810190537, 0.9987406586849833, 0.9686452204521696, 0.9956274104745145, 2.179929289704714, 1.6059483622072706, 1.1536749460544355, 1.6724692521571767, 2.2328867064788196]
APTIDAO: 
88.26722220735033
GEN: 7800
Individuo: 
[1.7432502164450179, 1.7673820793727077, 2.3446960514543225, 3.9862159784043274, 1.0262083379668696, 0.21362672433735058, 0.9988705064623087, 0.49982550259867387, 0.9983840810190537, 0.9987406586849833, 0.9686452204521696, 0.9956274104745145, 2.179929289704714, 1.6059483622072706, 1.1536749460544355, 1.6724692521571767, 2.2328867064788196]
APTIDAO: 
88.26645777917254
GEN: 7900
Individuo: 
[1.7432502164450179, 1.7673820793727077, 2.3446960514543225, 3.9862159784043274, 1.0262083379668696, 0.21362672433735058, 0.9988705064623087, 0.49982550259867387, 0.9983840810190537, 0.9987406586849833, 0.9686452204521696, 0.9956274104745145, 2.179929289704714, 1.6059483622072706, 1.1536749460544355, 1.6724692521571767, 2.2328867064788196]
APTIDAO: 
88.26645777917254
GEN: 8000
Individuo: 
[1.7432502164450179, 1.7673820793727077, 2.3446960514543225, 3.9862159784043274, 1.0262083379668696, 0.21362672433735058, 0.9988705064623087, 0.49982550259867387, 0.9983840810190537, 0.9987406586849833, 0.9686452204521696, 0.9956274104745145, 2.179929289704714, 1.6059483622072706, 1.1536749460544355, 1.6724692521571767, 2.2328867064788196]
APTIDAO: 
88.26645777917254
GEN: 8100
Individuo: 
[1.7432502164450179, 1.7673820793727077, 2.3446960514543225, 3.9862159784043274, 1.0262083379668696, 0.21362672433735058, 0.9988705064623087, 0.49982550259867387, 0.9983840810190537, 0.9987406586849833, 0.9686452204521696, 0.9956274104745145, 2.179929289704714, 1.6059483622072706, 1.1536749460544355, 1.6724692521571767, 2.2328867064788196]
APTIDAO: 
88.26645777917254
GEN: 8200
Individuo: 
[1.7432502164450179, 1.7673820793727077, 2.3446960514543225, 3.9862159784043274, 1.0262083379668696, 0.21362672433735058, 0.9988705064623087, 0.49982550259867387, 0.9983840810190537, 0.9987406586849833, 0.9686452204521696, 0.9956274104745145, 2.179929289704714, 1.6059483622072706, 1.1536749460544355, 1.6724692521571767, 2.2328867064788196]
APTIDAO: 
88.26645777917254
GEN: 8300
Individuo: 
[1.7432502164450179, 1.7673820793727077, 2.3446960514543225, 3.9862159784043274, 1.0262083379668696, 0.21362672433735058, 0.9988705064623087, 0.49982550259867387, 0.9983840810190537, 0.9987406586849833, 0.9686452204521696, 0.9956274104745145, 2.179929289704714, 1.6059483622072706, 1.1536749460544355, 1.6724692521571767, 2.2328867064788196]
APTIDAO: 
88.26645777917254
GEN: 8400
Individuo: 
[1.7432502164450179, 1.7673820793727077, 2.3446960514543225, 3.9862159784043274, 1.0262083379668696, 0.21362672433735058, 0.9988705064623087, 0.49982550259867387, 0.9983840810190537, 0.9987406586849833, 0.9686452204521696, 0.9956274104745145, 2.179929289704714, 1.6059483622072706, 1.1536749460544355, 1.6724692521571767, 2.2328867064788196]
APTIDAO: 
88.26645777917254
GEN: 8500
Individuo: 
[1.7432502164450179, 1.7673820793727077, 2.3446960514543225, 3.9862159784043274, 1.0262083379668696, 0.21362672433735058, 0.9988705064623087, 0.49982550259867387, 0.9983840810190537, 0.9987406586849833, 0.9686452204521696, 0.9956274104745145, 2.179929289704714, 1.6059483622072706, 1.1536749460544355, 1.6724692521571767, 2.2328867064788196]
APTIDAO: 
88.26645777917254
GEN: 8600
Individuo: 
[1.7432502164450179, 1.7673820793727077, 2.3446960514543225, 3.9862159784043274, 1.0262083379668696, 0.21362672433735058, 0.9988705064623087, 0.49982550259867387, 0.9983840810190537, 0.9987406586849833, 0.9686452204521696, 0.9956274104745145, 2.179929289704714, 1.6059483622072706, 1.1536749460544355, 1.6724692521571767, 2.2328867064788196]
APTIDAO: 
88.26645777917254
GEN: 8700
Individuo: 
[1.7432502164450179, 1.7673820793727077, 2.3446960514543225, 3.9862159784043274, 1.0262083379668696, 0.21362672433735058, 0.9988705064623087, 0.5000279625350551, 0.9983840810190537, 0.9987406586849833, 0.9686452204521696, 0.9956274104745145, 2.179929289704714, 1.6059483622072706, 1.1536749460544355, 1.6724692521571767, 2.2328867064788196]
APTIDAO: 
88.26622534078479
GEN: 8800
Individuo: 
[1.7432502164450179, 1.7673820793727077, 2.3446960514543225, 3.9862159784043274, 1.0262083379668696, 0.21362672433735058, 0.9988705064623087, 0.5000279625350551, 0.9989050223323495, 0.9987406586849833, 0.9686452204521696, 0.9956274104745145, 2.179929289704714, 1.6059483622072706, 1.1536749460544355, 1.6724692521571767, 2.2328867064788196]
APTIDAO: 
88.26578665470936
GEN: 8900
Individuo: 
[1.7432502164450179, 1.7673820793727077, 2.3446960514543225, 3.9862159784043274, 1.0262083379668696, 0.21362672433735058, 0.9988705064623087, 0.5000279625350551, 0.9989050223323495, 0.9987406586849833, 0.9686452204521696, 0.9956274104745145, 2.179929289704714, 1.6059483622072706, 1.1581568060015155, 1.659319807381374, 2.2328867064788196]
APTIDAO: 
88.26166731907146
GEN: 9000
Individuo: 
[1.7432502164450179, 1.7673820793727077, 2.3446960514543225, 3.9236173389723765, 1.0262083379668696, 0.21362672433735058, 0.9988705064623087, 0.5000279625350551, 0.9989050223323495, 0.9987406586849833, 0.9686452204521696, 0.9956274104745145, 2.179929289704714, 1.6059483622072706, 1.1581568060015155, 1.659319807381374, 2.2328867064788196]
APTIDAO: 
88.2553459956852
GEN: 9100
Individuo: 
[1.7432502164450179, 1.7673820793727077, 2.3446960514543225, 3.9236173389723765, 1.0262083379668696, 0.21362672433735058, 0.9988705064623087, 0.5000279625350551, 0.9989050223323495, 0.9987406586849833, 0.9686452204521696, 0.9956274104745145, 2.179929289704714, 1.6059483622072706, 1.1581568060015155, 1.659319807381374, 2.2328867064788196]
APTIDAO: 
88.2553459956852
GEN: 9200
Individuo: 
[1.7388576601701808, 1.7673820793727077, 2.3446960514543225, 3.9236173389723765, 1.0262083379668696, 0.21362672433735058, 0.9988705064623087, 0.5000279625350551, 0.9989050223323495, 0.9987406586849833, 0.9686452204521696, 0.9956274104745145, 2.179929289704714, 1.6059483622072706, 1.1581568060015155, 1.659319807381374, 2.2328867064788196]
APTIDAO: 
88.25436480702646
GEN: 9300
Individuo: 
[1.7388576601701808, 1.7673820793727077, 2.3446960514543225, 4.10832051998633, 1.0262083379668696, 0.15837225791783502, 0.9988705064623087, 0.5000279625350551, 0.9989050223323495, 0.9987406586849833, 0.9686452204521696, 0.9956274104745145, 2.540549380821447, 1.6059483622072706, 1.1581568060015155, 1.659319807381374, 2.2328867064788196]
APTIDAO: 
88.19113411087919
GEN: 9400
Individuo: 
[1.7388576601701808, 1.7673820793727077, 2.190994833920207, 4.10832051998633, 1.0262083379668696, 0.15837225791783502, 0.9988705064623087, 0.49588535258500444, 0.9989050223323495, 0.9987406586849833, 0.9686452204521696, 0.9956274104745145, 2.561946254085342, 1.6059483622072706, 1.1581568060015155, 1.659319807381374, 2.2328867064788196]
APTIDAO: 
88.180963358053
GEN: 9500
Individuo: 
[1.7388576601701808, 1.7673820793727077, 2.190994833920207, 4.1029507952622, 1.0400744726486004, 0.15758651191673195, 0.9988705064623087, 0.49588535258500444, 0.9989050223323495, 0.9987406586849833, 0.9686452204521696, 0.9956274104745145, 2.561946254085342, 1.6059483622072706, 1.1581568060015155, 1.659319807381374, 2.224457495931267]
APTIDAO: 
88.1681115818522
GEN: 9600
Individuo: 
[1.7388576601701808, 1.7727551059067008, 2.190994833920207, 4.1029507952622, 1.0400744726486004, 0.15758651191673195, 0.9988705064623087, 0.49588535258500444, 0.9989050223323495, 0.9987406586849833, 0.9686452204521696, 0.9956274104745145, 2.561946254085342, 1.6059483622072706, 1.1676900271061403, 1.659319807381374, 2.224457495931267]
APTIDAO: 
88.15679599638088
GEN: 9700
Individuo: 
[1.7388576601701808, 1.7727551059067008, 2.25619647457007, 4.1029507952622, 1.0400744726486004, 0.15758651191673195, 0.9988705064623087, 0.49588535258500444, 0.9989050223323495, 0.9987406586849833, 0.9739621133751516, 0.9956274104745145, 2.561946254085342, 1.6307232595198835, 1.1676900271061403, 1.659319807381374, 2.224457495931267]
APTIDAO: 
88.13510075885827
GEN: 9800
Individuo: 
[1.7388576601701808, 1.8931133094299337, 2.25619647457007, 4.0215239301352765, 1.049220800242063, 0.15758651191673195, 0.9988705064623087, 0.49588535258500444, 0.9989050223323495, 0.9987406586849833, 0.9815471576698008, 0.9956274104745145, 2.561946254085342, 1.6307232595198835, 1.1676900271061403, 1.659319807381374, 2.224457495931267]
APTIDAO: 
88.1085971390318
GEN: 9900
Individuo: 
[1.7388576601701808, 1.8931133094299337, 2.25619647457007, 3.495930691011986, 1.049220800242063, 0.15758651191673195, 0.987078530254249, 0.6842060260229803, 0.9989050223323495, 0.9987406586849833, 0.9892794841517372, 0.9956274104745145, 2.561946254085342, 1.6307232595198835, 1.3915213915894362, 1.659319807381374, 2.224457495931267]
APTIDAO: 
87.82377800629624
GEN: 10000
Individuo: 
[1.7388576601701808, 1.8931133094299337, 2.2658213900019284, 3.48204118674806, 1.049220800242063, 0.15758651191673195, 0.987078530254249, 0.7355751017179148, 0.9989050223323495, 0.9987406586849833, 0.9892794841517372, 0.9956274104745145, 2.561946254085342, 1.6484648203656207, 1.4514753513973782, 1.6177203812628103, 2.2287204879819322]
APTIDAO: 
87.73905617443646

--- RESULTADO FINAL ---
Erro (norma-1): 87.73905617443646
Parâmetros: [1.7388576601701808, 1.8931133094299337, 2.2658213900019284, 3.48204118674806, 1.049220800242063, 0.15758651191673195, 0.987078530254249, 0.7355751017179148, 0.9989050223323495, 0.9987406586849833, 0.9892794841517372, 0.9956274104745145, 2.561946254085342, 1.6484648203656207, 1.4514753513973782, 1.6177203812628103, 2.2287204879819322]
Tempo total: 00h 30m 28s
