SEED: 1778425163
BOUNDS: tau=[0.1, 5.0]  Km=[0.01, 500.0]
GEN: 0
Individuo: 
[0.5458097306749704, 0.858786891218962, 4.415764038638842, 1.4354285335778627, 2.9001370965621245, 92.6480435020148, 285.3672859447829, 20.737595610309658, 345.63952024444956, 325.90692931054207, 198.926489705983, 8.715182260669101, 8.585913521660498, 7.600898415756559, 2.280455111421396, 9.554472350961975, 8.836182888410159, 1.683657309018577, 0.38981711619230774, 0.14278215696658744, 3.8267986508039513, 8.728534657604133, 7.754699914431143, 7.175901295822443]
APTIDAO: 
91.08636852619186
GEN: 100
Individuo: 
[0.8348696812622841, 1.8060229257200682, 1.0780072957751534, 2.5882398733670233, 1.8267062570047494, 5.009644381327337, 3.815927201646346, 5.034135256674669, 495.7001465453294, 323.94843953090987, 379.9381444946283, 2.8547394904406365, 10.0, 2.1146576364260907, 2.3709247097974613, 6.2366384186801564, 9.024401679801539, 2.4596884504382284, 1.5339573932484092, 0.11225891746691041, 3.9777342372580278, 5.539039731019215, 4.923740655305427, 1.3100250347948719]
APTIDAO: 
84.26994193421257
GEN: 200
Individuo: 
[0.8348696812622841, 1.8060229257200682, 1.8681866438743047, 2.5611492501957205, 1.5486479736970635, 5.259015539904936, 3.815927201646346, 5.034135256674669, 495.7001465453294, 494.2640838686343, 460.1309027068789, 2.195494763315599, 10.0, 2.1146576364260907, 1.8095752251597126, 4.0280606861590424, 4.164226316367442, 1.1474442921634336, 1.5339573932484092, 0.11225891746691041, 3.9777342372580278, 1.9067689426205388, 6.435101998452426, 0.8510071819425586]
APTIDAO: 
83.21088463575639
GEN: 300
Individuo: 
[0.8348696812622841, 1.8060229257200682, 1.8903823532819568, 2.5203448095526375, 1.5486479736970635, 5.411554747334416, 3.815927201646346, 5.034135256674669, 495.7001465453294, 494.2640838686343, 492.9686057093657, 1.8971006674620108, 10.0, 2.1146576364260907, 1.166650489172613, 7.105451599810913, 4.164226316367442, 1.7645300863026407, 1.5339573932484092, 0.11225891746691041, 3.9777342372580278, 1.9067689426205388, 3.0510139365133186, 0.718003813565837]
APTIDAO: 
83.19572714796928
GEN: 400
Individuo: 
[0.9347028033541512, 1.8182553189710098, 1.8903823532819568, 2.5385467394169305, 1.4346650582362857, 5.419564477481853, 3.5427852300374365, 5.034135256674669, 495.7001465453294, 477.7548281924164, 489.1504204651163, 2.4629359416357537, 10.0, 3.4251072983478426, 1.166650489172613, 4.630642902200751, 0.6813042978569303, 1.1124648016462975, 1.3144241891537491, 0.11225891746691041, 3.9777342372580278, 4.459568200663344, 6.404257456837969, 1.1349290420008196]
APTIDAO: 
82.93353658538594
GEN: 500
Individuo: 
[0.9347028033541512, 1.8182553189710098, 2.0127370751817146, 2.3103885322857627, 1.4346650582362857, 5.3690999215304345, 3.492622510253431, 5.034135256674669, 488.77177947404607, 477.7548281924164, 495.2379033038875, 2.222995464296424, 10.0, 3.4251072983478426, 0.6171470932772135, 4.873154146961752, 0.6813042978569303, 1.0983723803488181, 2.205834371707926, 0.11225891746691041, 3.6167305525440243, 4.459568200663344, 7.248499569983333, 1.032732746520863]
APTIDAO: 
82.89965343173455
GEN: 600
Individuo: 
[1.006082303377759, 1.8182553189710098, 1.9194538086859936, 2.3103885322857627, 1.3652648003150833, 5.304960639791224, 3.492622510253431, 5.034135256674669, 497.5618788846984, 493.298518527637, 495.2379033038875, 2.275588155212184, 10.0, 3.4251072983478426, 0.4891199600017331, 4.873154146961752, 0.9196011872830793, 0.814571938186596, 2.205834371707926, 0.11225891746691041, 5.704830338484781, 3.3412123824489743, 7.248499569983333, 1.0952360201973437]
APTIDAO: 
82.82629218193588
GEN: 700
Individuo: 
[1.006082303377759, 1.8201333183224226, 1.9194538086859936, 2.3103885322857627, 1.3453084677820815, 5.304960639791224, 3.492622510253431, 5.034135256674669, 497.5618788846984, 493.298518527637, 498.2066734341153, 2.4714613117741955, 10.0, 4.229496269579531, 0.4891199600017331, 4.873154146961752, 0.9165884530591377, 0.814571938186596, 2.205834371707926, 0.11225891746691041, 5.704830338484781, 3.3412123824489743, 4.2519146985131515, 0.8361904116304376]
APTIDAO: 
82.82091644542568
GEN: 800
Individuo: 
[1.006082303377759, 1.8201333183224226, 1.9194538086859936, 2.23547528860988, 1.3436321204806934, 5.540772135850713, 3.492622510253431, 486.8742760989015, 467.84868581046464, 396.13843646192424, 498.2066734341153, 1.6760865895635206, 10.0, 4.229496269579531, 0.4891199600017331, 3.4802056224470403, 0.7659760057456065, 0.6784370772139017, 2.205834371707926, 3.33296284151757, 8.90493358120131, 5.423527038858326, 4.2519146985131515, 0.6014025944468226]
APTIDAO: 
82.58183396051356
GEN: 900
Individuo: 
[1.006082303377759, 1.8201333183224226, 1.9194538086859936, 2.291515217011221, 1.3236216496921411, 5.83744142965117, 3.492622510253431, 486.8742760989015, 493.53662618335045, 488.8638579338972, 498.2066734341153, 1.6891993800163503, 10.0, 4.229496269579531, 0.4891199600017331, 3.1084156165014574, 0.5848529266868644, 1.6130681550390322, 2.205834371707926, 3.33296284151757, 7.526101670379046, 6.141752052664685, 4.2519146985131515, 0.9097530969564499]
APTIDAO: 
82.57211448321003
GEN: 1000
Individuo: 
[1.006082303377759, 1.8130159932776724, 1.9194538086859936, 2.291515217011221, 1.3236216496921411, 9.185117259075753, 2.886929629574584, 498.99120124411013, 496.0151671492959, 494.2744539412544, 498.2066734341153, 1.6760865895635206, 10.0, 3.8616341718296354, 0.4891199600017331, 3.1084156165014574, 0.5848529266868644, 2.1684427116250076, 0.851205073575783, 3.5473317417546095, 8.679669452445255, 2.9049499620826285, 4.2519146985131515, 0.6014025944468226]
APTIDAO: 
82.54993348431044
GEN: 1100
Individuo: 
[1.006082303377759, 1.8130159932776724, 1.9996248752170473, 2.291515217011221, 1.3236216496921411, 12.216851729332713, 2.4147114563772316, 498.99120124411013, 499.2391970633505, 494.2744539412544, 498.2066734341153, 1.6346207823954293, 10.0, 3.8616341718296354, 0.5363040834325862, 3.1084156165014574, 0.5848529266868644, 2.7772546859624914, 0.9626529402138838, 3.5473317417546095, 10.0, 2.9049499620826285, 4.2519146985131515, 0.9914885922735027]
APTIDAO: 
82.54649308924672
GEN: 1200
Individuo: 
[1.006082303377759, 1.7960410478148503, 1.9996248752170473, 2.291515217011221, 1.2931271419738388, 14.36449118385178, 2.4722122998152387, 498.99120124411013, 499.2391970633505, 496.4588415856062, 498.2066734341153, 1.5891280662917384, 10.0, 2.758595340962762, 0.5363040834325862, 3.1084156165014574, 0.649471757746178, 3.762927941876259, 1.113386144599552, 3.5473317417546095, 10.0, 2.131892887043189, 4.2519146985131515, 0.7227396263547954]
APTIDAO: 
82.53351697052571
GEN: 1300
Individuo: 
[1.006082303377759, 1.7960410478148503, 1.9996248752170473, 2.291515217011221, 1.2931271419738388, 13.682743010746428, 2.4722122998152387, 498.99120124411013, 499.2391970633505, 496.6441829030372, 498.2066734341153, 1.5891280662917384, 10.0, 2.758595340962762, 0.5363040834325862, 3.1084156165014574, 0.649471757746178, 4.238517212057738, 1.113386144599552, 3.5473317417546095, 10.0, 2.3512048663398195, 4.2519146985131515, 0.7227396263547954]
APTIDAO: 
82.53261132082302
GEN: 1400
Individuo: 
[1.006082303377759, 1.7960410478148503, 2.0082329080717485, 2.291515217011221, 1.2931271419738388, 13.682743010746428, 2.5381027830397165, 498.99120124411013, 499.2391970633505, 496.6441829030372, 498.2066734341153, 1.5891280662917384, 10.0, 2.758595340962762, 0.44408124125392373, 3.1084156165014574, 0.649471757746178, 4.238517212057738, 0.9284388097738691, 3.5473317417546095, 10.0, 2.3512048663398195, 4.2519146985131515, 0.7227396263547954]
APTIDAO: 
82.53162092963609
GEN: 1500
Individuo: 
[1.006082303377759, 1.7789650121439893, 2.0082329080717485, 2.291515217011221, 1.2931271419738388, 13.682743010746428, 2.5381027830397165, 498.99120124411013, 499.2391970633505, 499.66892700934477, 498.2066734341153, 1.5153224807825436, 10.0, 2.0204933039229003, 0.44408124125392373, 3.1084156165014574, 0.649471757746178, 4.238517212057738, 0.9284388097738691, 3.5473317417546095, 10.0, 2.1645417324173595, 4.2519146985131515, 1.0242634332421807]
APTIDAO: 
82.53015836054422
GEN: 1600
Individuo: 
[1.006082303377759, 1.7789650121439893, 2.0082329080717485, 2.291515217011221, 1.2931271419738388, 13.682743010746428, 2.549765644259359, 498.99120124411013, 499.2391970633505, 499.66892700934477, 498.2066734341153, 1.5183921059012813, 10.0, 2.0204933039229003, 0.44408124125392373, 3.1084156165014574, 0.649471757746178, 4.238517212057738, 0.599096578063122, 3.5473317417546095, 10.0, 2.1645417324173595, 4.2519146985131515, 0.5131173883366636]
APTIDAO: 
82.52961755744717
GEN: 1700
Individuo: 
[1.006082303377759, 1.7789650121439893, 2.0082329080717485, 2.291515217011221, 1.2931271419738388, 13.682743010746428, 2.549765644259359, 498.99120124411013, 499.2391970633505, 499.66892700934477, 498.40995994378517, 1.5236125606426507, 10.0, 2.0204933039229003, 0.44408124125392373, 3.1084156165014574, 0.649471757746178, 4.238517212057738, 0.599096578063122, 3.5473317417546095, 10.0, 2.1645417324173595, 4.486544037541583, 0.4126291359252991]
APTIDAO: 
82.5294635219319
GEN: 1800
Individuo: 
[1.006082303377759, 1.7789650121439893, 2.0082329080717485, 2.350767198198203, 1.2931271419738388, 13.682743010746428, 2.549765644259359, 498.99120124411013, 499.2391970633505, 499.66892700934477, 498.40995994378517, 1.5236125606426507, 10.0, 2.0204933039229003, 0.44408124125392373, 2.0431674066469476, 0.649471757746178, 4.238517212057738, 0.599096578063122, 3.5473317417546095, 10.0, 2.1645417324173595, 4.486544037541583, 0.4126291359252991]
APTIDAO: 
82.52806768608254
GEN: 1900
Individuo: 
[1.0088518860221651, 1.7731266159574586, 2.0082329080717485, 2.350767198198203, 1.2931271419738388, 13.682743010746428, 2.549765644259359, 498.99120124411013, 499.2391970633505, 499.66892700934477, 498.40995994378517, 1.5236125606426507, 6.802630620400999, 2.4020136921694406, 0.44408124125392373, 2.0431674066469476, 0.649471757746178, 4.238517212057738, 0.599096578063122, 3.5473317417546095, 10.0, 2.1645417324173595, 4.486544037541583, 0.4126291359252991]
APTIDAO: 
82.52675149947052
GEN: 2000
Individuo: 
[1.0088518860221651, 1.7731266159574586, 2.0082329080717485, 2.350767198198203, 1.2876689646315174, 13.74438947307566, 2.5172783451991525, 498.99120124411013, 499.44276463161276, 499.66892700934477, 498.40995994378517, 1.5153427660851466, 6.802630620400999, 2.4020136921694406, 0.44408124125392373, 2.0431674066469476, 0.9237621405345466, 4.804564342585212, 1.0514771636685885, 3.5473317417546095, 4.952798466799006, 2.1645417324173595, 4.486544037541583, 0.2969492892666922]
APTIDAO: 
82.5255731850946
GEN: 2100
Individuo: 
[1.0088518860221651, 1.7731266159574586, 2.0082329080717485, 2.350767198198203, 1.2876689646315174, 13.74438947307566, 2.5172783451991525, 498.99120124411013, 499.44276463161276, 499.66892700934477, 498.40995994378517, 1.5153427660851466, 6.802630620400999, 2.4020136921694406, 0.44408124125392373, 2.0431674066469476, 0.9237621405345466, 4.804564342585212, 1.0514771636685885, 3.5473317417546095, 4.952798466799006, 2.1645417324173595, 4.486544037541583, 0.2969492892666922]
APTIDAO: 
82.5255731850946
GEN: 2200
Individuo: 
[1.0088518860221651, 1.7731266159574586, 2.0082329080717485, 2.350767198198203, 1.2876689646315174, 13.74438947307566, 2.5172783451991525, 498.99120124411013, 499.44276463161276, 499.66892700934477, 498.40995994378517, 1.5153427660851466, 6.802630620400999, 2.4020136921694406, 0.44408124125392373, 2.0431674066469476, 0.9237621405345466, 4.804564342585212, 1.0514771636685885, 3.5473317417546095, 4.952798466799006, 2.1645417324173595, 4.486544037541583, 0.2969492892666922]
APTIDAO: 
82.5255731850946
GEN: 2300
Individuo: 
[1.0088518860221651, 1.7731266159574586, 2.0082329080717485, 2.347035200750418, 1.2876689646315174, 13.74438947307566, 2.5172783451991525, 498.99120124411013, 499.44276463161276, 499.66892700934477, 499.7019873465773, 1.5153427660851466, 6.802630620400999, 2.4020136921694406, 0.44408124125392373, 3.3368864505295486, 0.9237621405345466, 4.804564342585212, 1.0514771636685885, 3.5473317417546095, 4.952798466799006, 2.1645417324173595, 3.0618547500985156, 0.2969492892666922]
APTIDAO: 
82.5255084465672
GEN: 2400
Individuo: 
[1.0088518860221651, 1.7731266159574586, 2.0082329080717485, 2.347035200750418, 1.2876689646315174, 13.74438947307566, 2.5172783451991525, 498.99120124411013, 499.44276463161276, 499.66892700934477, 499.7019873465773, 1.5153427660851466, 6.802630620400999, 2.4020136921694406, 0.44408124125392373, 3.3368864505295486, 0.9237621405345466, 4.804564342585212, 1.0514771636685885, 3.5473317417546095, 4.952798466799006, 2.1645417324173595, 3.0618547500985156, 0.2969492892666922]
APTIDAO: 
82.5255084465672
GEN: 2500
Individuo: 
[1.0088518860221651, 1.7731266159574586, 2.0082329080717485, 2.347035200750418, 1.2876689646315174, 13.74438947307566, 2.5172783451991525, 499.72706752747007, 499.44276463161276, 499.66892700934477, 499.7019873465773, 1.5088875459224562, 6.802630620400999, 2.4020136921694406, 0.44408124125392373, 3.3368864505295486, 0.9237621405345466, 4.804564342585212, 1.0514771636685885, 5.009089747022678, 4.952798466799006, 2.1645417324173595, 3.0618547500985156, 0.7781808592657892]
APTIDAO: 
82.52541654243984
GEN: 2600
Individuo: 
[1.0088518860221651, 1.7731266159574586, 2.0082329080717485, 2.347035200750418, 1.2876689646315174, 13.74438947307566, 2.5172783451991525, 499.72706752747007, 499.44276463161276, 499.66892700934477, 499.7019873465773, 1.5088875459224562, 6.802630620400999, 2.4020136921694406, 0.44408124125392373, 3.3368864505295486, 0.9237621405345466, 4.804564342585212, 1.0514771636685885, 5.009089747022678, 4.952798466799006, 2.1645417324173595, 3.0618547500985156, 0.7781808592657892]
APTIDAO: 
82.52541654243984
GEN: 2700
Individuo: 
[1.0088518860221651, 1.7731266159574586, 2.0082329080717485, 2.347035200750418, 1.2876689646315174, 13.74438947307566, 2.5172783451991525, 499.72706752747007, 499.44276463161276, 499.66892700934477, 499.7019873465773, 1.5088875459224562, 6.802630620400999, 2.4020136921694406, 0.44408124125392373, 3.3368864505295486, 0.9237621405345466, 4.804564342585212, 1.0514771636685885, 5.009089747022678, 4.952798466799006, 2.1645417324173595, 3.0618547500985156, 0.7781808592657892]
APTIDAO: 
82.52541654243984
GEN: 2800
Individuo: 
[1.0088518860221651, 1.7731266159574586, 2.0082329080717485, 2.347035200750418, 1.2876689646315174, 13.74438947307566, 2.5172783451991525, 499.72706752747007, 499.44276463161276, 499.66892700934477, 499.7019873465773, 1.5088875459224562, 6.802630620400999, 2.4020136921694406, 0.44408124125392373, 3.3368864505295486, 0.9237621405345466, 4.804564342585212, 1.0514771636685885, 5.009089747022678, 4.952798466799006, 2.1645417324173595, 3.0618547500985156, 0.7781808592657892]
APTIDAO: 
82.52541654243984
GEN: 2900
Individuo: 
[1.0088518860221651, 1.7731266159574586, 2.0082329080717485, 2.347035200750418, 1.2876689646315174, 13.74438947307566, 2.5172783451991525, 499.72706752747007, 499.44276463161276, 499.66892700934477, 499.7019873465773, 1.5088875459224562, 6.802630620400999, 2.4020136921694406, 0.44408124125392373, 3.3368864505295486, 0.9237621405345466, 4.804564342585212, 1.0514771636685885, 5.009089747022678, 4.952798466799006, 2.1645417324173595, 3.0618547500985156, 0.7781808592657892]
APTIDAO: 
82.52541654243984
GEN: 3000
Individuo: 
[1.0088518860221651, 1.7731266159574586, 2.0082329080717485, 2.347035200750418, 1.2867212332962101, 13.74438947307566, 2.5172783451991525, 499.72706752747007, 499.44276463161276, 499.66892700934477, 499.7019873465773, 1.5088875459224562, 6.802630620400999, 2.4020136921694406, 0.44408124125392373, 3.3368864505295486, 0.7175847753586889, 4.804564342585212, 1.0514771636685885, 5.009089747022678, 4.952798466799006, 2.1645417324173595, 3.0618547500985156, 0.7781808592657892]
APTIDAO: 
82.52540981409186
GEN: 3100
Individuo: 
[1.0088518860221651, 1.7731266159574586, 2.0082329080717485, 2.347035200750418, 1.2867212332962101, 13.74438947307566, 2.5172783451991525, 499.72706752747007, 499.44276463161276, 499.66892700934477, 499.7019873465773, 1.5088875459224562, 6.802630620400999, 2.4020136921694406, 0.44408124125392373, 3.3368864505295486, 0.7175847753586889, 4.804564342585212, 1.0514771636685885, 5.009089747022678, 4.952798466799006, 2.1645417324173595, 3.0618547500985156, 0.7781808592657892]
APTIDAO: 
82.52540981409186
GEN: 3200
Individuo: 
[1.0088518860221651, 1.7731266159574586, 2.0082329080717485, 2.347035200750418, 1.2867212332962101, 13.74438947307566, 2.5172783451991525, 499.72706752747007, 499.44276463161276, 499.66892700934477, 499.7019873465773, 1.5088875459224562, 6.802630620400999, 2.4020136921694406, 0.44408124125392373, 3.3368864505295486, 0.7175847753586889, 4.804564342585212, 1.0514771636685885, 5.009089747022678, 4.952798466799006, 2.1645417324173595, 3.0618547500985156, 0.7781808592657892]
APTIDAO: 
82.52540981409186
GEN: 3300
Individuo: 
[1.0088518860221651, 1.7731266159574586, 2.0082329080717485, 2.347035200750418, 1.2867212332962101, 13.74438947307566, 2.5172783451991525, 499.72706752747007, 499.44276463161276, 499.66892700934477, 499.7019873465773, 1.5088875459224562, 6.802630620400999, 2.4020136921694406, 0.44408124125392373, 3.3368864505295486, 0.7175847753586889, 4.804564342585212, 1.0514771636685885, 5.009089747022678, 4.952798466799006, 2.1645417324173595, 3.0618547500985156, 0.7781808592657892]
APTIDAO: 
82.52540981409186
GEN: 3400
Individuo: 
[1.0088518860221651, 1.7731266159574586, 2.0082329080717485, 2.3488111228736424, 1.2867212332962101, 13.74438947307566, 2.5172783451991525, 499.72706752747007, 499.44276463161276, 499.66892700934477, 499.7019873465773, 1.5088875459224562, 6.802630620400999, 2.4020136921694406, 0.44408124125392373, 4.525382770595606, 0.7175847753586889, 4.804564342585212, 1.0514771636685885, 5.009089747022678, 4.952798466799006, 2.1645417324173595, 3.0618547500985156, 0.7781808592657892]
APTIDAO: 
82.52540057083732
GEN: 3500
Individuo: 
[1.0088518860221651, 1.7731266159574586, 2.0082329080717485, 2.3488111228736424, 1.2867212332962101, 13.74438947307566, 2.5172783451991525, 499.72706752747007, 499.44276463161276, 499.66892700934477, 499.7019873465773, 1.5088875459224562, 6.802630620400999, 2.4020136921694406, 0.44408124125392373, 4.525382770595606, 0.7175847753586889, 4.804564342585212, 1.0514771636685885, 5.009089747022678, 4.952798466799006, 2.1645417324173595, 3.0618547500985156, 0.7781808592657892]
APTIDAO: 
82.52540057083732
GEN: 3600
Individuo: 
[1.0088518860221651, 1.7731266159574586, 2.0082329080717485, 2.3488111228736424, 1.2867212332962101, 13.74438947307566, 2.5172783451991525, 499.72706752747007, 499.44276463161276, 499.66892700934477, 499.7019873465773, 1.5088875459224562, 6.802630620400999, 2.4020136921694406, 0.44408124125392373, 4.525382770595606, 0.7175847753586889, 4.804564342585212, 1.0514771636685885, 5.009089747022678, 4.952798466799006, 2.1645417324173595, 3.0618547500985156, 0.7781808592657892]
APTIDAO: 
82.52540057083732
GEN: 3700
Individuo: 
[1.0088518860221651, 1.7731266159574586, 2.0082329080717485, 2.3488111228736424, 1.2864556607721145, 13.74438947307566, 2.5172783451991525, 499.72706752747007, 499.44276463161276, 499.66892700934477, 499.7019873465773, 1.5088875459224562, 6.802630620400999, 2.4020136921694406, 0.44408124125392373, 4.525382770595606, 1.0249779327105613, 4.804564342585212, 1.0514771636685885, 5.009089747022678, 4.952798466799006, 2.1645417324173595, 3.0618547500985156, 0.7781808592657892]
APTIDAO: 
82.52539455432667
GEN: 3800
Individuo: 
[1.0108852897670586, 1.7731266159574586, 2.0082329080717485, 2.3488111228736424, 1.2864556607721145, 13.74438947307566, 2.5172783451991525, 499.72706752747007, 499.44276463161276, 499.66892700934477, 499.7019873465773, 1.5088875459224562, 4.303333052731149, 2.4020136921694406, 0.44408124125392373, 4.525382770595606, 1.0249779327105613, 4.804564342585212, 1.0514771636685885, 5.009089747022678, 4.952798466799006, 2.1645417324173595, 3.0618547500985156, 0.7781808592657892]
APTIDAO: 
82.52508266680654
GEN: 3900
Individuo: 
[1.0108852897670586, 1.7731266159574586, 2.0082329080717485, 2.3488111228736424, 1.2864556607721145, 13.74438947307566, 2.5172783451991525, 499.72706752747007, 499.44276463161276, 499.66892700934477, 499.7019873465773, 1.5088875459224562, 4.303333052731149, 2.4020136921694406, 0.44408124125392373, 4.525382770595606, 1.0249779327105613, 4.804564342585212, 1.0514771636685885, 5.009089747022678, 4.952798466799006, 2.1645417324173595, 3.0618547500985156, 0.7781808592657892]
APTIDAO: 
82.52508266680654
GEN: 4000
Individuo: 
[1.0108852897670586, 1.7731266159574586, 2.0082329080717485, 2.3488111228736424, 1.2864556607721145, 13.74438947307566, 2.5172783451991525, 499.72706752747007, 499.44276463161276, 499.66892700934477, 499.7019873465773, 1.5087552690678991, 4.303333052731149, 2.4020136921694406, 0.44408124125392373, 4.525382770595606, 1.0249779327105613, 4.804564342585212, 1.0514771636685885, 5.009089747022678, 4.952798466799006, 2.1645417324173595, 3.0618547500985156, 0.7168029029088685]
APTIDAO: 
82.52508112008526
GEN: 4100
Individuo: 
[1.0108852897670586, 1.7731266159574586, 2.0082329080717485, 2.3427516995795106, 1.2864556607721145, 13.74438947307566, 2.5172783451991525, 499.72706752747007, 499.44276463161276, 499.66892700934477, 499.7019873465773, 1.5087552690678991, 4.303333052731149, 2.4020136921694406, 0.44408124125392373, 4.449632323427454, 1.0249779327105613, 4.804564342585212, 1.0514771636685885, 5.009089747022678, 4.952798466799006, 2.1645417324173595, 3.0618547500985156, 0.7168029029088685]
APTIDAO: 
82.52501811497193
GEN: 4200
Individuo: 
[1.0108852897670586, 1.7715179787209099, 2.0082329080717485, 2.3427516995795106, 1.2864556607721145, 13.74438947307566, 2.5172783451991525, 499.72706752747007, 499.44276463161276, 499.9429123787721, 499.7019873465773, 1.5087552690678991, 4.303333052731149, 2.435733434847875, 0.44408124125392373, 4.449632323427454, 1.0249779327105613, 4.804564342585212, 1.0514771636685885, 5.009089747022678, 4.952798466799006, 3.5054038770206994, 3.0618547500985156, 0.7168029029088685]
APTIDAO: 
82.52494043378292
GEN: 4300
Individuo: 
[1.0108852897670586, 1.7715179787209099, 2.0082329080717485, 2.3427516995795106, 1.2864556607721145, 13.74438947307566, 2.5172783451991525, 499.72706752747007, 499.44276463161276, 499.9429123787721, 499.7019873465773, 1.5087552690678991, 4.303333052731149, 2.435733434847875, 0.44408124125392373, 4.449632323427454, 1.0249779327105613, 4.804564342585212, 1.0514771636685885, 5.009089747022678, 4.952798466799006, 3.5054038770206994, 3.0618547500985156, 0.7168029029088685]
APTIDAO: 
82.52494043378292
GEN: 4400
Individuo: 
[1.0170450372671809, 1.7715179787209099, 2.0082329080717485, 2.3427516995795106, 1.2864556607721145, 13.74438947307566, 2.5172783451991525, 499.72706752747007, 499.44276463161276, 499.9429123787721, 499.7019873465773, 1.5087552690678991, 2.907507971533489, 2.435733434847875, 0.44408124125392373, 4.449632323427454, 1.0249779327105613, 4.804564342585212, 1.0514771636685885, 5.009089747022678, 4.952798466799006, 3.5054038770206994, 3.0618547500985156, 0.7168029029088685]
APTIDAO: 
82.524585004696
GEN: 4500
Individuo: 
[1.0170450372671809, 1.7715179787209099, 2.0082329080717485, 2.3427516995795106, 1.2864556607721145, 13.74438947307566, 2.5172783451991525, 499.72706752747007, 499.44276463161276, 499.9429123787721, 499.7019873465773, 1.5087552690678991, 2.907507971533489, 2.435733434847875, 0.44408124125392373, 4.449632323427454, 1.0249779327105613, 4.804564342585212, 1.0514771636685885, 5.009089747022678, 4.952798466799006, 3.5054038770206994, 3.0618547500985156, 0.7168029029088685]
APTIDAO: 
82.524585004696
GEN: 4600
Individuo: 
[1.0227212723234569, 1.7580778811587017, 2.0082329080717485, 2.3427516995795106, 1.2864556607721145, 13.74438947307566, 2.507680225591893, 499.72706752747007, 499.44276463161276, 499.9429123787721, 499.7019873465773, 1.5087552690678991, 2.78533890959603, 2.0143400236634283, 0.44408124125392373, 4.449632323427454, 1.0249779327105613, 4.804564342585212, 0.8201419496841501, 5.009089747022678, 4.952798466799006, 3.5054038770206994, 3.0618547500985156, 0.7168029029088685]
APTIDAO: 
82.52274434881261
GEN: 4700
Individuo: 
[1.0227212723234569, 1.7580778811587017, 2.0082329080717485, 2.3427516995795106, 1.2864556607721145, 13.74438947307566, 2.507680225591893, 499.72706752747007, 499.44276463161276, 499.9429123787721, 499.7019873465773, 1.5087552690678991, 2.78533890959603, 2.0143400236634283, 0.44408124125392373, 4.449632323427454, 1.0249779327105613, 4.804564342585212, 0.8201419496841501, 5.009089747022678, 4.952798466799006, 3.5054038770206994, 3.0618547500985156, 0.7168029029088685]
APTIDAO: 
82.52274434881261
GEN: 4800
Individuo: 
[1.0227212723234569, 1.7580778811587017, 2.0082329080717485, 2.3427516995795106, 1.2864556607721145, 13.74438947307566, 2.507680225591893, 499.72706752747007, 499.44276463161276, 499.9429123787721, 499.7019873465773, 1.5087552690678991, 2.78533890959603, 2.0143400236634283, 0.44408124125392373, 4.449632323427454, 1.0249779327105613, 4.804564342585212, 0.8201419496841501, 5.009089747022678, 4.952798466799006, 3.5054038770206994, 3.0618547500985156, 0.7168029029088685]
APTIDAO: 
82.52274434881261
GEN: 4900
Individuo: 
[1.0227212723234569, 1.7580778811587017, 2.0082329080717485, 2.3427516995795106, 1.2864556607721145, 13.74438947307566, 2.507680225591893, 499.72706752747007, 499.44276463161276, 499.9429123787721, 499.7019873465773, 1.5087552690678991, 2.78533890959603, 2.0143400236634283, 0.44408124125392373, 4.449632323427454, 1.0249779327105613, 4.804564342585212, 0.8201419496841501, 5.009089747022678, 4.952798466799006, 3.5054038770206994, 3.0618547500985156, 0.7168029029088685]
APTIDAO: 
82.52274434881261
GEN: 5000
Individuo: 
[1.0227212723234569, 1.7580778811587017, 2.0082329080717485, 2.3427516995795106, 1.2864556607721145, 13.74438947307566, 2.507680225591893, 499.72706752747007, 499.44276463161276, 499.9429123787721, 499.7019873465773, 1.5087552690678991, 2.78533890959603, 2.0143400236634283, 0.44408124125392373, 4.449632323427454, 1.0249779327105613, 4.804564342585212, 0.8201419496841501, 5.009089747022678, 4.952798466799006, 3.5054038770206994, 3.0618547500985156, 0.7168029029088685]
APTIDAO: 
82.52274434881261
GEN: 5100
Individuo: 
[1.0227212723234569, 1.7580778811587017, 2.0082329080717485, 2.3427516995795106, 1.2864556607721145, 13.74438947307566, 2.507680225591893, 499.72706752747007, 499.44276463161276, 499.9429123787721, 499.7019873465773, 1.5087552690678991, 2.78533890959603, 2.0143400236634283, 0.44408124125392373, 4.449632323427454, 1.0249779327105613, 4.804564342585212, 0.8201419496841501, 5.009089747022678, 4.952798466799006, 3.5054038770206994, 3.0618547500985156, 0.7168029029088685]
APTIDAO: 
82.52274434881261
GEN: 5200
Individuo: 
[1.0227212723234569, 1.7580778811587017, 2.0082329080717485, 2.3427516995795106, 1.2864556607721145, 13.74438947307566, 2.507680225591893, 499.72706752747007, 499.44276463161276, 499.9429123787721, 499.7019873465773, 1.5087552690678991, 2.78533890959603, 2.0143400236634283, 0.44408124125392373, 4.449632323427454, 1.0249779327105613, 4.804564342585212, 0.8201419496841501, 5.009089747022678, 4.952798466799006, 3.5054038770206994, 3.0618547500985156, 0.7168029029088685]
APTIDAO: 
82.52274434881261
GEN: 5300
Individuo: 
[1.0227212723234569, 1.7580778811587017, 2.0082329080717485, 2.3427516995795106, 1.2864556607721145, 13.74438947307566, 2.507680225591893, 499.72706752747007, 499.44276463161276, 499.9429123787721, 499.7019873465773, 1.5087552690678991, 2.78533890959603, 2.0143400236634283, 0.44408124125392373, 4.449632323427454, 1.0249779327105613, 4.804564342585212, 0.8201419496841501, 5.009089747022678, 4.952798466799006, 3.5054038770206994, 3.0618547500985156, 0.7168029029088685]
APTIDAO: 
82.52274434881261
GEN: 5400
Individuo: 
[1.0227212723234569, 1.7580778811587017, 2.0082329080717485, 2.3427516995795106, 1.2864556607721145, 13.74438947307566, 2.507680225591893, 499.72706752747007, 499.44276463161276, 499.9429123787721, 499.7019873465773, 1.5087552690678991, 2.78533890959603, 2.0143400236634283, 0.44408124125392373, 4.449632323427454, 1.0249779327105613, 4.804564342585212, 0.8201419496841501, 5.009089747022678, 4.952798466799006, 3.5054038770206994, 3.0618547500985156, 0.7168029029088685]
APTIDAO: 
82.52274434881261
GEN: 5500
Individuo: 
[1.0227212723234569, 1.7580778811587017, 2.0082329080717485, 2.3427516995795106, 1.2864556607721145, 13.74438947307566, 2.507680225591893, 499.72706752747007, 499.44276463161276, 499.9429123787721, 499.7019873465773, 1.5087552690678991, 2.78533890959603, 2.0143400236634283, 0.44408124125392373, 4.449632323427454, 1.0249779327105613, 4.804564342585212, 0.8201419496841501, 5.009089747022678, 4.952798466799006, 3.5054038770206994, 3.0618547500985156, 0.7168029029088685]
APTIDAO: 
82.52274434881261
GEN: 5600
Individuo: 
[1.0227212723234569, 1.7580778811587017, 2.0082329080717485, 2.3427516995795106, 1.2864556607721145, 13.74438947307566, 2.507680225591893, 499.72706752747007, 499.44276463161276, 499.9429123787721, 499.7019873465773, 1.5069161333885637, 2.78533890959603, 2.0143400236634283, 0.44408124125392373, 4.449632323427454, 1.0249779327105613, 4.804564342585212, 0.8201419496841501, 5.009089747022678, 4.952798466799006, 3.5054038770206994, 3.0618547500985156, 0.6319674269175476]
APTIDAO: 
82.52272620639546
GEN: 5700
Individuo: 
[1.0227212723234569, 1.7580778811587017, 2.0082329080717485, 2.3427516995795106, 1.2864556607721145, 13.74438947307566, 2.507680225591893, 499.72706752747007, 499.44276463161276, 499.9429123787721, 499.7019873465773, 1.5069161333885637, 2.78533890959603, 2.0143400236634283, 0.44408124125392373, 4.449632323427454, 1.0249779327105613, 4.804564342585212, 0.8201419496841501, 5.009089747022678, 4.952798466799006, 3.5054038770206994, 3.0618547500985156, 0.6319674269175476]
APTIDAO: 
82.52272620639546
GEN: 5800
Individuo: 
[1.0227212723234569, 1.7580778811587017, 2.0082329080717485, 2.3427516995795106, 1.2864556607721145, 13.74438947307566, 2.507680225591893, 499.72706752747007, 499.44276463161276, 499.9429123787721, 499.7019873465773, 1.5069161333885637, 2.78533890959603, 2.0143400236634283, 0.44408124125392373, 4.449632323427454, 1.0249779327105613, 4.804564342585212, 0.8201419496841501, 5.009089747022678, 4.952798466799006, 3.5054038770206994, 3.0618547500985156, 0.6319674269175476]
APTIDAO: 
82.52272620639546
GEN: 5900
Individuo: 
[1.0227212723234569, 1.7580778811587017, 2.0082329080717485, 2.3427516995795106, 1.2864556607721145, 13.74438947307566, 2.507680225591893, 499.72706752747007, 499.44276463161276, 499.9429123787721, 499.7019873465773, 1.5069161333885637, 2.78533890959603, 2.0143400236634283, 0.44408124125392373, 4.449632323427454, 1.0249779327105613, 4.804564342585212, 0.8201419496841501, 5.009089747022678, 4.952798466799006, 3.5054038770206994, 3.0618547500985156, 0.6319674269175476]
APTIDAO: 
82.52272620639546
GEN: 6000
Individuo: 
[1.0227212723234569, 1.7580778811587017, 2.0082329080717485, 2.3427516995795106, 1.2864556607721145, 13.74438947307566, 2.507680225591893, 499.72706752747007, 499.44276463161276, 499.9429123787721, 499.7019873465773, 1.5069161333885637, 2.78533890959603, 2.0143400236634283, 0.44408124125392373, 4.449632323427454, 1.0249779327105613, 4.804564342585212, 0.8201419496841501, 5.009089747022678, 4.952798466799006, 3.5054038770206994, 3.0618547500985156, 0.6319674269175476]
APTIDAO: 
82.52272620639546
GEN: 6100
Individuo: 
[1.0227212723234569, 1.7580778811587017, 2.0082329080717485, 2.3427516995795106, 1.2864556607721145, 13.74438947307566, 2.514143873476543, 499.72706752747007, 499.44276463161276, 499.9429123787721, 499.7019873465773, 1.5069161333885637, 2.78533890959603, 2.0143400236634283, 0.44408124125392373, 4.449632323427454, 1.0249779327105613, 4.804564342585212, 1.1506995684167187, 5.009089747022678, 4.952798466799006, 3.5054038770206994, 3.0618547500985156, 0.6319674269175476]
APTIDAO: 
82.52270098294021
GEN: 6200
Individuo: 
[1.0227212723234569, 1.7580778811587017, 2.0082329080717485, 2.3427516995795106, 1.2864556607721145, 13.74438947307566, 2.514143873476543, 499.72706752747007, 499.6689071936128, 499.9429123787721, 499.7019873465773, 1.5069161333885637, 2.78533890959603, 2.0143400236634283, 0.44408124125392373, 4.449632323427454, 1.0249779327105613, 4.804564342585212, 1.1506995684167187, 5.009089747022678, 3.350885832284058, 3.5054038770206994, 3.0618547500985156, 0.6319674269175476]
APTIDAO: 
82.52270014597619
GEN: 6300
Individuo: 
[1.0227212723234569, 1.7580778811587017, 2.0082329080717485, 2.3427516995795106, 1.2864556607721145, 13.74438947307566, 2.514143873476543, 499.72706752747007, 499.6689071936128, 499.9429123787721, 499.7019873465773, 1.5069161333885637, 2.78533890959603, 2.0143400236634283, 0.44408124125392373, 4.449632323427454, 1.0249779327105613, 4.804564342585212, 1.1506995684167187, 5.009089747022678, 3.350885832284058, 3.5054038770206994, 3.0618547500985156, 0.6319674269175476]
APTIDAO: 
82.52270014597619
GEN: 6400
Individuo: 
[1.0227212723234569, 1.7580778811587017, 2.0082329080717485, 2.3427516995795106, 1.2864556607721145, 13.74438947307566, 2.514143873476543, 499.72706752747007, 499.6689071936128, 499.9429123787721, 499.7019873465773, 1.5069161333885637, 2.78533890959603, 2.0143400236634283, 0.44408124125392373, 4.449632323427454, 1.0249779327105613, 4.804564342585212, 1.1506995684167187, 5.009089747022678, 3.350885832284058, 3.5054038770206994, 3.0618547500985156, 0.6319674269175476]
APTIDAO: 
82.52270014597619
GEN: 6500
Individuo: 
[1.0227212723234569, 1.7580778811587017, 2.0082329080717485, 2.3427516995795106, 1.2864556607721145, 13.74438947307566, 2.514143873476543, 499.72706752747007, 499.6689071936128, 499.9429123787721, 499.7019873465773, 1.5069161333885637, 2.78533890959603, 2.0143400236634283, 0.44408124125392373, 4.449632323427454, 1.0249779327105613, 4.804564342585212, 1.1506995684167187, 5.009089747022678, 3.350885832284058, 3.5054038770206994, 3.0618547500985156, 0.6319674269175476]
APTIDAO: 
82.52270014597619
GEN: 6600
Individuo: 
[1.0227212723234569, 1.7580778811587017, 2.0082329080717485, 2.3427516995795106, 1.2864556607721145, 13.74438947307566, 2.514143873476543, 499.72706752747007, 499.6689071936128, 499.9429123787721, 499.7019873465773, 1.5069161333885637, 2.78533890959603, 2.0143400236634283, 0.44408124125392373, 4.449632323427454, 1.0249779327105613, 4.804564342585212, 1.1506995684167187, 5.009089747022678, 3.350885832284058, 3.5054038770206994, 3.0618547500985156, 0.6319674269175476]
APTIDAO: 
82.52270014597619
GEN: 6700
Individuo: 
[1.0227212723234569, 1.7580778811587017, 2.0082329080717485, 2.3427516995795106, 1.2864556607721145, 13.74438947307566, 2.514143873476543, 499.72706752747007, 499.6689071936128, 499.9429123787721, 499.7019873465773, 1.5069161333885637, 2.78533890959603, 2.0143400236634283, 0.44408124125392373, 4.449632323427454, 1.0249779327105613, 4.804564342585212, 1.1506995684167187, 5.009089747022678, 3.350885832284058, 3.5054038770206994, 3.0618547500985156, 0.6319674269175476]
APTIDAO: 
82.52270014597619
GEN: 6800
Individuo: 
[1.0227212723234569, 1.7580778811587017, 2.0082329080717485, 2.3427516995795106, 1.2835794422993279, 13.74438947307566, 2.514143873476543, 499.72706752747007, 499.6689071936128, 499.9429123787721, 499.7019873465773, 1.5069161333885637, 2.78533890959603, 2.0143400236634283, 0.44408124125392373, 4.449632323427454, 0.8489620235720793, 4.804564342585212, 1.1506995684167187, 5.009089747022678, 3.350885832284058, 3.5054038770206994, 3.0618547500985156, 0.6319674269175476]
APTIDAO: 
82.52252037770077
GEN: 6900
Individuo: 
[1.0227212723234569, 1.7580778811587017, 2.0082329080717485, 2.3427516995795106, 1.2835794422993279, 13.74438947307566, 2.514143873476543, 499.72706752747007, 499.6689071936128, 499.9429123787721, 499.7019873465773, 1.5069161333885637, 2.78533890959603, 2.0143400236634283, 0.44408124125392373, 4.449632323427454, 0.8489620235720793, 4.804564342585212, 1.1506995684167187, 5.009089747022678, 3.350885832284058, 3.5054038770206994, 3.0618547500985156, 0.6319674269175476]
APTIDAO: 
82.52252037770077
GEN: 7000
Individuo: 
[1.0227212723234569, 1.7580778811587017, 2.0082329080717485, 2.3427516995795106, 1.2835794422993279, 13.74438947307566, 2.514143873476543, 499.72706752747007, 499.6689071936128, 499.9429123787721, 499.7019873465773, 1.5069161333885637, 2.78533890959603, 2.0143400236634283, 0.44408124125392373, 4.449632323427454, 0.8489620235720793, 4.804564342585212, 1.1506995684167187, 5.009089747022678, 3.350885832284058, 3.5054038770206994, 3.0618547500985156, 0.6319674269175476]
APTIDAO: 
82.52252037770077
GEN: 7100
Individuo: 
[1.0227212723234569, 1.7580778811587017, 2.0082329080717485, 2.3427516995795106, 1.2835794422993279, 13.74438947307566, 2.514143873476543, 499.72706752747007, 499.6689071936128, 499.9429123787721, 499.7019873465773, 1.5069161333885637, 2.78533890959603, 2.0143400236634283, 0.44408124125392373, 4.449632323427454, 0.8489620235720793, 4.804564342585212, 1.1506995684167187, 5.009089747022678, 3.350885832284058, 3.5054038770206994, 3.0618547500985156, 0.6319674269175476]
APTIDAO: 
82.52252037770077
GEN: 7200
Individuo: 
[1.0227212723234569, 1.7580778811587017, 2.0082329080717485, 2.3427516995795106, 1.2835794422993279, 13.711183005716656, 2.514143873476543, 499.72706752747007, 499.6689071936128, 499.9429123787721, 499.7019873465773, 1.5069161333885637, 2.78533890959603, 2.0143400236634283, 0.44408124125392373, 4.449632323427454, 0.8489620235720793, 1.5522959512565373, 1.1506995684167187, 5.009089747022678, 3.350885832284058, 3.5054038770206994, 3.0618547500985156, 0.6319674269175476]
APTIDAO: 
82.52251533004814
GEN: 7300
Individuo: 
[1.0227212723234569, 1.7580778811587017, 2.0082329080717485, 2.3427516995795106, 1.2835794422993279, 13.711183005716656, 2.514143873476543, 499.72706752747007, 499.6689071936128, 499.9429123787721, 499.7019873465773, 1.5069161333885637, 2.78533890959603, 2.0143400236634283, 0.44408124125392373, 4.449632323427454, 0.8489620235720793, 1.5522959512565373, 1.1506995684167187, 5.009089747022678, 3.350885832284058, 3.5054038770206994, 3.0618547500985156, 0.6319674269175476]
APTIDAO: 
82.52251533004814
GEN: 7400
Individuo: 
[1.0227212723234569, 1.7580778811587017, 2.012432294301509, 2.3427516995795106, 1.2835794422993279, 13.711183005716656, 2.514143873476543, 499.72706752747007, 499.6689071936128, 499.9429123787721, 499.7019873465773, 1.5069161333885637, 2.78533890959603, 2.0143400236634283, 0.6886895447743246, 4.449632323427454, 0.8489620235720793, 1.5522959512565373, 1.1506995684167187, 5.009089747022678, 3.350885832284058, 3.5054038770206994, 3.0618547500985156, 0.6319674269175476]
APTIDAO: 
82.52249720593503
GEN: 7500
Individuo: 
[1.0227212723234569, 1.7580778811587017, 2.012432294301509, 2.3384988585697633, 1.2835794422993279, 13.715413277361655, 2.514143873476543, 499.72706752747007, 499.6689071936128, 499.9429123787721, 499.7019873465773, 1.5069161333885637, 2.78533890959603, 2.0143400236634283, 0.6886895447743246, 3.2782204800684274, 0.8489620235720793, 0.9310551536902016, 1.1506995684167187, 5.009089747022678, 3.350885832284058, 3.5054038770206994, 3.0618547500985156, 0.6319674269175476]
APTIDAO: 
82.52243808765515
GEN: 7600
Individuo: 
[1.0227212723234569, 1.7580778811587017, 2.012432294301509, 2.3384988585697633, 1.2835794422993279, 13.715413277361655, 2.514143873476543, 499.72706752747007, 499.6689071936128, 499.9429123787721, 499.7019873465773, 1.5069161333885637, 2.78533890959603, 2.0143400236634283, 0.6886895447743246, 3.2782204800684274, 0.8489620235720793, 0.9310551536902016, 1.1506995684167187, 5.009089747022678, 3.350885832284058, 3.5054038770206994, 3.0618547500985156, 0.6319674269175476]
APTIDAO: 
82.52243808765515
GEN: 7700
Individuo: 
[1.0227212723234569, 1.7580778811587017, 2.012432294301509, 2.3384988585697633, 1.2835794422993279, 13.715413277361655, 2.514143873476543, 499.72706752747007, 499.6689071936128, 499.9429123787721, 499.7019873465773, 1.5069161333885637, 2.78533890959603, 2.0143400236634283, 0.6886895447743246, 3.2782204800684274, 0.8489620235720793, 0.9310551536902016, 1.1506995684167187, 5.009089747022678, 3.350885832284058, 3.5054038770206994, 3.0618547500985156, 0.6319674269175476]
APTIDAO: 
82.52243808765515
GEN: 7800
Individuo: 
[1.0227212723234569, 1.7580778811587017, 2.012432294301509, 2.3384988585697633, 1.2835794422993279, 13.715413277361655, 2.514143873476543, 499.72706752747007, 499.6689071936128, 499.9429123787721, 499.7019873465773, 1.5069161333885637, 2.78533890959603, 2.0143400236634283, 0.6886895447743246, 3.2782204800684274, 0.8489620235720793, 0.9310551536902016, 1.1506995684167187, 5.009089747022678, 3.350885832284058, 3.5054038770206994, 3.0618547500985156, 0.6319674269175476]
APTIDAO: 
82.52243808765515
GEN: 7900
Individuo: 
[1.0227212723234569, 1.7580778811587017, 2.012432294301509, 2.3384988585697633, 1.2835794422993279, 13.715413277361655, 2.514143873476543, 499.72706752747007, 499.6689071936128, 499.9429123787721, 499.7019873465773, 1.5069161333885637, 2.78533890959603, 2.0143400236634283, 0.6886895447743246, 3.2782204800684274, 0.8489620235720793, 0.9310551536902016, 1.1506995684167187, 5.009089747022678, 3.350885832284058, 3.5054038770206994, 3.0618547500985156, 0.6319674269175476]
APTIDAO: 
82.52243808765515
GEN: 8000
Individuo: 
[1.0227212723234569, 1.7580778811587017, 2.012432294301509, 2.3384988585697633, 1.2835794422993279, 13.715413277361655, 2.514143873476543, 499.72706752747007, 499.6689071936128, 499.9429123787721, 499.7019873465773, 1.5069161333885637, 2.78533890959603, 2.0143400236634283, 0.6886895447743246, 3.2782204800684274, 0.8489620235720793, 0.9310551536902016, 1.1506995684167187, 5.009089747022678, 3.350885832284058, 3.5054038770206994, 3.0618547500985156, 0.6319674269175476]
APTIDAO: 
82.52243808765515
GEN: 8100
Individuo: 
[1.0227212723234569, 1.7580778811587017, 2.012432294301509, 2.3384988585697633, 1.2835794422993279, 13.715413277361655, 2.514143873476543, 499.72706752747007, 499.6689071936128, 499.9429123787721, 499.7019873465773, 1.5069161333885637, 2.78533890959603, 2.0143400236634283, 0.6886895447743246, 3.2782204800684274, 0.8489620235720793, 0.9310551536902016, 1.1506995684167187, 5.009089747022678, 3.350885832284058, 3.5054038770206994, 3.0618547500985156, 0.6319674269175476]
APTIDAO: 
82.52243808765515
GEN: 8200
Individuo: 
[1.0227212723234569, 1.7580778811587017, 2.012432294301509, 2.3384988585697633, 1.2835794422993279, 13.715413277361655, 2.514143873476543, 499.72706752747007, 499.6689071936128, 499.9429123787721, 499.7019873465773, 1.5069161333885637, 2.78533890959603, 2.0143400236634283, 0.6886895447743246, 3.2782204800684274, 0.8489620235720793, 0.9310551536902016, 1.1506995684167187, 5.009089747022678, 3.350885832284058, 3.5054038770206994, 3.0618547500985156, 0.6319674269175476]
APTIDAO: 
82.52243808765515
GEN: 8300
Individuo: 
[1.0227212723234569, 1.7580778811587017, 2.012432294301509, 2.3384988585697633, 1.2835794422993279, 13.715413277361655, 2.514143873476543, 499.72706752747007, 499.6689071936128, 499.9429123787721, 499.7019873465773, 1.5069161333885637, 2.78533890959603, 2.0143400236634283, 0.6886895447743246, 3.2782204800684274, 0.8489620235720793, 0.9310551536902016, 1.1506995684167187, 5.009089747022678, 3.350885832284058, 3.5054038770206994, 3.0618547500985156, 0.6319674269175476]
APTIDAO: 
82.52243808765515
GEN: 8400
Individuo: 
[1.0227212723234569, 1.7580778811587017, 2.012432294301509, 2.3384988585697633, 1.2835794422993279, 13.715413277361655, 2.514143873476543, 499.72706752747007, 499.6689071936128, 499.9429123787721, 499.7019873465773, 1.5069161333885637, 2.78533890959603, 2.0143400236634283, 0.6886895447743246, 3.2782204800684274, 0.8489620235720793, 0.9310551536902016, 1.1506995684167187, 5.009089747022678, 3.350885832284058, 3.5054038770206994, 3.0618547500985156, 0.6319674269175476]
APTIDAO: 
82.52243808765515
GEN: 8500
Individuo: 
[1.0227212723234569, 1.7580778811587017, 2.012432294301509, 2.3384988585697633, 1.2835794422993279, 13.715413277361655, 2.514143873476543, 499.72706752747007, 499.6689071936128, 499.9429123787721, 499.9155121864837, 1.5069161333885637, 2.78533890959603, 2.0143400236634283, 0.6886895447743246, 3.2782204800684274, 0.8489620235720793, 0.9310551536902016, 1.1506995684167187, 5.009089747022678, 3.350885832284058, 3.5054038770206994, 2.182234187687956, 0.6319674269175476]
APTIDAO: 
82.52243319001704
GEN: 8600
Individuo: 
[1.0227212723234569, 1.7580778811587017, 2.012432294301509, 2.3384988585697633, 1.2830889341299192, 13.715413277361655, 2.514143873476543, 499.72706752747007, 499.6689071936128, 499.9429123787721, 499.9155121864837, 1.5069161333885637, 2.78533890959603, 2.0143400236634283, 0.6886895447743246, 3.2782204800684274, 0.7358968132394407, 0.9310551536902016, 1.1506995684167187, 5.009089747022678, 3.350885832284058, 3.5054038770206994, 2.182234187687956, 0.6319674269175476]
APTIDAO: 
82.52242569623121
GEN: 8700
Individuo: 
[1.0227212723234569, 1.7580778811587017, 2.0143175816016385, 2.3384988585697633, 1.2830889341299192, 13.715413277361655, 2.514143873476543, 499.72706752747007, 499.6689071936128, 499.9429123787721, 499.9155121864837, 1.5069161333885637, 2.78533890959603, 2.0143400236634283, 0.8535778984013908, 3.2782204800684274, 0.7358968132394407, 0.9310551536902016, 1.1506995684167187, 5.009089747022678, 3.350885832284058, 3.5054038770206994, 2.182234187687956, 0.6319674269175476]
APTIDAO: 
82.52239973736766
GEN: 8800
Individuo: 
[1.0227212723234569, 1.7580778811587017, 2.0143175816016385, 2.3384988585697633, 1.2830889341299192, 13.715413277361655, 2.514143873476543, 499.72706752747007, 499.6689071936128, 499.9429123787721, 499.9155121864837, 1.5069161333885637, 2.78533890959603, 2.0143400236634283, 0.8535778984013908, 3.2782204800684274, 0.7358968132394407, 0.9310551536902016, 1.1506995684167187, 5.009089747022678, 3.350885832284058, 3.5054038770206994, 2.182234187687956, 0.6319674269175476]
APTIDAO: 
82.52239973736766
GEN: 8900
Individuo: 
[1.0227212723234569, 1.7580778811587017, 2.0143175816016385, 2.3384988585697633, 1.2830889341299192, 13.769772882904451, 2.514143873476543, 499.72706752747007, 499.6689071936128, 499.9429123787721, 499.9155121864837, 1.5069161333885637, 2.78533890959603, 2.0143400236634283, 0.8535778984013908, 3.2782204800684274, 0.7358968132394407, 1.2034200769946195, 1.1506995684167187, 5.009089747022678, 3.350885832284058, 3.5054038770206994, 2.182234187687956, 0.6319674269175476]
APTIDAO: 
82.52238123858571
GEN: 9000
Individuo: 
[1.0227212723234569, 1.7580778811587017, 2.0143175816016385, 2.3384988585697633, 1.2830889341299192, 13.769772882904451, 2.514143873476543, 499.72706752747007, 499.6689071936128, 499.9429123787721, 499.9155121864837, 1.5069161333885637, 2.78533890959603, 2.0143400236634283, 0.8535778984013908, 3.2782204800684274, 0.7358968132394407, 1.2034200769946195, 1.1506995684167187, 5.009089747022678, 3.350885832284058, 3.5054038770206994, 2.182234187687956, 0.6319674269175476]
APTIDAO: 
82.52238123858571
GEN: 9100
Individuo: 
[1.0227212723234569, 1.7580778811587017, 2.0143175816016385, 2.3384988585697633, 1.2830889341299192, 13.769772882904451, 2.514143873476543, 499.72706752747007, 499.6689071936128, 499.9429123787721, 499.9155121864837, 1.5073882328946917, 2.78533890959603, 2.0143400236634283, 0.8535778984013908, 3.2782204800684274, 0.7358968132394407, 1.2034200769946195, 1.1506995684167187, 5.009089747022678, 3.350885832284058, 3.5054038770206994, 2.182234187687956, 0.7594678421082293]
APTIDAO: 
82.5223769804863
GEN: 9200
Individuo: 
[1.0227212723234569, 1.7580778811587017, 2.0143175816016385, 2.3384988585697633, 1.2830889341299192, 13.769772882904451, 2.514143873476543, 499.72706752747007, 499.6689071936128, 499.9429123787721, 499.9155121864837, 1.5073882328946917, 2.78533890959603, 2.0143400236634283, 0.8535778984013908, 3.2782204800684274, 0.7358968132394407, 1.2034200769946195, 1.1506995684167187, 5.009089747022678, 3.350885832284058, 3.5054038770206994, 2.182234187687956, 0.7594678421082293]
APTIDAO: 
82.5223769804863
GEN: 9300
Individuo: 
[1.0227212723234569, 1.7580778811587017, 2.0143175816016385, 2.3384988585697633, 1.2830889341299192, 13.769772882904451, 2.514143873476543, 499.72706752747007, 499.6689071936128, 499.9429123787721, 499.9155121864837, 1.5073882328946917, 2.78533890959603, 2.0143400236634283, 0.8535778984013908, 3.2782204800684274, 0.7358968132394407, 1.2034200769946195, 1.1506995684167187, 5.009089747022678, 3.350885832284058, 3.5054038770206994, 2.182234187687956, 0.7594678421082293]
APTIDAO: 
82.5223769804863
GEN: 9400
Individuo: 
[1.0227212723234569, 1.7580778811587017, 2.0143175816016385, 2.3384988585697633, 1.2830889341299192, 13.769772882904451, 2.514143873476543, 499.72706752747007, 499.6689071936128, 499.9429123787721, 499.9155121864837, 1.5073882328946917, 2.78533890959603, 2.0143400236634283, 0.8535778984013908, 3.2782204800684274, 0.7358968132394407, 1.2034200769946195, 1.1506995684167187, 5.009089747022678, 3.350885832284058, 3.5054038770206994, 2.182234187687956, 0.7594678421082293]
APTIDAO: 
82.5223769804863
GEN: 9500
Individuo: 
[1.0227212723234569, 1.7580778811587017, 2.0143175816016385, 2.3384988585697633, 1.2830889341299192, 13.769772882904451, 2.514143873476543, 499.72706752747007, 499.6689071936128, 499.9429123787721, 499.9155121864837, 1.5073882328946917, 2.78533890959603, 2.0143400236634283, 0.8535778984013908, 3.2782204800684274, 0.7358968132394407, 1.2034200769946195, 1.1506995684167187, 5.009089747022678, 3.350885832284058, 3.5054038770206994, 2.182234187687956, 0.7594678421082293]
APTIDAO: 
82.5223769804863
GEN: 9600
Individuo: 
[1.0227212723234569, 1.7580778811587017, 2.0143175816016385, 2.3384988585697633, 1.2830889341299192, 13.769772882904451, 2.514143873476543, 499.72706752747007, 499.6689071936128, 499.9429123787721, 499.9155121864837, 1.5073882328946917, 2.78533890959603, 2.0143400236634283, 0.8535778984013908, 3.2782204800684274, 0.7358968132394407, 1.2034200769946195, 1.1506995684167187, 5.009089747022678, 3.350885832284058, 3.5054038770206994, 2.182234187687956, 0.7594678421082293]
APTIDAO: 
82.5223769804863
GEN: 9700
Individuo: 
[1.0227212723234569, 1.7580778811587017, 2.0143175816016385, 2.3384988585697633, 1.2830889341299192, 13.769772882904451, 2.514143873476543, 499.72706752747007, 499.6689071936128, 499.9429123787721, 499.9155121864837, 1.5073882328946917, 2.78533890959603, 2.0143400236634283, 0.8535778984013908, 3.2782204800684274, 0.7358968132394407, 1.2034200769946195, 1.1506995684167187, 5.009089747022678, 3.350885832284058, 3.5054038770206994, 2.182234187687956, 0.7594678421082293]
APTIDAO: 
82.5223769804863
GEN: 9800
Individuo: 
[1.0227212723234569, 1.7580778811587017, 2.0143175816016385, 2.3384988585697633, 1.2830889341299192, 13.769772882904451, 2.514143873476543, 499.72706752747007, 499.6689071936128, 499.9429123787721, 499.9155121864837, 1.5073882328946917, 2.78533890959603, 2.0143400236634283, 0.8535778984013908, 3.2782204800684274, 0.7358968132394407, 1.2034200769946195, 1.1506995684167187, 5.009089747022678, 3.350885832284058, 3.5054038770206994, 2.182234187687956, 0.7594678421082293]
APTIDAO: 
82.5223769804863
GEN: 9900
Individuo: 
[1.0227212723234569, 1.7580778811587017, 2.0143175816016385, 2.3384988585697633, 1.2830889341299192, 13.769772882904451, 2.514143873476543, 499.72706752747007, 499.6689071936128, 499.9429123787721, 499.9155121864837, 1.5073882328946917, 2.78533890959603, 2.0143400236634283, 0.8535778984013908, 3.2782204800684274, 0.7358968132394407, 1.2034200769946195, 1.1506995684167187, 5.009089747022678, 3.350885832284058, 3.5054038770206994, 2.182234187687956, 0.7594678421082293]
APTIDAO: 
82.5223769804863
GEN: 10000
Individuo: 
[1.0227212723234569, 1.7580778811587017, 2.0143175816016385, 2.3384988585697633, 1.2830889341299192, 13.769772882904451, 2.514143873476543, 499.72706752747007, 499.6689071936128, 499.9429123787721, 499.9155121864837, 1.5073882328946917, 2.78533890959603, 2.0143400236634283, 0.8535778984013908, 3.2782204800684274, 0.7358968132394407, 1.2034200769946195, 1.1506995684167187, 5.009089747022678, 3.350885832284058, 3.5054038770206994, 2.182234187687956, 0.7594678421082293]
APTIDAO: 
82.5223769804863

--- RESULTADO FINAL ---
Erro (norma-1): 82.5223769804863
Parametros: [1.0227212723234569, 1.7580778811587017, 2.0143175816016385, 2.3384988585697633, 1.2830889341299192, 13.769772882904451, 2.514143873476543, 499.72706752747007, 499.6689071936128, 499.9429123787721, 499.9155121864837, 1.5073882328946917]
Tempo total: 00h 28m 42s
