SEED: 1778416875
BOUNDS: tau=[0.1, 5.0]  Km=[0.01, 10.0]
GEN: 0
Individuo: 
[1.0326765397134015, 0.6646018254527923, 1.983146845306845, 4.979991165563017, 2.7742450297196446, 9.528701053736787, 2.781831550260168, 2.275959983273328, 4.251790668564086, 7.412897152027007, 7.903772852922, 0.3009544470702628, 8.553663252371951, 4.488487639726618, 4.424865054417185, 3.622391895664861, 3.962605757020982, 6.489971494153489, 9.008304693538305, 9.743192746238293, 0.9022541857462008, 3.2494361743766613, 3.904461920444646, 4.7638454379698425]
APTIDAO: 
94.09697220851722
GEN: 100
Individuo: 
[1.0326765397134015, 1.6565250296962455, 1.9839982760429598, 2.987946947267229, 1.1414052219519972, 6.294874875845746, 4.631569605217404, 9.824084842546782, 9.697985065194347, 9.93112631895216, 9.759970447215819, 2.7825836656058986, 8.553663252371951, 8.034254020671558, 5.853147992668134, 2.16105074030505, 3.7705794772474612, 8.05318430583261, 10.0, 6.774198186146975, 1.5182330368739245, 1.6304480715746144, 1.8732664847831444, 5.799070339270142]
APTIDAO: 
84.02817441651194
GEN: 200
Individuo: 
[1.0326765397134015, 1.8107555524671364, 1.9921363217941703, 2.7354634430473057, 1.174705100121685, 6.294874875845746, 3.722254719355013, 9.824084842546782, 9.798245793044881, 9.990768730746094, 9.906471576548194, 4.231029122116198, 8.553663252371951, 3.503312466293325, 3.4403261485220193, 7.034822697377757, 1.713099166246664, 8.05318430583261, 10.0, 6.774198186146975, 2.3100433107578007, 1.6843701580675912, 2.2021539262539878, 10.0]
APTIDAO: 
83.83628537453846
GEN: 300
Individuo: 
[1.0326765397134015, 1.8107555524671364, 1.9288687969730802, 2.5337134244864736, 1.286340998254803, 6.294874875845746, 3.571481076285683, 9.824084842546782, 9.798245793044881, 9.990768730746094, 9.906471576548194, 4.487307665813166, 8.553663252371951, 3.503312466293325, 4.734564083322563, 6.214719333147314, 2.3681804157602744, 8.05318430583261, 5.3673958568479385, 6.774198186146975, 2.3100433107578007, 1.6843701580675912, 2.2021539262539878, 1.5695841195331235]
APTIDAO: 
83.75548712225921
GEN: 400
Individuo: 
[1.0326765397134015, 1.8107555524671364, 1.9288687969730802, 2.5337134244864736, 1.2910733293371215, 6.294874875845746, 3.278417886947591, 9.98400169361001, 9.798245793044881, 9.990768730746094, 9.93274288967723, 4.333093073726958, 8.553663252371951, 3.503312466293325, 4.734564083322563, 6.214719333147314, 1.4611799834137493, 8.05318430583261, 6.640320405062181, 9.974060759625624, 2.3100433107578007, 1.6843701580675912, 3.760993610360994, 1.0486936212347953]
APTIDAO: 
83.74348006888076
GEN: 500
Individuo: 
[1.0326765397134015, 1.8107555524671364, 1.9288687969730802, 2.5337134244864736, 1.3024729199427945, 6.011925510356269, 3.278417886947591, 9.98400169361001, 9.963325507726415, 9.990768730746094, 9.93274288967723, 4.550808844125276, 8.553663252371951, 3.503312466293325, 4.734564083322563, 6.214719333147314, 1.0318815534407635, 4.733812533220303, 6.640320405062181, 9.974060759625624, 2.427686879990698, 1.6843701580675912, 3.760993610360994, 1.0057090083200424]
APTIDAO: 
83.73673820965624
GEN: 600
Individuo: 
[1.0339909222456587, 1.8107555524671364, 1.9288687969730802, 2.5337134244864736, 1.3024729199427945, 6.011925510356269, 3.278417886947591, 9.98400169361001, 9.963325507726415, 9.990768730746094, 9.93274288967723, 4.550808844125276, 6.609400605110837, 3.503312466293325, 4.734564083322563, 6.214719333147314, 1.0318815534407635, 4.733812533220303, 6.640320405062181, 9.974060759625624, 2.427686879990698, 1.6843701580675912, 3.760993610360994, 1.0057090083200424]
APTIDAO: 
83.7364484771908
GEN: 700
Individuo: 
[1.0339909222456587, 1.8192790400988597, 1.9288687969730802, 2.5016730015626027, 1.3024729199427945, 6.011925510356269, 3.278417886947591, 9.98400169361001, 9.963325507726415, 9.990768730746094, 9.976233625358653, 4.688324893493799, 6.609400605110837, 2.090133840549609, 4.734564083322563, 5.041113467102506, 1.0318815534407635, 4.733812533220303, 6.640320405062181, 9.974060759625624, 2.427686879990698, 1.6843701580675912, 5.457667807546418, 1.3920422256147273]
APTIDAO: 
83.73161995761231
GEN: 800
Individuo: 
[1.0339909222456587, 1.8192790400988597, 1.9288687969730802, 2.4954972736497654, 1.3024729199427945, 6.011925510356269, 3.278417886947591, 9.98400169361001, 9.963325507726415, 9.990768730746094, 9.978648277494509, 4.688324893493799, 6.609400605110837, 2.090133840549609, 4.734564083322563, 5.569331449310746, 1.0318815534407635, 4.733812533220303, 6.640320405062181, 9.974060759625624, 2.427686879990698, 1.6843701580675912, 2.559787233333475, 1.3920422256147273]
APTIDAO: 
83.73129238467597
GEN: 900
Individuo: 
[1.0339909222456587, 1.8192790400988597, 1.9288687969730802, 2.4954972736497654, 1.3024729199427945, 6.011925510356269, 3.278417886947591, 9.98400169361001, 9.97610201318163, 9.990768730746094, 9.976233625358653, 4.677101716170774, 6.609400605110837, 2.090133840549609, 4.734564083322563, 5.569331449310746, 1.0318815534407635, 4.733812533220303, 6.640320405062181, 9.974060759625624, 2.390874693821721, 1.6843701580675912, 5.457667807546418, 0.9649228576640386]
APTIDAO: 
83.73116071918153
GEN: 1000
Individuo: 
[1.0339909222456587, 1.8192790400988597, 1.9288687969730802, 2.4954972736497654, 1.3024729199427945, 6.011925510356269, 3.278417886947591, 9.98400169361001, 9.986376802426664, 9.990768730746094, 9.976233625358653, 4.677101716170774, 6.609400605110837, 2.090133840549609, 4.734564083322563, 5.569331449310746, 1.0318815534407635, 4.733812533220303, 6.640320405062181, 9.974060759625624, 7.348323190031399, 1.6843701580675912, 5.457667807546418, 0.9649228576640386]
APTIDAO: 
83.7309211287763
GEN: 1100
Individuo: 
[1.0339909222456587, 1.8192790400988597, 1.9288687969730802, 2.4954972736497654, 1.3024729199427945, 6.011925510356269, 3.278417886947591, 9.98400169361001, 9.989082581482903, 9.990768730746094, 9.976233625358653, 4.677101716170774, 6.609400605110837, 2.090133840549609, 4.734564083322563, 5.569331449310746, 1.0318815534407635, 4.733812533220303, 6.640320405062181, 9.974060759625624, 4.583290444178039, 1.6843701580675912, 5.457667807546418, 0.9649228576640386]
APTIDAO: 
83.73085811436626
GEN: 1200
Individuo: 
[1.0339909222456587, 1.8192790400988597, 1.9288687969730802, 2.4954972736497654, 1.3024729199427945, 6.011925510356269, 3.278417886947591, 9.98400169361001, 9.989082581482903, 9.990768730746094, 9.976233625358653, 4.677101716170774, 6.609400605110837, 2.090133840549609, 4.734564083322563, 5.569331449310746, 1.0318815534407635, 4.733812533220303, 6.640320405062181, 9.974060759625624, 4.583290444178039, 1.6843701580675912, 5.457667807546418, 0.9649228576640386]
APTIDAO: 
83.73085811436626
GEN: 1300
Individuo: 
[1.0339909222456587, 1.8192790400988597, 1.9288687969730802, 2.4954972736497654, 1.3024729199427945, 6.011925510356269, 3.278417886947591, 9.98400169361001, 9.989082581482903, 9.990768730746094, 9.976233625358653, 4.677101716170774, 6.609400605110837, 2.090133840549609, 4.734564083322563, 5.569331449310746, 1.0318815534407635, 4.733812533220303, 6.640320405062181, 9.974060759625624, 4.583290444178039, 1.6843701580675912, 5.457667807546418, 0.9649228576640386]
APTIDAO: 
83.73085811436626
GEN: 1400
Individuo: 
[1.0339909222456587, 1.8192790400988597, 1.9288687969730802, 2.4954972736497654, 1.3024729199427945, 6.011925510356269, 3.278417886947591, 9.98400169361001, 9.989082581482903, 9.990768730746094, 9.976233625358653, 4.6577925043892465, 6.609400605110837, 2.090133840549609, 4.734564083322563, 5.569331449310746, 1.0318815534407635, 4.733812533220303, 6.640320405062181, 9.974060759625624, 4.583290444178039, 1.6843701580675912, 5.457667807546418, 1.3338393315161368]
APTIDAO: 
83.73085105207711
GEN: 1500
Individuo: 
[1.0339909222456587, 1.8192790400988597, 1.9288687969730802, 2.4954972736497654, 1.3024729199427945, 6.011925510356269, 3.278417886947591, 9.98400169361001, 9.989082581482903, 9.990768730746094, 9.976233625358653, 4.6577925043892465, 6.609400605110837, 2.090133840549609, 4.734564083322563, 5.569331449310746, 1.0318815534407635, 4.733812533220303, 6.640320405062181, 9.974060759625624, 4.583290444178039, 1.6843701580675912, 5.457667807546418, 1.3338393315161368]
APTIDAO: 
83.73085105207711
GEN: 1600
Individuo: 
[1.0346718453252766, 1.8192790400988597, 1.9288687969730802, 2.4954972736497654, 1.3024729199427945, 6.011925510356269, 3.278417886947591, 9.98400169361001, 9.989082581482903, 9.990768730746094, 9.983034628277544, 4.6577925043892465, 5.098130175763989, 2.090133840549609, 4.734564083322563, 5.569331449310746, 1.0318815534407635, 4.733812533220303, 6.640320405062181, 9.974060759625624, 4.583290444178039, 1.6843701580675912, 7.975226942538799, 1.3338393315161368]
APTIDAO: 
83.7301642479335
GEN: 1700
Individuo: 
[1.0346718453252766, 1.8192790400988597, 1.9288687969730802, 2.4954972736497654, 1.3024729199427945, 6.011925510356269, 3.278417886947591, 9.98400169361001, 9.992748856914691, 9.995476686200162, 9.983034628277544, 4.638940964818749, 5.098130175763989, 2.090133840549609, 4.734564083322563, 5.569331449310746, 1.0318815534407635, 4.733812533220303, 6.640320405062181, 9.974060759625624, 7.81574757678205, 1.5203746445543465, 7.975226942538799, 1.161009565498706]
APTIDAO: 
83.72996605800276
GEN: 1800
Individuo: 
[1.0346718453252766, 1.8192790400988597, 1.9288687969730802, 2.4950326460311616, 1.3024729199427945, 6.011925510356269, 3.278417886947591, 9.98400169361001, 9.992748856914691, 9.995476686200162, 9.983034628277544, 4.638940964818749, 5.098130175763989, 2.090133840549609, 4.734564083322563, 3.8264667334527074, 1.0318815534407635, 4.733812533220303, 6.640320405062181, 9.974060759625624, 7.81574757678205, 1.5203746445543465, 7.975226942538799, 1.161009565498706]
APTIDAO: 
83.72995528823114
GEN: 1900
Individuo: 
[1.0346718453252766, 1.8192790400988597, 1.9288687969730802, 2.4950326460311616, 1.3024729199427945, 6.011925510356269, 3.278417886947591, 9.98400169361001, 9.992748856914691, 9.995476686200162, 9.983034628277544, 4.638940964818749, 5.098130175763989, 2.090133840549609, 4.734564083322563, 3.8264667334527074, 1.0318815534407635, 4.733812533220303, 6.640320405062181, 9.974060759625624, 7.81574757678205, 1.5203746445543465, 7.975226942538799, 1.161009565498706]
APTIDAO: 
83.72995528823114
GEN: 2000
Individuo: 
[1.0346718453252766, 1.8192790400988597, 1.9288687969730802, 2.4950326460311616, 1.3091819686950077, 5.944556903263995, 3.2704262005998053, 9.98400169361001, 9.992748856914691, 9.995476686200162, 9.983034628277544, 4.752268884956828, 5.098130175763989, 2.090133840549609, 4.734564083322563, 3.8264667334527074, 0.8754212358531415, 7.701928795631456, 3.181644017808949, 9.974060759625624, 7.81574757678205, 1.5203746445543465, 7.975226942538799, 0.5837022431388833]
APTIDAO: 
83.72912637069435
GEN: 2100
Individuo: 
[1.0346718453252766, 1.8192790400988597, 1.9288687969730802, 2.4950326460311616, 1.3091395545791265, 5.944556903263995, 3.2413177271408276, 9.98400169361001, 9.992748856914691, 9.995476686200162, 9.983034628277544, 4.82806652801262, 5.098130175763989, 2.090133840549609, 4.734564083322563, 3.8264667334527074, 1.1203790061294818, 7.701928795631456, 0.9566052405048898, 9.974060759625624, 7.81574757678205, 1.5203746445543465, 7.975226942538799, 0.7600941193102801]
APTIDAO: 
83.7285068531734
GEN: 2200
Individuo: 
[1.0346718453252766, 1.8192790400988597, 1.9288687969730802, 2.4950326460311616, 1.3091395545791265, 5.944556903263995, 3.2413177271408276, 9.98400169361001, 9.992748856914691, 9.995476686200162, 9.988447102096615, 4.82806652801262, 5.098130175763989, 2.090133840549609, 4.734564083322563, 3.8264667334527074, 1.1203790061294818, 7.701928795631456, 0.9566052405048898, 9.974060759625624, 7.81574757678205, 1.5203746445543465, 8.27147044974883, 0.7600941193102801]
APTIDAO: 
83.728091117296
GEN: 2300
Individuo: 
[1.0346718453252766, 1.8192790400988597, 1.9288687969730802, 2.4950326460311616, 1.3091395545791265, 5.944556903263995, 3.2413177271408276, 9.98400169361001, 9.992748856914691, 9.995476686200162, 9.988447102096615, 4.860602027259567, 5.098130175763989, 2.090133840549609, 4.734564083322563, 3.8264667334527074, 1.1203790061294818, 7.701928795631456, 0.9566052405048898, 9.974060759625624, 7.81574757678205, 1.5203746445543465, 8.27147044974883, 0.9771952111933658]
APTIDAO: 
83.72807286008236
GEN: 2400
Individuo: 
[1.0346718453252766, 1.8192790400988597, 1.9288687969730802, 2.4950326460311616, 1.3091395545791265, 5.944556903263995, 3.2413177271408276, 9.98400169361001, 9.992748856914691, 9.995476686200162, 9.988447102096615, 4.857907082491649, 5.098130175763989, 2.090133840549609, 4.734564083322563, 3.8264667334527074, 1.1203790061294818, 7.701928795631456, 0.9566052405048898, 9.974060759625624, 7.81574757678205, 1.5203746445543465, 8.27147044974883, 0.8661018340838577]
APTIDAO: 
83.7280721197658
GEN: 2500
Individuo: 
[1.0404423326052028, 1.8192790400988597, 1.9288687969730802, 2.4950326460311616, 1.3091395545791265, 5.944556903263995, 3.2413177271408276, 9.98400169361001, 9.992748856914691, 9.995476686200162, 9.988447102096615, 5.14267309730447, 2.56129173005351, 2.090133840549609, 4.734564083322563, 3.8264667334527074, 1.1203790061294818, 7.701928795631456, 0.9566052405048898, 9.974060759625624, 7.81574757678205, 1.5203746445543465, 8.27147044974883, 0.9809444563288119]
APTIDAO: 
83.72780723677248
GEN: 2600
Individuo: 
[1.0404423326052028, 1.8192790400988597, 1.9288687969730802, 2.486647375188088, 1.3091395545791265, 5.874056530278709, 3.2413177271408276, 9.98400169361001, 9.992748856914691, 9.995476686200162, 9.988447102096615, 5.14267309730447, 2.56129173005351, 2.090133840549609, 4.734564083322563, 3.3389247906232793, 1.1203790061294818, 10.0, 0.9566052405048898, 9.974060759625624, 7.81574757678205, 1.5203746445543465, 8.27147044974883, 0.9809444563288119]
APTIDAO: 
83.72685176901554
GEN: 2700
Individuo: 
[1.0404423326052028, 1.8192790400988597, 1.9288687969730802, 2.486647375188088, 1.3091395545791265, 5.874056530278709, 3.2413177271408276, 9.98400169361001, 9.992748856914691, 9.995476686200162, 9.988447102096615, 5.14267309730447, 2.56129173005351, 2.090133840549609, 4.734564083322563, 3.3389247906232793, 1.1203790061294818, 10.0, 0.9566052405048898, 9.974060759625624, 7.81574757678205, 1.5203746445543465, 8.27147044974883, 0.9809444563288119]
APTIDAO: 
83.72685176901554
GEN: 2800
Individuo: 
[1.0404423326052028, 1.8192790400988597, 1.9192638682904382, 2.486647375188088, 1.3091395545791265, 5.874056530278709, 3.2413177271408276, 9.98400169361001, 9.992748856914691, 9.995476686200162, 9.988447102096615, 5.011523517128422, 2.56129173005351, 2.090133840549609, 3.2570875401318844, 3.3389247906232793, 1.1203790061294818, 10.0, 0.9566052405048898, 9.974060759625624, 7.81574757678205, 1.5203746445543465, 8.27147044974883, 1.8961932682264853]
APTIDAO: 
83.7260555905315
GEN: 2900
Individuo: 
[1.0404423326052028, 1.8192790400988597, 1.9192638682904382, 2.486647375188088, 1.3091395545791265, 5.874056530278709, 3.2413177271408276, 9.98400169361001, 9.992748856914691, 9.995476686200162, 9.988447102096615, 5.011523517128422, 2.56129173005351, 2.090133840549609, 3.2570875401318844, 3.3389247906232793, 1.1203790061294818, 10.0, 0.9566052405048898, 9.974060759625624, 7.81574757678205, 1.5203746445543465, 8.27147044974883, 1.8961932682264853]
APTIDAO: 
83.7260555905315
GEN: 3000
Individuo: 
[1.0404423326052028, 1.8192790400988597, 1.9192638682904382, 2.486647375188088, 1.3091395545791265, 5.874056530278709, 3.2413177271408276, 9.98400169361001, 9.992748856914691, 9.995476686200162, 9.988447102096615, 5.011523517128422, 2.56129173005351, 2.090133840549609, 3.2570875401318844, 3.3389247906232793, 1.1203790061294818, 10.0, 0.9566052405048898, 9.974060759625624, 7.81574757678205, 1.5203746445543465, 8.27147044974883, 1.8961932682264853]
APTIDAO: 
83.7260555905315
GEN: 3100
Individuo: 
[1.0404423326052028, 1.8192790400988597, 1.9192638682904382, 2.486647375188088, 1.3091395545791265, 5.874056530278709, 3.2413177271408276, 9.98400169361001, 9.992748856914691, 9.995476686200162, 9.988447102096615, 5.011523517128422, 2.56129173005351, 2.090133840549609, 3.2570875401318844, 3.3389247906232793, 1.1203790061294818, 10.0, 0.9566052405048898, 9.974060759625624, 7.81574757678205, 1.5203746445543465, 8.27147044974883, 1.8961932682264853]
APTIDAO: 
83.7260555905315
GEN: 3200
Individuo: 
[1.0404423326052028, 1.8192790400988597, 1.9192638682904382, 2.486647375188088, 1.3091395545791265, 5.874056530278709, 3.2413177271408276, 9.988607315072453, 9.992748856914691, 9.995476686200162, 9.988447102096615, 5.011523517128422, 2.56129173005351, 2.090133840549609, 3.2570875401318844, 3.3389247906232793, 1.1203790061294818, 10.0, 0.9566052405048898, 4.755084985151241, 7.81574757678205, 1.5203746445543465, 8.27147044974883, 1.8961932682264853]
APTIDAO: 
83.72597850395539
GEN: 3300
Individuo: 
[1.0404423326052028, 1.8192790400988597, 1.9192638682904382, 2.486647375188088, 1.3091395545791265, 5.874056530278709, 3.2413177271408276, 9.988607315072453, 9.992748856914691, 9.995476686200162, 9.988447102096615, 5.011523517128422, 2.56129173005351, 2.090133840549609, 3.2570875401318844, 3.3389247906232793, 1.1203790061294818, 10.0, 0.9566052405048898, 4.755084985151241, 7.81574757678205, 1.5203746445543465, 8.27147044974883, 1.8961932682264853]
APTIDAO: 
83.72597850395539
GEN: 3400
Individuo: 
[1.0404423326052028, 1.8231964060383292, 1.9192638682904382, 2.4866083983869873, 1.3091395545791265, 5.874056530278709, 3.2413177271408276, 9.988607315072453, 9.992748856914691, 9.995476686200162, 9.988447102096615, 5.011523517128422, 2.56129173005351, 4.6613576445831715, 3.2570875401318844, 4.530246282586593, 1.1203790061294818, 10.0, 0.9566052405048898, 4.755084985151241, 7.81574757678205, 1.5203746445543465, 8.27147044974883, 1.8961932682264853]
APTIDAO: 
83.72591979743869
GEN: 3500
Individuo: 
[1.0404423326052028, 1.8231964060383292, 1.9192638682904382, 2.4866083983869873, 1.3091395545791265, 5.874056530278709, 3.2413177271408276, 9.988607315072453, 9.992748856914691, 9.995476686200162, 9.988447102096615, 5.025510841310197, 2.56129173005351, 4.6613576445831715, 3.2570875401318844, 4.530246282586593, 1.1203790061294818, 10.0, 0.9566052405048898, 4.755084985151241, 7.81574757678205, 1.5203746445543465, 8.27147044974883, 1.4138761408879865]
APTIDAO: 
83.72591388297343
GEN: 3600
Individuo: 
[1.0404423326052028, 1.8231964060383292, 1.9192638682904382, 2.477979920968258, 1.308629196124607, 5.846073922039509, 3.2413177271408276, 9.988607315072453, 9.992748856914691, 9.995476686200162, 9.988447102096615, 5.252638506613049, 2.56129173005351, 4.6613576445831715, 3.2570875401318844, 3.7196657242263584, 0.8678826841265254, 6.479780076019798, 0.9566052405048898, 4.755084985151241, 7.81574757678205, 1.5203746445543465, 8.27147044974883, 0.8412943082520058]
APTIDAO: 
83.72535574432754
GEN: 3700
Individuo: 
[1.0404423326052028, 1.8231964060383292, 1.9192638682904382, 2.477979920968258, 1.308629196124607, 5.846073922039509, 3.227605076487749, 9.996432844796427, 9.992748856914691, 9.995476686200162, 9.988447102096615, 5.252638506613049, 2.56129173005351, 4.6613576445831715, 3.2570875401318844, 3.7196657242263584, 0.8678826841265254, 6.479780076019798, 1.169257774142638, 2.9734267318086, 7.81574757678205, 1.5203746445543465, 8.27147044974883, 0.8412943082520058]
APTIDAO: 
83.72514480830081
GEN: 3800
Individuo: 
[1.0404423326052028, 1.8231964060383292, 1.9192638682904382, 2.477979920968258, 1.308629196124607, 5.846073922039509, 3.227605076487749, 9.996432844796427, 9.995713949679049, 9.995476686200162, 9.999943884620512, 5.252638506613049, 2.56129173005351, 4.6613576445831715, 3.2570875401318844, 3.7196657242263584, 0.8678826841265254, 6.479780076019798, 1.169257774142638, 2.9734267318086, 8.690990230709165, 1.5203746445543465, 5.927322676741918, 0.8412943082520058]
APTIDAO: 
83.72421815511883
GEN: 3900
Individuo: 
[1.0404423326052028, 1.8231964060383292, 1.9192638682904382, 2.477979920968258, 1.308629196124607, 5.840841725638046, 3.227605076487749, 9.996432844796427, 9.995713949679049, 9.995476686200162, 9.999943884620512, 5.252638506613049, 2.56129173005351, 4.6613576445831715, 3.2570875401318844, 3.7196657242263584, 0.8678826841265254, 7.506553273521266, 1.169257774142638, 2.9734267318086, 8.690990230709165, 1.5203746445543465, 5.927322676741918, 0.8412943082520058]
APTIDAO: 
83.7242146662946
GEN: 4000
Individuo: 
[1.0404423326052028, 1.8231964060383292, 1.9192638682904382, 2.477979920968258, 1.308629196124607, 5.840841725638046, 3.228420610734891, 9.996432844796427, 9.995713949679049, 9.995476686200162, 9.999943884620512, 5.252638506613049, 2.56129173005351, 4.6613576445831715, 3.2570875401318844, 3.7196657242263584, 0.8678826841265254, 7.506553273521266, 1.2844187954436643, 2.9734267318086, 8.690990230709165, 1.5203746445543465, 5.927322676741918, 0.8412943082520058]
APTIDAO: 
83.7242094324999
GEN: 4100
Individuo: 
[1.0404423326052028, 1.8231964060383292, 1.9192638682904382, 2.477979920968258, 1.308629196124607, 5.840841725638046, 3.228420610734891, 9.996432844796427, 9.995713949679049, 9.995476686200162, 9.999943884620512, 5.252638506613049, 2.56129173005351, 4.6613576445831715, 3.2570875401318844, 3.7196657242263584, 0.8678826841265254, 7.506553273521266, 1.2844187954436643, 2.9734267318086, 8.690990230709165, 1.5203746445543465, 5.927322676741918, 0.8412943082520058]
APTIDAO: 
83.7242094324999
GEN: 4200
Individuo: 
[1.0404423326052028, 1.8231964060383292, 1.9192638682904382, 2.477979920968258, 1.308629196124607, 5.840841725638046, 3.228420610734891, 9.996432844796427, 9.995713949679049, 9.995476686200162, 9.999943884620512, 5.252638506613049, 2.56129173005351, 4.6613576445831715, 3.2570875401318844, 3.7196657242263584, 0.8678826841265254, 7.506553273521266, 1.2844187954436643, 2.9734267318086, 8.690990230709165, 1.5203746445543465, 5.927322676741918, 0.8412943082520058]
APTIDAO: 
83.7242094324999
GEN: 4300
Individuo: 
[1.0404423326052028, 1.8231964060383292, 1.9192638682904382, 2.477979920968258, 1.308629196124607, 5.840841725638046, 3.228420610734891, 9.996432844796427, 9.995713949679049, 9.995476686200162, 9.999943884620512, 5.252638506613049, 2.56129173005351, 4.6613576445831715, 3.2570875401318844, 3.7196657242263584, 0.8678826841265254, 7.506553273521266, 1.2844187954436643, 2.9734267318086, 8.690990230709165, 1.5203746445543465, 5.927322676741918, 0.8412943082520058]
APTIDAO: 
83.7242094324999
GEN: 4400
Individuo: 
[1.0404423326052028, 1.8231964060383292, 1.9192638682904382, 2.477979920968258, 1.308629196124607, 5.840841725638046, 3.228420610734891, 9.996432844796427, 9.995713949679049, 9.995476686200162, 9.999943884620512, 5.252638506613049, 2.56129173005351, 4.6613576445831715, 3.2570875401318844, 3.7196657242263584, 0.8678826841265254, 7.506553273521266, 1.2844187954436643, 2.9734267318086, 8.690990230709165, 1.5203746445543465, 5.927322676741918, 0.8412943082520058]
APTIDAO: 
83.7242094324999
GEN: 4500
Individuo: 
[1.0404423326052028, 1.8231964060383292, 1.9192638682904382, 2.477979920968258, 1.308629196124607, 5.840841725638046, 3.228420610734891, 9.996432844796427, 9.995713949679049, 9.995476686200162, 9.999943884620512, 5.252638506613049, 2.56129173005351, 4.6613576445831715, 3.2570875401318844, 3.7196657242263584, 0.8678826841265254, 7.506553273521266, 1.2844187954436643, 2.9734267318086, 8.690990230709165, 1.5203746445543465, 5.927322676741918, 0.8412943082520058]
APTIDAO: 
83.7242094324999
GEN: 4600
Individuo: 
[1.0404423326052028, 1.8231964060383292, 1.9192638682904382, 2.477979920968258, 1.308629196124607, 5.840841725638046, 3.228420610734891, 9.996432844796427, 9.995713949679049, 9.995476686200162, 9.999943884620512, 5.235287664199991, 2.56129173005351, 4.6613576445831715, 3.2570875401318844, 3.7196657242263584, 0.8678826841265254, 7.506553273521266, 1.2844187954436643, 2.9734267318086, 8.690990230709165, 1.5203746445543465, 5.927322676741918, 0.8435468948560088]
APTIDAO: 
83.72420009860728
GEN: 4700
Individuo: 
[1.0404423326052028, 1.825950648119758, 1.9192638682904382, 2.477979920968258, 1.308629196124607, 5.840841725638046, 3.228420610734891, 9.996432844796427, 9.995713949679049, 9.995476686200162, 9.999943884620512, 5.235287664199991, 2.56129173005351, 3.841386838434204, 3.2570875401318844, 3.7196657242263584, 0.8678826841265254, 7.506553273521266, 1.2844187954436643, 2.9734267318086, 8.690990230709165, 1.5203746445543465, 5.927322676741918, 0.8435468948560088]
APTIDAO: 
83.72398678255068
GEN: 4800
Individuo: 
[1.0404423326052028, 1.825950648119758, 1.9192638682904382, 2.477979920968258, 1.308629196124607, 5.840841725638046, 3.228420610734891, 9.996432844796427, 9.995713949679049, 9.995476686200162, 9.999943884620512, 5.235287664199991, 2.56129173005351, 3.841386838434204, 3.2570875401318844, 3.7196657242263584, 0.8678826841265254, 7.506553273521266, 1.2844187954436643, 2.9734267318086, 8.690990230709165, 1.5203746445543465, 5.927322676741918, 0.8435468948560088]
APTIDAO: 
83.72398678255068
GEN: 4900
Individuo: 
[1.0404423326052028, 1.825950648119758, 1.9192638682904382, 2.477979920968258, 1.308629196124607, 5.840841725638046, 3.228420610734891, 9.996432844796427, 9.995713949679049, 9.995476686200162, 9.999943884620512, 5.176228408263713, 2.56129173005351, 3.841386838434204, 3.2570875401318844, 3.7196657242263584, 0.8678826841265254, 7.506553273521266, 1.2844187954436643, 2.9734267318086, 8.690990230709165, 1.5203746445543465, 5.927322676741918, 1.6218742025845]
APTIDAO: 
83.72398087706061
GEN: 5000
Individuo: 
[1.0404423326052028, 1.825950648119758, 1.9192638682904382, 2.477979920968258, 1.308629196124607, 5.840841725638046, 3.228420610734891, 9.996432844796427, 9.995713949679049, 9.995476686200162, 9.999943884620512, 5.176228408263713, 2.56129173005351, 3.841386838434204, 3.2570875401318844, 3.7196657242263584, 0.8678826841265254, 7.506553273521266, 1.2844187954436643, 2.9734267318086, 8.690990230709165, 1.5203746445543465, 5.927322676741918, 1.6218742025845]
APTIDAO: 
83.72398087706061
GEN: 5100
Individuo: 
[1.0404423326052028, 1.825950648119758, 1.9192638682904382, 2.477979920968258, 1.308629196124607, 5.840841725638046, 3.228420610734891, 9.996432844796427, 9.995713949679049, 9.995476686200162, 9.999943884620512, 5.176228408263713, 2.56129173005351, 3.841386838434204, 3.2570875401318844, 3.7196657242263584, 0.8678826841265254, 7.506553273521266, 1.2844187954436643, 2.9734267318086, 8.690990230709165, 1.5203746445543465, 5.927322676741918, 1.6218742025845]
APTIDAO: 
83.72398087706061
GEN: 5200
Individuo: 
[1.0404423326052028, 1.825950648119758, 1.9192638682904382, 2.477979920968258, 1.308629196124607, 5.840841725638046, 3.228420610734891, 9.996432844796427, 9.995713949679049, 9.995476686200162, 9.999943884620512, 5.176228408263713, 2.56129173005351, 3.841386838434204, 3.2570875401318844, 3.7196657242263584, 0.8678826841265254, 7.506553273521266, 1.2844187954436643, 2.9734267318086, 8.690990230709165, 1.5203746445543465, 5.927322676741918, 1.6218742025845]
APTIDAO: 
83.72398087706061
GEN: 5300
Individuo: 
[1.0404423326052028, 1.825950648119758, 1.9192638682904382, 2.477979920968258, 1.308629196124607, 5.840841725638046, 3.228420610734891, 9.996432844796427, 9.995713949679049, 9.995476686200162, 9.999943884620512, 5.176228408263713, 2.56129173005351, 3.841386838434204, 3.2570875401318844, 3.7196657242263584, 0.8678826841265254, 7.506553273521266, 1.2844187954436643, 2.9734267318086, 8.690990230709165, 1.5203746445543465, 5.927322676741918, 1.6218742025845]
APTIDAO: 
83.72398087706061
GEN: 5400
Individuo: 
[1.0404423326052028, 1.825950648119758, 1.9192638682904382, 2.477979920968258, 1.308629196124607, 5.840841725638046, 3.228420610734891, 9.996432844796427, 9.995713949679049, 9.995476686200162, 9.999943884620512, 5.176228408263713, 2.56129173005351, 3.841386838434204, 3.2570875401318844, 3.7196657242263584, 0.8678826841265254, 7.506553273521266, 1.2844187954436643, 2.9734267318086, 8.690990230709165, 1.5203746445543465, 5.927322676741918, 1.6218742025845]
APTIDAO: 
83.72398087706061
GEN: 5500
Individuo: 
[1.0404423326052028, 1.825950648119758, 1.9192638682904382, 2.477979920968258, 1.308629196124607, 5.840841725638046, 3.228420610734891, 9.996432844796427, 9.995713949679049, 9.995476686200162, 9.999943884620512, 5.176228408263713, 2.56129173005351, 3.841386838434204, 3.2570875401318844, 3.7196657242263584, 0.8678826841265254, 7.506553273521266, 1.2844187954436643, 2.9734267318086, 8.690990230709165, 1.5203746445543465, 5.927322676741918, 1.6218742025845]
APTIDAO: 
83.72398087706061
GEN: 5600
Individuo: 
[1.0404423326052028, 1.825950648119758, 1.9192638682904382, 2.477979920968258, 1.308629196124607, 5.840841725638046, 3.228420610734891, 9.996432844796427, 9.995713949679049, 9.995476686200162, 9.999943884620512, 5.176228408263713, 2.56129173005351, 3.841386838434204, 3.2570875401318844, 3.7196657242263584, 0.8678826841265254, 7.506553273521266, 1.2844187954436643, 2.9734267318086, 8.690990230709165, 1.5203746445543465, 5.927322676741918, 1.6218742025845]
APTIDAO: 
83.72398087706061
GEN: 5700
Individuo: 
[1.0404423326052028, 1.825950648119758, 1.9192638682904382, 2.477979920968258, 1.308629196124607, 5.840841725638046, 3.228420610734891, 9.996432844796427, 9.995713949679049, 9.995476686200162, 9.999943884620512, 5.176228408263713, 2.56129173005351, 3.841386838434204, 3.2570875401318844, 3.7196657242263584, 0.8678826841265254, 7.506553273521266, 1.2844187954436643, 2.9734267318086, 8.690990230709165, 1.5203746445543465, 5.927322676741918, 1.6218742025845]
APTIDAO: 
83.72398087706061
GEN: 5800
Individuo: 
[1.0404423326052028, 1.825950648119758, 1.9192638682904382, 2.477979920968258, 1.308629196124607, 5.840841725638046, 3.228420610734891, 9.996432844796427, 9.995713949679049, 9.995476686200162, 9.999943884620512, 5.176228408263713, 2.56129173005351, 3.841386838434204, 3.2570875401318844, 3.7196657242263584, 0.8678826841265254, 7.506553273521266, 1.2844187954436643, 2.9734267318086, 8.690990230709165, 1.5203746445543465, 5.927322676741918, 1.6218742025845]
APTIDAO: 
83.72398087706061
GEN: 5900
Individuo: 
[1.0404423326052028, 1.825950648119758, 1.9192638682904382, 2.477979920968258, 1.308629196124607, 5.840841725638046, 3.228420610734891, 9.996432844796427, 9.995713949679049, 9.995476686200162, 9.999943884620512, 5.176228408263713, 2.56129173005351, 3.841386838434204, 3.2570875401318844, 3.7196657242263584, 0.8678826841265254, 7.506553273521266, 1.2844187954436643, 2.9734267318086, 8.690990230709165, 1.5203746445543465, 5.927322676741918, 1.6218742025845]
APTIDAO: 
83.72398087706061
GEN: 6000
Individuo: 
[1.0404423326052028, 1.825950648119758, 1.9192638682904382, 2.477979920968258, 1.308629196124607, 5.840841725638046, 3.228420610734891, 9.996432844796427, 9.995713949679049, 9.995476686200162, 9.999943884620512, 5.176228408263713, 2.56129173005351, 3.841386838434204, 3.2570875401318844, 3.7196657242263584, 0.8678826841265254, 7.506553273521266, 1.2844187954436643, 2.9734267318086, 8.690990230709165, 1.5203746445543465, 5.927322676741918, 1.6218742025845]
APTIDAO: 
83.72398087706061
GEN: 6100
Individuo: 
[1.0404423326052028, 1.825950648119758, 1.9192638682904382, 2.477979920968258, 1.308629196124607, 5.840841725638046, 3.228420610734891, 9.996432844796427, 9.995713949679049, 9.995476686200162, 9.999943884620512, 5.176228408263713, 2.56129173005351, 3.841386838434204, 3.2570875401318844, 3.7196657242263584, 0.8678826841265254, 7.506553273521266, 1.2844187954436643, 2.9734267318086, 8.690990230709165, 1.5203746445543465, 5.927322676741918, 1.6218742025845]
APTIDAO: 
83.72398087706061
GEN: 6200
Individuo: 
[1.0404423326052028, 1.825950648119758, 1.9192638682904382, 2.477979920968258, 1.308629196124607, 5.840841725638046, 3.228420610734891, 9.996432844796427, 9.995713949679049, 9.995476686200162, 9.999943884620512, 5.176228408263713, 2.56129173005351, 3.841386838434204, 3.2570875401318844, 3.7196657242263584, 0.8678826841265254, 7.506553273521266, 1.2844187954436643, 2.9734267318086, 8.690990230709165, 1.5203746445543465, 5.927322676741918, 1.6218742025845]
APTIDAO: 
83.72398087706061
GEN: 6300
Individuo: 
[1.0404423326052028, 1.825950648119758, 1.9192638682904382, 2.477979920968258, 1.308629196124607, 5.840841725638046, 3.228420610734891, 9.996432844796427, 9.995713949679049, 9.995476686200162, 9.999943884620512, 5.176228408263713, 2.56129173005351, 3.841386838434204, 3.2570875401318844, 3.7196657242263584, 0.8678826841265254, 7.506553273521266, 1.2844187954436643, 2.9734267318086, 8.690990230709165, 1.5203746445543465, 5.927322676741918, 1.6218742025845]
APTIDAO: 
83.72398087706061
GEN: 6400
Individuo: 
[1.0404423326052028, 1.8259328180337067, 1.9190856711917934, 2.477979920968258, 1.308629196124607, 5.840841725638046, 3.228420610734891, 9.996432844796427, 9.995713949679049, 9.995476686200162, 9.999943884620512, 5.176228408263713, 2.56129173005351, 5.423156323440092, 1.8881843158148957, 3.7196657242263584, 0.8678826841265254, 7.506553273521266, 1.2844187954436643, 2.9734267318086, 8.690990230709165, 1.5203746445543465, 5.927322676741918, 1.6218742025845]
APTIDAO: 
83.72396343031372
GEN: 6500
Individuo: 
[1.0404423326052028, 1.8259328180337067, 1.9190856711917934, 2.477979920968258, 1.308629196124607, 5.840841725638046, 3.228420610734891, 9.996432844796427, 9.995713949679049, 9.995476686200162, 9.999943884620512, 5.176228408263713, 2.56129173005351, 5.423156323440092, 1.8881843158148957, 3.7196657242263584, 0.8678826841265254, 7.506553273521266, 1.2844187954436643, 2.9734267318086, 8.690990230709165, 1.5203746445543465, 5.927322676741918, 1.6218742025845]
APTIDAO: 
83.72396343031372
GEN: 6600
Individuo: 
[1.0404423326052028, 1.8259328180337067, 1.9190856711917934, 2.477979920968258, 1.308629196124607, 5.840841725638046, 3.228420610734891, 9.996432844796427, 9.995713949679049, 9.995476686200162, 9.999943884620512, 5.176228408263713, 2.56129173005351, 5.423156323440092, 1.8881843158148957, 3.7196657242263584, 0.8678826841265254, 7.506553273521266, 1.2844187954436643, 2.9734267318086, 8.690990230709165, 1.5203746445543465, 5.927322676741918, 1.6218742025845]
APTIDAO: 
83.72396343031372
GEN: 6700
Individuo: 
[1.0404423326052028, 1.8259328180337067, 1.9190856711917934, 2.477979920968258, 1.308629196124607, 5.840841725638046, 3.228420610734891, 9.996432844796427, 9.995713949679049, 9.995476686200162, 9.999943884620512, 5.176228408263713, 2.56129173005351, 5.423156323440092, 1.8881843158148957, 3.7196657242263584, 0.8678826841265254, 7.506553273521266, 1.2844187954436643, 2.9734267318086, 8.690990230709165, 1.5203746445543465, 5.927322676741918, 1.6218742025845]
APTIDAO: 
83.72396343031372
GEN: 6800
Individuo: 
[1.0404423326052028, 1.8259328180337067, 1.9190856711917934, 2.477979920968258, 1.308629196124607, 5.840841725638046, 3.2268923531479685, 9.996432844796427, 9.995713949679049, 9.995476686200162, 9.999943884620512, 5.176228408263713, 2.56129173005351, 5.423156323440092, 1.8881843158148957, 3.7196657242263584, 0.8678826841265254, 7.506553273521266, 0.775889519187599, 2.9734267318086, 8.690990230709165, 1.5203746445543465, 5.927322676741918, 1.6218742025845]
APTIDAO: 
83.72392716131483
GEN: 6900
Individuo: 
[1.0404423326052028, 1.8259328180337067, 1.9190856711917934, 2.477979920968258, 1.308629196124607, 5.840841725638046, 3.2268923531479685, 9.996432844796427, 9.995713949679049, 9.995476686200162, 9.999943884620512, 5.175298338836066, 2.56129173005351, 5.423156323440092, 1.8881843158148957, 3.7196657242263584, 0.8678826841265254, 7.506553273521266, 0.775889519187599, 2.9734267318086, 8.690990230709165, 1.5203746445543465, 5.927322676741918, 1.528139521425986]
APTIDAO: 
83.7239271407898
GEN: 7000
Individuo: 
[1.0404423326052028, 1.8259328180337067, 1.9190856711917934, 2.477979920968258, 1.308629196124607, 5.840841725638046, 3.2239555145019083, 9.996432844796427, 9.995713949679049, 9.995476686200162, 9.999943884620512, 5.175298338836066, 2.56129173005351, 5.423156323440092, 1.8881843158148957, 3.7196657242263584, 0.8678826841265254, 7.506553273521266, 0.7726352621156445, 2.9734267318086, 8.690990230709165, 1.5203746445543465, 5.927322676741918, 1.528139521425986]
APTIDAO: 
83.72389024457219
GEN: 7100
Individuo: 
[1.0404423326052028, 1.8259328180337067, 1.9190856711917934, 2.477979920968258, 1.308629196124607, 5.840841725638046, 3.2239555145019083, 9.996432844796427, 9.995713949679049, 9.995476686200162, 9.999943884620512, 5.175298338836066, 2.56129173005351, 5.423156323440092, 1.8881843158148957, 3.7196657242263584, 0.8678826841265254, 7.506553273521266, 0.7726352621156445, 2.9734267318086, 8.690990230709165, 1.5203746445543465, 5.927322676741918, 1.528139521425986]
APTIDAO: 
83.72389024457219
GEN: 7200
Individuo: 
[1.0404423326052028, 1.8259328180337067, 1.9190856711917934, 2.477979920968258, 1.308629196124607, 5.840841725638046, 3.2239555145019083, 9.996432844796427, 9.995713949679049, 9.999266942365237, 9.999943884620512, 5.181674116945263, 2.56129173005351, 5.423156323440092, 1.8881843158148957, 3.7196657242263584, 0.8678826841265254, 7.506553273521266, 0.7726352621156445, 2.9734267318086, 8.690990230709165, 1.0901585208552167, 5.927322676741918, 1.8997438422105442]
APTIDAO: 
83.72376785577559
GEN: 7300
Individuo: 
[1.0404423326052028, 1.8259328180337067, 1.9190856711917934, 2.477979920968258, 1.308629196124607, 5.840841725638046, 3.2239555145019083, 9.996432844796427, 9.995713949679049, 9.999266942365237, 9.999943884620512, 5.181674116945263, 2.56129173005351, 5.423156323440092, 1.8881843158148957, 3.7196657242263584, 0.8678826841265254, 7.506553273521266, 0.7726352621156445, 2.9734267318086, 8.690990230709165, 1.0901585208552167, 5.927322676741918, 1.8997438422105442]
APTIDAO: 
83.72376785577559
GEN: 7400
Individuo: 
[1.0404423326052028, 1.8259328180337067, 1.9190856711917934, 2.477979920968258, 1.308629196124607, 5.840841725638046, 3.2239555145019083, 9.996432844796427, 9.995713949679049, 9.999266942365237, 9.999943884620512, 5.181674116945263, 2.56129173005351, 5.423156323440092, 1.8881843158148957, 3.7196657242263584, 0.8678826841265254, 7.506553273521266, 0.7726352621156445, 2.9734267318086, 8.690990230709165, 1.0901585208552167, 5.927322676741918, 1.8997438422105442]
APTIDAO: 
83.72376785577559
GEN: 7500
Individuo: 
[1.0404423326052028, 1.8259328180337067, 1.9190856711917934, 2.477979920968258, 1.308629196124607, 5.840841725638046, 3.2239555145019083, 9.996432844796427, 9.995713949679049, 9.999266942365237, 9.999943884620512, 5.181674116945263, 2.56129173005351, 5.423156323440092, 1.8881843158148957, 3.7196657242263584, 0.8678826841265254, 7.506553273521266, 0.7726352621156445, 2.9734267318086, 8.690990230709165, 1.0901585208552167, 5.927322676741918, 1.8997438422105442]
APTIDAO: 
83.72376785577559
GEN: 7600
Individuo: 
[1.0404423326052028, 1.8259328180337067, 1.9190856711917934, 2.477979920968258, 1.308629196124607, 5.840841725638046, 3.2239555145019083, 9.996432844796427, 9.995713949679049, 9.999266942365237, 9.999943884620512, 5.177722482354077, 2.56129173005351, 5.423156323440092, 1.8881843158148957, 3.7196657242263584, 0.8678826841265254, 7.506553273521266, 0.7726352621156445, 2.9734267318086, 8.690990230709165, 1.0901585208552167, 5.927322676741918, 1.2590145032005773]
APTIDAO: 
83.72376773696858
GEN: 7700
Individuo: 
[1.0404423326052028, 1.8259328180337067, 1.9190856711917934, 2.477979920968258, 1.308629196124607, 5.840841725638046, 3.2239555145019083, 9.996432844796427, 9.995713949679049, 9.999266942365237, 9.999943884620512, 5.177722482354077, 2.56129173005351, 5.423156323440092, 1.8881843158148957, 3.7196657242263584, 0.8678826841265254, 7.506553273521266, 0.7726352621156445, 2.9734267318086, 8.690990230709165, 1.0901585208552167, 5.927322676741918, 1.2590145032005773]
APTIDAO: 
83.72376773696858
GEN: 7800
Individuo: 
[1.0404423326052028, 1.8259328180337067, 1.9190856711917934, 2.477979920968258, 1.308629196124607, 5.840841725638046, 3.2239555145019083, 9.996432844796427, 9.995713949679049, 9.999266942365237, 9.999943884620512, 5.177722482354077, 2.56129173005351, 5.423156323440092, 1.8881843158148957, 3.7196657242263584, 0.8678826841265254, 7.506553273521266, 0.7726352621156445, 2.9734267318086, 8.690990230709165, 1.0901585208552167, 5.927322676741918, 1.2590145032005773]
APTIDAO: 
83.72376773696858
GEN: 7900
Individuo: 
[1.0404423326052028, 1.8259328180337067, 1.9190856711917934, 2.477979920968258, 1.308629196124607, 5.840841725638046, 3.2239555145019083, 9.996432844796427, 9.995713949679049, 9.999266942365237, 9.999943884620512, 5.177722482354077, 2.56129173005351, 5.423156323440092, 1.8881843158148957, 3.7196657242263584, 0.8678826841265254, 7.506553273521266, 0.7726352621156445, 2.9734267318086, 8.690990230709165, 1.0901585208552167, 5.927322676741918, 1.2590145032005773]
APTIDAO: 
83.72376773696858
GEN: 8000
Individuo: 
[1.0404423326052028, 1.8259328180337067, 1.9190856711917934, 2.477979920968258, 1.308629196124607, 5.840841725638046, 3.2239555145019083, 9.996432844796427, 9.995713949679049, 9.999266942365237, 9.999943884620512, 5.177722482354077, 2.56129173005351, 5.423156323440092, 1.8881843158148957, 3.7196657242263584, 0.8678826841265254, 7.506553273521266, 0.7726352621156445, 2.9734267318086, 8.690990230709165, 1.0901585208552167, 5.927322676741918, 1.2590145032005773]
APTIDAO: 
83.72376773696858
GEN: 8100
Individuo: 
[1.0404423326052028, 1.8259328180337067, 1.9190856711917934, 2.477979920968258, 1.308629196124607, 5.840841725638046, 3.2239555145019083, 9.996432844796427, 9.995713949679049, 9.999266942365237, 9.999943884620512, 5.177722482354077, 2.56129173005351, 5.423156323440092, 1.8881843158148957, 3.7196657242263584, 0.8678826841265254, 7.506553273521266, 0.7726352621156445, 2.9734267318086, 8.690990230709165, 1.0901585208552167, 5.927322676741918, 1.2590145032005773]
APTIDAO: 
83.72376773696858
GEN: 8200
Individuo: 
[1.0404423326052028, 1.8259328180337067, 1.9190856711917934, 2.477979920968258, 1.308629196124607, 5.840841725638046, 3.2239555145019083, 9.996432844796427, 9.99999136606509, 9.999266942365237, 9.999943884620512, 5.177722482354077, 2.56129173005351, 5.423156323440092, 1.8881843158148957, 3.7196657242263584, 0.8678826841265254, 7.506553273521266, 0.7726352621156445, 2.9734267318086, 9.420142046497126, 1.0901585208552167, 5.927322676741918, 1.2590145032005773]
APTIDAO: 
83.72366874878203
GEN: 8300
Individuo: 
[1.0401023639851603, 1.8259328180337067, 1.9190856711917934, 2.477979920968258, 1.308629196124607, 5.840841725638046, 3.2239555145019083, 9.996432844796427, 9.99999136606509, 9.999266942365237, 9.999943884620512, 5.284449382337591, 1.102857071779588, 5.423156323440092, 1.8881843158148957, 3.7196657242263584, 0.8678826841265254, 7.506553273521266, 0.7726352621156445, 2.9734267318086, 9.420142046497126, 1.0901585208552167, 5.927322676741918, 0.8740815263521137]
APTIDAO: 
83.72357392186137
GEN: 8400
Individuo: 
[1.0401023639851603, 1.8259328180337067, 1.9190856711917934, 2.477979920968258, 1.308629196124607, 5.840841725638046, 3.2239555145019083, 9.996432844796427, 9.99999136606509, 9.999266942365237, 9.999943884620512, 5.211440203042965, 1.102857071779588, 5.423156323440092, 1.8881843158148957, 3.7196657242263584, 0.8678826841265254, 7.506553273521266, 0.7726352621156445, 2.9734267318086, 9.420142046497126, 1.0901585208552167, 5.927322676741918, 0.5376929392219487]
APTIDAO: 
83.7235450262698
GEN: 8500
Individuo: 
[1.0401023639851603, 1.8259328180337067, 1.9190856711917934, 2.477979920968258, 1.308629196124607, 5.840841725638046, 3.2239555145019083, 9.996432844796427, 9.99999136606509, 9.999266942365237, 9.999943884620512, 5.211440203042965, 1.102857071779588, 5.423156323440092, 1.8881843158148957, 3.7196657242263584, 0.8678826841265254, 7.506553273521266, 0.7726352621156445, 2.9734267318086, 9.420142046497126, 1.0901585208552167, 5.927322676741918, 0.5376929392219487]
APTIDAO: 
83.7235450262698
GEN: 8600
Individuo: 
[1.0401023639851603, 1.8259328180337067, 1.9190856711917934, 2.477979920968258, 1.308629196124607, 5.840841725638046, 3.2239555145019083, 9.996432844796427, 9.99999136606509, 9.999266942365237, 9.999943884620512, 5.211440203042965, 1.102857071779588, 5.423156323440092, 1.8881843158148957, 3.7196657242263584, 0.8678826841265254, 7.506553273521266, 0.7726352621156445, 2.9734267318086, 9.420142046497126, 1.0901585208552167, 5.927322676741918, 0.5376929392219487]
APTIDAO: 
83.7235450262698
GEN: 8700
Individuo: 
[1.0401023639851603, 1.8259328180337067, 1.9190856711917934, 2.477979920968258, 1.308629196124607, 5.840841725638046, 3.2239555145019083, 9.996432844796427, 9.99999136606509, 9.999266942365237, 9.999943884620512, 5.211440203042965, 1.102857071779588, 5.423156323440092, 1.8881843158148957, 3.7196657242263584, 0.8678826841265254, 7.506553273521266, 0.7726352621156445, 2.9734267318086, 9.420142046497126, 1.0901585208552167, 5.927322676741918, 0.5376929392219487]
APTIDAO: 
83.7235450262698
GEN: 8800
Individuo: 
[1.0401023639851603, 1.8259328180337067, 1.9190856711917934, 2.477979920968258, 1.308629196124607, 5.840841725638046, 3.2239555145019083, 9.996432844796427, 9.99999136606509, 9.999266942365237, 9.999943884620512, 5.211440203042965, 1.102857071779588, 5.423156323440092, 1.8881843158148957, 3.7196657242263584, 0.8678826841265254, 7.506553273521266, 0.7726352621156445, 2.9734267318086, 9.420142046497126, 1.0901585208552167, 5.927322676741918, 0.5376929392219487]
APTIDAO: 
83.7235450262698
GEN: 8900
Individuo: 
[1.0401023639851603, 1.8259328180337067, 1.9190856711917934, 2.477979920968258, 1.308629196124607, 5.840841725638046, 3.2239555145019083, 9.996432844796427, 9.99999136606509, 9.999266942365237, 9.999943884620512, 5.211440203042965, 1.102857071779588, 5.423156323440092, 1.8881843158148957, 3.7196657242263584, 0.8678826841265254, 7.506553273521266, 0.7726352621156445, 2.9734267318086, 9.420142046497126, 1.0901585208552167, 5.927322676741918, 0.5376929392219487]
APTIDAO: 
83.7235450262698
GEN: 9000
Individuo: 
[1.0401023639851603, 1.8259328180337067, 1.9190856711917934, 2.477979920968258, 1.308629196124607, 5.840841725638046, 3.2239555145019083, 9.996432844796427, 9.99999136606509, 9.999266942365237, 9.999943884620512, 5.211440203042965, 1.102857071779588, 5.423156323440092, 1.8881843158148957, 3.7196657242263584, 0.8678826841265254, 7.506553273521266, 0.7726352621156445, 2.9734267318086, 9.420142046497126, 1.0901585208552167, 5.927322676741918, 0.5376929392219487]
APTIDAO: 
83.7235450262698
GEN: 9100
Individuo: 
[1.0401023639851603, 1.8259328180337067, 1.9190856711917934, 2.477979920968258, 1.308629196124607, 5.840841725638046, 3.2239555145019083, 9.996432844796427, 9.99999136606509, 9.999266942365237, 9.999943884620512, 5.211440203042965, 1.102857071779588, 5.423156323440092, 1.8881843158148957, 3.7196657242263584, 0.8678826841265254, 7.506553273521266, 0.7726352621156445, 2.9734267318086, 9.420142046497126, 1.0901585208552167, 5.927322676741918, 0.5376929392219487]
APTIDAO: 
83.7235450262698
GEN: 9200
Individuo: 
[1.0401023639851603, 1.8259328180337067, 1.9190856711917934, 2.477979920968258, 1.308629196124607, 5.840841725638046, 3.2257176373020826, 9.998843959644802, 9.99999136606509, 9.999266942365237, 9.999943884620512, 5.211440203042965, 1.102857071779588, 5.423156323440092, 1.8881843158148957, 3.7196657242263584, 0.8678826841265254, 7.506553273521266, 1.1363592236262423, 3.052661697773339, 9.420142046497126, 1.0901585208552167, 5.927322676741918, 0.5376929392219487]
APTIDAO: 
83.72349654766471
GEN: 9300
Individuo: 
[1.0401023639851603, 1.8259328180337067, 1.9190856711917934, 2.477979920968258, 1.308629196124607, 5.840841725638046, 3.2257176373020826, 9.998843959644802, 9.99999136606509, 9.999266942365237, 9.999943884620512, 5.211440203042965, 1.102857071779588, 5.423156323440092, 1.8881843158148957, 3.7196657242263584, 0.8678826841265254, 7.506553273521266, 1.1363592236262423, 3.052661697773339, 9.420142046497126, 1.0901585208552167, 5.927322676741918, 0.5376929392219487]
APTIDAO: 
83.72349654766471
GEN: 9400
Individuo: 
[1.0401023639851603, 1.8259328180337067, 1.9190856711917934, 2.477979920968258, 1.308629196124607, 5.840841725638046, 3.2257176373020826, 9.998843959644802, 9.99999136606509, 9.999266942365237, 9.999943884620512, 5.211440203042965, 1.102857071779588, 5.423156323440092, 1.8881843158148957, 3.7196657242263584, 0.8678826841265254, 7.506553273521266, 1.1363592236262423, 3.052661697773339, 9.420142046497126, 1.0901585208552167, 5.927322676741918, 0.5376929392219487]
APTIDAO: 
83.72349654766471
GEN: 9500
Individuo: 
[1.0401023639851603, 1.8259328180337067, 1.9190856711917934, 2.477979920968258, 1.308629196124607, 5.840841725638046, 3.2257176373020826, 9.998843959644802, 9.99999136606509, 9.999266942365237, 9.999943884620512, 5.211440203042965, 1.102857071779588, 5.423156323440092, 1.8881843158148957, 3.7196657242263584, 0.8678826841265254, 7.506553273521266, 1.1363592236262423, 3.052661697773339, 9.420142046497126, 1.0901585208552167, 5.927322676741918, 0.5376929392219487]
APTIDAO: 
83.72349654766471
GEN: 9600
Individuo: 
[1.0401023639851603, 1.8259328180337067, 1.9190856711917934, 2.477979920968258, 1.308629196124607, 5.840841725638046, 3.2257176373020826, 9.998843959644802, 9.99999136606509, 9.999266942365237, 9.999943884620512, 5.211440203042965, 1.102857071779588, 5.423156323440092, 1.8881843158148957, 3.7196657242263584, 0.8678826841265254, 7.506553273521266, 1.1363592236262423, 3.052661697773339, 9.420142046497126, 1.0901585208552167, 5.927322676741918, 0.5376929392219487]
APTIDAO: 
83.72349654766471
GEN: 9700
Individuo: 
[1.0401023639851603, 1.8259328180337067, 1.9190856711917934, 2.477979920968258, 1.308629196124607, 5.840841725638046, 3.2257176373020826, 9.998843959644802, 9.99999136606509, 9.999266942365237, 9.999943884620512, 5.211440203042965, 1.102857071779588, 5.423156323440092, 1.8881843158148957, 3.7196657242263584, 0.8678826841265254, 7.506553273521266, 1.1363592236262423, 3.052661697773339, 9.420142046497126, 1.0901585208552167, 5.927322676741918, 0.5376929392219487]
APTIDAO: 
83.72349654766471
GEN: 9800
Individuo: 
[1.0401023639851603, 1.8259328180337067, 1.9190856711917934, 2.477979920968258, 1.308629196124607, 5.840841725638046, 3.2257176373020826, 9.998843959644802, 9.99999136606509, 9.999266942365237, 9.999943884620512, 5.211440203042965, 1.102857071779588, 5.423156323440092, 1.8881843158148957, 3.7196657242263584, 0.8678826841265254, 7.506553273521266, 1.1363592236262423, 3.052661697773339, 9.420142046497126, 1.0901585208552167, 5.927322676741918, 0.5376929392219487]
APTIDAO: 
83.72349654766471
GEN: 9900
Individuo: 
[1.0401023639851603, 1.8259328180337067, 1.9190856711917934, 2.477979920968258, 1.308629196124607, 5.840841725638046, 3.2257176373020826, 9.998843959644802, 9.99999136606509, 9.999266942365237, 9.999943884620512, 5.211440203042965, 1.102857071779588, 5.423156323440092, 1.8881843158148957, 3.7196657242263584, 0.8678826841265254, 7.506553273521266, 1.1363592236262423, 3.052661697773339, 9.420142046497126, 1.0901585208552167, 5.927322676741918, 0.5376929392219487]
APTIDAO: 
83.72349654766471
GEN: 10000
Individuo: 
[1.0401023639851603, 1.8259328180337067, 1.9190856711917934, 2.477979920968258, 1.308629196124607, 5.840841725638046, 3.2257176373020826, 9.998843959644802, 9.99999136606509, 9.999266942365237, 9.999943884620512, 5.209017542212253, 1.102857071779588, 5.423156323440092, 1.8881843158148957, 3.7196657242263584, 0.8678826841265254, 7.506553273521266, 1.1363592236262423, 3.052661697773339, 9.420142046497126, 1.0901585208552167, 5.927322676741918, 0.4089405240147772]
APTIDAO: 
83.7234961783829

--- RESULTADO FINAL ---
Erro (norma-1): 83.7234961783829
Parametros: [1.0401023639851603, 1.8259328180337067, 1.9190856711917934, 2.477979920968258, 1.308629196124607, 5.840841725638046, 3.2257176373020826, 9.998843959644802, 9.99999136606509, 9.999266942365237, 9.999943884620512, 5.209017542212253]
Tempo total: 00h 31m 14s
