SEED: 1778531551
BOUNDS: tau=[0.1, 5.0]  Km=[0.01, 2.0]
GEN: 0
Individuo: 
[1.9739960196485626, 3.6731670523766153, 1.9074193960875867, 3.2150576225922274, 3.1141491251337867, 0.9400151453443143, 1.0875213968273911, 1.9203938190631178, 1.3863735281385774, 1.9335202307137298, 1.9443548816442155, 0.31667623551811164, 4.500302930694252, 1.3473098939811743, 7.943007248129457, 4.9894968189047155, 0.4191074700812949, 1.5658008983075438, 2.4467881448226034, 9.766304490468144, 8.428630605702166, 7.935978085309474, 5.092155630901599, 4.58240159789098]
APTIDAO: 
113.78310474246862
GEN: 100
Individuo: 
[0.9689338116874839, 2.1210770815879907, 1.7220362420989974, 3.8341748118403487, 0.9184821549441745, 1.9491309237736685, 1.988523988598259, 1.9760501224552431, 1.9596139500148289, 1.9774157681065276, 1.9443548816442155, 1.9899171718917883, 4.552096686666133, 0.4540674138589584, 4.989887231321739, 8.748947041749076, 1.7076118267881786, 0.5576470045548431, 1.7072471702653638, 4.962435101500879, 2.277187581276003, 10.0, 5.092155630901599, 2.725316110836684]
APTIDAO: 
95.28921341618369
GEN: 200
Individuo: 
[0.9689338116874839, 2.1210770815879907, 2.0119996505386033, 3.4223451063539967, 1.0314959167959359, 1.9491309237736685, 1.988523988598259, 1.9760501224552431, 1.9596139500148289, 1.9774157681065276, 1.9443548816442155, 1.9899171718917883, 4.552096686666133, 0.4540674138589584, 4.453249319538365, 4.540707988268005, 1.3525748678724985, 0.5576470045548431, 1.7072471702653638, 4.962435101500879, 2.277187581276003, 10.0, 5.092155630901599, 2.725316110836684]
APTIDAO: 
95.08167984125402
GEN: 300
Individuo: 
[0.9686387007777928, 2.0965159331262635, 2.0317899275581897, 3.423846232969414, 1.0314959167959359, 1.9491309237736685, 1.988523988598259, 1.9947109139490742, 1.9596139500148289, 1.9774157681065276, 1.9443548816442155, 1.9899171718917883, 4.8681993976793745, 0.6985696952363806, 3.664749126457561, 2.7633348849410977, 1.3525748678724985, 0.5576470045548431, 1.7072471702653638, 2.066896267765745, 2.277187581276003, 10.0, 5.092155630901599, 2.725316110836684]
APTIDAO: 
95.05980682862052
GEN: 400
Individuo: 
[0.9686387007777928, 2.0965159331262635, 2.0317899275581897, 3.423846232969414, 1.0314959167959359, 1.9491309237736685, 1.988523988598259, 1.9947109139490742, 1.9596139500148289, 1.9800197678264915, 1.9916374366915819, 1.9899171718917883, 4.8681993976793745, 0.6985696952363806, 3.664749126457561, 2.7633348849410977, 1.3525748678724985, 0.5576470045548431, 1.7072471702653638, 2.066896267765745, 2.277187581276003, 8.112305036403129, 3.786362882940471, 2.725316110836684]
APTIDAO: 
94.94324895482679
GEN: 500
Individuo: 
[0.9103088877272347, 2.0643985259879742, 2.0317899275581897, 3.474376786534223, 1.1227654223838184, 1.9491309237736685, 1.988523988598259, 1.9947109139490742, 1.96163695428087, 1.9800197678264915, 1.997996585583193, 1.9899171718917883, 4.236096637421146, 0.5209791345954304, 3.664749126457561, 2.2048468318561736, 1.0794379676135692, 0.5576470045548431, 1.7072471702653638, 2.066896267765745, 1.9329716608071352, 8.112305036403129, 7.150266239407825, 2.725316110836684]
APTIDAO: 
94.91108992677071
GEN: 600
Individuo: 
[0.9103088877272347, 2.0965159331262635, 2.0328000581728607, 3.474376786534223, 1.0890671574889947, 1.9491309237736685, 1.9936025028291509, 1.997380825460017, 1.9909000063299511, 1.9800197678264915, 1.997996585583193, 1.9899171718917883, 4.236096637421146, 0.6985696952363806, 2.2182225487648677, 2.2048468318561736, 1.4974586748301537, 0.5576470045548431, 2.6367547021152724, 1.8106263341136948, 3.062626720251484, 8.112305036403129, 7.150266239407825, 2.725316110836684]
APTIDAO: 
94.82131031548776
GEN: 700
Individuo: 
[0.9103088877272347, 2.076579017471602, 2.0328000581728607, 3.474376786534223, 1.0858265286799262, 1.97721266305097, 1.9936025028291509, 1.997380825460017, 1.9909000063299511, 1.9800197678264915, 1.997996585583193, 1.9899171718917883, 4.236096637421146, 0.9520602483973631, 2.2182225487648677, 2.2048468318561736, 1.1855594987585893, 1.47033194587244, 2.6367547021152724, 1.8106263341136948, 3.062626720251484, 8.112305036403129, 7.150266239407825, 2.725316110836684]
APTIDAO: 
94.78846538501946
GEN: 800
Individuo: 
[0.9239552808121241, 2.076579017471602, 2.0606140483651623, 3.474376786534223, 1.0615070228029857, 1.97721266305097, 1.9936025028291509, 1.997380825460017, 1.9909000063299511, 1.98604510592339, 1.997996585583193, 1.9899171718917883, 2.8015292155870815, 0.9520602483973631, 2.0239960053241113, 2.2048468318561736, 0.8923679686096323, 1.47033194587244, 2.6367547021152724, 1.8106263341136948, 3.062626720251484, 9.723613173299938, 7.150266239407825, 2.725316110836684]
APTIDAO: 
94.77064797371212
GEN: 900
Individuo: 
[0.9239552808121241, 2.037448247796234, 2.0811059904594877, 3.474376786534223, 1.0858265286799262, 1.9965532540056035, 1.9936025028291509, 1.997380825460017, 1.9982512930453011, 1.98604510592339, 1.997996585583193, 1.9971449745684688, 2.8015292155870815, 0.6263982194551648, 1.202799620837268, 2.2048468318561736, 1.1855594987585893, 1.4927263291575312, 2.6367547021152724, 1.8106263341136948, 2.247496671109141, 9.723613173299938, 7.150266239407825, 1.5690639883987427]
APTIDAO: 
94.72426858020258
GEN: 1000
Individuo: 
[0.9239552808121241, 2.037448247796234, 2.0837679388273673, 3.474376786534223, 1.0858265286799262, 1.9965532540056035, 1.9989659671102957, 1.997380825460017, 1.9982512930453011, 1.98604510592339, 1.997996585583193, 1.9971449745684688, 2.8015292155870815, 0.6263982194551648, 1.0051632416094045, 2.2048468318561736, 1.1855594987585893, 1.4927263291575312, 3.5286981856970234, 1.8106263341136948, 2.247496671109141, 9.723613173299938, 7.150266239407825, 1.5690639883987427]
APTIDAO: 
94.71602050185999
GEN: 1100
Individuo: 
[0.9239552808121241, 2.037448247796234, 2.0837679388273673, 3.474376786534223, 1.0858265286799262, 1.9965532540056035, 1.9989659671102957, 1.9974935590744172, 1.9982512930453011, 1.986928145504922, 1.997996585583193, 1.9971449745684688, 2.8015292155870815, 0.6263982194551648, 1.0051632416094045, 2.2048468318561736, 1.1855594987585893, 1.4927263291575312, 3.5286981856970234, 1.244520641318836, 2.247496671109141, 7.758833106199751, 7.150266239407825, 1.5690639883987427]
APTIDAO: 
94.71385748077789
GEN: 1200
Individuo: 
[0.9239552808121241, 2.037448247796234, 2.0837679388273673, 3.474376786534223, 1.0858265286799262, 1.9965532540056035, 1.9989659671102957, 1.9974935590744172, 1.9982512930453011, 1.9939422353380118, 1.997996585583193, 1.9971449745684688, 2.8015292155870815, 0.6263982194551648, 1.0051632416094045, 2.2048468318561736, 1.1855594987585893, 1.4927263291575312, 3.5286981856970234, 1.244520641318836, 2.247496671109141, 7.516566362393688, 7.150266239407825, 1.5690639883987427]
APTIDAO: 
94.69747755816066
GEN: 1300
Individuo: 
[0.9239552808121241, 2.037448247796234, 2.0837679388273673, 3.474376786534223, 1.0809032804290386, 1.9965532540056035, 1.9989659671102957, 1.9974935590744172, 1.9982512930453011, 1.9939422353380118, 1.997996585583193, 1.9971449745684688, 2.8015292155870815, 0.6263982194551648, 1.0051632416094045, 2.2048468318561736, 0.749691565305306, 1.4927263291575312, 3.5286981856970234, 1.244520641318836, 2.247496671109141, 7.516566362393688, 7.150266239407825, 1.5690639883987427]
APTIDAO: 
94.6973358346319
GEN: 1400
Individuo: 
[0.9239552808121241, 2.0344612124168076, 2.0837679388273673, 3.474376786534223, 1.0809032804290386, 1.9965532540056035, 1.9989659671102957, 1.9974935590744172, 1.9982512930453011, 1.9939422353380118, 1.997996585583193, 1.9971449745684688, 2.8015292155870815, 0.8282394984106903, 1.0051632416094045, 2.2048468318561736, 0.749691565305306, 1.4927263291575312, 3.5286981856970234, 1.244520641318836, 2.247496671109141, 7.516566362393688, 7.150266239407825, 1.5690639883987427]
APTIDAO: 
94.69728071726094
GEN: 1500
Individuo: 
[0.9239552808121241, 2.0344612124168076, 2.0837679388273673, 3.474376786534223, 1.0809032804290386, 1.9965532540056035, 1.9989659671102957, 1.9974935590744172, 1.9982512930453011, 1.9939422353380118, 1.997996585583193, 1.9971449745684688, 2.8015292155870815, 0.8282394984106903, 1.0051632416094045, 2.2048468318561736, 0.749691565305306, 1.4927263291575312, 3.5286981856970234, 1.244520641318836, 2.247496671109141, 7.516566362393688, 7.150266239407825, 1.5690639883987427]
APTIDAO: 
94.69728071726094
GEN: 1600
Individuo: 
[0.9239552808121241, 2.0344612124168076, 2.0837679388273673, 3.474376786534223, 1.0809032804290386, 1.9965532540056035, 1.9989659671102957, 1.9974935590744172, 1.9982512930453011, 1.9939422353380118, 1.997996585583193, 1.9971449745684688, 2.8015292155870815, 0.8282394984106903, 1.0051632416094045, 2.2048468318561736, 0.749691565305306, 1.4927263291575312, 3.5286981856970234, 1.244520641318836, 2.247496671109141, 7.516566362393688, 7.150266239407825, 1.5690639883987427]
APTIDAO: 
94.69728071726094
GEN: 1700
Individuo: 
[0.9239552808121241, 2.0344612124168076, 2.0837679388273673, 3.474376786534223, 1.0809032804290386, 1.9965532540056035, 1.9989659671102957, 1.9974935590744172, 1.9982512930453011, 1.9939422353380118, 1.997996585583193, 1.9971449745684688, 2.8015292155870815, 0.8282394984106903, 1.0051632416094045, 2.2048468318561736, 0.749691565305306, 1.4927263291575312, 3.5286981856970234, 1.244520641318836, 2.247496671109141, 7.516566362393688, 7.150266239407825, 1.5690639883987427]
APTIDAO: 
94.69728071726094
GEN: 1800
Individuo: 
[0.9239552808121241, 2.0344612124168076, 2.0837679388273673, 3.474376786534223, 1.081419736218225, 1.9965532540056035, 1.9989659671102957, 1.9974935590744172, 1.9987457728298146, 1.9939422353380118, 1.997996585583193, 1.9971449745684688, 2.8015292155870815, 0.8282394984106903, 1.0051632416094045, 2.2048468318561736, 1.4310755100698382, 1.4927263291575312, 3.5286981856970234, 1.244520641318836, 1.3953224121141083, 7.516566362393688, 7.150266239407825, 1.5690639883987427]
APTIDAO: 
94.69618963893109
GEN: 1900
Individuo: 
[0.9239552808121241, 2.0344612124168076, 2.0837679388273673, 3.474376786534223, 1.081419736218225, 1.9965532540056035, 1.99916923592734, 1.9974935590744172, 1.9987457728298146, 1.9939422353380118, 1.997996585583193, 1.9971449745684688, 2.8015292155870815, 0.8282394984106903, 1.0051632416094045, 2.2048468318561736, 1.4310755100698382, 1.4927263291575312, 4.4916802132403575, 1.244520641318836, 1.3953224121141083, 7.516566362393688, 7.150266239407825, 1.5690639883987427]
APTIDAO: 
94.69586919481725
GEN: 2000
Individuo: 
[0.9239552808121241, 2.0344612124168076, 2.0837679388273673, 3.464753123143379, 1.081419736218225, 1.9965532540056035, 1.99916923592734, 1.9974935590744172, 1.9987457728298146, 1.9939422353380118, 1.997996585583193, 1.9971449745684688, 2.8015292155870815, 0.8282394984106903, 1.0051632416094045, 1.141885170317449, 1.4310755100698382, 1.4927263291575312, 4.4916802132403575, 1.244520641318836, 1.3953224121141083, 7.516566362393688, 7.150266239407825, 1.5690639883987427]
APTIDAO: 
94.69581678225542
GEN: 2100
Individuo: 
[0.9239552808121241, 2.0344612124168076, 2.0837679388273673, 3.464085239594057, 1.081419736218225, 1.99901520457525, 1.99916923592734, 1.9974935590744172, 1.9987457728298146, 1.9939422353380118, 1.997996585583193, 1.9971449745684688, 2.8015292155870815, 0.8282394984106903, 1.0051632416094045, 0.7003348229131974, 1.4310755100698382, 1.5777568480171864, 4.4916802132403575, 1.244520641318836, 1.3953224121141083, 7.516566362393688, 7.150266239407825, 1.5690639883987427]
APTIDAO: 
94.69310144834822
GEN: 2200
Individuo: 
[0.9239552808121241, 2.0344612124168076, 2.0837679388273673, 3.464085239594057, 1.081419736218225, 1.99901520457525, 1.99916923592734, 1.9974935590744172, 1.9987457728298146, 1.9939422353380118, 1.997996585583193, 1.9971449745684688, 2.8015292155870815, 0.8282394984106903, 1.0051632416094045, 0.7003348229131974, 1.4310755100698382, 1.5777568480171864, 4.4916802132403575, 1.244520641318836, 1.3953224121141083, 7.516566362393688, 7.150266239407825, 1.5690639883987427]
APTIDAO: 
94.69310144834822
GEN: 2300
Individuo: 
[0.9239552808121241, 2.0344612124168076, 2.0837679388273673, 3.464085239594057, 1.081419736218225, 1.99901520457525, 1.99916923592734, 1.9974935590744172, 1.9987457728298146, 1.9981313228541449, 1.997996585583193, 1.9971449745684688, 2.8015292155870815, 0.8282394984106903, 1.0051632416094045, 0.7003348229131974, 1.4310755100698382, 1.5777568480171864, 4.4916802132403575, 1.244520641318836, 1.3953224121141083, 9.421329227507204, 7.150266239407825, 1.5690639883987427]
APTIDAO: 
94.68335636104621
GEN: 2400
Individuo: 
[0.9239552808121241, 2.0344612124168076, 2.0837679388273673, 3.464085239594057, 1.081419736218225, 1.99901520457525, 1.99916923592734, 1.9974935590744172, 1.9987457728298146, 1.9981313228541449, 1.997996585583193, 1.9971449745684688, 2.8015292155870815, 0.8282394984106903, 1.0051632416094045, 0.7003348229131974, 1.4310755100698382, 1.5777568480171864, 4.4916802132403575, 1.244520641318836, 1.3953224121141083, 9.421329227507204, 7.150266239407825, 1.5690639883987427]
APTIDAO: 
94.68335636104621
GEN: 2500
Individuo: 
[0.9239552808121241, 2.0344612124168076, 2.0837679388273673, 3.464085239594057, 1.081419736218225, 1.99901520457525, 1.99916923592734, 1.9974935590744172, 1.9987457728298146, 1.9981313228541449, 1.997996585583193, 1.9971449745684688, 2.8015292155870815, 0.8282394984106903, 1.0051632416094045, 0.7003348229131974, 1.4310755100698382, 1.5777568480171864, 4.4916802132403575, 1.244520641318836, 1.3953224121141083, 9.421329227507204, 7.150266239407825, 1.5690639883987427]
APTIDAO: 
94.68335636104621
GEN: 2600
Individuo: 
[0.9239552808121241, 2.0344612124168076, 2.0837679388273673, 3.464085239594057, 1.0820569923863022, 1.99901520457525, 1.99916923592734, 1.9974935590744172, 1.9987457728298146, 1.9981313228541449, 1.997996585583193, 1.9971449745684688, 2.8015292155870815, 0.8282394984106903, 1.0051632416094045, 0.7003348229131974, 1.4207152117639064, 1.5777568480171864, 4.4916802132403575, 1.244520641318836, 1.3953224121141083, 9.421329227507204, 7.150266239407825, 1.5690639883987427]
APTIDAO: 
94.6833390438621
GEN: 2700
Individuo: 
[0.9239552808121241, 2.0344612124168076, 2.0837679388273673, 3.464085239594057, 1.0820569923863022, 1.99901520457525, 1.99916923592734, 1.9996346592918446, 1.9987457728298146, 1.9981313228541449, 1.997996585583193, 1.9971449745684688, 2.8015292155870815, 0.8282394984106903, 1.0051632416094045, 0.7003348229131974, 1.4207152117639064, 1.5777568480171864, 4.4916802132403575, 0.8383141961726951, 1.3953224121141083, 9.421329227507204, 7.150266239407825, 1.5690639883987427]
APTIDAO: 
94.68155113598607
GEN: 2800
Individuo: 
[0.9239552808121241, 2.0344612124168076, 2.0837679388273673, 3.464085239594057, 1.0820569923863022, 1.99901520457525, 1.99916923592734, 1.9996346592918446, 1.9987457728298146, 1.9981313228541449, 1.997996585583193, 1.9971449745684688, 2.8015292155870815, 0.8282394984106903, 1.0051632416094045, 0.7003348229131974, 1.4207152117639064, 1.5777568480171864, 4.4916802132403575, 0.8383141961726951, 1.3953224121141083, 9.421329227507204, 7.150266239407825, 1.5690639883987427]
APTIDAO: 
94.68155113598607
GEN: 2900
Individuo: 
[0.9239552808121241, 2.0344612124168076, 2.0837679388273673, 3.464085239594057, 1.0820569923863022, 1.99901520457525, 1.99916923592734, 1.9996346592918446, 1.9987457728298146, 1.9981313228541449, 1.997996585583193, 1.9971449745684688, 2.8015292155870815, 0.8282394984106903, 1.0051632416094045, 0.7003348229131974, 1.4207152117639064, 1.5777568480171864, 4.4916802132403575, 0.8383141961726951, 1.3953224121141083, 9.421329227507204, 7.150266239407825, 1.5690639883987427]
APTIDAO: 
94.68155113598607
GEN: 3000
Individuo: 
[0.9239552808121241, 2.0344612124168076, 2.0837679388273673, 3.464085239594057, 1.0837261369255977, 1.99901520457525, 1.99916923592734, 1.9996346592918446, 1.9987457728298146, 1.9981313228541449, 1.997996585583193, 1.9971449745684688, 2.8015292155870815, 0.8282394984106903, 1.0051632416094045, 0.7003348229131974, 1.411868359118637, 1.5777568480171864, 4.4916802132403575, 0.8383141961726951, 1.3953224121141083, 9.421329227507204, 7.150266239407825, 1.5690639883987427]
APTIDAO: 
94.68153089648774
GEN: 3100
Individuo: 
[0.9239552808121241, 2.0344612124168076, 2.0837679388273673, 3.464085239594057, 1.0837261369255977, 1.99901520457525, 1.99916923592734, 1.9996346592918446, 1.9987457728298146, 1.9981313228541449, 1.997996585583193, 1.9971449745684688, 2.8015292155870815, 0.8282394984106903, 1.0051632416094045, 0.7003348229131974, 1.411868359118637, 1.5777568480171864, 4.4916802132403575, 0.8383141961726951, 1.3953224121141083, 9.421329227507204, 7.150266239407825, 1.5690639883987427]
APTIDAO: 
94.68153089648774
GEN: 3200
Individuo: 
[0.9239552808121241, 2.0344612124168076, 2.0837679388273673, 3.464085239594057, 1.0837261369255977, 1.99901520457525, 1.99916923592734, 1.9996346592918446, 1.9987457728298146, 1.9981313228541449, 1.997996585583193, 1.9971449745684688, 2.8015292155870815, 0.8282394984106903, 1.0051632416094045, 0.7003348229131974, 1.411868359118637, 1.5777568480171864, 4.4916802132403575, 0.8383141961726951, 1.3953224121141083, 9.421329227507204, 7.150266239407825, 1.5690639883987427]
APTIDAO: 
94.68153089648774
GEN: 3300
Individuo: 
[0.9239552808121241, 2.0344612124168076, 2.0837679388273673, 3.464085239594057, 1.0837261369255977, 1.99901520457525, 1.99916923592734, 1.9996346592918446, 1.9987457728298146, 1.9981313228541449, 1.997996585583193, 1.9971449745684688, 2.8015292155870815, 0.8282394984106903, 1.0051632416094045, 0.7003348229131974, 1.411868359118637, 1.5777568480171864, 4.4916802132403575, 0.8383141961726951, 1.3953224121141083, 9.421329227507204, 7.150266239407825, 1.5690639883987427]
APTIDAO: 
94.68153089648774
GEN: 3400
Individuo: 
[0.9239552808121241, 2.0344612124168076, 2.0837679388273673, 3.464085239594057, 1.0837261369255977, 1.99901520457525, 1.99916923592734, 1.9996346592918446, 1.9987457728298146, 1.9981313228541449, 1.999620782374615, 1.9971449745684688, 2.8015292155870815, 0.8282394984106903, 1.0051632416094045, 0.7003348229131974, 1.411868359118637, 1.5777568480171864, 4.4916802132403575, 0.8383141961726951, 1.3953224121141083, 9.421329227507204, 5.151064644000745, 1.5690639883987427]
APTIDAO: 
94.67795507232191
GEN: 3500
Individuo: 
[0.9239552808121241, 2.0344612124168076, 2.0837679388273673, 3.464085239594057, 1.0839022637338986, 1.99901520457525, 1.99916923592734, 1.9996346592918446, 1.9987457728298146, 1.9981313228541449, 1.999620782374615, 1.9971449745684688, 2.8015292155870815, 0.8282394984106903, 1.0051632416094045, 0.7003348229131974, 0.9562205196156004, 1.5777568480171864, 4.4916802132403575, 0.8383141961726951, 1.3953224121141083, 9.421329227507204, 5.151064644000745, 1.5690639883987427]
APTIDAO: 
94.67795470196859
GEN: 3600
Individuo: 
[0.9239552808121241, 2.0344612124168076, 2.0837679388273673, 3.464085239594057, 1.0839022637338986, 1.99901520457525, 1.99916923592734, 1.9996346592918446, 1.9987457728298146, 1.9981313228541449, 1.999620782374615, 1.9971449745684688, 2.8015292155870815, 0.8282394984106903, 1.0051632416094045, 0.7003348229131974, 0.9562205196156004, 1.5777568480171864, 4.4916802132403575, 0.8383141961726951, 1.3953224121141083, 9.421329227507204, 5.151064644000745, 1.5690639883987427]
APTIDAO: 
94.67795470196859
GEN: 3700
Individuo: 
[0.9239552808121241, 2.0344612124168076, 2.0837679388273673, 3.464085239594057, 1.0839022637338986, 1.99901520457525, 1.99916923592734, 1.9996346592918446, 1.9987457728298146, 1.9981313228541449, 1.999620782374615, 1.9971449745684688, 2.8015292155870815, 0.8282394984106903, 1.0051632416094045, 0.7003348229131974, 0.9562205196156004, 1.5777568480171864, 4.4916802132403575, 0.8383141961726951, 1.3953224121141083, 9.421329227507204, 5.151064644000745, 1.5690639883987427]
APTIDAO: 
94.67795470196859
GEN: 3800
Individuo: 
[0.9239552808121241, 2.0344612124168076, 2.0837679388273673, 3.464085239594057, 1.0839022637338986, 1.99901520457525, 1.99916923592734, 1.9996346592918446, 1.9987457728298146, 1.9981313228541449, 1.999620782374615, 1.9971449745684688, 2.8015292155870815, 0.8282394984106903, 1.0051632416094045, 0.7003348229131974, 0.9562205196156004, 1.5777568480171864, 4.4916802132403575, 0.8383141961726951, 1.3953224121141083, 9.421329227507204, 5.151064644000745, 1.5690639883987427]
APTIDAO: 
94.67795470196859
GEN: 3900
Individuo: 
[0.9239552808121241, 2.0344612124168076, 2.0837679388273673, 3.464085239594057, 1.0839022637338986, 1.99901520457525, 1.99916923592734, 1.9996346592918446, 1.9987457728298146, 1.9981313228541449, 1.999620782374615, 1.9971449745684688, 2.8015292155870815, 0.8282394984106903, 1.0051632416094045, 0.7003348229131974, 0.9562205196156004, 1.5777568480171864, 4.4916802132403575, 0.8383141961726951, 1.3953224121141083, 9.421329227507204, 5.151064644000745, 1.5690639883987427]
APTIDAO: 
94.67795470196859
GEN: 4000
Individuo: 
[0.9239552808121241, 2.0344612124168076, 2.0837679388273673, 3.464085239594057, 1.0839022637338986, 1.99901520457525, 1.99916923592734, 1.9996346592918446, 1.9987457728298146, 1.9981313228541449, 1.999620782374615, 1.9971449745684688, 2.8015292155870815, 0.8282394984106903, 1.0051632416094045, 0.7003348229131974, 0.9562205196156004, 1.5777568480171864, 4.4916802132403575, 0.8383141961726951, 1.3953224121141083, 9.421329227507204, 5.151064644000745, 1.5690639883987427]
APTIDAO: 
94.67795470196859
GEN: 4100
Individuo: 
[0.9239552808121241, 2.0344612124168076, 2.0837679388273673, 3.464085239594057, 1.0839022637338986, 1.99901520457525, 1.99916923592734, 1.9996346592918446, 1.9987457728298146, 1.9981313228541449, 1.999620782374615, 1.9971449745684688, 2.8015292155870815, 0.8282394984106903, 1.0051632416094045, 0.7003348229131974, 0.9562205196156004, 1.5777568480171864, 4.4916802132403575, 0.8383141961726951, 1.3953224121141083, 9.421329227507204, 5.151064644000745, 1.5690639883987427]
APTIDAO: 
94.67795470196859
GEN: 4200
Individuo: 
[0.9239552808121241, 2.0344612124168076, 2.0837679388273673, 3.464085239594057, 1.0839022637338986, 1.99901520457525, 1.99916923592734, 1.9996346592918446, 1.9987457728298146, 1.9981313228541449, 1.999620782374615, 1.9971449745684688, 2.8015292155870815, 0.8282394984106903, 1.0051632416094045, 0.7003348229131974, 0.9562205196156004, 1.5777568480171864, 4.4916802132403575, 0.8383141961726951, 1.3953224121141083, 9.421329227507204, 5.151064644000745, 1.5690639883987427]
APTIDAO: 
94.67795470196859
GEN: 4300
Individuo: 
[0.9239552808121241, 2.0344612124168076, 2.0837679388273673, 3.464085239594057, 1.0839022637338986, 1.99901520457525, 1.99916923592734, 1.9996346592918446, 1.9987457728298146, 1.9981313228541449, 1.999620782374615, 1.9971449745684688, 2.8015292155870815, 0.8282394984106903, 1.0051632416094045, 0.7003348229131974, 0.9562205196156004, 1.5777568480171864, 4.4916802132403575, 0.8383141961726951, 1.3953224121141083, 9.421329227507204, 5.151064644000745, 1.5690639883987427]
APTIDAO: 
94.67795470196859
GEN: 4400
Individuo: 
[0.9239552808121241, 2.0344612124168076, 2.0837679388273673, 3.4565590229626575, 1.0839022637338986, 1.99901520457525, 1.99916923592734, 1.9996346592918446, 1.9987457728298146, 1.9981313228541449, 1.999620782374615, 1.9971449745684688, 2.8015292155870815, 0.8282394984106903, 1.0051632416094045, 1.1447607078736721, 0.9562205196156004, 1.5777568480171864, 4.4916802132403575, 0.8383141961726951, 1.3953224121141083, 9.421329227507204, 5.151064644000745, 1.5690639883987427]
APTIDAO: 
94.67793858586622
GEN: 4500
Individuo: 
[0.9239552808121241, 2.0344612124168076, 2.0837679388273673, 3.4565590229626575, 1.0839022637338986, 1.99901520457525, 1.999571448079665, 1.9996346592918446, 1.9987457728298146, 1.9981313228541449, 1.999620782374615, 1.9971449745684688, 2.8015292155870815, 0.8282394984106903, 1.0051632416094045, 1.1447607078736721, 0.9562205196156004, 1.5777568480171864, 4.265961640753444, 0.8383141961726951, 1.3953224121141083, 9.421329227507204, 5.151064644000745, 1.5690639883987427]
APTIDAO: 
94.67732545443978
GEN: 4600
Individuo: 
[0.9239552808121241, 2.0344612124168076, 2.0837679388273673, 3.4565590229626575, 1.0839022637338986, 1.99901520457525, 1.999571448079665, 1.9996346592918446, 1.9987457728298146, 1.9981313228541449, 1.999620782374615, 1.9971449745684688, 2.8015292155870815, 0.8282394984106903, 1.0051632416094045, 1.1447607078736721, 0.9562205196156004, 1.5777568480171864, 4.265961640753444, 0.8383141961726951, 1.3953224121141083, 9.421329227507204, 5.151064644000745, 1.5690639883987427]
APTIDAO: 
94.67732545443978
GEN: 4700
Individuo: 
[0.9239552808121241, 2.0344612124168076, 2.0837679388273673, 3.4565590229626575, 1.0839022637338986, 1.99901520457525, 1.999571448079665, 1.9996346592918446, 1.9987457728298146, 1.9981313228541449, 1.999620782374615, 1.9971449745684688, 2.8015292155870815, 0.8282394984106903, 1.0051632416094045, 1.1447607078736721, 0.9562205196156004, 1.5777568480171864, 4.265961640753444, 0.8383141961726951, 1.3953224121141083, 9.421329227507204, 5.151064644000745, 1.5690639883987427]
APTIDAO: 
94.67732545443978
GEN: 4800
Individuo: 
[0.9239552808121241, 2.0344612124168076, 2.0837679388273673, 3.4565590229626575, 1.0839022637338986, 1.99901520457525, 1.999571448079665, 1.9996346592918446, 1.9987457728298146, 1.9984959850293458, 1.999620782374615, 1.9971449745684688, 2.8015292155870815, 0.8282394984106903, 1.0051632416094045, 1.1447607078736721, 0.9562205196156004, 1.5777568480171864, 4.265961640753444, 0.8383141961726951, 1.3953224121141083, 10.0, 5.151064644000745, 1.5690639883987427]
APTIDAO: 
94.67647861955881
GEN: 4900
Individuo: 
[0.9239735491186001, 2.0344612124168076, 2.0837679388273673, 3.4565590229626575, 1.0839022637338986, 1.99901520457525, 1.999571448079665, 1.9996346592918446, 1.9987457728298146, 1.9984959850293458, 1.999620782374615, 1.9971449745684688, 1.3435245941928875, 0.8282394984106903, 1.0051632416094045, 1.1447607078736721, 0.9562205196156004, 1.5777568480171864, 4.265961640753444, 0.8383141961726951, 1.3953224121141083, 10.0, 5.151064644000745, 1.5690639883987427]
APTIDAO: 
94.67647555973289
GEN: 5000
Individuo: 
[0.9253660819662739, 2.0344612124168076, 2.0837679388273673, 3.4565590229626575, 1.0839022637338986, 1.99901520457525, 1.999571448079665, 1.9996346592918446, 1.9987457728298146, 1.9986880532175315, 1.999620782374615, 1.9971449745684688, 1.2862970281936725, 0.8282394984106903, 1.0051632416094045, 1.1447607078736721, 0.9562205196156004, 1.5777568480171864, 4.265961640753444, 0.8383141961726951, 1.3953224121141083, 10.0, 5.151064644000745, 1.5690639883987427]
APTIDAO: 
94.67581788715619
GEN: 5100
Individuo: 
[0.9253660819662739, 2.0344612124168076, 2.0837679388273673, 3.4565590229626575, 1.0839022637338986, 1.99901520457525, 1.999571448079665, 1.9996346592918446, 1.9987457728298146, 1.9986880532175315, 1.999620782374615, 1.9971449745684688, 1.2862970281936725, 0.8282394984106903, 1.0051632416094045, 1.1447607078736721, 0.9562205196156004, 1.5777568480171864, 4.265961640753444, 0.8383141961726951, 1.3953224121141083, 10.0, 5.151064644000745, 1.5690639883987427]
APTIDAO: 
94.67581788715619
GEN: 5200
Individuo: 
[0.9253660819662739, 2.0344612124168076, 2.0837679388273673, 3.4565590229626575, 1.0839022637338986, 1.99901520457525, 1.999571448079665, 1.9996346592918446, 1.9987457728298146, 1.9986880532175315, 1.999620782374615, 1.9971449745684688, 1.2862970281936725, 0.8282394984106903, 1.0051632416094045, 1.1447607078736721, 0.9562205196156004, 1.5777568480171864, 4.265961640753444, 0.8383141961726951, 1.3953224121141083, 10.0, 5.151064644000745, 1.5690639883987427]
APTIDAO: 
94.67581788715619
GEN: 5300
Individuo: 
[0.9253660819662739, 2.0344612124168076, 2.0837679388273673, 3.4565590229626575, 1.0839022637338986, 1.99901520457525, 1.999571448079665, 1.9996346592918446, 1.9987457728298146, 1.9986880532175315, 1.999620782374615, 1.9974545485144348, 1.2862970281936725, 0.8282394984106903, 1.0051632416094045, 1.1447607078736721, 0.9562205196156004, 1.5777568480171864, 4.265961640753444, 0.8383141961726951, 1.3953224121141083, 10.0, 5.151064644000745, 1.5390039044404653]
APTIDAO: 
94.67555533714962
GEN: 5400
Individuo: 
[0.9253660819662739, 2.0344612124168076, 2.0837679388273673, 3.454219649036689, 1.0839022637338986, 1.99901520457525, 1.999571448079665, 1.9996346592918446, 1.9987457728298146, 1.9986880532175315, 1.999620782374615, 1.9974545485144348, 1.2862970281936725, 0.8282394984106903, 1.0051632416094045, 0.6315876122429621, 0.9562205196156004, 1.5777568480171864, 4.265961640753444, 0.8383141961726951, 1.3953224121141083, 10.0, 5.151064644000745, 1.5390039044404653]
APTIDAO: 
94.67555168805868
GEN: 5500
Individuo: 
[0.9253660819662739, 2.0344612124168076, 2.0837679388273673, 3.454219649036689, 1.0839022637338986, 1.99901520457525, 1.999571448079665, 1.9996346592918446, 1.9987457728298146, 1.9986880532175315, 1.999620782374615, 1.9974545485144348, 1.2862970281936725, 0.8282394984106903, 1.0051632416094045, 0.6315876122429621, 0.9562205196156004, 1.5777568480171864, 4.265961640753444, 0.8383141961726951, 1.3953224121141083, 10.0, 5.151064644000745, 1.5390039044404653]
APTIDAO: 
94.67555168805868
GEN: 5600
Individuo: 
[0.9253660819662739, 2.0344612124168076, 2.0837679388273673, 3.454219649036689, 1.0839022637338986, 1.99901520457525, 1.999571448079665, 1.9996346592918446, 1.9987457728298146, 1.9986880532175315, 1.999620782374615, 1.9974545485144348, 1.2862970281936725, 0.8282394984106903, 1.0051632416094045, 0.6315876122429621, 0.9562205196156004, 1.5777568480171864, 4.265961640753444, 0.8383141961726951, 1.3953224121141083, 10.0, 5.151064644000745, 1.5390039044404653]
APTIDAO: 
94.67555168805868
GEN: 5700
Individuo: 
[0.9253660819662739, 2.0344612124168076, 2.0837679388273673, 3.454219649036689, 1.0839022637338986, 1.99901520457525, 1.999571448079665, 1.9996346592918446, 1.9987457728298146, 1.9986880532175315, 1.999620782374615, 1.9974545485144348, 1.2862970281936725, 0.8282394984106903, 1.0051632416094045, 0.6315876122429621, 0.9562205196156004, 1.5777568480171864, 4.265961640753444, 0.8383141961726951, 1.3953224121141083, 10.0, 5.151064644000745, 1.5390039044404653]
APTIDAO: 
94.67555168805868
GEN: 5800
Individuo: 
[0.9253660819662739, 2.0344612124168076, 2.0837679388273673, 3.454219649036689, 1.0839022637338986, 1.9995000416035527, 1.999571448079665, 1.9996346592918446, 1.9995684554394222, 1.9986880532175315, 1.999620782374615, 1.9974545485144348, 1.2862970281936725, 0.8282394984106903, 1.0051632416094045, 0.6315876122429621, 0.9562205196156004, 1.0428802467936331, 4.265961640753444, 0.8383141961726951, 0.8036427073482451, 10.0, 5.151064644000745, 1.5390039044404653]
APTIDAO: 
94.67324441485928
GEN: 5900
Individuo: 
[0.9253660819662739, 2.0344612124168076, 2.0837679388273673, 3.454219649036689, 1.0839022637338986, 1.9995000416035527, 1.9996713622160673, 1.9996346592918446, 1.9995684554394222, 1.9986880532175315, 1.999620782374615, 1.9974545485144348, 1.2862970281936725, 0.8282394984106903, 1.0051632416094045, 0.6315876122429621, 0.9562205196156004, 1.0428802467936331, 2.4850426603274363, 0.8383141961726951, 0.8036427073482451, 10.0, 5.151064644000745, 1.5390039044404653]
APTIDAO: 
94.6730921435391
GEN: 6000
Individuo: 
[0.9253660819662739, 2.0344612124168076, 2.0837679388273673, 3.454219649036689, 1.0846896386730374, 1.9995000416035527, 1.9996713622160673, 1.9996346592918446, 1.9995684554394222, 1.9986880532175315, 1.999620782374615, 1.9974545485144348, 1.2862970281936725, 0.8282394984106903, 1.0051632416094045, 0.6315876122429621, 0.7918120534460217, 1.0428802467936331, 2.4850426603274363, 0.8383141961726951, 0.8036427073482451, 10.0, 5.151064644000745, 1.5390039044404653]
APTIDAO: 
94.67309006345955
GEN: 6100
Individuo: 
[0.9253660819662739, 2.0344612124168076, 2.0837679388273673, 3.454219649036689, 1.0846896386730374, 1.9995000416035527, 1.9996713622160673, 1.9996346592918446, 1.9995684554394222, 1.9986880532175315, 1.999620782374615, 1.9974545485144348, 1.2862970281936725, 0.8282394984106903, 1.0051632416094045, 0.6315876122429621, 0.7918120534460217, 1.0428802467936331, 2.4850426603274363, 0.8383141961726951, 0.8036427073482451, 10.0, 5.151064644000745, 1.5390039044404653]
APTIDAO: 
94.67309006345955
GEN: 6200
Individuo: 
[0.9253660819662739, 2.0344612124168076, 2.0837679388273673, 3.454219649036689, 1.0846896386730374, 1.9995000416035527, 1.9996713622160673, 1.9996346592918446, 1.9995684554394222, 1.9986880532175315, 1.999620782374615, 1.9974545485144348, 1.2862970281936725, 0.8282394984106903, 1.0051632416094045, 0.6315876122429621, 0.7918120534460217, 1.0428802467936331, 2.4850426603274363, 0.8383141961726951, 0.8036427073482451, 10.0, 5.151064644000745, 1.5390039044404653]
APTIDAO: 
94.67309006345955
GEN: 6300
Individuo: 
[0.9253660819662739, 2.0344612124168076, 2.0837679388273673, 3.454219649036689, 1.0846896386730374, 1.9995000416035527, 1.9996713622160673, 1.9996346592918446, 1.9995684554394222, 1.9986880532175315, 1.999620782374615, 1.9974545485144348, 1.2862970281936725, 0.8282394984106903, 1.0051632416094045, 0.6315876122429621, 0.7918120534460217, 1.0428802467936331, 2.4850426603274363, 0.8383141961726951, 0.8036427073482451, 10.0, 5.151064644000745, 1.5390039044404653]
APTIDAO: 
94.67309006345955
GEN: 6400
Individuo: 
[0.9253660819662739, 2.0344612124168076, 2.0837679388273673, 3.454219649036689, 1.0846896386730374, 1.9995000416035527, 1.9996713622160673, 1.9996346592918446, 1.9995684554394222, 1.9986880532175315, 1.999620782374615, 1.9974545485144348, 1.2862970281936725, 0.8282394984106903, 1.0051632416094045, 0.6315876122429621, 0.7918120534460217, 1.0428802467936331, 2.4850426603274363, 0.8383141961726951, 0.8036427073482451, 10.0, 5.151064644000745, 1.5390039044404653]
APTIDAO: 
94.67309006345955
GEN: 6500
Individuo: 
[0.9253660819662739, 2.0344612124168076, 2.0837679388273673, 3.454219649036689, 1.0846896386730374, 1.9995000416035527, 1.9996713622160673, 1.9996346592918446, 1.9995684554394222, 1.9986880532175315, 1.999620782374615, 1.9974545485144348, 1.2862970281936725, 0.8282394984106903, 1.0051632416094045, 0.6315876122429621, 0.7918120534460217, 1.0428802467936331, 2.4850426603274363, 0.8383141961726951, 0.8036427073482451, 10.0, 5.151064644000745, 1.5390039044404653]
APTIDAO: 
94.67309006345955
GEN: 6600
Individuo: 
[0.9253660819662739, 2.0344612124168076, 2.0837679388273673, 3.454219649036689, 1.0846896386730374, 1.9995000416035527, 1.9996713622160673, 1.9996346592918446, 1.9995684554394222, 1.9986880532175315, 1.999620782374615, 1.9974545485144348, 1.2862970281936725, 0.8282394984106903, 1.0051632416094045, 0.6315876122429621, 0.7918120534460217, 1.0428802467936331, 2.4850426603274363, 0.8383141961726951, 0.8036427073482451, 10.0, 5.151064644000745, 1.5390039044404653]
APTIDAO: 
94.67309006345955
GEN: 6700
Individuo: 
[0.9253660819662739, 2.0344612124168076, 2.0837679388273673, 3.454219649036689, 1.0846896386730374, 1.9995000416035527, 1.9996713622160673, 1.9996346592918446, 1.9995684554394222, 1.9986880532175315, 1.999620782374615, 1.9974545485144348, 1.2862970281936725, 0.8282394984106903, 1.0051632416094045, 0.6315876122429621, 0.7918120534460217, 1.0428802467936331, 2.4850426603274363, 0.8383141961726951, 0.8036427073482451, 10.0, 5.151064644000745, 1.5390039044404653]
APTIDAO: 
94.67309006345955
GEN: 6800
Individuo: 
[0.9253660819662739, 2.0344612124168076, 2.0837679388273673, 3.454219649036689, 1.0846896386730374, 1.9995000416035527, 1.9996713622160673, 1.9996346592918446, 1.9995684554394222, 1.9986880532175315, 1.999620782374615, 1.9974545485144348, 1.2862970281936725, 0.8282394984106903, 1.0051632416094045, 0.6315876122429621, 0.7918120534460217, 1.0428802467936331, 2.4850426603274363, 0.8383141961726951, 0.8036427073482451, 10.0, 5.151064644000745, 1.5390039044404653]
APTIDAO: 
94.67309006345955
GEN: 6900
Individuo: 
[0.9253660819662739, 2.0344612124168076, 2.0837679388273673, 3.454219649036689, 1.0846896386730374, 1.9995000416035527, 1.9996713622160673, 1.9996346592918446, 1.9995684554394222, 1.9986880532175315, 1.999620782374615, 1.9974545485144348, 1.2862970281936725, 0.8282394984106903, 1.0051632416094045, 0.6315876122429621, 0.7918120534460217, 1.0428802467936331, 2.4850426603274363, 0.8383141961726951, 0.8036427073482451, 10.0, 5.151064644000745, 1.5390039044404653]
APTIDAO: 
94.67309006345955
GEN: 7000
Individuo: 
[0.9253660819662739, 2.0344612124168076, 2.0837679388273673, 3.454219649036689, 1.0846896386730374, 1.9995000416035527, 1.9996713622160673, 1.9996346592918446, 1.9995684554394222, 1.9986880532175315, 1.999620782374615, 1.9974545485144348, 1.2862970281936725, 0.8282394984106903, 1.0051632416094045, 0.6315876122429621, 0.7918120534460217, 1.0428802467936331, 2.4850426603274363, 0.8383141961726951, 0.8036427073482451, 10.0, 5.151064644000745, 1.5390039044404653]
APTIDAO: 
94.67309006345955
GEN: 7100
Individuo: 
[0.9253660819662739, 2.0344612124168076, 2.0837679388273673, 3.454219649036689, 1.0846896386730374, 1.9995000416035527, 1.9996713622160673, 1.9996346592918446, 1.9995684554394222, 1.9986880532175315, 1.999620782374615, 1.9974545485144348, 1.2862970281936725, 0.8282394984106903, 1.0051632416094045, 0.6315876122429621, 0.7918120534460217, 1.0428802467936331, 2.4850426603274363, 0.8383141961726951, 0.8036427073482451, 10.0, 5.151064644000745, 1.5390039044404653]
APTIDAO: 
94.67309006345955
GEN: 7200
Individuo: 
[0.9253660819662739, 2.031970665949896, 2.0837679388273673, 3.454219649036689, 1.0846896386730374, 1.9995000416035527, 1.9996713622160673, 1.9996346592918446, 1.9995684554394222, 1.9986880532175315, 1.999620782374615, 1.9974545485144348, 1.2862970281936725, 1.037212927628673, 1.0051632416094045, 0.6315876122429621, 0.7918120534460217, 1.0428802467936331, 2.4850426603274363, 0.8383141961726951, 0.8036427073482451, 10.0, 5.151064644000745, 1.5390039044404653]
APTIDAO: 
94.6730308702884
GEN: 7300
Individuo: 
[0.9253660819662739, 2.031970665949896, 2.0837679388273673, 3.4567916249021726, 1.0846896386730374, 1.9995000416035527, 1.9996713622160673, 1.9996346592918446, 1.9995684554394222, 1.9986880532175315, 1.999620782374615, 1.9974545485144348, 1.2862970281936725, 1.037212927628673, 1.0051632416094045, 0.8479983652908585, 0.7918120534460217, 1.0428802467936331, 2.4850426603274363, 0.8383141961726951, 0.8036427073482451, 10.0, 5.151064644000745, 1.5390039044404653]
APTIDAO: 
94.67302570317581
GEN: 7400
Individuo: 
[0.9253660819662739, 2.031970665949896, 2.0837679388273673, 3.4567916249021726, 1.0846896386730374, 1.9995000416035527, 1.9996713622160673, 1.9996346592918446, 1.9995684554394222, 1.9986880532175315, 1.999620782374615, 1.9974545485144348, 1.2862970281936725, 1.037212927628673, 1.0051632416094045, 0.8479983652908585, 0.7918120534460217, 1.0428802467936331, 2.4850426603274363, 0.8383141961726951, 0.8036427073482451, 10.0, 5.151064644000745, 1.5390039044404653]
APTIDAO: 
94.67302570317581
GEN: 7500
Individuo: 
[0.9253660819662739, 2.031970665949896, 2.0837679388273673, 3.4567916249021726, 1.0846896386730374, 1.9995000416035527, 1.9996713622160673, 1.9996346592918446, 1.9995684554394222, 1.9986880532175315, 1.999620782374615, 1.9974545485144348, 1.2862970281936725, 1.037212927628673, 1.0051632416094045, 0.8479983652908585, 0.7918120534460217, 1.0428802467936331, 2.4850426603274363, 0.8383141961726951, 0.8036427073482451, 10.0, 5.151064644000745, 1.5390039044404653]
APTIDAO: 
94.67302570317581
GEN: 7600
Individuo: 
[0.9253660819662739, 2.031970665949896, 2.0837679388273673, 3.455542290513552, 1.0846896386730374, 1.9995000416035527, 1.9996713622160673, 1.9996346592918446, 1.9995684554394222, 1.9986880532175315, 1.999620782374615, 1.9974545485144348, 1.2862970281936725, 1.037212927628673, 1.0051632416094045, 0.7848415374435888, 0.7918120534460217, 1.0428802467936331, 2.4850426603274363, 0.8383141961726951, 0.8036427073482451, 10.0, 5.151064644000745, 1.5390039044404653]
APTIDAO: 
94.67302471095023
GEN: 7700
Individuo: 
[0.9253660819662739, 2.031970665949896, 2.0837679388273673, 3.455542290513552, 1.0846896386730374, 1.9995000416035527, 1.9996713622160673, 1.9996346592918446, 1.9995684554394222, 1.9986880532175315, 1.999620782374615, 1.9974545485144348, 1.2862970281936725, 1.037212927628673, 1.0051632416094045, 0.7848415374435888, 0.7918120534460217, 1.0428802467936331, 2.4850426603274363, 0.8383141961726951, 0.8036427073482451, 10.0, 5.151064644000745, 1.5390039044404653]
APTIDAO: 
94.67302471095023
GEN: 7800
Individuo: 
[0.9253660819662739, 2.031970665949896, 2.0837679388273673, 3.455542290513552, 1.0846896386730374, 1.9995000416035527, 1.9996713622160673, 1.9996346592918446, 1.9995684554394222, 1.9986880532175315, 1.999620782374615, 1.9974545485144348, 1.2862970281936725, 1.037212927628673, 1.0051632416094045, 0.7848415374435888, 0.7918120534460217, 1.0428802467936331, 2.4850426603274363, 0.8383141961726951, 0.8036427073482451, 10.0, 5.151064644000745, 1.5390039044404653]
APTIDAO: 
94.67302471095023
GEN: 7900
Individuo: 
[0.9253660819662739, 2.031970665949896, 2.0837679388273673, 3.455542290513552, 1.0846896386730374, 1.9995000416035527, 1.9996713622160673, 1.9996346592918446, 1.9995684554394222, 1.9986880532175315, 1.999620782374615, 1.9974545485144348, 1.2862970281936725, 1.037212927628673, 1.0051632416094045, 0.7848415374435888, 0.7918120534460217, 1.0428802467936331, 2.4850426603274363, 0.8383141961726951, 0.8036427073482451, 10.0, 5.151064644000745, 1.5390039044404653]
APTIDAO: 
94.67302471095023
GEN: 8000
Individuo: 
[0.9253660819662739, 2.031970665949896, 2.0837679388273673, 3.455542290513552, 1.0846896386730374, 1.9995000416035527, 1.9996713622160673, 1.9996346592918446, 1.9995684554394222, 1.9986880532175315, 1.999620782374615, 1.9974545485144348, 1.2862970281936725, 1.037212927628673, 1.0051632416094045, 0.7848415374435888, 0.7918120534460217, 1.0428802467936331, 2.4850426603274363, 0.8383141961726951, 0.8036427073482451, 10.0, 5.151064644000745, 1.5390039044404653]
APTIDAO: 
94.67302471095023
GEN: 8100
Individuo: 
[0.9253660819662739, 2.031970665949896, 2.0837679388273673, 3.455542290513552, 1.0846896386730374, 1.9995000416035527, 1.9996713622160673, 1.9996346592918446, 1.9995684554394222, 1.9986880532175315, 1.999620782374615, 1.9974545485144348, 1.2862970281936725, 1.037212927628673, 1.0051632416094045, 0.7848415374435888, 0.7918120534460217, 1.0428802467936331, 2.4850426603274363, 0.8383141961726951, 0.8036427073482451, 10.0, 5.151064644000745, 1.5390039044404653]
APTIDAO: 
94.67302471095023
GEN: 8200
Individuo: 
[0.9253660819662739, 2.031970665949896, 2.0837679388273673, 3.455542290513552, 1.0846896386730374, 1.9995000416035527, 1.9996713622160673, 1.9996346592918446, 1.9995684554394222, 1.9986880532175315, 1.999620782374615, 1.9974545485144348, 1.2862970281936725, 1.037212927628673, 1.0051632416094045, 0.7848415374435888, 0.7918120534460217, 1.0428802467936331, 2.4850426603274363, 0.8383141961726951, 0.8036427073482451, 10.0, 5.151064644000745, 1.5390039044404653]
APTIDAO: 
94.67302471095023
GEN: 8300
Individuo: 
[0.9253660819662739, 2.031970665949896, 2.0837679388273673, 3.455542290513552, 1.0846896386730374, 1.9995000416035527, 1.9996713622160673, 1.9996346592918446, 1.9995684554394222, 1.9986880532175315, 1.999620782374615, 1.9974545485144348, 1.2862970281936725, 1.037212927628673, 1.0051632416094045, 0.7848415374435888, 0.7918120534460217, 1.0428802467936331, 2.4850426603274363, 0.8383141961726951, 0.8036427073482451, 10.0, 5.151064644000745, 1.5390039044404653]
APTIDAO: 
94.67302471095023
GEN: 8400
Individuo: 
[0.9253660819662739, 2.031970665949896, 2.0837679388273673, 3.455542290513552, 1.0846896386730374, 1.9995000416035527, 1.9996713622160673, 1.9996346592918446, 1.9995684554394222, 1.9986880532175315, 1.999620782374615, 1.9974545485144348, 1.2862970281936725, 1.037212927628673, 1.0051632416094045, 0.7848415374435888, 0.7918120534460217, 1.0428802467936331, 2.4850426603274363, 0.8383141961726951, 0.8036427073482451, 10.0, 5.151064644000745, 1.5390039044404653]
APTIDAO: 
94.67302471095023
GEN: 8500
Individuo: 
[0.9253660819662739, 2.031970665949896, 2.0837679388273673, 3.455542290513552, 1.0846896386730374, 1.9995000416035527, 1.9996713622160673, 1.9996346592918446, 1.9995684554394222, 1.9986880532175315, 1.999620782374615, 1.9974545485144348, 1.2862970281936725, 1.037212927628673, 1.0051632416094045, 0.7848415374435888, 0.7918120534460217, 1.0428802467936331, 2.4850426603274363, 0.8383141961726951, 0.8036427073482451, 10.0, 5.151064644000745, 1.5390039044404653]
APTIDAO: 
94.67302471095023
GEN: 8600
Individuo: 
[0.9253660819662739, 2.031970665949896, 2.0837679388273673, 3.455542290513552, 1.0846896386730374, 1.9995000416035527, 1.9996713622160673, 1.9996346592918446, 1.9995684554394222, 1.9986880532175315, 1.999620782374615, 1.9974545485144348, 1.2862970281936725, 1.037212927628673, 1.0051632416094045, 0.7848415374435888, 0.7918120534460217, 1.0428802467936331, 2.4850426603274363, 0.8383141961726951, 0.8036427073482451, 10.0, 5.151064644000745, 1.5390039044404653]
APTIDAO: 
94.67302471095023
GEN: 8700
Individuo: 
[0.9253660819662739, 2.031970665949896, 2.0837679388273673, 3.455542290513552, 1.0846896386730374, 1.9995000416035527, 1.9996713622160673, 1.9996346592918446, 1.9995684554394222, 1.9986880532175315, 1.999620782374615, 1.9974545485144348, 1.2862970281936725, 1.037212927628673, 1.0051632416094045, 0.7848415374435888, 0.7918120534460217, 1.0428802467936331, 2.4850426603274363, 0.8383141961726951, 0.8036427073482451, 10.0, 5.151064644000745, 1.5390039044404653]
APTIDAO: 
94.67302471095023
GEN: 8800
Individuo: 
[0.9253660819662739, 2.031970665949896, 2.0837679388273673, 3.455542290513552, 1.0846896386730374, 1.9995000416035527, 1.9996713622160673, 1.9996346592918446, 1.9995684554394222, 1.9986880532175315, 1.999620782374615, 1.9974545485144348, 1.2862970281936725, 1.037212927628673, 1.0051632416094045, 0.7848415374435888, 0.7918120534460217, 1.0428802467936331, 2.4850426603274363, 0.8383141961726951, 0.8036427073482451, 10.0, 5.151064644000745, 1.5390039044404653]
APTIDAO: 
94.67302471095023
GEN: 8900
Individuo: 
[0.9253660819662739, 2.031970665949896, 2.0837679388273673, 3.455542290513552, 1.0846896386730374, 1.9995000416035527, 1.9996713622160673, 1.9996346592918446, 1.9995684554394222, 1.9986880532175315, 1.999620782374615, 1.9974545485144348, 1.2862970281936725, 1.037212927628673, 1.0051632416094045, 0.7848415374435888, 0.7918120534460217, 1.0428802467936331, 2.4850426603274363, 0.8383141961726951, 0.8036427073482451, 10.0, 5.151064644000745, 1.5390039044404653]
APTIDAO: 
94.67302471095023
GEN: 9000
Individuo: 
[0.9253660819662739, 2.031970665949896, 2.0837679388273673, 3.455542290513552, 1.0846896386730374, 1.9995000416035527, 1.9996713622160673, 1.9996346592918446, 1.9995684554394222, 1.9986880532175315, 1.999620782374615, 1.9974545485144348, 1.2862970281936725, 1.037212927628673, 1.0051632416094045, 0.7848415374435888, 0.7918120534460217, 1.0428802467936331, 2.4850426603274363, 0.8383141961726951, 0.8036427073482451, 10.0, 5.151064644000745, 1.5390039044404653]
APTIDAO: 
94.67302471095023
GEN: 9100
Individuo: 
[0.9253660819662739, 2.031970665949896, 2.0837679388273673, 3.455542290513552, 1.0846896386730374, 1.9995000416035527, 1.9996713622160673, 1.9996346592918446, 1.9995684554394222, 1.9986880532175315, 1.999620782374615, 1.9974545485144348, 1.2862970281936725, 1.037212927628673, 1.0051632416094045, 0.7848415374435888, 0.7918120534460217, 1.0428802467936331, 2.4850426603274363, 0.8383141961726951, 0.8036427073482451, 10.0, 5.151064644000745, 1.5390039044404653]
APTIDAO: 
94.67302471095023
GEN: 9200
Individuo: 
[0.9253660819662739, 2.031970665949896, 2.0837679388273673, 3.455542290513552, 1.0846896386730374, 1.9995000416035527, 1.9996713622160673, 1.9996346592918446, 1.9995684554394222, 1.9986880532175315, 1.999620782374615, 1.9974545485144348, 1.2862970281936725, 1.037212927628673, 1.0051632416094045, 0.7848415374435888, 0.7918120534460217, 1.0428802467936331, 2.4850426603274363, 0.8383141961726951, 0.8036427073482451, 10.0, 5.151064644000745, 1.5390039044404653]
APTIDAO: 
94.67302471095023
GEN: 9300
Individuo: 
[0.9253660819662739, 2.031970665949896, 2.0837679388273673, 3.455542290513552, 1.0846896386730374, 1.9995000416035527, 1.9996713622160673, 1.9996346592918446, 1.9995684554394222, 1.9986880532175315, 1.999620782374615, 1.9974545485144348, 1.2862970281936725, 1.037212927628673, 1.0051632416094045, 0.7848415374435888, 0.7918120534460217, 1.0428802467936331, 2.4850426603274363, 0.8383141961726951, 0.8036427073482451, 10.0, 5.151064644000745, 1.5390039044404653]
APTIDAO: 
94.67302471095023
GEN: 9400
Individuo: 
[0.9253660819662739, 2.031970665949896, 2.0837679388273673, 3.455542290513552, 1.0846896386730374, 1.9995000416035527, 1.9996713622160673, 1.9996346592918446, 1.9995684554394222, 1.9986880532175315, 1.999620782374615, 1.9974545485144348, 1.2862970281936725, 1.037212927628673, 1.0051632416094045, 0.7848415374435888, 0.7918120534460217, 1.0428802467936331, 2.4850426603274363, 0.8383141961726951, 0.8036427073482451, 10.0, 5.151064644000745, 1.5390039044404653]
APTIDAO: 
94.67302471095023
GEN: 9500
Individuo: 
[0.9253660819662739, 2.031970665949896, 2.0837679388273673, 3.455542290513552, 1.0846896386730374, 1.9995000416035527, 1.9996713622160673, 1.9996346592918446, 1.9995684554394222, 1.9986880532175315, 1.999620782374615, 1.9974545485144348, 1.2862970281936725, 1.037212927628673, 1.0051632416094045, 0.7848415374435888, 0.7918120534460217, 1.0428802467936331, 2.4850426603274363, 0.8383141961726951, 0.8036427073482451, 10.0, 5.151064644000745, 1.5390039044404653]
APTIDAO: 
94.67302471095023
GEN: 9600
Individuo: 
[0.9253660819662739, 2.031970665949896, 2.0837679388273673, 3.455542290513552, 1.0846896386730374, 1.9995000416035527, 1.9996713622160673, 1.9996346592918446, 1.9995684554394222, 1.9986880532175315, 1.999620782374615, 1.9974545485144348, 1.2862970281936725, 1.037212927628673, 1.0051632416094045, 0.7848415374435888, 0.7918120534460217, 1.0428802467936331, 2.4850426603274363, 0.8383141961726951, 0.8036427073482451, 10.0, 5.151064644000745, 1.5390039044404653]
APTIDAO: 
94.67302471095023
