SEED: 1778419526
BOUNDS: tau=[0.1, 5.0]  Km=[0.01, 50.0]
GEN: 0
Individuo: 
[0.6708172973103644, 3.4382971877370467, 1.3285635925949137, 0.9495226375437293, 0.5904782776353663, 39.753535055779835, 29.829930985021335, 18.769213936828653, 21.06605347753943, 11.063663450894209, 2.440114610456596, 20.454820110633086, 2.2606942995770027, 3.5156358352599093, 1.270596791365281, 0.14025039414873897, 0.890988257086146, 6.003880943353801, 4.378892921005263, 4.339459427953956, 5.361841746705884, 0.74374843160326, 1.215673155244121, 3.7676211274072764]
APTIDAO: 
95.59340913001837
GEN: 100
Individuo: 
[1.098433326617468, 2.260040711989679, 1.9492847223428396, 0.9495226375437293, 1.2989241288195221, 2.9458970766279484, 5.842107189827974, 39.6536057065784, 32.79326122390393, 15.293006418740175, 42.64907891491288, 6.621614421058547, 2.3733398768834353, 2.6985842595448726, 0.7887348435699042, 0.14025039414873897, 0.9472274690054352, 6.641691102441276, 2.6636823817234365, 4.540328303955176, 3.0045263408839133, 0.675928442986163, 1.3304985099049318, 0.5153087439508227]
APTIDAO: 
84.53991299937267
GEN: 200
Individuo: 
[1.098433326617468, 2.2334681208272475, 1.9716455130654702, 0.9495226375437293, 1.2989241288195221, 3.880215791379963, 3.4242303967343077, 48.91391770186489, 43.85175974419061, 40.19852187134665, 45.81536978048291, 5.463580920392125, 2.3733398768834353, 1.8049410413862679, 1.0418939785730488, 0.14025039414873897, 0.9472274690054352, 8.502376384423538, 2.716104382442908, 10.0, 1.74872389793412, 1.2232446419817145, 1.2719326569654401, 0.4589353116667815]
APTIDAO: 
84.31741185277174
GEN: 300
Individuo: 
[1.098433326617468, 2.0348959078474076, 2.2473653801370093, 0.9495226375437293, 1.2989241288195221, 3.880215791379963, 3.3032587878933874, 48.91391770186489, 48.57054892875956, 45.28056336004991, 48.37420377293533, 4.251217889937253, 2.3733398768834353, 1.8060842587680392, 0.4664919884207456, 0.14025039414873897, 0.9472274690054352, 8.502376384423538, 2.60187613201994, 10.0, 1.2838451844028866, 0.5188650218731182, 1.3372049523262364, 0.45771510350041233]
APTIDAO: 
84.12138084598153
GEN: 400
Individuo: 
[1.083453689570835, 2.0348959078474076, 2.4009428073220533, 0.9495226375437293, 1.3017190881712113, 3.880215791379963, 3.3032587878933874, 48.91391770186489, 48.57054892875956, 48.053732513828265, 48.94189339252534, 4.251217889937253, 1.0203897295719155, 1.8060842587680392, 0.5913677132722376, 0.14025039414873897, 1.777166532663705, 8.502376384423538, 2.60187613201994, 10.0, 1.2838451844028866, 0.5076331423934247, 1.86158780770246, 0.45771510350041233]
APTIDAO: 
84.09407089648992
GEN: 500
Individuo: 
[1.083453689570835, 2.0348959078474076, 2.367431148282861, 0.9495226375437293, 1.3417541531255635, 3.880215791379963, 3.3032587878933874, 48.91391770186489, 48.57054892875956, 49.74352029817597, 49.94667303821336, 4.251217889937253, 1.0203897295719155, 1.8060842587680392, 1.0405570676231315, 0.14025039414873897, 1.2257648123172762, 8.502376384423538, 2.60187613201994, 10.0, 1.2838451844028866, 1.4725332067844175, 1.0399031073122136, 0.45771510350041233]
APTIDAO: 
84.06581917855358
GEN: 600
Individuo: 
[1.083453689570835, 2.0002246693710886, 2.3961265659994426, 0.9495226375437293, 1.3615722729408364, 3.880215791379963, 3.3032587878933874, 49.86997275456841, 49.06900693203476, 49.74352029817597, 49.94667303821336, 4.251217889937253, 1.0203897295719155, 1.410750058853807, 0.503260634441014, 0.14025039414873897, 1.5118336807487502, 8.502376384423538, 2.60187613201994, 8.011305197623495, 1.2902700207168292, 1.4725332067844175, 1.0399031073122136, 0.45771510350041233]
APTIDAO: 
84.05211527624989
GEN: 700
Individuo: 
[1.083453689570835, 1.9661257471426858, 2.3961265659994426, 0.9495226375437293, 1.3615722729408364, 4.381907430416115, 3.285079455567129, 49.86997275456841, 49.45707818277822, 49.832223176450015, 49.94667303821336, 4.251217889937253, 1.0203897295719155, 1.2556643289072393, 0.503260634441014, 0.14025039414873897, 1.5118336807487502, 10.0, 1.0751245778736522, 8.011305197623495, 1.3332491789035912, 1.0332731362713057, 1.0399031073122136, 0.45771510350041233]
APTIDAO: 
84.03892006119236
GEN: 800
Individuo: 
[1.083453689570835, 1.9661257471426858, 2.3961265659994426, 0.9495226375437293, 1.3615722729408364, 4.381907430416115, 3.251591621519204, 49.86997275456841, 49.45707818277822, 49.832223176450015, 49.94667303821336, 4.251217889937253, 1.0203897295719155, 1.2556643289072393, 0.503260634441014, 0.14025039414873897, 1.5118336807487502, 10.0, 1.9388011410357275, 8.011305197623495, 1.3332491789035912, 1.0332731362713057, 1.0399031073122136, 0.45771510350041233]
APTIDAO: 
84.03799700594985
GEN: 900
Individuo: 
[1.083453689570835, 1.9661257471426858, 2.3961265659994426, 0.9495226375437293, 1.3615722729408364, 4.381907430416115, 3.251591621519204, 49.86997275456841, 49.51437202147605, 49.832223176450015, 49.94667303821336, 4.295976863829547, 1.0203897295719155, 1.2556643289072393, 0.503260634441014, 0.14025039414873897, 1.5118336807487502, 10.0, 1.9388011410357275, 8.011305197623495, 2.0214434770016942, 1.0332731362713057, 1.0399031073122136, 0.6730213694581081]
APTIDAO: 
84.03791882982675
GEN: 1000
Individuo: 
[1.0778341330608556, 1.9661257471426858, 2.3961265659994426, 0.9495226375437293, 1.3976427870124057, 4.381907430416115, 3.0818213766483837, 49.86997275456841, 49.51437202147605, 49.832223176450015, 49.94667303821336, 4.366840839977903, 1.4431317949262197, 1.2556643289072393, 0.503260634441014, 0.14025039414873897, 2.1288706255145233, 10.0, 1.5577443584937816, 8.011305197623495, 2.0214434770016942, 1.0332731362713057, 1.0399031073122136, 0.9600468869914267]
APTIDAO: 
84.03679295062929
GEN: 1100
Individuo: 
[1.0778341330608556, 1.9471744245853184, 2.3961265659994426, 0.9495226375437293, 1.3915518086429206, 4.469544263527457, 3.0818213766483837, 49.86997275456841, 49.87669043175363, 49.832223176450015, 49.94667303821336, 4.366840839977903, 1.4431317949262197, 0.9073732875299886, 0.503260634441014, 0.14025039414873897, 2.0395955170895874, 9.49747772357031, 1.5577443584937816, 8.011305197623495, 2.5495498617151555, 1.0332731362713057, 1.0399031073122136, 0.9600468869914267]
APTIDAO: 
84.03166761192847
GEN: 1200
Individuo: 
[1.0778341330608556, 1.9471744245853184, 2.4004913630837104, 0.9495226375437293, 1.3915518086429206, 4.469544263527457, 3.0818213766483837, 49.86997275456841, 49.8834470140994, 49.832223176450015, 49.94667303821336, 4.376690589290858, 1.4431317949262197, 0.9073732875299886, 0.7494552155613103, 0.14025039414873897, 2.0395955170895874, 9.49747772357031, 1.5577443584937816, 8.011305197623495, 2.396112004672346, 1.0332731362713057, 1.0399031073122136, 0.9664629848429533]
APTIDAO: 
84.03150181497797
GEN: 1300
Individuo: 
[1.0746700407894647, 1.9471744245853184, 2.4004913630837104, 0.9495226375437293, 1.3915518086429206, 4.469544263527457, 3.0818213766483837, 49.89137534408903, 49.8834470140994, 49.85327767408644, 49.94667303821336, 4.376690589290858, 0.7443408841948952, 0.9073732875299886, 0.7494552155613103, 0.14025039414873897, 2.0395955170895874, 9.49747772357031, 1.5577443584937816, 10.0, 2.396112004672346, 0.7998210446181837, 1.0399031073122136, 0.9664629848429533]
APTIDAO: 
84.03120904354842
GEN: 1400
Individuo: 
[1.0746700407894647, 1.9471744245853184, 2.4004913630837104, 0.9495226375437293, 1.393497806778097, 4.469544263527457, 3.0818213766483837, 49.89137534408903, 49.8834470140994, 49.85327767408644, 49.94667303821336, 4.498332034489932, 0.7443408841948952, 0.9073732875299886, 0.7494552155613103, 0.14025039414873897, 2.343387956972183, 9.49747772357031, 1.5577443584937816, 10.0, 2.396112004672346, 0.7998210446181837, 1.0399031073122136, 2.543489373141453]
APTIDAO: 
84.0309563157134
GEN: 1500
Individuo: 
[1.0746700407894647, 1.9471744245853184, 2.4004913630837104, 0.9495226375437293, 1.3918462540611536, 4.469544263527457, 3.0818213766483837, 49.89137534408903, 49.8834470140994, 49.85327767408644, 49.94667303821336, 4.498332034489932, 0.7443408841948952, 0.9073732875299886, 0.7494552155613103, 0.14025039414873897, 2.3912514591657827, 9.49747772357031, 1.5577443584937816, 10.0, 2.396112004672346, 0.7998210446181837, 1.0399031073122136, 2.543489373141453]
APTIDAO: 
84.03091536492812
GEN: 1600
Individuo: 
[1.0746700407894647, 1.9471744245853184, 2.4004913630837104, 0.9495226375437293, 1.3918462540611536, 4.469544263527457, 3.0818213766483837, 49.89137534408903, 49.8834470140994, 49.85327767408644, 49.94667303821336, 4.498332034489932, 0.7443408841948952, 0.9073732875299886, 0.7494552155613103, 0.14025039414873897, 2.3912514591657827, 9.49747772357031, 1.5577443584937816, 10.0, 2.396112004672346, 0.7998210446181837, 1.0399031073122136, 2.543489373141453]
APTIDAO: 
84.03091536492812
GEN: 1700
Individuo: 
[1.0746700407894647, 1.9471744245853184, 2.4004913630837104, 0.9495226375437293, 1.3918462540611536, 4.469544263527457, 3.0818213766483837, 49.89137534408903, 49.896799939994104, 49.85327767408644, 49.94667303821336, 4.486810478855405, 0.7443408841948952, 0.9073732875299886, 0.7494552155613103, 0.14025039414873897, 2.3912514591657827, 9.49747772357031, 1.5577443584937816, 10.0, 3.754790580635842, 0.7998210446181837, 1.0399031073122136, 1.592371332263645]
APTIDAO: 
84.03089523908942
GEN: 1800
Individuo: 
[1.0746700407894647, 1.9471744245853184, 2.4022465751260103, 0.9495226375437293, 1.3918462540611536, 4.469544263527457, 3.0818213766483837, 49.89137534408903, 49.896799939994104, 49.87955132025368, 49.94667303821336, 4.486810478855405, 0.7443408841948952, 0.9073732875299886, 1.0161403073096247, 0.14025039414873897, 2.3912514591657827, 9.49747772357031, 1.5577443584937816, 10.0, 3.754790580635842, 0.7931826782850895, 1.0399031073122136, 1.592371332263645]
APTIDAO: 
84.03077733752176
GEN: 1900
Individuo: 
[1.0746700407894647, 1.9473232026481908, 2.4022465751260103, 0.9495226375437293, 1.3918462540611536, 4.469544263527457, 3.0818213766483837, 49.89137534408903, 49.896799939994104, 49.87955132025368, 49.98995098828387, 4.486810478855405, 0.7443408841948952, 0.7517741874374867, 1.0161403073096247, 0.14025039414873897, 2.3912514591657827, 9.49747772357031, 1.5577443584937816, 10.0, 3.754790580635842, 0.7931826782850895, 0.6411708288892907, 1.592371332263645]
APTIDAO: 
84.03064825773112
GEN: 2000
Individuo: 
[1.0746700407894647, 1.9473232026481908, 2.4022465751260103, 0.9495226375437293, 1.3918462540611536, 4.469544263527457, 3.0818213766483837, 49.89137534408903, 49.896799939994104, 49.87955132025368, 49.98995098828387, 4.486810478855405, 0.7443408841948952, 0.7517741874374867, 1.0161403073096247, 0.14025039414873897, 2.3912514591657827, 9.49747772357031, 1.5577443584937816, 10.0, 3.754790580635842, 0.7931826782850895, 0.6411708288892907, 1.592371332263645]
APTIDAO: 
84.03064825773112
GEN: 2100
Individuo: 
[1.0746700407894647, 1.9473232026481908, 2.4022465751260103, 0.9495226375437293, 1.3918462540611536, 4.469544263527457, 3.0818213766483837, 49.89137534408903, 49.991657930415506, 49.87955132025368, 49.98995098828387, 4.486810478855405, 0.7443408841948952, 0.7517741874374867, 1.0161403073096247, 0.14025039414873897, 2.3912514591657827, 9.49747772357031, 1.5577443584937816, 10.0, 2.883523888946167, 0.7931826782850895, 0.6411708288892907, 1.592371332263645]
APTIDAO: 
84.03053134510925
GEN: 2200
Individuo: 
[1.0746700407894647, 1.9473232026481908, 2.4022465751260103, 0.9495226375437293, 1.3918462540611536, 4.469544263527457, 3.0818213766483837, 49.89137534408903, 49.991657930415506, 49.87955132025368, 49.98995098828387, 4.486810478855405, 0.7443408841948952, 0.7517741874374867, 1.0161403073096247, 0.14025039414873897, 2.3912514591657827, 9.49747772357031, 1.5577443584937816, 10.0, 2.883523888946167, 0.7931826782850895, 0.6411708288892907, 1.592371332263645]
APTIDAO: 
84.03053134510925
GEN: 2300
Individuo: 
[1.0746700407894647, 1.9473232026481908, 2.4022465751260103, 0.9495226375437293, 1.3918462540611536, 4.469544263527457, 3.0818213766483837, 49.89137534408903, 49.991657930415506, 49.87955132025368, 49.98995098828387, 4.486810478855405, 0.7443408841948952, 0.7517741874374867, 1.0161403073096247, 0.14025039414873897, 2.3912514591657827, 9.49747772357031, 1.5577443584937816, 10.0, 2.883523888946167, 0.7931826782850895, 0.6411708288892907, 1.592371332263645]
APTIDAO: 
84.03053134510925
GEN: 2400
Individuo: 
[1.0746700407894647, 1.9473232026481908, 2.4022465751260103, 0.9495226375437293, 1.3918462540611536, 4.469544263527457, 3.0818213766483837, 49.89137534408903, 49.991657930415506, 49.93808406011377, 49.98995098828387, 4.486810478855405, 0.7443408841948952, 0.7517741874374867, 1.0161403073096247, 0.14025039414873897, 2.3912514591657827, 9.49747772357031, 1.5577443584937816, 10.0, 2.883523888946167, 1.0761320772132377, 0.6411708288892907, 1.592371332263645]
APTIDAO: 
84.03049207207744
GEN: 2500
Individuo: 
[1.0746700407894647, 1.9473232026481908, 2.4022465751260103, 0.9495226375437293, 1.3918462540611536, 4.469544263527457, 3.0818213766483837, 49.89137534408903, 49.991657930415506, 49.93808406011377, 49.98995098828387, 4.486810478855405, 0.7443408841948952, 0.7517741874374867, 1.0161403073096247, 0.14025039414873897, 2.3912514591657827, 9.49747772357031, 1.5577443584937816, 10.0, 2.883523888946167, 1.0761320772132377, 0.6411708288892907, 1.592371332263645]
APTIDAO: 
84.03049207207744
GEN: 2600
Individuo: 
[1.0746700407894647, 1.9473232026481908, 2.4022465751260103, 0.9495226375437293, 1.3918462540611536, 4.469544263527457, 3.0818213766483837, 49.90145277118928, 49.991657930415506, 49.93808406011377, 49.98995098828387, 4.486810478855405, 0.7443408841948952, 0.7517741874374867, 1.0161403073096247, 0.14025039414873897, 2.3912514591657827, 9.49747772357031, 1.5577443584937816, 5.754927294171126, 2.883523888946167, 1.0761320772132377, 0.6411708288892907, 1.592371332263645]
APTIDAO: 
84.03048558409888
GEN: 2700
Individuo: 
[1.0746700407894647, 1.9473232026481908, 2.4022465751260103, 0.9495226375437293, 1.3918462540611536, 4.469544263527457, 3.0818213766483837, 49.90145277118928, 49.991657930415506, 49.93808406011377, 49.98995098828387, 4.486810478855405, 0.7443408841948952, 0.7517741874374867, 1.0161403073096247, 0.14025039414873897, 2.3912514591657827, 9.49747772357031, 1.5577443584937816, 5.754927294171126, 2.883523888946167, 1.0761320772132377, 0.6411708288892907, 1.592371332263645]
APTIDAO: 
84.03048558409888
GEN: 2800
Individuo: 
[1.0746700407894647, 1.9473232026481908, 2.4022465751260103, 0.9495226375437293, 1.3918462540611536, 4.469544263527457, 3.0818213766483837, 49.90145277118928, 49.991657930415506, 49.93808406011377, 49.98995098828387, 4.486810478855405, 0.7443408841948952, 0.7517741874374867, 1.0161403073096247, 0.14025039414873897, 2.3912514591657827, 9.49747772357031, 1.5577443584937816, 5.754927294171126, 2.883523888946167, 1.0761320772132377, 0.6411708288892907, 1.592371332263645]
APTIDAO: 
84.03048558409888
GEN: 2900
Individuo: 
[1.0746700407894647, 1.9473232026481908, 2.4022465751260103, 0.9495226375437293, 1.3918462540611536, 4.469544263527457, 3.0818213766483837, 49.99226680169521, 49.991657930415506, 49.93808406011377, 49.98995098828387, 4.486810478855405, 0.7443408841948952, 0.7517741874374867, 1.0161403073096247, 0.14025039414873897, 2.3912514591657827, 9.49747772357031, 1.5577443584937816, 5.083191859903267, 2.883523888946167, 1.0761320772132377, 0.6411708288892907, 1.592371332263645]
APTIDAO: 
84.03042723359096
GEN: 3000
Individuo: 
[1.0746700407894647, 1.9473232026481908, 2.4022465751260103, 0.9495226375437293, 1.3918462540611536, 4.469544263527457, 3.0818213766483837, 49.99226680169521, 49.991657930415506, 49.93808406011377, 49.98995098828387, 4.486810478855405, 0.7443408841948952, 0.7517741874374867, 1.0161403073096247, 0.14025039414873897, 2.3912514591657827, 9.49747772357031, 1.5577443584937816, 5.083191859903267, 2.883523888946167, 1.0761320772132377, 0.6411708288892907, 1.592371332263645]
APTIDAO: 
84.03042723359096
GEN: 3100
Individuo: 
[1.0746700407894647, 1.9473232026481908, 2.4022465751260103, 0.9495226375437293, 1.3918462540611536, 4.469544263527457, 3.0818213766483837, 49.99226680169521, 49.991657930415506, 49.93808406011377, 49.98995098828387, 4.486810478855405, 0.7443408841948952, 0.7517741874374867, 1.0161403073096247, 0.14025039414873897, 2.3912514591657827, 9.49747772357031, 1.5577443584937816, 5.083191859903267, 2.883523888946167, 1.0761320772132377, 0.6411708288892907, 1.592371332263645]
APTIDAO: 
84.03042723359096
GEN: 3200
Individuo: 
[1.0746700407894647, 1.9473232026481908, 2.4022465751260103, 0.9495226375437293, 1.3918462540611536, 4.469544263527457, 3.0818213766483837, 49.99226680169521, 49.991657930415506, 49.93808406011377, 49.98995098828387, 4.486810478855405, 0.7443408841948952, 0.7517741874374867, 1.0161403073096247, 0.14025039414873897, 2.3912514591657827, 9.49747772357031, 1.5577443584937816, 5.083191859903267, 2.883523888946167, 1.0761320772132377, 0.6411708288892907, 1.592371332263645]
APTIDAO: 
84.03042723359096
GEN: 3300
Individuo: 
[1.0746700407894647, 1.9473232026481908, 2.4022465751260103, 0.9495226375437293, 1.3918462540611536, 4.469544263527457, 3.0818213766483837, 49.99226680169521, 49.991657930415506, 49.93808406011377, 49.98995098828387, 4.486810478855405, 0.7443408841948952, 0.7517741874374867, 1.0161403073096247, 0.14025039414873897, 2.3912514591657827, 9.49747772357031, 1.5577443584937816, 5.083191859903267, 2.883523888946167, 1.0761320772132377, 0.6411708288892907, 1.592371332263645]
APTIDAO: 
84.03042723359096
GEN: 3400
Individuo: 
[1.0746700407894647, 1.9473232026481908, 2.4022465751260103, 0.9495226375437293, 1.3918462540611536, 4.469544263527457, 3.0818213766483837, 49.99226680169521, 49.991657930415506, 49.93808406011377, 49.98995098828387, 4.486810478855405, 0.7443408841948952, 0.7517741874374867, 1.0161403073096247, 0.14025039414873897, 2.3912514591657827, 9.49747772357031, 1.5577443584937816, 5.083191859903267, 2.883523888946167, 1.0761320772132377, 0.6411708288892907, 1.592371332263645]
APTIDAO: 
84.03042723359096
GEN: 3500
Individuo: 
[1.0746700407894647, 1.9473232026481908, 2.4022465751260103, 0.9495226375437293, 1.3918462540611536, 4.469544263527457, 3.0818213766483837, 49.99226680169521, 49.991657930415506, 49.93808406011377, 49.98995098828387, 4.486810478855405, 0.7443408841948952, 0.7517741874374867, 1.0161403073096247, 0.14025039414873897, 2.3912514591657827, 9.49747772357031, 1.5577443584937816, 5.083191859903267, 2.883523888946167, 1.0761320772132377, 0.6411708288892907, 1.592371332263645]
APTIDAO: 
84.03042723359096
GEN: 3600
Individuo: 
[1.0746700407894647, 1.9473232026481908, 2.4022465751260103, 0.9495226375437293, 1.3918462540611536, 4.469544263527457, 3.0818213766483837, 49.99226680169521, 49.991657930415506, 49.93808406011377, 49.98995098828387, 4.486810478855405, 0.7443408841948952, 0.7517741874374867, 1.0161403073096247, 0.14025039414873897, 2.3912514591657827, 9.49747772357031, 1.5577443584937816, 5.083191859903267, 2.883523888946167, 1.0761320772132377, 0.6411708288892907, 1.592371332263645]
APTIDAO: 
84.03042723359096
GEN: 3700
Individuo: 
[1.0746700407894647, 1.9473232026481908, 2.4022465751260103, 0.9495226375437293, 1.3918462540611536, 4.469544263527457, 3.0818213766483837, 49.99226680169521, 49.991657930415506, 49.93808406011377, 49.98995098828387, 4.486810478855405, 0.7443408841948952, 0.7517741874374867, 1.0161403073096247, 0.14025039414873897, 2.3912514591657827, 9.49747772357031, 1.5577443584937816, 5.083191859903267, 2.883523888946167, 1.0761320772132377, 0.6411708288892907, 1.592371332263645]
APTIDAO: 
84.03042723359096
GEN: 3800
Individuo: 
[1.0746700407894647, 1.9473232026481908, 2.4022465751260103, 0.9495226375437293, 1.3918462540611536, 4.469544263527457, 3.0818213766483837, 49.99226680169521, 49.991657930415506, 49.93808406011377, 49.98995098828387, 4.486810478855405, 0.7443408841948952, 0.7517741874374867, 1.0161403073096247, 0.14025039414873897, 2.3912514591657827, 9.49747772357031, 1.5577443584937816, 5.083191859903267, 2.883523888946167, 1.0761320772132377, 0.6411708288892907, 1.592371332263645]
APTIDAO: 
84.03042723359096
GEN: 3900
Individuo: 
[1.0746700407894647, 1.9473232026481908, 2.4022465751260103, 0.9495226375437293, 1.3918462540611536, 4.469544263527457, 3.0818213766483837, 49.99226680169521, 49.991657930415506, 49.93808406011377, 49.98995098828387, 4.486810478855405, 0.7443408841948952, 0.7517741874374867, 1.0161403073096247, 0.14025039414873897, 2.3912514591657827, 9.49747772357031, 1.5577443584937816, 5.083191859903267, 2.883523888946167, 1.0761320772132377, 0.6411708288892907, 1.592371332263645]
APTIDAO: 
84.03042723359096
GEN: 4000
Individuo: 
[1.0745451331521554, 1.9473232026481908, 2.4022465751260103, 1.1547558513973224, 1.3918462540611536, 4.469544263527457, 3.0818213766483837, 49.99226680169521, 48.192097574546615, 49.93808406011377, 49.98995098828387, 4.486810478855405, 0.524145390006315, 0.7517741874374867, 1.0161403073096247, 0.490472717393668, 2.3912514591657827, 9.49747772357031, 1.5577443584937816, 5.083191859903267, 4.901563956308009, 1.0761320772132377, 0.6411708288892907, 1.592371332263645]
APTIDAO: 
83.72097322493863
GEN: 4100
Individuo: 
[1.060049957882826, 1.8880975583661126, 1.8601142267976385, 2.104356699739097, 1.3055489096386252, 8.995085862615197, 3.0818213766483837, 47.976848806368636, 48.192097574546615, 46.66059413531068, 49.98995098828387, 2.903783195575175, 0.5087563282876107, 0.6195049419625437, 0.7376134305711114, 2.011483985468436, 3.5915683935803315, 2.0656290909929167, 1.5577443584937816, 9.870705805046853, 4.901563956308009, 2.61528449057305, 0.6411708288892907, 1.9710216750797975]
APTIDAO: 
82.86484228800491
GEN: 4200
Individuo: 
[1.060049957882826, 1.8502181752829354, 1.8601142267976385, 2.214380929836998, 1.3055489096386252, 6.275140742465452, 2.9645695911516188, 45.79457567097301, 49.31388938151279, 49.52461247015712, 49.98995098828387, 2.5629285724714905, 0.5087563282876107, 0.9366084579344082, 0.7376134305711114, 2.035025491043977, 3.5915683935803315, 1.628967086729565, 1.7209588740037935, 3.8739302698491476, 3.4044255957319796, 2.7777013374575716, 0.6411708288892907, 1.1186086976653682]
APTIDAO: 
82.76570565997636
GEN: 4300
Individuo: 
[1.0475281355547195, 1.8315347647699305, 1.8601142267976385, 2.2597869600868172, 1.3055489096386252, 6.901199383519647, 2.9645695911516188, 49.63917005650516, 49.31388938151279, 49.52461247015712, 49.98995098828387, 2.2117081421276263, 1.0430471042893616, 1.2149974606182274, 0.7376134305711114, 1.689127246312586, 3.5915683935803315, 4.522675189375135, 1.7209588740037935, 6.365247627893118, 3.4044255957319796, 2.7777013374575716, 0.6411708288892907, 1.7823386715854903]
APTIDAO: 
82.74039308773007
GEN: 4400
Individuo: 
[1.0475281355547195, 1.8315347647699305, 1.8687568296240384, 2.2597869600868172, 1.3002722612198643, 7.5307691604604186, 2.927779439352968, 49.8177999974276, 49.31388938151279, 49.52461247015712, 49.98995098828387, 2.099907448999873, 1.0430471042893616, 1.2149974606182274, 0.8027264828037726, 1.689127246312586, 2.6318898666901864, 2.9232481355803124, 2.5162942632112117, 3.8961411206399608, 3.4044255957319796, 2.7777013374575716, 0.6411708288892907, 0.8659498855793275]
APTIDAO: 
82.7320348501282
GEN: 4500
Individuo: 
[1.0475281355547195, 1.8315347647699305, 1.8687568296240384, 2.260091079262154, 1.3002722612198643, 7.5307691604604186, 2.927779439352968, 49.94797610444596, 49.45679457118307, 49.52461247015712, 49.98995098828387, 2.099907448999873, 1.0430471042893616, 1.2149974606182274, 0.8027264828037726, 1.3940376913890677, 2.6318898666901864, 2.9232481355803124, 2.5162942632112117, 2.343315234815439, 0.6379098885863552, 2.7777013374575716, 0.6411708288892907, 0.8659498855793275]
APTIDAO: 
82.73186322994609
GEN: 4600
Individuo: 
[1.0475281355547195, 1.8315347647699305, 1.8687568296240384, 2.2753282722974455, 1.3002722612198643, 7.5307691604604186, 2.927779439352968, 49.94797610444596, 49.45679457118307, 49.52461247015712, 49.98995098828387, 2.099907448999873, 1.0430471042893616, 1.2149974606182274, 0.8027264828037726, 1.0490088830527575, 2.6318898666901864, 2.9232481355803124, 2.5162942632112117, 2.343315234815439, 0.6379098885863552, 2.7777013374575716, 0.6411708288892907, 0.8659498855793275]
APTIDAO: 
82.73071208223196
GEN: 4700
Individuo: 
[1.0475281355547195, 1.8315347647699305, 1.8687568296240384, 2.2753282722974455, 1.2940117557637307, 7.5307691604604186, 2.927779439352968, 49.94797610444596, 49.45679457118307, 49.52461247015712, 49.98995098828387, 2.0368328391920327, 1.0430471042893616, 1.2149974606182274, 0.8027264828037726, 1.0490088830527575, 2.705062915339941, 2.9232481355803124, 2.5162942632112117, 2.343315234815439, 0.6379098885863552, 2.7777013374575716, 0.6411708288892907, 0.7330828014685015]
APTIDAO: 
82.72995849443663
GEN: 4800
Individuo: 
[1.0475281355547195, 1.8315347647699305, 1.8687568296240384, 2.288156103616618, 1.2940117557637307, 7.5307691604604186, 2.927779439352968, 49.94797610444596, 49.45679457118307, 49.52461247015712, 49.98995098828387, 2.0368328391920327, 1.0430471042893616, 1.2149974606182274, 0.8027264828037726, 0.712134455914894, 2.705062915339941, 2.9232481355803124, 2.5162942632112117, 2.343315234815439, 0.6379098885863552, 2.7777013374575716, 0.6411708288892907, 0.7330828014685015]
APTIDAO: 
82.72884633017189
GEN: 4900
Individuo: 
[1.044403710917487, 1.8315347647699305, 1.8687568296240384, 2.288156103616618, 1.2940117557637307, 7.571815176011854, 2.927779439352968, 49.94797610444596, 49.942518319352565, 49.52461247015712, 49.98995098828387, 2.0368328391920327, 0.7560954033869769, 1.2149974606182274, 0.8027264828037726, 0.712134455914894, 2.705062915339941, 1.3956898094323649, 2.5162942632112117, 2.343315234815439, 1.2245073827033095, 2.7777013374575716, 0.6411708288892907, 0.7330828014685015]
APTIDAO: 
82.72799895494543
GEN: 5000
Individuo: 
[1.043842625964217, 1.8315347647699305, 1.8830273327044953, 2.2950604178962677, 1.2940117557637307, 7.639010656373715, 2.927779439352968, 49.94797610444596, 49.942518319352565, 49.92589373912169, 49.98995098828387, 2.0368328391920327, 0.7272750654758641, 1.2149974606182274, 1.5681758493339188, 0.8059554908535008, 2.705062915339941, 1.8240358581999603, 2.5162942632112117, 2.343315234815439, 1.2245073827033095, 3.6728605621292605, 0.6411708288892907, 0.7330828014685015]
APTIDAO: 
82.72615431679748
GEN: 5100
Individuo: 
[1.043842625964217, 1.8315347647699305, 1.8830273327044953, 2.2950604178962677, 1.2940117557637307, 7.681376360236021, 2.8959996863262614, 49.94797610444596, 49.99749433578562, 49.92589373912169, 49.98995098828387, 2.0368328391920327, 0.7272750654758641, 1.2149974606182274, 1.5681758493339188, 0.8059554908535008, 2.705062915339941, 1.3807125889718288, 3.98592549478848, 2.343315234815439, 1.4727710255470372, 3.6728605621292605, 0.6411708288892907, 0.7330828014685015]
APTIDAO: 
82.72443839678893
GEN: 5200
Individuo: 
[1.043842625964217, 1.8296512100838564, 1.8830273327044953, 2.298928947503812, 1.2940117557637307, 7.681376360236021, 2.8959996863262614, 49.94797610444596, 49.99749433578562, 49.92589373912169, 49.98995098828387, 2.0335393100668706, 0.7272750654758641, 0.8682376356195824, 1.5681758493339188, 0.859619237163115, 2.705062915339941, 1.3807125889718288, 3.98592549478848, 2.343315234815439, 1.4727710255470372, 3.6728605621292605, 0.6411708288892907, 1.4971314084565845]
APTIDAO: 
82.72408139905494
GEN: 5300
Individuo: 
[1.043842625964217, 1.8296512100838564, 1.889563995350479, 2.298928947503812, 1.2940117557637307, 7.681376360236021, 2.8755438063015144, 49.94797610444596, 49.99749433578562, 49.92589373912169, 49.98995098828387, 2.0335393100668706, 0.7272750654758641, 0.8682376356195824, 0.8402156760225652, 0.859619237163115, 2.705062915339941, 1.3807125889718288, 2.3348577701551294, 2.343315234815439, 1.4727710255470372, 3.6728605621292605, 0.6411708288892907, 1.4971314084565845]
APTIDAO: 
82.72346139369968
GEN: 5400
Individuo: 
[1.043842625964217, 1.8296512100838564, 1.889563995350479, 2.298928947503812, 1.2940117557637307, 7.740517058856129, 2.8755438063015144, 49.94797610444596, 49.99749433578562, 49.92589373912169, 49.98995098828387, 2.0330910679797847, 0.7272750654758641, 0.8682376356195824, 0.8402156760225652, 0.859619237163115, 2.705062915339941, 2.0436909478843015, 2.3348577701551294, 2.343315234815439, 1.4727710255470372, 3.6728605621292605, 0.6411708288892907, 0.7336374358426373]
APTIDAO: 
82.72278051653379
GEN: 5500
Individuo: 
[1.043842625964217, 1.8296512100838564, 1.889563995350479, 2.298928947503812, 1.2940117557637307, 7.740517058856129, 2.8755438063015144, 49.94797610444596, 49.99749433578562, 49.92589373912169, 49.98995098828387, 2.0330910679797847, 0.7272750654758641, 0.8682376356195824, 0.8402156760225652, 0.859619237163115, 2.705062915339941, 2.0436909478843015, 2.3348577701551294, 2.343315234815439, 1.4727710255470372, 3.6728605621292605, 0.6411708288892907, 0.7336374358426373]
APTIDAO: 
82.72278051653379
GEN: 5600
Individuo: 
[1.043842625964217, 1.8296512100838564, 1.889563995350479, 2.298928947503812, 1.2940117557637307, 7.740517058856129, 2.8755438063015144, 49.94797610444596, 49.99749433578562, 49.974255236046304, 49.98995098828387, 2.0330910679797847, 0.7272750654758641, 0.8682376356195824, 0.8402156760225652, 0.859619237163115, 2.705062915339941, 2.0436909478843015, 2.3348577701551294, 2.343315234815439, 1.4727710255470372, 5.563720892984825, 0.6411708288892907, 0.7336374358426373]
APTIDAO: 
82.72276141348263
GEN: 5700
Individuo: 
[1.043842625964217, 1.8296512100838564, 1.889563995350479, 2.298928947503812, 1.2940117557637307, 7.740517058856129, 2.8755438063015144, 49.94797610444596, 49.99749433578562, 49.974255236046304, 49.98995098828387, 2.0330910679797847, 0.7272750654758641, 0.8682376356195824, 0.8402156760225652, 0.859619237163115, 2.705062915339941, 2.0436909478843015, 2.3348577701551294, 2.343315234815439, 1.4727710255470372, 5.563720892984825, 0.6411708288892907, 0.7336374358426373]
APTIDAO: 
82.72276141348263
GEN: 5800
Individuo: 
[1.043842625964217, 1.8296512100838564, 1.889563995350479, 2.298928947503812, 1.2940117557637307, 7.798146960546029, 2.8755438063015144, 49.94797610444596, 49.99749433578562, 49.974255236046304, 49.98995098828387, 2.0330910679797847, 0.7272750654758641, 0.8682376356195824, 0.8402156760225652, 0.859619237163115, 2.705062915339941, 2.5917373195292894, 2.3348577701551294, 2.343315234815439, 1.4727710255470372, 5.563720892984825, 0.6411708288892907, 0.7336374358426373]
APTIDAO: 
82.72273452251078
GEN: 5900
Individuo: 
[1.043842625964217, 1.8296512100838564, 1.889563995350479, 2.298928947503812, 1.2940117557637307, 7.798146960546029, 2.8755438063015144, 49.94797610444596, 49.99749433578562, 49.974255236046304, 49.98995098828387, 2.032445239455141, 0.7272750654758641, 0.8682376356195824, 0.8402156760225652, 0.859619237163115, 2.705062915339941, 2.5917373195292894, 2.3348577701551294, 2.343315234815439, 1.4727710255470372, 5.563720892984825, 0.6411708288892907, 0.6323607536780546]
APTIDAO: 
82.7227293383801
GEN: 6000
Individuo: 
[1.043842625964217, 1.8266502920828542, 1.889563995350479, 2.3037150878551818, 1.2940117557637307, 7.798146960546029, 2.8755438063015144, 49.94797610444596, 49.99749433578562, 49.974255236046304, 49.98995098828387, 2.0102021289397434, 0.7272750654758641, 0.8047638326315929, 0.8402156760225652, 1.0708179381352196, 2.705062915339941, 2.5917373195292894, 2.3348577701551294, 2.343315234815439, 1.4727710255470372, 5.563720892984825, 0.6411708288892907, 0.584429270980993]
APTIDAO: 
82.72192756109136
GEN: 6100
Individuo: 
[1.043842625964217, 1.8266502920828542, 1.889563995350479, 2.3037150878551818, 1.283807106932971, 7.798146960546029, 2.8755438063015144, 49.94797610444596, 49.99749433578562, 49.974255236046304, 49.98995098828387, 2.0102021289397434, 0.7272750654758641, 0.8047638326315929, 0.8402156760225652, 1.0708179381352196, 3.805573476616327, 2.5917373195292894, 2.3348577701551294, 2.343315234815439, 1.4727710255470372, 5.563720892984825, 0.6411708288892907, 0.584429270980993]
APTIDAO: 
82.72166714523095
GEN: 6200
Individuo: 
[1.043842625964217, 1.8266502920828542, 1.889563995350479, 2.3037150878551818, 1.283807106932971, 8.030758520083085, 2.8755438063015144, 49.94797610444596, 49.99749433578562, 49.974255236046304, 49.98995098828387, 2.0102021289397434, 0.7272750654758641, 0.8047638326315929, 0.8402156760225652, 1.0708179381352196, 3.805573476616327, 1.8702021033447238, 2.3348577701551294, 2.343315234815439, 1.4727710255470372, 5.563720892984825, 0.6411708288892907, 0.584429270980993]
APTIDAO: 
82.72053562771282
GEN: 6300
Individuo: 
[1.043842625964217, 1.8266502920828542, 1.889563995350479, 2.3037150878551818, 1.283807106932971, 8.091969023983223, 2.8467233378466705, 49.94797610444596, 49.99749433578562, 49.974255236046304, 49.98995098828387, 2.0102021289397434, 0.7272750654758641, 0.8047638326315929, 0.8402156760225652, 1.0708179381352196, 3.805573476616327, 1.6611139261597339, 1.11662730288401, 2.343315234815439, 1.4727710255470372, 5.563720892984825, 0.6411708288892907, 0.584429270980993]
APTIDAO: 
82.71980289676668
GEN: 6400
Individuo: 
[1.043842625964217, 1.8266502920828542, 1.889563995350479, 2.3037150878551818, 1.283807106932971, 8.091969023983223, 2.8467233378466705, 49.94797610444596, 49.99749433578562, 49.974255236046304, 49.98995098828387, 2.0102021289397434, 0.7272750654758641, 0.8047638326315929, 0.8402156760225652, 1.0708179381352196, 3.805573476616327, 1.6611139261597339, 1.11662730288401, 2.343315234815439, 1.4727710255470372, 5.563720892984825, 0.6411708288892907, 0.584429270980993]
APTIDAO: 
82.71980289676668
GEN: 6500
Individuo: 
[1.043842625964217, 1.8266502920828542, 1.889563995350479, 2.3037150878551818, 1.283807106932971, 8.091969023983223, 2.8467233378466705, 49.94797610444596, 49.99825213189426, 49.974255236046304, 49.98995098828387, 1.9977171591846583, 0.7272750654758641, 0.8047638326315929, 0.8402156760225652, 1.0708179381352196, 3.805573476616327, 1.6611139261597339, 1.11662730288401, 2.343315234815439, 1.7959080718742473, 5.563720892984825, 0.6411708288892907, 0.8392834469773734]
APTIDAO: 
82.71963993128894
GEN: 6600
Individuo: 
[1.043842625964217, 1.7954599300724616, 1.9426048035980878, 2.3037150878551818, 1.283807106932971, 8.091969023983223, 2.8467233378466705, 49.94797610444596, 49.99825213189426, 49.974255236046304, 49.98995098828387, 1.9977171591846583, 0.7272750654758641, 0.4930637033678508, 1.1555765965574285, 1.0708179381352196, 3.805573476616327, 1.6611139261597339, 1.11662730288401, 2.343315234815439, 1.7959080718742473, 5.563720892984825, 0.6411708288892907, 0.8392834469773734]
APTIDAO: 
82.71306145909288
GEN: 6700
Individuo: 
[1.043842625964217, 1.7954599300724616, 1.9426048035980878, 2.308404361954492, 1.283807106932971, 8.091969023983223, 2.8467233378466705, 49.94797610444596, 49.99825213189426, 49.974255236046304, 49.98995098828387, 1.9834962358363875, 0.7272750654758641, 0.4930637033678508, 1.1555765965574285, 1.0667951874239208, 3.805573476616327, 1.6611139261597339, 1.11662730288401, 2.343315234815439, 1.7959080718742473, 5.563720892984825, 0.6411708288892907, 1.1863422779624808]
APTIDAO: 
82.71265496630777
GEN: 6800
Individuo: 
[1.043842625964217, 1.7954599300724616, 1.9426048035980878, 2.308404361954492, 1.283807106932971, 8.091969023983223, 2.8467233378466705, 49.97149980423463, 49.99825213189426, 49.974255236046304, 49.98995098828387, 1.9718988557185904, 0.7272750654758641, 0.4930637033678508, 1.1555765965574285, 1.0667951874239208, 3.805573476616327, 1.6611139261597339, 1.11662730288401, 2.0232276130484186, 1.7959080718742473, 5.563720892984825, 0.6411708288892907, 0.6292201564791328]
APTIDAO: 
82.71258582268588
GEN: 6900
Individuo: 
[1.043842625964217, 1.7954599300724616, 1.9426048035980878, 2.308404361954492, 1.283807106932971, 8.091969023983223, 2.8467233378466705, 49.97149980423463, 49.99825213189426, 49.974255236046304, 49.98995098828387, 1.9718988557185904, 0.7272750654758641, 0.4930637033678508, 1.1555765965574285, 1.0667951874239208, 3.805573476616327, 1.6611139261597339, 1.11662730288401, 2.0232276130484186, 1.7959080718742473, 5.563720892984825, 0.6411708288892907, 0.6292201564791328]
APTIDAO: 
82.71258582268588
GEN: 7000
Individuo: 
[1.043842625964217, 1.7954599300724616, 1.9426048035980878, 2.308404361954492, 1.283807106932971, 8.13855372580191, 2.8467233378466705, 49.97149980423463, 49.99825213189426, 49.974255236046304, 49.98995098828387, 1.9718988557185904, 0.7272750654758641, 0.4930637033678508, 1.1555765965574285, 1.0667951874239208, 3.805573476616327, 1.992037554190467, 1.11662730288401, 2.0232276130484186, 1.7959080718742473, 5.563720892984825, 0.6411708288892907, 0.6292201564791328]
APTIDAO: 
82.71251220619473
GEN: 7100
Individuo: 
[1.043842625964217, 1.7954599300724616, 1.9426048035980878, 2.308404361954492, 1.2835094117007073, 8.35359447370915, 2.833865459867664, 49.97149980423463, 49.99825213189426, 49.974255236046304, 49.98995098828387, 1.9718988557185904, 0.7272750654758641, 0.4930637033678508, 1.1555765965574285, 1.0667951874239208, 2.6575619556638435, 1.1910448848946633, 1.8248422580993406, 2.0232276130484186, 1.7959080718742473, 5.563720892984825, 0.6411708288892907, 0.6292201564791328]
APTIDAO: 
82.71209007662063
GEN: 7200
Individuo: 
[1.043842625964217, 1.7954599300724616, 1.9426048035980878, 2.308404361954492, 1.2776032673219275, 8.35359447370915, 2.833865459867664, 49.97149980423463, 49.99825213189426, 49.974255236046304, 49.98995098828387, 1.9718988557185904, 0.7272750654758641, 0.4930637033678508, 1.1555765965574285, 1.0667951874239208, 2.2821902679197392, 1.1910448848946633, 1.8248422580993406, 2.0232276130484186, 1.7959080718742473, 5.563720892984825, 0.6411708288892907, 0.6292201564791328]
APTIDAO: 
82.71180112091666
GEN: 7300
Individuo: 
[1.0421097243924051, 1.7954599300724616, 1.9426048035980878, 2.3364162576638177, 1.2776032673219275, 8.5372955922877, 2.833865459867664, 49.97149980423463, 49.99825213189426, 49.974255236046304, 49.98995098828387, 1.9122382772271984, 0.8840865363938313, 0.4930637033678508, 1.1555765965574285, 1.2134052614308288, 2.2821902679197392, 1.1801099683706109, 1.8248422580993406, 2.0232276130484186, 1.7959080718742473, 5.563720892984825, 0.6411708288892907, 0.6181134145135512]
APTIDAO: 
82.71011674193902
GEN: 7400
Individuo: 
[1.0400288225020522, 1.7954599300724616, 1.9426048035980878, 2.3364162576638177, 1.2776032673219275, 8.5372955922877, 2.833865459867664, 49.97149980423463, 49.99825213189426, 49.974255236046304, 49.98995098828387, 1.9122382772271984, 1.470747836011012, 0.4930637033678508, 1.1555765965574285, 1.2134052614308288, 2.2821902679197392, 1.1801099683706109, 1.8248422580993406, 2.0232276130484186, 1.7959080718742473, 5.563720892984825, 0.6411708288892907, 0.6181134145135512]
APTIDAO: 
82.71007606916633
GEN: 7500
Individuo: 
[1.0400288225020522, 1.7954599300724616, 1.9426048035980878, 2.3364162576638177, 1.2776032673219275, 8.476200535605013, 2.833865459867664, 49.9902828474546, 49.99825213189426, 49.974255236046304, 49.98995098828387, 1.8937931757668158, 1.470747836011012, 0.4930637033678508, 1.1555765965574285, 1.2134052614308288, 2.2821902679197392, 1.0099297444414161, 1.8248422580993406, 0.8952410351413694, 1.7959080718742473, 5.563720892984825, 0.6411708288892907, 0.6802190894246909]
APTIDAO: 
82.71001444252485
GEN: 7600
Individuo: 
[1.0400288225020522, 1.7954599300724616, 1.9426048035980878, 2.3416177401895943, 1.2776032673219275, 8.476200535605013, 2.833865459867664, 49.9902828474546, 49.99825213189426, 49.974255236046304, 49.98995098828387, 1.8937931757668158, 1.470747836011012, 0.4930637033678508, 1.1555765965574285, 0.975470674062335, 2.2821902679197392, 1.0099297444414161, 1.8248422580993406, 0.8952410351413694, 1.7959080718742473, 5.563720892984825, 0.6411708288892907, 0.6802190894246909]
APTIDAO: 
82.70980558011807
GEN: 7700
Individuo: 
[1.0400288225020522, 1.7954599300724616, 1.9426048035980878, 2.3416177401895943, 1.2776032673219275, 8.476200535605013, 2.833865459867664, 49.9902828474546, 49.99825213189426, 49.974255236046304, 49.98995098828387, 1.8937931757668158, 1.470747836011012, 0.4930637033678508, 1.1555765965574285, 0.975470674062335, 2.2821902679197392, 1.0099297444414161, 1.8248422580993406, 0.8952410351413694, 1.7959080718742473, 5.563720892984825, 0.6411708288892907, 0.6802190894246909]
APTIDAO: 
82.70980558011807
GEN: 7800
Individuo: 
[1.0400288225020522, 1.7954599300724616, 1.9426048035980878, 2.3416177401895943, 1.2792353535268812, 8.476200535605013, 2.833865459867664, 49.9902828474546, 49.99825213189426, 49.974255236046304, 49.98995098828387, 1.875654360638679, 1.470747836011012, 0.4930637033678508, 1.1555765965574285, 0.975470674062335, 1.6130427694736997, 1.0099297444414161, 1.8248422580993406, 0.8952410351413694, 1.7959080718742473, 5.563720892984825, 0.6411708288892907, 0.5468960263475722]
APTIDAO: 
82.70969509596249
GEN: 7900
Individuo: 
[1.0400288225020522, 1.7954599300724616, 1.9426048035980878, 2.3416177401895943, 1.2792353535268812, 8.476200535605013, 2.833865459867664, 49.9902828474546, 49.99825213189426, 49.974255236046304, 49.98995098828387, 1.875654360638679, 1.470747836011012, 0.4930637033678508, 1.1555765965574285, 0.975470674062335, 1.6130427694736997, 1.0099297444414161, 1.8248422580993406, 0.8952410351413694, 1.7959080718742473, 5.563720892984825, 0.6411708288892907, 0.5468960263475722]
APTIDAO: 
82.70969509596249
GEN: 8000
Individuo: 
[1.0400288225020522, 1.7954599300724616, 1.9426048035980878, 2.3416177401895943, 1.2792353535268812, 8.476200535605013, 2.833865459867664, 49.9902828474546, 49.99825213189426, 49.974255236046304, 49.98995098828387, 1.875654360638679, 1.470747836011012, 0.4930637033678508, 1.1555765965574285, 0.975470674062335, 1.6130427694736997, 1.0099297444414161, 1.8248422580993406, 0.8952410351413694, 1.7959080718742473, 5.563720892984825, 0.6411708288892907, 0.5468960263475722]
APTIDAO: 
82.70969509596249
GEN: 8100
Individuo: 
[1.0400288225020522, 1.7954599300724616, 1.946342876594974, 2.343132666590044, 1.2792353535268812, 8.476200535605013, 2.833865459867664, 49.9902828474546, 49.99825213189426, 49.974255236046304, 49.98995098828387, 1.875654360638679, 1.470747836011012, 0.4930637033678508, 1.3871742281648134, 1.2648618928215125, 1.6130427694736997, 1.0099297444414161, 1.8248422580993406, 0.8952410351413694, 1.7959080718742473, 5.563720892984825, 0.6411708288892907, 0.5468960263475722]
APTIDAO: 
82.70961114924317
GEN: 8200
Individuo: 
[1.0400288225020522, 1.7954599300724616, 1.946342876594974, 2.343132666590044, 1.2792353535268812, 8.476200535605013, 2.833865459867664, 49.9902828474546, 49.99825213189426, 49.974255236046304, 49.98995098828387, 1.875654360638679, 1.470747836011012, 0.4930637033678508, 1.3871742281648134, 1.2648618928215125, 1.6130427694736997, 1.0099297444414161, 1.8248422580993406, 0.8952410351413694, 1.7959080718742473, 5.563720892984825, 0.6411708288892907, 0.5468960263475722]
APTIDAO: 
82.70961114924317
GEN: 8300
Individuo: 
[1.0400288225020522, 1.7954599300724616, 1.946342876594974, 2.343132666590044, 1.2769319460841475, 8.476200535605013, 2.833865459867664, 49.9902828474546, 49.99825213189426, 49.974255236046304, 49.98995098828387, 1.875654360638679, 1.470747836011012, 0.4930637033678508, 1.3871742281648134, 1.2648618928215125, 0.9187270228788335, 1.0099297444414161, 1.8248422580993406, 0.8952410351413694, 1.7959080718742473, 5.563720892984825, 0.6411708288892907, 0.5468960263475722]
APTIDAO: 
82.70934106160053
GEN: 8400
Individuo: 
[1.0400288225020522, 1.7954599300724616, 1.946342876594974, 2.343132666590044, 1.2769319460841475, 8.479776221919622, 2.833865459867664, 49.9902828474546, 49.99825213189426, 49.974255236046304, 49.98995098828387, 1.875654360638679, 1.470747836011012, 0.4930637033678508, 1.3871742281648134, 1.2648618928215125, 0.9187270228788335, 0.7937210416691989, 1.8248422580993406, 0.8952410351413694, 1.7959080718742473, 5.563720892984825, 0.6411708288892907, 0.5468960263475722]
APTIDAO: 
82.70933427396359
GEN: 8500
Individuo: 
[1.0400288225020522, 1.7954599300724616, 1.946342876594974, 2.343132666590044, 1.2769319460841475, 8.479776221919622, 2.833865459867664, 49.9902828474546, 49.99825213189426, 49.974255236046304, 49.98995098828387, 1.875654360638679, 1.470747836011012, 0.4930637033678508, 1.3871742281648134, 1.2648618928215125, 0.9187270228788335, 0.7937210416691989, 1.8248422580993406, 0.8952410351413694, 1.7959080718742473, 5.563720892984825, 0.6411708288892907, 0.5468960263475722]
APTIDAO: 
82.70933427396359
GEN: 8600
Individuo: 
[1.0400288225020522, 1.7954599300724616, 1.946342876594974, 2.343132666590044, 1.2769319460841475, 8.479776221919622, 2.833865459867664, 49.9902828474546, 49.99825213189426, 49.974255236046304, 49.98995098828387, 1.875654360638679, 1.470747836011012, 0.4930637033678508, 1.3871742281648134, 1.2648618928215125, 0.9187270228788335, 0.7937210416691989, 1.8248422580993406, 0.8952410351413694, 1.7959080718742473, 5.563720892984825, 0.6411708288892907, 0.5468960263475722]
APTIDAO: 
82.70933427396359
GEN: 8700
Individuo: 
[1.0400288225020522, 1.7954599300724616, 1.946342876594974, 2.343132666590044, 1.2769319460841475, 8.484700216587017, 2.833865459867664, 49.9902828474546, 49.99825213189426, 49.974255236046304, 49.98995098828387, 1.875654360638679, 1.470747836011012, 0.4930637033678508, 1.3871742281648134, 1.2648618928215125, 0.9187270228788335, 1.5661074223382394, 1.8248422580993406, 0.8952410351413694, 1.7959080718742473, 5.563720892984825, 0.6411708288892907, 0.5468960263475722]
APTIDAO: 
82.70932493791203
GEN: 8800
Individuo: 
[1.0400288225020522, 1.7954599300724616, 1.946342876594974, 2.343132666590044, 1.2769319460841475, 8.484700216587017, 2.833865459867664, 49.9902828474546, 49.99825213189426, 49.974255236046304, 49.98995098828387, 1.875654360638679, 1.470747836011012, 0.4930637033678508, 1.3871742281648134, 1.2648618928215125, 0.9187270228788335, 1.5661074223382394, 1.8248422580993406, 0.8952410351413694, 1.7959080718742473, 5.563720892984825, 0.6411708288892907, 0.5468960263475722]
APTIDAO: 
82.70932493791203
GEN: 8900
Individuo: 
[1.0400288225020522, 1.7954599300724616, 1.946342876594974, 2.343132666590044, 1.2769319460841475, 8.484700216587017, 2.833865459867664, 49.9902828474546, 49.99825213189426, 49.974255236046304, 49.98995098828387, 1.875654360638679, 1.470747836011012, 0.4930637033678508, 1.3871742281648134, 1.2648618928215125, 0.9187270228788335, 1.5661074223382394, 1.8248422580993406, 0.8952410351413694, 1.7959080718742473, 5.563720892984825, 0.6411708288892907, 0.5468960263475722]
APTIDAO: 
82.70932493791203
GEN: 9000
Individuo: 
[1.0400288225020522, 1.7954599300724616, 1.946342876594974, 2.343132666590044, 1.2769319460841475, 8.484700216587017, 2.833865459867664, 49.9902828474546, 49.99825213189426, 49.974255236046304, 49.98995098828387, 1.875654360638679, 1.470747836011012, 0.4930637033678508, 1.3871742281648134, 1.2648618928215125, 0.9187270228788335, 1.5661074223382394, 1.8248422580993406, 0.8952410351413694, 1.7959080718742473, 5.563720892984825, 0.6411708288892907, 0.5468960263475722]
APTIDAO: 
82.70932493791203
GEN: 9100
Individuo: 
[1.0400288225020522, 1.7954599300724616, 1.946342876594974, 2.343132666590044, 1.2769319460841475, 8.484700216587017, 2.833865459867664, 49.9902828474546, 49.99825213189426, 49.974255236046304, 49.98995098828387, 1.875654360638679, 1.470747836011012, 0.4930637033678508, 1.3871742281648134, 1.2648618928215125, 0.9187270228788335, 1.5661074223382394, 1.8248422580993406, 0.8952410351413694, 1.7959080718742473, 5.563720892984825, 0.6411708288892907, 0.5468960263475722]
APTIDAO: 
82.70932493791203
GEN: 9200
Individuo: 
[1.0400288225020522, 1.7954599300724616, 1.946342876594974, 2.343132666590044, 1.2769319460841475, 8.484700216587017, 2.833865459867664, 49.9902828474546, 49.99825213189426, 49.974255236046304, 49.98995098828387, 1.875654360638679, 1.470747836011012, 0.4930637033678508, 1.3871742281648134, 1.2648618928215125, 0.9187270228788335, 1.5661074223382394, 1.8248422580993406, 0.8952410351413694, 1.7959080718742473, 5.563720892984825, 0.6411708288892907, 0.5468960263475722]
APTIDAO: 
82.70932493791203
GEN: 9300
Individuo: 
[1.0400288225020522, 1.7954599300724616, 1.946342876594974, 2.343132666590044, 1.2769319460841475, 8.484700216587017, 2.833865459867664, 49.9902828474546, 49.99825213189426, 49.974255236046304, 49.98995098828387, 1.875654360638679, 1.470747836011012, 0.4930637033678508, 1.3871742281648134, 1.2648618928215125, 0.9187270228788335, 1.5661074223382394, 1.8248422580993406, 0.8952410351413694, 1.7959080718742473, 5.563720892984825, 0.6411708288892907, 0.5468960263475722]
APTIDAO: 
82.70932493791203
GEN: 9400
Individuo: 
[1.0400288225020522, 1.7954599300724616, 1.946342876594974, 2.343132666590044, 1.2769319460841475, 8.484700216587017, 2.833865459867664, 49.9902828474546, 49.99825213189426, 49.974255236046304, 49.993929597706725, 1.875654360638679, 1.470747836011012, 0.4930637033678508, 1.3871742281648134, 1.2648618928215125, 0.9187270228788335, 1.5661074223382394, 1.8248422580993406, 0.8952410351413694, 1.7959080718742473, 5.563720892984825, 0.6438686298524355, 0.5468960263475722]
APTIDAO: 
82.70931567563939
GEN: 9500
Individuo: 
[1.0400288225020522, 1.7954599300724616, 1.946342876594974, 2.343132666590044, 1.2769319460841475, 8.484700216587017, 2.833865459867664, 49.9902828474546, 49.99825213189426, 49.974255236046304, 49.993929597706725, 1.875654360638679, 1.470747836011012, 0.4930637033678508, 1.3871742281648134, 1.2648618928215125, 0.9187270228788335, 1.5661074223382394, 1.8248422580993406, 0.8952410351413694, 1.7959080718742473, 5.563720892984825, 0.6438686298524355, 0.5468960263475722]
APTIDAO: 
82.70931567563939
GEN: 9600
Individuo: 
[1.0400288225020522, 1.7954599300724616, 1.946342876594974, 2.343132666590044, 1.2769319460841475, 8.484700216587017, 2.833865459867664, 49.9902828474546, 49.99825213189426, 49.974255236046304, 49.993929597706725, 1.875654360638679, 1.470747836011012, 0.4930637033678508, 1.3871742281648134, 1.2648618928215125, 0.9187270228788335, 1.5661074223382394, 1.8248422580993406, 0.8952410351413694, 1.7959080718742473, 5.563720892984825, 0.6438686298524355, 0.5468960263475722]
APTIDAO: 
82.70931567563939
GEN: 9700
Individuo: 
[1.0400288225020522, 1.7954599300724616, 1.946342876594974, 2.343132666590044, 1.2769319460841475, 8.484700216587017, 2.833865459867664, 49.9902828474546, 49.99825213189426, 49.974255236046304, 49.993929597706725, 1.875654360638679, 1.470747836011012, 0.4930637033678508, 1.3871742281648134, 1.2648618928215125, 0.9187270228788335, 1.5661074223382394, 1.8248422580993406, 0.8952410351413694, 1.7959080718742473, 5.563720892984825, 0.6438686298524355, 0.5468960263475722]
APTIDAO: 
82.70931567563939
GEN: 9800
Individuo: 
[1.0400288225020522, 1.7954599300724616, 1.946342876594974, 2.343132666590044, 1.2769319460841475, 8.484700216587017, 2.833865459867664, 49.9902828474546, 49.99825213189426, 49.974255236046304, 49.993929597706725, 1.875654360638679, 1.470747836011012, 0.4930637033678508, 1.3871742281648134, 1.2648618928215125, 0.9187270228788335, 1.5661074223382394, 1.8248422580993406, 0.8952410351413694, 1.7959080718742473, 5.563720892984825, 0.6438686298524355, 0.5468960263475722]
APTIDAO: 
82.70931567563939
GEN: 9900
Individuo: 
[1.0400288225020522, 1.7954599300724616, 1.946342876594974, 2.343132666590044, 1.2769319460841475, 8.484700216587017, 2.833865459867664, 49.9902828474546, 49.99825213189426, 49.974255236046304, 49.993929597706725, 1.875654360638679, 1.470747836011012, 0.4930637033678508, 1.3871742281648134, 1.2648618928215125, 0.9187270228788335, 1.5661074223382394, 1.8248422580993406, 0.8952410351413694, 1.7959080718742473, 5.563720892984825, 0.6438686298524355, 0.5468960263475722]
APTIDAO: 
82.70931567563939
GEN: 10000
Individuo: 
[1.0400288225020522, 1.7954599300724616, 1.946342876594974, 2.343132666590044, 1.2769319460841475, 8.484700216587017, 2.8327827699406396, 49.9902828474546, 49.99825213189426, 49.974255236046304, 49.993929597706725, 1.875654360638679, 1.470747836011012, 0.4930637033678508, 1.3871742281648134, 1.2648618928215125, 0.9187270228788335, 1.5661074223382394, 1.0668357790308536, 0.8952410351413694, 1.7959080718742473, 5.563720892984825, 0.6438686298524355, 0.5468960263475722]
APTIDAO: 
82.70928844405155

--- RESULTADO FINAL ---
Erro (norma-1): 82.70928844405155
Parametros: [1.0400288225020522, 1.7954599300724616, 1.946342876594974, 2.343132666590044, 1.2769319460841475, 8.484700216587017, 2.8327827699406396, 49.9902828474546, 49.99825213189426, 49.974255236046304, 49.993929597706725, 1.875654360638679]
Tempo total: 00h 31m 50s
