SEED: 1778432072
BOUNDS: tauA=(0.1, 5.0)  tauB=(0.1, 5.0)  tauC=(0.1, 5.0)  tauD=(0.1, 5.0)  tauE=(0.1, 5.0)  Km_AB=(0.01, 100.0)  Km_BC=(0.01, 100.0)  Km_EE=(0.01, 100.0)
FIXOS: Km_BE=Km_CD=Km_DE=Km_EA=1000000.0
GEN: 0
Individuo: 
[2.137249995689895, 0.5461576089855898, 2.401633287038067, 1.0182632779896659, 4.424011443706953, 52.35709868980316, 93.9625026715794, 6.912777582960069, 4.197737007521522, 2.8824170460170007, 3.3139874984225592, 10.0, 6.2624317664141795, 3.567653186110789, 10.0, 1.582698538999409]
APTIDAO: 
99.62227167361111
GEN: 100
Individuo: 
[1.3061095898404416, 1.6894146611155731, 2.094198608939562, 2.191655369172016, 0.9055691879974912, 9.477692230402823, 2.172536912088467, 1.4445760438710575, 1.4542804055201117, 1.6201124741837143, 0.6250714690351497, 0.5695615820803559, 10.0, 6.496910969049611, 0.7921560787849777, 0.9766763433036022]
APTIDAO: 
83.24328221254267
GEN: 200
Individuo: 
[1.1924858014491395, 1.7434209837069785, 2.094198608939562, 2.191655369172016, 1.1425054380136184, 8.36118867747443, 2.170027257998549, 1.648162238252078, 1.639097894293898, 1.4797373213922946, 0.6250714690351497, 0.5695615820803559, 10.0, 10.0, 0.7600819881254598, 1.0401342181812088]
APTIDAO: 
82.73904003214643
GEN: 300
Individuo: 
[1.1420936654216234, 1.748296568279114, 2.094198608939562, 2.191655369172016, 1.1425054380136184, 10.991799698944913, 2.170027257998549, 1.8872715479872784, 3.24120118751027, 0.9874593779174232, 0.6250714690351497, 0.5695615820803559, 10.0, 4.261613082074942, 0.7600819881254598, 2.20302786137405]
APTIDAO: 
82.61408134272797
GEN: 400
Individuo: 
[1.1420936654216234, 1.748296568279114, 2.094198608939562, 2.191655369172016, 1.1425054380136184, 10.991799698944913, 2.204298192417425, 1.7418621530899856, 3.24120118751027, 0.9874593779174232, 0.6250714690351497, 0.5695615820803559, 10.0, 4.261613082074942, 1.5496859509979461, 1.2588396750268043]
APTIDAO: 
82.61075440483847
GEN: 500
Individuo: 
[1.1023132355732879, 1.748296568279114, 2.094198608939562, 2.3869025319228516, 1.1425054380136184, 10.991799698944913, 2.204298192417425, 1.7418621530899856, 0.9841627163896242, 0.9874593779174232, 0.6250714690351497, 1.334082162263215, 10.0, 4.261613082074942, 1.5496859509979461, 1.2588396750268043]
APTIDAO: 
82.5761508717498
GEN: 600
Individuo: 
[1.1011330850417145, 1.748296568279114, 2.0297010583656054, 2.3893893464669653, 1.142665050146122, 11.635970019735495, 2.3065213606158483, 1.6159716666645318, 0.8648416448994393, 0.9874593779174232, 2.629686350834926, 1.169233461800592, 10.0, 5.915762191683491, 1.1024088647179897, 1.145604507973609]
APTIDAO: 
82.56699113067575
GEN: 700
Individuo: 
[1.1011330850417145, 1.748296568279114, 2.0297010583656054, 2.309736131105681, 1.186285629045214, 11.635970019735495, 2.2264894705041196, 1.594942595705135, 0.8648416448994393, 0.9874593779174232, 2.629686350834926, 1.749367162744342, 4.624048716632761, 5.915762191683491, 0.57732545987957, 2.3271359272185648]
APTIDAO: 
82.55081893332175
GEN: 800
Individuo: 
[1.1011330850417145, 1.7519278301246108, 2.0297010583656054, 2.319627140034202, 1.186285629045214, 11.3244842568827, 2.31851801206499, 1.594942595705135, 0.8648416448994393, 0.6718494161265123, 2.629686350834926, 0.7844575746008856, 4.624048716632761, 3.6619290884693383, 0.5965339234104647, 2.3271359272185648]
APTIDAO: 
82.54791746260929
GEN: 900
Individuo: 
[1.062819855222078, 1.7519278301246108, 2.0297010583656054, 2.3546282430891683, 1.2085653670811993, 11.3244842568827, 2.31851801206499, 1.594942595705135, 1.1526042855532221, 0.6718494161265123, 2.629686350834926, 1.0839903181585437, 5.149516234071512, 3.6619290884693383, 0.5965339234104647, 2.3271359272185648]
APTIDAO: 
82.52492006728333
GEN: 1000
Individuo: 
[1.062819855222078, 1.7519278301246108, 2.0330093968943235, 2.3546282430891683, 1.2085653670811993, 12.84148041163325, 2.418438581343493, 1.6253104037051203, 1.1526042855532221, 0.6718494161265123, 1.8957292997545454, 1.0839903181585437, 5.149516234071512, 7.391723049982219, 0.5950683544342411, 1.2879167482544265]
APTIDAO: 
82.52191927910462
