SEED: 1778533397
BOUNDS: tau=[0.1, 5.0]  Km=[0.01, 500.0]
GEN: 0
Individuo: 
[2.1896988107890376, 0.922496822793333, 3.5614094809436674, 4.017832058526646, 0.3930688005839751, 175.59379411049238, 114.85336127866036, 172.95760033124031, 150.00524901663883, 20.358422978994284, 263.44398037182503, 88.48861142453481, 5.336468463979329, 6.865776022072448, 7.151413852708228, 7.888802288521991, 9.94030204927876, 5.80935884420884, 5.168319954195926, 0.44371698330109266, 3.1890348256468806, 8.027493657634185, 4.260563396942026, 4.3195772724547465]
APTIDAO: 
94.41675754325394
GEN: 100
Individuo: 
[1.1140748201668065, 1.4882394218150166, 1.8351294417280566, 2.712156737596819, 1.3395042816561316, 3.6001919004108216, 3.905182375132573, 364.634397323317, 23.398414289871383, 111.91337323140004, 453.93037353796035, 8.773352612027185, 3.9026864746912993, 3.7056784040706083, 10.0, 2.754526285845324, 10.0, 5.268229460053499, 10.0, 3.6801514317286026, 6.7060997497822195, 6.185604370390839, 2.717248222825002, 10.0]
APTIDAO: 
83.19988528226244
GEN: 200
Individuo: 
[1.1140748201668065, 1.4882394218150166, 2.0157025076682644, 2.310268698186157, 1.3395042816561316, 4.850507466243534, 3.779680935192844, 496.02041941692227, 472.4823328494587, 471.1110915187243, 453.93037353796035, 1.9902757646520561, 3.9026864746912993, 3.7056784040706083, 10.0, 1.53160202623783, 10.0, 5.956973537048214, 10.0, 1.0488808672424774, 4.324791394536005, 2.4595191408696073, 2.717248222825002, 9.041665009792958]
APTIDAO: 
82.84549996348036
GEN: 300
Individuo: 
[1.102334384252428, 1.5923026858920115, 2.0157025076682644, 2.383774180652459, 1.3089580664438172, 4.850507466243534, 3.5252387683430064, 437.04095275604425, 483.4881942758429, 474.13961689337776, 482.9752978723139, 1.5895146612072633, 3.2920924620235335, 3.8285651385456774, 10.0, 0.7179347012923211, 5.732763283886627, 5.956973537048214, 5.474527661177393, 1.459182011803756, 1.8348289158299886, 2.508258506683833, 1.7049450854237336, 7.861295921021499]
APTIDAO: 
82.66474748226813
GEN: 400
Individuo: 
[1.0278538555293721, 1.7005413056870644, 2.0157025076682644, 2.383774180652459, 1.3089580664438172, 4.850507466243534, 3.5252387683430064, 475.9452279646645, 498.50338837400244, 497.530809657397, 491.8056597421728, 1.5895146612072633, 3.3402251846855253, 3.4222322030737815, 10.0, 0.7179347012923211, 5.732763283886627, 5.956973537048214, 5.474527661177393, 3.965276139554442, 1.2351750887155089, 2.95414201063119, 1.9772450065548977, 7.861295921021499]
APTIDAO: 
82.58894090760495
GEN: 500
Individuo: 
[1.0278538555293721, 1.7005413056870644, 2.0157025076682644, 2.383774180652459, 1.3089580664438172, 9.767029255406543, 2.3806583573374325, 487.9769624789802, 479.51015221870296, 497.530809657397, 491.8056597421728, 1.7015200607728453, 3.3402251846855253, 3.4222322030737815, 10.0, 0.7179347012923211, 5.732763283886627, 1.2652254185658443, 2.361346785789761, 1.0448916567544775, 1.8004401254053282, 2.95414201063119, 1.9772450065548977, 5.7313593194766685]
APTIDAO: 
82.55172712646025
GEN: 600
Individuo: 
[1.0278538555293721, 1.7400439796515186, 2.0171873045525315, 2.383774180652459, 1.3089580664438172, 13.326674486065023, 2.3806583573374325, 487.9769624789802, 484.463810527475, 497.530809657397, 491.8056597421728, 1.6350757633698696, 3.3402251846855253, 2.343976216958522, 10.0, 0.7179347012923211, 5.732763283886627, 0.9802344714482953, 2.361346785789761, 1.0448916567544775, 1.6953490295835087, 2.95414201063119, 1.9772450065548977, 5.47193824848176]
APTIDAO: 
82.5359753200529
GEN: 700
Individuo: 
[1.0278538555293721, 1.7235734916814085, 2.0171873045525315, 2.383774180652459, 1.3089580664438172, 13.971701091928027, 2.401279573311226, 487.9769624789802, 484.463810527475, 497.530809657397, 493.08783934149403, 1.597705489856289, 3.3402251846855253, 3.273762961483683, 10.0, 0.7179347012923211, 5.732763283886627, 0.6773851155063223, 1.8764978061070803, 1.0448916567544775, 1.6953490295835087, 2.95414201063119, 2.5806217550926704, 6.577955194343288]
APTIDAO: 
82.53361249113455
GEN: 800
Individuo: 
[1.0278538555293721, 1.7235734916814085, 2.0171873045525315, 2.383774180652459, 1.3079921500212686, 13.971701091928027, 2.401279573311226, 487.9769624789802, 484.463810527475, 497.530809657397, 493.08783934149403, 1.597705489856289, 3.3402251846855253, 3.273762961483683, 10.0, 0.7179347012923211, 5.3781685340349075, 0.6773851155063223, 1.8764978061070803, 1.0448916567544775, 1.6953490295835087, 2.95414201063119, 2.5806217550926704, 6.577955194343288]
APTIDAO: 
82.53344834886408
GEN: 900
Individuo: 
[1.0278538555293721, 1.7235734916814085, 2.0171873045525315, 2.383774180652459, 1.3079921500212686, 13.778678190483408, 2.401279573311226, 487.9769624789802, 489.35617737290744, 497.530809657397, 493.08783934149403, 1.597705489856289, 3.3402251846855253, 3.273762961483683, 10.0, 0.7179347012923211, 5.3781685340349075, 0.6317355242059516, 1.8764978061070803, 1.0448916567544775, 1.2460387950136047, 2.95414201063119, 2.5806217550926704, 6.577955194343288]
APTIDAO: 
82.53341525709605
GEN: 1000
Individuo: 
[1.0278538555293721, 1.7235734916814085, 2.0171873045525315, 2.383774180652459, 1.3079921500212686, 13.778678190483408, 2.401279573311226, 491.02195511429613, 494.64457640130274, 497.530809657397, 493.08783934149403, 1.597705489856289, 3.3402251846855253, 3.273762961483683, 10.0, 0.7179347012923211, 5.3781685340349075, 0.6317355242059516, 1.8764978061070803, 2.0109537481286317, 1.1774314385008966, 2.95414201063119, 2.5806217550926704, 6.577955194343288]
APTIDAO: 
82.53336811063205
GEN: 1100
Individuo: 
[1.0278538555293721, 1.7235734916814085, 2.0171873045525315, 2.383774180652459, 1.3079921500212686, 13.693779708218553, 2.401279573311226, 491.02195511429613, 494.64457640130274, 499.0884456420658, 493.08783934149403, 1.597705489856289, 3.3402251846855253, 3.273762961483683, 10.0, 0.7179347012923211, 5.3781685340349075, 0.3958496875536058, 1.8764978061070803, 2.0109537481286317, 1.1774314385008966, 2.766970966012792, 2.5806217550926704, 6.577955194343288]
APTIDAO: 
82.53335779822582
GEN: 1200
Individuo: 
[1.0278538555293721, 1.7235734916814085, 2.0171873045525315, 2.342131786731179, 1.3079921500212686, 13.693779708218553, 2.401279573311226, 491.57175013791283, 494.64457640130274, 499.0884456420658, 496.3279855480132, 1.597705489856289, 3.3402251846855253, 3.273762961483683, 10.0, 0.9669496753740178, 5.3781685340349075, 0.3958496875536058, 1.8764978061070803, 2.4353500349188844, 1.1774314385008966, 2.766970966012792, 4.415282508617974, 6.577955194343288]
APTIDAO: 
82.53294864557454
GEN: 1300
Individuo: 
[1.0237985501925817, 1.7235734916814085, 2.0171873045525315, 2.3507302258845737, 1.3079921500212686, 13.693779708218553, 2.494837066811119, 492.2069885180586, 494.64457640130274, 499.0884456420658, 498.0259453914723, 1.597705489856289, 2.39489372683213, 3.273762961483683, 10.0, 0.6091331095242639, 5.3781685340349075, 0.3958496875536058, 1.9675439381184208, 7.64189056547538, 1.1774314385008966, 2.766970966012792, 7.672479997793507, 6.577955194343288]
APTIDAO: 
82.5302594338841
GEN: 1400
Individuo: 
[1.0237985501925817, 1.7235734916814085, 2.0171873045525315, 2.3507302258845737, 1.3079921500212686, 13.693779708218553, 2.494837066811119, 492.2069885180586, 496.27694607439, 499.31963311533116, 498.0259453914723, 1.4896641427643966, 2.39489372683213, 3.273762961483683, 10.0, 0.6091331095242639, 5.3781685340349075, 0.3958496875536058, 1.9675439381184208, 7.64189056547538, 0.94108519626656, 1.619584176462314, 7.672479997793507, 5.470266793575598]
APTIDAO: 
82.52967431306121
GEN: 1500
Individuo: 
[1.0237985501925817, 1.7235734916814085, 2.0171873045525315, 2.363381296173446, 1.3079921500212686, 13.669116056948537, 2.494837066811119, 494.77460179896923, 496.27694607439, 499.31963311533116, 499.4857898920369, 1.4896641427643966, 2.39489372683213, 3.273762961483683, 10.0, 0.7978665964993614, 5.3781685340349075, 0.6081179164977654, 1.9675439381184208, 9.722922520840651, 0.94108519626656, 1.619584176462314, 5.8711877495585245, 5.470266793575598]
APTIDAO: 
82.52944247229
GEN: 1600
Individuo: 
[1.0237985501925817, 1.7235734916814085, 2.0171873045525315, 2.363381296173446, 1.3031766340946869, 13.669116056948537, 2.5066816972873434, 494.77460179896923, 496.27694607439, 499.31963311533116, 499.3275303063493, 1.4896641427643966, 2.39489372683213, 3.273762961483683, 10.0, 0.7978665964993614, 6.583163702300412, 0.6081179164977654, 1.3868570955108508, 9.722922520840651, 0.94108519626656, 1.619584176462314, 8.039192749746988, 5.470266793575598]
APTIDAO: 
82.52873840049914
GEN: 1700
Individuo: 
[1.0237985501925817, 1.7235734916814085, 2.0171873045525315, 2.363381296173446, 1.3031766340946869, 13.669116056948537, 2.5066816972873434, 494.77460179896923, 496.27694607439, 499.3766892812784, 499.3275303063493, 1.4896641427643966, 2.39489372683213, 3.273762961483683, 10.0, 0.7978665964993614, 6.583163702300412, 0.6081179164977654, 1.3868570955108508, 9.722922520840651, 0.94108519626656, 2.719083236896488, 8.039192749746988, 5.470266793575598]
APTIDAO: 
82.52873804946569
GEN: 1800
Individuo: 
[1.0237985501925817, 1.7235734916814085, 2.0171873045525315, 2.363381296173446, 1.3031766340946869, 13.899019485196634, 2.5066816972873434, 494.77460179896923, 496.27694607439, 499.3766892812784, 499.3275303063493, 1.532688528721405, 2.39489372683213, 3.273762961483683, 10.0, 0.7978665964993614, 6.583163702300412, 2.1793899170983946, 1.3868570955108508, 9.722922520840651, 0.94108519626656, 2.719083236896488, 8.039192749746988, 3.7415348195582676]
APTIDAO: 
82.52802706900266
GEN: 1900
Individuo: 
[1.0257595122662895, 1.7235734916814085, 2.0171873045525315, 2.363381296173446, 1.3031766340946869, 14.133850528348217, 2.5066816972873434, 496.7920891540108, 496.27694607439, 499.3766892812784, 499.3275303063493, 1.532688528721405, 3.8109563759590954, 3.273762961483683, 10.0, 0.7978665964993614, 6.583163702300412, 3.7914322923007595, 1.3868570955108508, 4.357752398246646, 0.94108519626656, 2.719083236896488, 8.039192749746988, 3.7415348195582676]
APTIDAO: 
82.52752432277119
GEN: 2000
Individuo: 
[1.0257595122662895, 1.7235734916814085, 2.0171873045525315, 2.363381296173446, 1.3031766340946869, 14.133850528348217, 2.5066816972873434, 496.7920891540108, 496.27694607439, 499.8250507241668, 499.3275303063493, 1.532688528721405, 3.8109563759590954, 3.273762961483683, 10.0, 0.7978665964993614, 6.583163702300412, 3.7914322923007595, 1.3868570955108508, 4.357752398246646, 0.94108519626656, 2.7939670514963457, 8.039192749746988, 3.7415348195582676]
APTIDAO: 
82.52752277904546
GEN: 2100
Individuo: 
[1.0257595122662895, 1.7235734916814085, 2.0171873045525315, 2.363381296173446, 1.3031766340946869, 14.133850528348217, 2.5066816972873434, 499.19611089102574, 496.27694607439, 499.8250507241668, 499.3275303063493, 1.532688528721405, 3.8109563759590954, 3.273762961483683, 10.0, 0.7978665964993614, 6.583163702300412, 3.7914322923007595, 1.3868570955108508, 2.181251778127977, 0.94108519626656, 2.7939670514963457, 8.039192749746988, 3.7415348195582676]
APTIDAO: 
82.52751005112856
GEN: 2200
Individuo: 
[1.0257595122662895, 1.7235734916814085, 2.0171873045525315, 2.363381296173446, 1.3031766340946869, 14.316266126451657, 2.5066816972873434, 499.19611089102574, 499.15200191659136, 499.8250507241668, 499.3275303063493, 1.532688528721405, 3.8109563759590954, 3.273762961483683, 10.0, 0.7978665964993614, 6.583163702300412, 4.434173449594041, 1.3868570955108508, 2.181251778127977, 0.7203195088027131, 2.7939670514963457, 8.039192749746988, 3.7415348195582676]
APTIDAO: 
82.5274564868114
GEN: 2300
Individuo: 
[1.0257595122662895, 1.7235734916814085, 2.0171873045525315, 2.363381296173446, 1.3031766340946869, 14.316266126451657, 2.5066816972873434, 499.19611089102574, 499.15200191659136, 499.8250507241668, 499.3275303063493, 1.532688528721405, 3.8109563759590954, 3.273762961483683, 10.0, 0.7978665964993614, 6.583163702300412, 4.434173449594041, 1.3868570955108508, 2.181251778127977, 0.7203195088027131, 2.7939670514963457, 8.039192749746988, 3.7415348195582676]
APTIDAO: 
82.5274564868114
GEN: 2400
Individuo: 
[1.0257595122662895, 1.7235734916814085, 2.0171873045525315, 2.363381296173446, 1.3031766340946869, 14.316266126451657, 2.5066816972873434, 499.19611089102574, 499.15200191659136, 499.8250507241668, 499.3275303063493, 1.532688528721405, 3.8109563759590954, 3.273762961483683, 10.0, 0.7978665964993614, 6.583163702300412, 4.434173449594041, 1.3868570955108508, 2.181251778127977, 0.7203195088027131, 2.7939670514963457, 8.039192749746988, 3.7415348195582676]
APTIDAO: 
82.5274564868114
GEN: 2500
Individuo: 
[1.0259785563953225, 1.7235734916814085, 2.0171873045525315, 2.363381296173446, 1.3031766340946869, 14.316266126451657, 2.5066816972873434, 499.19611089102574, 499.15200191659136, 499.8250507241668, 499.3275303063493, 1.532688528721405, 5.776205738854716, 3.273762961483683, 10.0, 0.7978665964993614, 6.583163702300412, 4.434173449594041, 1.3868570955108508, 2.181251778127977, 0.7203195088027131, 2.7939670514963457, 8.039192749746988, 3.7415348195582676]
APTIDAO: 
82.52741646170706
GEN: 2600
Individuo: 
[1.0259785563953225, 1.7235734916814085, 2.0171873045525315, 2.363381296173446, 1.3031766340946869, 14.316266126451657, 2.5066816972873434, 499.19611089102574, 499.15200191659136, 499.8250507241668, 499.3275303063493, 1.532688528721405, 5.776205738854716, 3.273762961483683, 10.0, 0.7978665964993614, 6.583163702300412, 4.434173449594041, 1.3868570955108508, 2.181251778127977, 0.7203195088027131, 2.7939670514963457, 8.039192749746988, 3.7415348195582676]
APTIDAO: 
82.52741646170706
GEN: 2700
Individuo: 
[1.0259785563953225, 1.7235734916814085, 2.0203727903672273, 2.363381296173446, 1.3031766340946869, 14.316266126451657, 2.5066816972873434, 499.19611089102574, 499.15200191659136, 499.8250507241668, 499.3275303063493, 1.532688528721405, 5.776205738854716, 3.273762961483683, 10.0, 0.7978665964993614, 6.583163702300412, 4.434173449594041, 1.3868570955108508, 2.181251778127977, 0.7203195088027131, 2.7939670514963457, 8.039192749746988, 3.7415348195582676]
APTIDAO: 
82.527382370136
GEN: 2800
Individuo: 
[1.0259785563953225, 1.7235734916814085, 2.0203727903672273, 2.3631632674239977, 1.3031766340946869, 14.316266126451657, 2.5066816972873434, 499.19611089102574, 499.15200191659136, 499.8250507241668, 499.3275303063493, 1.532688528721405, 5.776205738854716, 3.273762961483683, 10.0, 0.6282325566401816, 6.583163702300412, 4.434173449594041, 1.3868570955108508, 2.181251778127977, 0.7203195088027131, 2.7939670514963457, 8.039192749746988, 3.7415348195582676]
APTIDAO: 
82.52735228831624
GEN: 2900
Individuo: 
[1.0259785563953225, 1.7235734916814085, 2.0203727903672273, 2.3631632674239977, 1.3031766340946869, 14.316266126451657, 2.5066816972873434, 499.19611089102574, 499.15200191659136, 499.8250507241668, 499.3275303063493, 1.532688528721405, 5.776205738854716, 3.273762961483683, 10.0, 0.6282325566401816, 6.583163702300412, 4.434173449594041, 1.3868570955108508, 2.181251778127977, 0.7203195088027131, 2.7939670514963457, 8.039192749746988, 3.7415348195582676]
APTIDAO: 
82.52735228831624
GEN: 3000
Individuo: 
[1.0259785563953225, 1.7235734916814085, 2.0203727903672273, 2.3631632674239977, 1.3031766340946869, 14.316266126451657, 2.5066816972873434, 499.19611089102574, 499.15200191659136, 499.8250507241668, 499.3275303063493, 1.532688528721405, 5.776205738854716, 3.273762961483683, 10.0, 0.6282325566401816, 6.583163702300412, 4.434173449594041, 1.3868570955108508, 2.181251778127977, 0.7203195088027131, 2.7939670514963457, 8.039192749746988, 3.7415348195582676]
APTIDAO: 
82.52735228831624
GEN: 3100
Individuo: 
[1.0259785563953225, 1.7335191643984564, 2.0203727903672273, 2.3631632674239977, 1.2986433610321981, 14.316266126451657, 2.5066816972873434, 499.19611089102574, 499.15200191659136, 499.8250507241668, 499.3275303063493, 1.532688528721405, 5.776205738854716, 2.0186645856667114, 10.0, 0.6282325566401816, 8.106149690473234, 4.434173449594041, 1.3868570955108508, 2.181251778127977, 0.7203195088027131, 2.7939670514963457, 8.039192749746988, 3.7415348195582676]
APTIDAO: 
82.52631750144359
GEN: 3200
Individuo: 
[1.0259785563953225, 1.7335191643984564, 1.9991062924316794, 2.3631632674239977, 1.2993163289483391, 14.316266126451657, 2.5066816972873434, 499.19611089102574, 499.15200191659136, 499.8250507241668, 499.3275303063493, 1.5296364356907988, 5.776205738854716, 2.0186645856667114, 6.235902110588381, 0.6282325566401816, 5.780776690140188, 4.434173449594041, 1.3868570955108508, 2.181251778127977, 0.7203195088027131, 2.7939670514963457, 8.039192749746988, 1.993330154494458]
APTIDAO: 
82.52588451797011
GEN: 3300
Individuo: 
[1.0259785563953225, 1.7335191643984564, 1.9991062924316794, 2.3631632674239977, 1.2993163289483391, 14.316266126451657, 2.513897120683104, 499.19611089102574, 499.15200191659136, 499.8250507241668, 499.3275303063493, 1.5356653078581315, 5.776205738854716, 2.0186645856667114, 6.235902110588381, 0.6282325566401816, 5.780776690140188, 4.434173449594041, 1.151772448068365, 2.181251778127977, 0.7203195088027131, 2.7939670514963457, 8.039192749746988, 1.1811088059355555]
APTIDAO: 
82.52542656863034
GEN: 3400
Individuo: 
[1.0259785563953225, 1.7406487178107264, 1.9991062924316794, 2.3631632674239977, 1.2993163289483391, 14.316266126451657, 2.513897120683104, 499.19611089102574, 499.15200191659136, 499.8250507241668, 499.3275303063493, 1.5356653078581315, 5.776205738854716, 1.9402806538637485, 6.235902110588381, 0.6282325566401816, 5.780776690140188, 4.434173449594041, 1.151772448068365, 2.181251778127977, 0.7203195088027131, 2.7939670514963457, 8.039192749746988, 1.1811088059355555]
APTIDAO: 
82.52515032763485
GEN: 3500
Individuo: 
[1.0259785563953225, 1.7406487178107264, 1.9991062924316794, 2.3631632674239977, 1.2993163289483391, 14.133299585986844, 2.513897120683104, 499.19611089102574, 499.15200191659136, 499.8250507241668, 499.3275303063493, 1.5356653078581315, 5.776205738854716, 1.9402806538637485, 6.235902110588381, 0.6282325566401816, 5.780776690140188, 4.526063685858997, 1.151772448068365, 2.181251778127977, 0.7203195088027131, 2.7939670514963457, 8.039192749746988, 1.1811088059355555]
APTIDAO: 
82.52503099542693
GEN: 3600
Individuo: 
[1.0259785563953225, 1.7406487178107264, 1.9991062924316794, 2.3631632674239977, 1.2993163289483391, 14.133299585986844, 2.513897120683104, 499.19611089102574, 499.15200191659136, 499.8250507241668, 499.3275303063493, 1.5356653078581315, 5.776205738854716, 1.9402806538637485, 6.235902110588381, 0.6282325566401816, 5.780776690140188, 4.526063685858997, 1.151772448068365, 2.181251778127977, 0.7203195088027131, 2.7939670514963457, 8.039192749746988, 1.1811088059355555]
APTIDAO: 
82.52503099542693
GEN: 3700
Individuo: 
[1.0259785563953225, 1.7406487178107264, 1.9991062924316794, 2.3631632674239977, 1.2993163289483391, 14.133299585986844, 2.513897120683104, 499.19611089102574, 499.15200191659136, 499.8250507241668, 499.3275303063493, 1.5356653078581315, 5.776205738854716, 1.9402806538637485, 6.235902110588381, 0.6282325566401816, 5.780776690140188, 4.526063685858997, 1.151772448068365, 2.181251778127977, 0.7203195088027131, 2.7939670514963457, 8.039192749746988, 1.1811088059355555]
APTIDAO: 
82.52503099542693
GEN: 3800
Individuo: 
[1.0259785563953225, 1.7406487178107264, 1.9991062924316794, 2.3381080790940736, 1.2993163289483391, 14.133299585986844, 2.513897120683104, 499.8472421205541, 499.15200191659136, 499.8250507241668, 499.3275303063493, 1.5356653078581315, 5.776205738854716, 1.9402806538637485, 6.235902110588381, 0.8669265387319598, 5.780776690140188, 4.526063685858997, 1.151772448068365, 1.8056966937860721, 0.7203195088027131, 2.7939670514963457, 8.039192749746988, 1.1811088059355555]
APTIDAO: 
82.52460173914375
GEN: 3900
Individuo: 
[1.0300143922787728, 1.7406487178107264, 1.9991062924316794, 2.3381080790940736, 1.2993163289483391, 14.133299585986844, 2.513897120683104, 499.8472421205541, 499.15200191659136, 499.8250507241668, 499.3275303063493, 1.5356653078581315, 5.337603785136895, 1.9402806538637485, 6.235902110588381, 0.8669265387319598, 5.780776690140188, 4.526063685858997, 1.151772448068365, 1.8056966937860721, 0.7203195088027131, 2.7939670514963457, 8.039192749746988, 1.1811088059355555]
APTIDAO: 
82.52430815454164
GEN: 4000
Individuo: 
[1.0300143922787728, 1.7406487178107264, 1.9991062924316794, 2.3339914297814643, 1.2993163289483391, 14.306572209443349, 2.513897120683104, 499.8472421205541, 499.15200191659136, 499.8250507241668, 499.3275303063493, 1.5356653078581315, 5.337603785136895, 1.9402806538637485, 6.235902110588381, 0.9386376845451858, 5.780776690140188, 1.6835836955253498, 1.151772448068365, 1.8056966937860721, 0.7203195088027131, 2.7939670514963457, 8.039192749746988, 1.1811088059355555]
APTIDAO: 
82.52393001245125
GEN: 4100
Individuo: 
[1.0300143922787728, 1.7406487178107264, 1.9991062924316794, 2.3339914297814643, 1.2993163289483391, 14.306572209443349, 2.513897120683104, 499.8472421205541, 499.15200191659136, 499.8250507241668, 499.3275303063493, 1.5356653078581315, 5.337603785136895, 1.9402806538637485, 6.235902110588381, 0.9386376845451858, 5.780776690140188, 1.6835836955253498, 1.151772448068365, 1.8056966937860721, 0.7203195088027131, 2.7939670514963457, 8.039192749746988, 1.1811088059355555]
APTIDAO: 
82.52393001245125
GEN: 4200
Individuo: 
[1.0300143922787728, 1.7406487178107264, 1.9991062924316794, 2.3339914297814643, 1.2993163289483391, 14.306572209443349, 2.513897120683104, 499.8472421205541, 499.15200191659136, 499.8250507241668, 499.3275303063493, 1.5356653078581315, 5.337603785136895, 1.9402806538637485, 6.235902110588381, 0.9386376845451858, 5.780776690140188, 1.6835836955253498, 1.151772448068365, 1.8056966937860721, 0.7203195088027131, 2.7939670514963457, 8.039192749746988, 1.1811088059355555]
APTIDAO: 
82.52393001245125
GEN: 4300
Individuo: 
[1.0300143922787728, 1.7406487178107264, 1.9991062924316794, 2.3339914297814643, 1.2993163289483391, 14.306572209443349, 2.513897120683104, 499.8472421205541, 499.15200191659136, 499.8250507241668, 499.3275303063493, 1.5356653078581315, 5.337603785136895, 1.9402806538637485, 6.235902110588381, 0.9386376845451858, 5.780776690140188, 1.6835836955253498, 1.151772448068365, 1.8056966937860721, 0.7203195088027131, 2.7939670514963457, 8.039192749746988, 1.1811088059355555]
APTIDAO: 
82.52393001245125
GEN: 4400
Individuo: 
[1.0300143922787728, 1.7406487178107264, 1.9991062924316794, 2.3339914297814643, 1.2993163289483391, 14.306572209443349, 2.513897120683104, 499.8472421205541, 499.15200191659136, 499.8250507241668, 499.3275303063493, 1.5356653078581315, 5.337603785136895, 1.9402806538637485, 6.235902110588381, 0.9386376845451858, 5.780776690140188, 1.6835836955253498, 1.151772448068365, 1.8056966937860721, 0.7203195088027131, 2.7939670514963457, 8.039192749746988, 1.1811088059355555]
APTIDAO: 
82.52393001245125
GEN: 4500
Individuo: 
[1.0300143922787728, 1.7406487178107264, 1.9991062924316794, 2.3339914297814643, 1.2993163289483391, 14.306572209443349, 2.513897120683104, 499.8472421205541, 499.15200191659136, 499.8250507241668, 499.3275303063493, 1.5356653078581315, 5.337603785136895, 1.9402806538637485, 6.235902110588381, 0.9386376845451858, 5.780776690140188, 1.6835836955253498, 1.151772448068365, 1.8056966937860721, 0.7203195088027131, 2.7939670514963457, 8.039192749746988, 1.1811088059355555]
APTIDAO: 
82.52393001245125
GEN: 4600
Individuo: 
[1.0300143922787728, 1.7406487178107264, 1.9991062924316794, 2.3339914297814643, 1.2993163289483391, 14.306572209443349, 2.513897120683104, 499.8472421205541, 499.15200191659136, 499.8250507241668, 499.3275303063493, 1.5356653078581315, 5.337603785136895, 1.9402806538637485, 6.235902110588381, 0.9386376845451858, 5.780776690140188, 1.6835836955253498, 1.151772448068365, 1.8056966937860721, 0.7203195088027131, 2.7939670514963457, 8.039192749746988, 1.1811088059355555]
APTIDAO: 
82.52393001245125
GEN: 4700
Individuo: 
[1.0300143922787728, 1.7406487178107264, 1.9991062924316794, 2.3339914297814643, 1.2993163289483391, 14.306572209443349, 2.513897120683104, 499.8472421205541, 499.15200191659136, 499.8250507241668, 499.3275303063493, 1.5356653078581315, 5.337603785136895, 1.9402806538637485, 6.235902110588381, 0.9386376845451858, 5.780776690140188, 1.6835836955253498, 1.151772448068365, 1.8056966937860721, 0.7203195088027131, 2.7939670514963457, 8.039192749746988, 1.1811088059355555]
APTIDAO: 
82.52393001245125
GEN: 4800
Individuo: 
[1.0300143922787728, 1.7406487178107264, 1.9991062924316794, 2.3339914297814643, 1.2993163289483391, 14.306572209443349, 2.513897120683104, 499.8472421205541, 499.15200191659136, 499.8250507241668, 499.3275303063493, 1.5343312865523373, 5.337603785136895, 1.9402806538637485, 6.235902110588381, 0.9386376845451858, 5.780776690140188, 1.6835836955253498, 1.151772448068365, 1.8056966937860721, 0.7203195088027131, 2.7939670514963457, 8.039192749746988, 0.7265790137805488]
APTIDAO: 
82.52392503045562
GEN: 4900
Individuo: 
[1.0300143922787728, 1.7406487178107264, 1.9991062924316794, 2.3339914297814643, 1.2993163289483391, 14.306572209443349, 2.513897120683104, 499.8472421205541, 499.15200191659136, 499.8980366564376, 499.3275303063493, 1.5343312865523373, 5.337603785136895, 1.9402806538637485, 6.235902110588381, 0.9386376845451858, 5.780776690140188, 1.6835836955253498, 1.151772448068365, 1.8056966937860721, 0.7203195088027131, 2.287777272836676, 8.039192749746988, 0.7265790137805488]
APTIDAO: 
82.52392465590441
GEN: 5000
Individuo: 
[1.0300143922787728, 1.7406487178107264, 1.9991062924316794, 2.3339914297814643, 1.2993163289483391, 14.306572209443349, 2.513897120683104, 499.8472421205541, 499.15200191659136, 499.8980366564376, 499.3275303063493, 1.5343312865523373, 5.337603785136895, 1.9402806538637485, 6.235902110588381, 0.9386376845451858, 5.780776690140188, 1.6835836955253498, 1.151772448068365, 1.8056966937860721, 0.7203195088027131, 2.287777272836676, 8.039192749746988, 0.7265790137805488]
APTIDAO: 
82.52392465590441
GEN: 5100
Individuo: 
[1.0300143922787728, 1.7406487178107264, 1.9991062924316794, 2.3339914297814643, 1.2993163289483391, 14.306572209443349, 2.513897120683104, 499.8472421205541, 499.15200191659136, 499.8980366564376, 499.3275303063493, 1.5343312865523373, 5.337603785136895, 1.9402806538637485, 6.235902110588381, 0.9386376845451858, 5.780776690140188, 1.6835836955253498, 1.151772448068365, 1.8056966937860721, 0.7203195088027131, 2.287777272836676, 8.039192749746988, 0.7265790137805488]
APTIDAO: 
82.52392465590441
GEN: 5200
Individuo: 
[1.0300143922787728, 1.7406487178107264, 1.9991062924316794, 2.3339914297814643, 1.2993163289483391, 14.306572209443349, 2.513897120683104, 499.8472421205541, 499.15200191659136, 499.8980366564376, 499.3275303063493, 1.5343312865523373, 5.337603785136895, 1.9402806538637485, 6.235902110588381, 0.9386376845451858, 5.780776690140188, 1.6835836955253498, 1.151772448068365, 1.8056966937860721, 0.7203195088027131, 2.287777272836676, 8.039192749746988, 0.7265790137805488]
APTIDAO: 
82.52392465590441
GEN: 5300
Individuo: 
[1.0300143922787728, 1.7406487178107264, 1.9991062924316794, 2.3339914297814643, 1.2993163289483391, 14.306572209443349, 2.5146892415901667, 499.8472421205541, 499.15200191659136, 499.8980366564376, 499.3275303063493, 1.5343312865523373, 5.337603785136895, 1.9402806538637485, 6.235902110588381, 0.9386376845451858, 5.780776690140188, 1.6835836955253498, 0.5915273430293229, 1.8056966937860721, 0.7203195088027131, 2.287777272836676, 8.039192749746988, 0.7265790137805488]
APTIDAO: 
82.5239080110533
GEN: 5400
Individuo: 
[1.0300143922787728, 1.7406487178107264, 1.9991062924316794, 2.3339914297814643, 1.2993163289483391, 14.306572209443349, 2.5146892415901667, 499.8472421205541, 499.15200191659136, 499.8980366564376, 499.3275303063493, 1.5343312865523373, 5.337603785136895, 1.9402806538637485, 6.235902110588381, 0.9386376845451858, 5.780776690140188, 1.6835836955253498, 0.5915273430293229, 1.8056966937860721, 0.7203195088027131, 2.287777272836676, 8.039192749746988, 0.7265790137805488]
APTIDAO: 
82.5239080110533
GEN: 5500
Individuo: 
[1.0300143922787728, 1.7406487178107264, 1.9991062924316794, 2.3339914297814643, 1.2993163289483391, 14.306572209443349, 2.5146892415901667, 499.8472421205541, 499.15200191659136, 499.8980366564376, 499.3275303063493, 1.5343312865523373, 5.337603785136895, 1.9402806538637485, 6.235902110588381, 0.9386376845451858, 5.780776690140188, 1.6835836955253498, 0.5915273430293229, 1.8056966937860721, 0.7203195088027131, 2.287777272836676, 8.039192749746988, 0.7265790137805488]
APTIDAO: 
82.5239080110533
GEN: 5600
Individuo: 
[1.0300143922787728, 1.7406487178107264, 1.9991062924316794, 2.3339914297814643, 1.2993163289483391, 14.306572209443349, 2.5146892415901667, 499.8472421205541, 499.15200191659136, 499.8980366564376, 499.3275303063493, 1.5343312865523373, 5.337603785136895, 1.9402806538637485, 6.235902110588381, 0.9386376845451858, 5.780776690140188, 1.6835836955253498, 0.5915273430293229, 1.8056966937860721, 0.7203195088027131, 2.287777272836676, 8.039192749746988, 0.7265790137805488]
APTIDAO: 
82.5239080110533
GEN: 5700
Individuo: 
[1.0300143922787728, 1.7406487178107264, 1.9991062924316794, 2.3339914297814643, 1.2993163289483391, 14.306572209443349, 2.5146892415901667, 499.8472421205541, 499.3090181457565, 499.8980366564376, 499.3275303063493, 1.5343312865523373, 5.337603785136895, 1.9402806538637485, 6.235902110588381, 0.9386376845451858, 5.780776690140188, 1.6835836955253498, 0.5915273430293229, 1.8056966937860721, 0.9453333925933962, 2.287777272836676, 8.039192749746988, 0.7265790137805488]
APTIDAO: 
82.5239074301051
GEN: 5800
Individuo: 
[1.0300143922787728, 1.7406487178107264, 1.9991062924316794, 2.3339914297814643, 1.2993163289483391, 14.306572209443349, 2.5146892415901667, 499.8472421205541, 499.3090181457565, 499.8980366564376, 499.3275303063493, 1.5343312865523373, 5.337603785136895, 1.9402806538637485, 6.235902110588381, 0.9386376845451858, 5.780776690140188, 1.6835836955253498, 0.5915273430293229, 1.8056966937860721, 0.9453333925933962, 2.287777272836676, 8.039192749746988, 0.7265790137805488]
APTIDAO: 
82.5239074301051
GEN: 5900
Individuo: 
[1.0300143922787728, 1.7406487178107264, 1.9991062924316794, 2.3339914297814643, 1.2993163289483391, 14.306572209443349, 2.5146892415901667, 499.8472421205541, 499.3090181457565, 499.8980366564376, 499.3275303063493, 1.5343312865523373, 5.337603785136895, 1.9402806538637485, 6.235902110588381, 0.9386376845451858, 5.780776690140188, 1.6835836955253498, 0.5915273430293229, 1.8056966937860721, 0.9453333925933962, 2.287777272836676, 8.039192749746988, 0.7265790137805488]
APTIDAO: 
82.5239074301051
GEN: 6000
Individuo: 
[1.0300143922787728, 1.7406487178107264, 1.9991062924316794, 2.3339914297814643, 1.2993163289483391, 14.306572209443349, 2.5146892415901667, 499.8472421205541, 499.3090181457565, 499.8980366564376, 499.8393166212977, 1.5343312865523373, 5.337603785136895, 1.9402806538637485, 6.235902110588381, 0.9386376845451858, 5.780776690140188, 1.6835836955253498, 0.5915273430293229, 1.8056966937860721, 0.9453333925933962, 2.287777272836676, 10.0, 0.7265790137805488]
APTIDAO: 
82.52389580297518
GEN: 6100
Individuo: 
[1.0300143922787728, 1.7406487178107264, 1.9991062924316794, 2.3339914297814643, 1.2993163289483391, 14.306572209443349, 2.5146892415901667, 499.8472421205541, 499.3090181457565, 499.8980366564376, 499.8393166212977, 1.5343312865523373, 5.337603785136895, 1.9402806538637485, 6.235902110588381, 0.9386376845451858, 5.780776690140188, 1.6835836955253498, 0.5915273430293229, 1.8056966937860721, 0.9453333925933962, 2.287777272836676, 10.0, 0.7265790137805488]
APTIDAO: 
82.52389580297518
GEN: 6200
Individuo: 
[1.0300143922787728, 1.7406487178107264, 1.9991062924316794, 2.3339914297814643, 1.2993163289483391, 14.306572209443349, 2.5146892415901667, 499.8472421205541, 499.3090181457565, 499.8980366564376, 499.8393166212977, 1.5343312865523373, 5.337603785136895, 1.9402806538637485, 6.235902110588381, 0.9386376845451858, 5.780776690140188, 1.6835836955253498, 0.5915273430293229, 1.8056966937860721, 0.9453333925933962, 2.287777272836676, 10.0, 0.7265790137805488]
APTIDAO: 
82.52389580297518
GEN: 6300
Individuo: 
[1.0300143922787728, 1.7406487178107264, 1.9991062924316794, 2.3339914297814643, 1.2993163289483391, 14.306572209443349, 2.5146892415901667, 499.8472421205541, 499.3090181457565, 499.8980366564376, 499.8393166212977, 1.5343312865523373, 5.337603785136895, 1.9402806538637485, 6.235902110588381, 0.9386376845451858, 5.780776690140188, 1.6835836955253498, 0.5915273430293229, 1.8056966937860721, 0.9453333925933962, 2.287777272836676, 10.0, 0.7265790137805488]
APTIDAO: 
82.52389580297518
GEN: 6400
Individuo: 
[1.0300143922787728, 1.7406487178107264, 1.9991062924316794, 2.3339914297814643, 1.2993163289483391, 14.306572209443349, 2.5146892415901667, 499.8472421205541, 499.3090181457565, 499.8980366564376, 499.8393166212977, 1.5343312865523373, 5.337603785136895, 1.9402806538637485, 6.235902110588381, 0.9386376845451858, 5.780776690140188, 1.6835836955253498, 0.5915273430293229, 1.8056966937860721, 0.9453333925933962, 2.287777272836676, 10.0, 0.7265790137805488]
APTIDAO: 
82.52389580297518
GEN: 6500
Individuo: 
[1.0300143922787728, 1.7406487178107264, 1.9991062924316794, 2.3339914297814643, 1.2993163289483391, 14.306572209443349, 2.5146892415901667, 499.8472421205541, 499.3090181457565, 499.8980366564376, 499.8393166212977, 1.5343312865523373, 5.337603785136895, 1.9402806538637485, 6.235902110588381, 0.9386376845451858, 5.780776690140188, 1.6835836955253498, 0.5915273430293229, 1.8056966937860721, 0.9453333925933962, 2.287777272836676, 10.0, 0.7265790137805488]
APTIDAO: 
82.52389580297518
GEN: 6600
Individuo: 
[1.0300143922787728, 1.7406487178107264, 1.9991062924316794, 2.3339914297814643, 1.2993163289483391, 14.306572209443349, 2.5146892415901667, 499.8472421205541, 499.3090181457565, 499.8980366564376, 499.8393166212977, 1.5343312865523373, 5.337603785136895, 1.9402806538637485, 6.235902110588381, 0.9386376845451858, 5.780776690140188, 1.6835836955253498, 0.5915273430293229, 1.8056966937860721, 0.9453333925933962, 2.287777272836676, 10.0, 0.7265790137805488]
APTIDAO: 
82.52389580297518
GEN: 6700
Individuo: 
[1.0300143922787728, 1.7406487178107264, 1.9991062924316794, 2.3339914297814643, 1.2993163289483391, 14.306572209443349, 2.5155760756955945, 499.8472421205541, 499.3090181457565, 499.8980366564376, 499.8393166212977, 1.5343312865523373, 5.337603785136895, 1.9402806538637485, 6.235902110588381, 0.9386376845451858, 5.780776690140188, 1.6835836955253498, 0.9073210469535831, 1.8056966937860721, 0.9453333925933962, 2.287777272836676, 10.0, 0.7265790137805488]
APTIDAO: 
82.5238923151986
GEN: 6800
Individuo: 
[1.0300143922787728, 1.7406487178107264, 1.9991062924316794, 2.3339914297814643, 1.2993163289483391, 14.306572209443349, 2.5155760756955945, 499.8472421205541, 499.3090181457565, 499.8980366564376, 499.8393166212977, 1.5343312865523373, 5.337603785136895, 1.9402806538637485, 6.235902110588381, 0.9386376845451858, 5.780776690140188, 1.6835836955253498, 0.9073210469535831, 1.8056966937860721, 0.9453333925933962, 2.287777272836676, 10.0, 0.7265790137805488]
APTIDAO: 
82.5238923151986
GEN: 6900
Individuo: 
[1.0300143922787728, 1.7406487178107264, 1.9991062924316794, 2.3339914297814643, 1.2993163289483391, 14.306572209443349, 2.5155760756955945, 499.8472421205541, 499.3090181457565, 499.8980366564376, 499.8393166212977, 1.5343312865523373, 5.337603785136895, 1.9402806538637485, 6.235902110588381, 0.9386376845451858, 5.780776690140188, 1.6835836955253498, 0.9073210469535831, 1.8056966937860721, 0.9453333925933962, 2.287777272836676, 10.0, 0.7265790137805488]
APTIDAO: 
82.5238923151986
GEN: 7000
Individuo: 
[1.0299960396563546, 1.7406487178107264, 1.9991062924316794, 2.3339914297814643, 1.2993163289483391, 14.306572209443349, 2.5155760756955945, 499.8472421205541, 499.3090181457565, 499.8980366564376, 499.8393166212977, 1.5343312865523373, 1.8340967811440478, 1.9402806538637485, 6.235902110588381, 0.9386376845451858, 5.780776690140188, 1.6835836955253498, 0.9073210469535831, 1.8056966937860721, 0.9453333925933962, 2.287777272836676, 10.0, 0.7265790137805488]
APTIDAO: 
82.52389167789426
GEN: 7100
Individuo: 
[1.0299960396563546, 1.7406487178107264, 1.9991062924316794, 2.3339914297814643, 1.2993163289483391, 14.306572209443349, 2.5155760756955945, 499.8472421205541, 499.3090181457565, 499.8980366564376, 499.8393166212977, 1.5343312865523373, 1.8340967811440478, 1.9402806538637485, 6.235902110588381, 0.9386376845451858, 5.780776690140188, 1.6835836955253498, 0.9073210469535831, 1.8056966937860721, 0.9453333925933962, 2.287777272836676, 10.0, 0.7265790137805488]
APTIDAO: 
82.52389167789426
GEN: 7200
Individuo: 
[1.0299960396563546, 1.7406487178107264, 1.9991062924316794, 2.3339914297814643, 1.2993163289483391, 14.306572209443349, 2.5155760756955945, 499.8472421205541, 499.3090181457565, 499.8980366564376, 499.8393166212977, 1.5343312865523373, 1.8340967811440478, 1.9402806538637485, 6.235902110588381, 0.9386376845451858, 5.780776690140188, 1.6835836955253498, 0.9073210469535831, 1.8056966937860721, 0.9453333925933962, 2.287777272836676, 10.0, 0.7265790137805488]
APTIDAO: 
82.52389167789426
GEN: 7300
Individuo: 
[1.0299960396563546, 1.7406487178107264, 1.9991062924316794, 2.3339914297814643, 1.2993163289483391, 14.306572209443349, 2.5155760756955945, 499.8472421205541, 499.3090181457565, 499.8980366564376, 499.8393166212977, 1.5343312865523373, 1.8340967811440478, 1.9402806538637485, 6.235902110588381, 0.9386376845451858, 5.780776690140188, 1.6835836955253498, 0.9073210469535831, 1.8056966937860721, 0.9453333925933962, 2.287777272836676, 10.0, 0.7265790137805488]
APTIDAO: 
82.52389167789426
GEN: 7400
Individuo: 
[1.0299960396563546, 1.7406487178107264, 1.9991062924316794, 2.3339914297814643, 1.2993163289483391, 14.306572209443349, 2.5155760756955945, 499.8472421205541, 499.3090181457565, 499.8980366564376, 499.8393166212977, 1.5343312865523373, 1.8340967811440478, 1.9402806538637485, 6.235902110588381, 0.9386376845451858, 5.780776690140188, 1.6835836955253498, 0.9073210469535831, 1.8056966937860721, 0.9453333925933962, 2.287777272836676, 10.0, 0.7265790137805488]
APTIDAO: 
82.52389167789426
GEN: 7500
Individuo: 
[1.0299960396563546, 1.7406487178107264, 1.9995017134488242, 2.3339914297814643, 1.2993163289483391, 14.306572209443349, 2.5155760756955945, 499.8472421205541, 499.3090181457565, 499.8980366564376, 499.8393166212977, 1.5323137587888027, 1.8340967811440478, 1.9402806538637485, 3.837381774963949, 0.9386376845451858, 5.780776690140188, 1.6835836955253498, 0.9073210469535831, 1.8056966937860721, 0.9453333925933962, 2.287777272836676, 10.0, 0.579382578042013]
APTIDAO: 
82.52385871666853
GEN: 7600
Individuo: 
[1.0299960396563546, 1.7406487178107264, 1.9995017134488242, 2.3339914297814643, 1.2993163289483391, 14.306572209443349, 2.5155760756955945, 499.8472421205541, 499.3090181457565, 499.8980366564376, 499.8393166212977, 1.5323137587888027, 1.8340967811440478, 1.9402806538637485, 3.837381774963949, 0.9386376845451858, 5.780776690140188, 1.6835836955253498, 0.9073210469535831, 1.8056966937860721, 0.9453333925933962, 2.287777272836676, 10.0, 0.579382578042013]
APTIDAO: 
82.52385871666853
GEN: 7700
Individuo: 
[1.0299960396563546, 1.7406487178107264, 1.9995017134488242, 2.3339914297814643, 1.2993163289483391, 14.306572209443349, 2.5155760756955945, 499.8472421205541, 499.3090181457565, 499.8980366564376, 499.8393166212977, 1.5323137587888027, 1.8340967811440478, 1.9402806538637485, 3.837381774963949, 0.9386376845451858, 5.780776690140188, 1.6835836955253498, 0.9073210469535831, 1.8056966937860721, 0.9453333925933962, 2.287777272836676, 10.0, 0.579382578042013]
APTIDAO: 
82.52385871666853
GEN: 7800
Individuo: 
[1.0299960396563546, 1.7406487178107264, 1.9995017134488242, 2.3339914297814643, 1.2993163289483391, 14.306572209443349, 2.5155760756955945, 499.8472421205541, 499.3090181457565, 499.8980366564376, 499.8393166212977, 1.5323137587888027, 1.8340967811440478, 1.9402806538637485, 3.837381774963949, 0.9386376845451858, 5.780776690140188, 1.6835836955253498, 0.9073210469535831, 1.8056966937860721, 0.9453333925933962, 2.287777272836676, 10.0, 0.579382578042013]
APTIDAO: 
82.52385871666853
GEN: 7900
Individuo: 
[1.0299960396563546, 1.7406487178107264, 1.9995017134488242, 2.3339914297814643, 1.2993163289483391, 14.306572209443349, 2.5155760756955945, 499.8472421205541, 499.3090181457565, 499.8980366564376, 499.8393166212977, 1.5323137587888027, 1.8340967811440478, 1.9402806538637485, 3.837381774963949, 0.9386376845451858, 5.780776690140188, 1.6835836955253498, 0.9073210469535831, 1.8056966937860721, 0.9453333925933962, 2.287777272836676, 10.0, 0.579382578042013]
APTIDAO: 
82.52385871666853
GEN: 8000
Individuo: 
[1.0299960396563546, 1.7406487178107264, 1.9995017134488242, 2.3339914297814643, 1.2993163289483391, 14.306572209443349, 2.5155760756955945, 499.8472421205541, 499.3090181457565, 499.8980366564376, 499.8393166212977, 1.5323137587888027, 1.8340967811440478, 1.9402806538637485, 3.837381774963949, 0.9386376845451858, 5.780776690140188, 1.6835836955253498, 0.9073210469535831, 1.8056966937860721, 0.9453333925933962, 2.287777272836676, 10.0, 0.579382578042013]
APTIDAO: 
82.52385871666853
GEN: 8100
Individuo: 
[1.0299960396563546, 1.7406487178107264, 1.9995017134488242, 2.3339914297814643, 1.2993163289483391, 14.306572209443349, 2.5155760756955945, 499.8472421205541, 499.3090181457565, 499.8980366564376, 499.8393166212977, 1.5323137587888027, 1.8340967811440478, 1.9402806538637485, 3.837381774963949, 0.9386376845451858, 5.780776690140188, 1.6835836955253498, 0.9073210469535831, 1.8056966937860721, 0.9453333925933962, 2.287777272836676, 10.0, 0.579382578042013]
APTIDAO: 
82.52385871666853
GEN: 8200
Individuo: 
[1.0299960396563546, 1.7406487178107264, 1.9995017134488242, 2.3339914297814643, 1.2993163289483391, 14.32880293618538, 2.5155760756955945, 499.8472421205541, 499.3090181457565, 499.8980366564376, 499.8393166212977, 1.5323137587888027, 1.8340967811440478, 1.9402806538637485, 3.837381774963949, 0.9386376845451858, 5.780776690140188, 2.466260710981478, 0.9073210469535831, 1.8056966937860721, 0.9453333925933962, 2.287777272836676, 10.0, 0.579382578042013]
APTIDAO: 
82.52385041750843
GEN: 8300
Individuo: 
[1.0299960396563546, 1.7406487178107264, 1.9995017134488242, 2.3339914297814643, 1.2993163289483391, 14.32880293618538, 2.5155760756955945, 499.8472421205541, 499.3090181457565, 499.8980366564376, 499.8393166212977, 1.5323137587888027, 1.8340967811440478, 1.9402806538637485, 3.837381774963949, 0.9386376845451858, 5.780776690140188, 2.466260710981478, 0.9073210469535831, 1.8056966937860721, 0.9453333925933962, 2.287777272836676, 10.0, 0.579382578042013]
APTIDAO: 
82.52385041750843
GEN: 8400
Individuo: 
[1.0299960396563546, 1.7406487178107264, 1.9995017134488242, 2.3339914297814643, 1.2993163289483391, 14.32880293618538, 2.5155760756955945, 499.8472421205541, 499.3090181457565, 499.8980366564376, 499.8393166212977, 1.5323137587888027, 1.8340967811440478, 1.9402806538637485, 3.837381774963949, 0.9386376845451858, 5.780776690140188, 2.466260710981478, 0.9073210469535831, 1.8056966937860721, 0.9453333925933962, 2.287777272836676, 10.0, 0.579382578042013]
APTIDAO: 
82.52385041750843
GEN: 8500
Individuo: 
[1.0299960396563546, 1.7406487178107264, 1.9995017134488242, 2.3339914297814643, 1.2993163289483391, 14.32880293618538, 2.5155760756955945, 499.8472421205541, 499.3090181457565, 499.8980366564376, 499.8393166212977, 1.5323137587888027, 1.8340967811440478, 1.9402806538637485, 3.837381774963949, 0.9386376845451858, 5.780776690140188, 2.466260710981478, 0.9073210469535831, 1.8056966937860721, 0.9453333925933962, 2.287777272836676, 10.0, 0.579382578042013]
APTIDAO: 
82.52385041750843
GEN: 8600
Individuo: 
[1.0299960396563546, 1.7406487178107264, 1.9995017134488242, 2.3339914297814643, 1.2993163289483391, 14.32880293618538, 2.5155760756955945, 499.8472421205541, 499.36509195335765, 499.8980366564376, 499.8393166212977, 1.5323137587888027, 1.8340967811440478, 1.9402806538637485, 3.837381774963949, 0.9386376845451858, 5.780776690140188, 2.466260710981478, 0.9073210469535831, 1.8056966937860721, 1.0809188853157796, 2.287777272836676, 10.0, 0.579382578042013]
APTIDAO: 
82.523850062482
GEN: 8700
Individuo: 
[1.0299960396563546, 1.7406487178107264, 1.9995017134488242, 2.3339914297814643, 1.2993163289483391, 14.32240002770406, 2.5155760756955945, 499.8472421205541, 499.36509195335765, 499.8980366564376, 499.8393166212977, 1.532368131027208, 1.8340967811440478, 1.9402806538637485, 3.837381774963949, 0.9386376845451858, 5.780776690140188, 1.9187341990383397, 0.9073210469535831, 1.8056966937860721, 1.0809188853157796, 2.287777272836676, 10.0, 0.6745188469105234]
APTIDAO: 
82.52384183633743
GEN: 8800
Individuo: 
[1.0299960396563546, 1.7406487178107264, 1.9995017134488242, 2.3339914297814643, 1.2993163289483391, 14.32240002770406, 2.5155760756955945, 499.8472421205541, 499.36509195335765, 499.8980366564376, 499.8393166212977, 1.532368131027208, 1.8340967811440478, 1.9402806538637485, 3.837381774963949, 0.9386376845451858, 5.780776690140188, 1.9187341990383397, 0.9073210469535831, 1.8056966937860721, 1.0809188853157796, 2.287777272836676, 10.0, 0.6745188469105234]
APTIDAO: 
82.52384183633743
GEN: 8900
Individuo: 
[1.0299960396563546, 1.7406487178107264, 1.9995017134488242, 2.3339914297814643, 1.2993163289483391, 14.32240002770406, 2.5155760756955945, 499.96441590315175, 499.36509195335765, 499.8980366564376, 499.8393166212977, 1.532368131027208, 1.8340967811440478, 1.9402806538637485, 3.837381774963949, 0.9386376845451858, 5.780776690140188, 1.9187341990383397, 0.9073210469535831, 1.4273976089740452, 1.0809188853157796, 2.287777272836676, 10.0, 0.6745188469105234]
APTIDAO: 
82.52384111885736
GEN: 9000
Individuo: 
[1.0299960396563546, 1.7406487178107264, 1.9995017134488242, 2.3339914297814643, 1.2993163289483391, 14.32240002770406, 2.5155760756955945, 499.96441590315175, 499.36509195335765, 499.8980366564376, 499.8393166212977, 1.532368131027208, 1.8340967811440478, 1.9402806538637485, 3.837381774963949, 0.9386376845451858, 5.780776690140188, 1.9187341990383397, 0.9073210469535831, 1.4273976089740452, 1.0809188853157796, 2.287777272836676, 10.0, 0.6745188469105234]
APTIDAO: 
82.52384111885736
GEN: 9100
Individuo: 
[1.0299960396563546, 1.7406487178107264, 1.9995017134488242, 2.3339914297814643, 1.2993163289483391, 14.32240002770406, 2.5155760756955945, 499.96441590315175, 499.36509195335765, 499.8980366564376, 499.8393166212977, 1.532368131027208, 1.8340967811440478, 1.9402806538637485, 3.837381774963949, 0.9386376845451858, 5.780776690140188, 1.9187341990383397, 0.9073210469535831, 1.4273976089740452, 1.0809188853157796, 2.287777272836676, 10.0, 0.6745188469105234]
APTIDAO: 
82.52384111885736
GEN: 9200
Individuo: 
[1.0299960396563546, 1.7406487178107264, 1.9995017134488242, 2.3339914297814643, 1.2993163289483391, 14.32240002770406, 2.5155760756955945, 499.96441590315175, 499.36509195335765, 499.8980366564376, 499.8393166212977, 1.532368131027208, 1.8340967811440478, 1.9402806538637485, 3.837381774963949, 0.9386376845451858, 5.780776690140188, 1.9187341990383397, 0.9073210469535831, 1.4273976089740452, 1.0809188853157796, 2.287777272836676, 10.0, 0.6745188469105234]
APTIDAO: 
82.52384111885736
GEN: 9300
Individuo: 
[1.0299960396563546, 1.7406487178107264, 1.9995017134488242, 2.3339914297814643, 1.2993163289483391, 14.32240002770406, 2.5155760756955945, 499.96441590315175, 499.36509195335765, 499.8980366564376, 499.8393166212977, 1.532368131027208, 1.8340967811440478, 1.9402806538637485, 3.837381774963949, 0.9386376845451858, 5.780776690140188, 1.9187341990383397, 0.9073210469535831, 1.4273976089740452, 1.0809188853157796, 2.287777272836676, 10.0, 0.6745188469105234]
APTIDAO: 
82.52384111885736
GEN: 9400
Individuo: 
[1.0299960396563546, 1.7406487178107264, 1.9995017134488242, 2.3339914297814643, 1.2993163289483391, 14.32240002770406, 2.5155760756955945, 499.96441590315175, 499.36509195335765, 499.8980366564376, 499.8393166212977, 1.532368131027208, 1.8340967811440478, 1.9402806538637485, 3.837381774963949, 0.9386376845451858, 5.780776690140188, 1.9187341990383397, 0.9073210469535831, 1.4273976089740452, 1.0809188853157796, 2.287777272836676, 10.0, 0.6745188469105234]
APTIDAO: 
82.52384111885736
GEN: 9500
Individuo: 
[1.0299960396563546, 1.7406487178107264, 1.9995017134488242, 2.3339914297814643, 1.2993163289483391, 14.32240002770406, 2.5155760756955945, 499.96441590315175, 499.36509195335765, 499.8980366564376, 499.8393166212977, 1.532368131027208, 1.8340967811440478, 1.9402806538637485, 3.837381774963949, 0.9386376845451858, 5.780776690140188, 1.9187341990383397, 0.9073210469535831, 1.4273976089740452, 1.0809188853157796, 2.287777272836676, 10.0, 0.6745188469105234]
APTIDAO: 
82.52384111885736
GEN: 9600
Individuo: 
[1.0299960396563546, 1.7406487178107264, 1.9995017134488242, 2.3339914297814643, 1.2993163289483391, 14.32240002770406, 2.5155760756955945, 499.96441590315175, 499.9553915768445, 499.8980366564376, 499.8393166212977, 1.532368131027208, 1.8340967811440478, 1.9402806538637485, 3.837381774963949, 0.9386376845451858, 5.780776690140188, 1.9187341990383397, 0.9073210469535831, 1.4273976089740452, 1.2340187093306367, 2.287777272836676, 10.0, 0.6745188469105234]
APTIDAO: 
82.52383752587204
GEN: 9700
Individuo: 
[1.0299960396563546, 1.7406487178107264, 1.9995017134488242, 2.3339914297814643, 1.2993163289483391, 14.32240002770406, 2.5155760756955945, 499.96441590315175, 499.9553915768445, 499.8980366564376, 499.8393166212977, 1.532368131027208, 1.8340967811440478, 1.9402806538637485, 3.837381774963949, 0.9386376845451858, 5.780776690140188, 1.9187341990383397, 0.9073210469535831, 1.4273976089740452, 1.2340187093306367, 2.287777272836676, 10.0, 0.6745188469105234]
APTIDAO: 
82.52383752587204
GEN: 9800
Individuo: 
[1.0299960396563546, 1.7406487178107264, 1.9995017134488242, 2.3339914297814643, 1.2993163289483391, 14.32240002770406, 2.5155760756955945, 499.96441590315175, 499.9553915768445, 499.8980366564376, 499.8393166212977, 1.532368131027208, 1.8340967811440478, 1.9402806538637485, 3.837381774963949, 0.9386376845451858, 5.780776690140188, 1.9187341990383397, 0.9073210469535831, 1.4273976089740452, 1.2340187093306367, 2.287777272836676, 10.0, 0.6745188469105234]
APTIDAO: 
82.52383752587204
GEN: 9900
Individuo: 
[1.0299960396563546, 1.7406487178107264, 1.9995017134488242, 2.3339914297814643, 1.2993163289483391, 14.32240002770406, 2.5155760756955945, 499.96441590315175, 499.9553915768445, 499.8980366564376, 499.8393166212977, 1.532368131027208, 1.8340967811440478, 1.9402806538637485, 3.837381774963949, 0.9386376845451858, 5.780776690140188, 1.9187341990383397, 0.9073210469535831, 1.4273976089740452, 1.2340187093306367, 2.287777272836676, 10.0, 0.6745188469105234]
APTIDAO: 
82.52383752587204
GEN: 10000
Individuo: 
[1.0299960396563546, 1.7406487178107264, 1.9995017134488242, 2.3339914297814643, 1.2993163289483391, 14.32240002770406, 2.5155760756955945, 499.96441590315175, 499.9553915768445, 499.8980366564376, 499.8393166212977, 1.532368131027208, 1.8340967811440478, 1.9402806538637485, 3.837381774963949, 0.9386376845451858, 5.780776690140188, 1.9187341990383397, 0.9073210469535831, 1.4273976089740452, 1.2340187093306367, 2.287777272836676, 10.0, 0.6745188469105234]
APTIDAO: 
82.52383752587204

--- RESULTADO FINAL ---
Erro (norma-1): 82.52383752587204
Parâmetros: [1.0299960396563546, 1.7406487178107264, 1.9995017134488242, 2.3339914297814643, 1.2993163289483391, 14.32240002770406, 2.5155760756955945, 499.96441590315175, 499.9553915768445, 499.8980366564376, 499.8393166212977, 1.532368131027208]
Tempo total: 00h 28m 27s
