SEED: 1778426886
BOUNDS: tau=[0.1, 5.0]  Km=[0.01, 500.0]
GEN: 0
Individuo: 
[0.22541696828661714, 3.112893770898365, 2.6159916705614887, 2.5797830934342096, 3.46465653408541, 395.8149511105294, 178.0031213972704, 83.62149167854922, 198.50973380485632, 400.18055006243577, 226.48985973470366, 73.0018473375706, 9.578359810610111, 3.9691243027582046, 0.580809605784926, 8.48453537938251, 3.241659002487008, 2.0821922100264025, 6.506830080033343, 9.762232126217457, 5.4534029997014235, 1.9821806581875538, 1.0117834525242118, 7.374712753805249]
APTIDAO: 
95.9735397798564
GEN: 100
Individuo: 
[1.0627987355910076, 1.4459638982167, 2.2902511764888818, 2.3701200001475202, 1.4303108420956088, 31.76084206244987, 1.697417638027897, 328.35806718099536, 448.2254692327867, 437.5679365676932, 488.4413177974114, 1.7799091687522268, 1.4059698035304231, 2.4986546129452587, 2.223286568687857, 1.3040552278918187, 2.7190805032247902, 5.953605853381663, 0.5142911619135594, 2.260935880779927, 1.6163761442000575, 4.0854148026720445, 7.902304925335996, 1.3116261758365575]
APTIDAO: 
82.91486529025504
GEN: 200
Individuo: 
[1.0457153712340241, 1.6489399141394476, 2.0360388088069636, 2.3701200001475202, 1.3448115471275908, 9.483278291505478, 2.465229641693485, 445.10528574095923, 354.777776752418, 215.47789137070407, 482.9282129836712, 1.903853335932435, 2.6236331444473846, 2.1331205547329204, 3.358696338178789, 1.3040552278918187, 3.7348641141925065, 5.9421300386330085, 1.0398992858588747, 6.253363073245639, 1.4424016667567088, 1.0600007807181266, 4.015917901065302, 0.9864826299178503]
APTIDAO: 
82.59001106667087
GEN: 300
Individuo: 
[1.0373014460664542, 1.6489399141394476, 2.0360388088069636, 2.3701200001475202, 1.331968002897196, 11.536408724126, 2.549702818714564, 496.994851236412, 466.5312823474221, 493.5667936554152, 482.9282129836712, 1.4652493310222723, 2.1783343766092687, 2.1331205547329204, 3.358696338178789, 1.3040552278918187, 3.95844836480996, 3.4339277023062857, 0.8266560676820267, 3.003868624141232, 2.9026504581043486, 0.7353734416105417, 4.015917901065302, 0.6553359768814147]
APTIDAO: 
82.55940053280172
GEN: 400
Individuo: 
[1.0373014460664542, 1.6489399141394476, 2.0360388088069636, 2.3701200001475202, 1.331968002897196, 12.819227013947403, 2.549702818714564, 496.994851236412, 498.8206103858266, 493.5667936554152, 482.9282129836712, 1.4652493310222723, 2.1783343766092687, 2.1331205547329204, 3.358696338178789, 1.3040552278918187, 3.95844836480996, 3.0824411549230977, 0.8266560676820267, 3.003868624141232, 2.3213016452751156, 0.7353734416105417, 4.015917901065302, 0.6553359768814147]
APTIDAO: 
82.55675238959833
GEN: 500
Individuo: 
[1.0373014460664542, 1.6489399141394476, 2.0360388088069636, 2.3697656620911074, 1.331968002897196, 12.819227013947403, 2.549702818714564, 496.994851236412, 498.8206103858266, 493.5667936554152, 497.865847749739, 1.4652493310222723, 2.1783343766092687, 2.1331205547329204, 3.358696338178789, 1.2448187475460861, 3.95844836480996, 3.0824411549230977, 0.8266560676820267, 3.003868624141232, 2.3213016452751156, 0.7353734416105417, 2.6122749896872883, 0.6553359768814147]
APTIDAO: 
82.55637480772201
GEN: 600
Individuo: 
[1.0373014460664542, 1.6489399141394476, 2.0360388088069636, 2.3697656620911074, 1.331968002897196, 12.819227013947403, 2.549702818714564, 496.994851236412, 498.8206103858266, 493.5667936554152, 497.865847749739, 1.4652493310222723, 2.1783343766092687, 2.1331205547329204, 3.358696338178789, 1.2448187475460861, 3.95844836480996, 3.0824411549230977, 0.8266560676820267, 3.003868624141232, 2.3213016452751156, 0.7353734416105417, 2.6122749896872883, 0.6553359768814147]
APTIDAO: 
82.55637480772201
GEN: 700
Individuo: 
[1.0373014460664542, 1.6489399141394476, 2.0360388088069636, 2.3697656620911074, 1.331968002897196, 12.819227013947403, 2.549702818714564, 498.5235359305687, 498.8206103858266, 495.15710203243674, 499.7763190747826, 1.4652493310222723, 2.1783343766092687, 2.1331205547329204, 3.358696338178789, 1.2448187475460861, 3.95844836480996, 3.0824411549230977, 0.8266560676820267, 4.96127494021392, 2.3213016452751156, 0.8878879040136846, 3.7172207559122867, 0.6553359768814147]
APTIDAO: 
82.5563134755065
GEN: 800
Individuo: 
[1.0373014460664542, 1.6489399141394476, 2.0360388088069636, 2.3697656620911074, 1.331968002897196, 12.819227013947403, 2.549702818714564, 497.75756814188594, 498.8206103858266, 498.88657491914955, 499.7763190747826, 1.4652493310222723, 2.1783343766092687, 2.1331205547329204, 3.358696338178789, 1.2448187475460861, 3.95844836480996, 3.0824411549230977, 0.8266560676820267, 2.548779785931007, 2.3213016452751156, 0.7696006124934135, 3.7172207559122867, 0.6553359768814147]
APTIDAO: 
82.55630047798137
GEN: 900
Individuo: 
[1.0373014460664542, 1.6489399141394476, 2.0360388088069636, 2.3697656620911074, 1.331968002897196, 12.819227013947403, 2.549702818714564, 497.75756814188594, 498.8206103858266, 498.88657491914955, 499.7763190747826, 1.4655026929343027, 2.1783343766092687, 2.1331205547329204, 3.358696338178789, 1.2448187475460861, 3.95844836480996, 3.0824411549230977, 0.8266560676820267, 2.548779785931007, 2.3213016452751156, 0.7696006124934135, 3.7172207559122867, 0.4783606888828117]
APTIDAO: 
82.55629908629233
GEN: 1000
Individuo: 
[1.0373014460664542, 1.6489399141394476, 2.0360388088069636, 2.3697656620911074, 1.331968002897196, 12.857083832301788, 2.549702818714564, 497.75756814188594, 498.8206103858266, 498.88657491914955, 499.7763190747826, 1.4655026929343027, 2.1783343766092687, 2.1331205547329204, 3.358696338178789, 1.2448187475460861, 3.95844836480996, 2.147026282245423, 0.8266560676820267, 2.548779785931007, 2.3213016452751156, 0.7696006124934135, 3.7172207559122867, 0.4783606888828117]
APTIDAO: 
82.55625610032779
GEN: 1100
Individuo: 
[1.0373014460664542, 1.6489399141394476, 2.0360388088069636, 2.3697656620911074, 1.331968002897196, 12.857083832301788, 2.549702818714564, 497.75756814188594, 498.8206103858266, 498.88657491914955, 499.7763190747826, 1.4655026929343027, 2.1783343766092687, 2.1331205547329204, 3.358696338178789, 1.2448187475460861, 3.95844836480996, 2.147026282245423, 0.8266560676820267, 2.548779785931007, 2.3213016452751156, 0.7696006124934135, 3.7172207559122867, 0.4783606888828117]
APTIDAO: 
82.55625610032779
GEN: 1200
Individuo: 
[1.0373014460664542, 1.6489399141394476, 2.0360388088069636, 2.3697656620911074, 1.331968002897196, 12.906619219560572, 2.549702818714564, 497.75756814188594, 498.8206103858266, 499.404513297596, 499.81084801270214, 1.4655026929343027, 2.1783343766092687, 2.1331205547329204, 3.358696338178789, 1.2448187475460861, 3.95844836480996, 1.9949670049232948, 0.8266560676820267, 2.548779785931007, 2.3213016452751156, 1.8284517814042065, 5.027661705128327, 0.4783606888828117]
APTIDAO: 
82.55624349797898
GEN: 1300
Individuo: 
[1.0373014460664542, 1.6549248890495816, 2.014568147562949, 2.3697656620911074, 1.331968002897196, 12.906619219560572, 2.549702818714564, 497.75756814188594, 498.8206103858266, 499.404513297596, 499.81084801270214, 1.4770306647725144, 2.1783343766092687, 3.132878750297471, 2.4986739226762085, 1.2448187475460861, 3.95844836480996, 1.9949670049232948, 0.8266560676820267, 2.548779785931007, 2.3213016452751156, 1.8284517814042065, 5.027661705128327, 0.5478619261612295]
APTIDAO: 
82.55466546630444
GEN: 1400
Individuo: 
[1.0373014460664542, 1.6549248890495816, 2.014568147562949, 2.3697656620911074, 1.331968002897196, 12.688276189330075, 2.549702818714564, 498.1777310553948, 498.8206103858266, 499.404513297596, 499.81084801270214, 1.4770306647725144, 2.1783343766092687, 3.132878750297471, 2.4986739226762085, 1.2448187475460861, 3.95844836480996, 1.3460194017405107, 0.8266560676820267, 0.9430385962554794, 2.3213016452751156, 1.8284517814042065, 5.027661705128327, 0.5478619261612295]
APTIDAO: 
82.55458032185011
GEN: 1500
Individuo: 
[1.0373014460664542, 1.6549248890495816, 2.0316379009972723, 2.3632062752602883, 1.331968002897196, 12.688276189330075, 2.549702818714564, 498.1777310553948, 498.8206103858266, 499.404513297596, 499.81084801270214, 1.4770306647725144, 2.1783343766092687, 3.132878750297471, 2.0375356144659063, 0.6938106909333336, 3.95844836480996, 1.3460194017405107, 0.8266560676820267, 0.9430385962554794, 2.3213016452751156, 1.8284517814042065, 5.027661705128327, 0.5478619261612295]
APTIDAO: 
82.55376280000414
GEN: 1600
Individuo: 
[1.0373014460664542, 1.6549248890495816, 2.0316379009972723, 2.3632062752602883, 1.331968002897196, 13.00145119451129, 2.5353271087382296, 498.1777310553948, 498.8206103858266, 499.404513297596, 499.81084801270214, 1.4770306647725144, 2.1783343766092687, 3.132878750297471, 2.0375356144659063, 0.6938106909333336, 3.95844836480996, 1.316738589978258, 0.6795049909853267, 0.9430385962554794, 2.3213016452751156, 1.8284517814042065, 5.027661705128327, 0.5478619261612295]
APTIDAO: 
82.55336748927971
GEN: 1700
Individuo: 
[1.0373014460664542, 1.6674877301015512, 2.0316379009972723, 2.335043878662809, 1.331968002897196, 13.00145119451129, 2.5353271087382296, 498.1777310553948, 498.8206103858266, 499.404513297596, 499.81084801270214, 1.4770306647725144, 2.1783343766092687, 1.8547554394415415, 2.0375356144659063, 0.5046555195043599, 3.95844836480996, 1.316738589978258, 0.6795049909853267, 0.9430385962554794, 2.3213016452751156, 1.8284517814042065, 5.027661705128327, 0.5478619261612295]
APTIDAO: 
82.5483085118724
GEN: 1800
Individuo: 
[1.0373014460664542, 1.6778005342457574, 2.0316379009972723, 2.3179047749535213, 1.3296611395227718, 13.00145119451129, 2.5353271087382296, 498.1777310553948, 498.8206103858266, 499.404513297596, 499.81084801270214, 1.4770306647725144, 2.1783343766092687, 1.5916721201966817, 2.0375356144659063, 0.4914210909650291, 3.3446083820151586, 1.316738589978258, 0.6795049909853267, 0.9430385962554794, 2.3213016452751156, 1.8284517814042065, 5.027661705128327, 0.5478619261612295]
APTIDAO: 
82.5444191939159
GEN: 1900
Individuo: 
[1.0373014460664542, 1.6778005342457574, 2.035484684890739, 2.3179047749535213, 1.3296611395227718, 13.00145119451129, 2.5353271087382296, 498.7256731582788, 498.8206103858266, 499.404513297596, 499.9917829995125, 1.4770306647725144, 2.1783343766092687, 1.5916721201966817, 1.361755527279402, 0.4914210909650291, 3.3446083820151586, 1.316738589978258, 0.6795049909853267, 0.6457859588664655, 2.3213016452751156, 1.8284517814042065, 10.0, 0.5478619261612295]
APTIDAO: 
82.54433847471887
GEN: 2000
Individuo: 
[1.0373014460664542, 1.6778005342457574, 2.035484684890739, 2.3179047749535213, 1.3296611395227718, 13.00145119451129, 2.5353271087382296, 498.7256731582788, 498.8206103858266, 499.404513297596, 499.9917829995125, 1.4770306647725144, 2.1783343766092687, 1.5916721201966817, 1.361755527279402, 0.4914210909650291, 3.3446083820151586, 1.316738589978258, 0.6795049909853267, 0.6457859588664655, 2.3213016452751156, 1.8284517814042065, 10.0, 0.5478619261612295]
APTIDAO: 
82.54433847471887
GEN: 2100
Individuo: 
[1.0373014460664542, 1.6941120890028316, 2.035484684890739, 2.3179047749535213, 1.3100549422893435, 13.10974871870652, 2.5353271087382296, 499.5936906344616, 498.8206103858266, 499.404513297596, 499.9917829995125, 1.4770306647725144, 2.1783343766092687, 1.20331509262909, 1.361755527279402, 0.4914210909650291, 2.3966838440998974, 1.3571636331630696, 0.6795049909853267, 0.6735752268010651, 2.3213016452751156, 1.8284517814042065, 10.0, 0.5478619261612295]
APTIDAO: 
82.53655149074905
GEN: 2200
Individuo: 
[1.0380173881722907, 1.6941120890028316, 2.035484684890739, 2.3179047749535213, 1.3100549422893435, 13.10974871870652, 2.5353271087382296, 499.5936906344616, 498.8206103858266, 499.404513297596, 499.9917829995125, 1.4957989835028385, 1.4578317741504416, 1.20331509262909, 1.361755527279402, 0.4914210909650291, 2.3966838440998974, 1.3571636331630696, 0.6795049909853267, 0.6735752268010651, 2.3213016452751156, 1.8284517814042065, 10.0, 0.5671217151674289]
APTIDAO: 
82.5360126449529
GEN: 2300
Individuo: 
[1.0373014460664542, 1.7156508182800296, 2.0275931790331416, 2.3179047749535213, 1.3100549422893435, 13.10974871870652, 2.5353271087382296, 499.5936906344616, 499.8460944585815, 499.404513297596, 499.9917829995125, 1.4957989835028385, 2.1783343766092687, 0.7041717952118216, 1.4272931772689168, 0.4914210909650291, 2.3966838440998974, 1.3571636331630696, 0.6795049909853267, 0.6735752268010651, 2.050069909408612, 1.8284517814042065, 10.0, 0.5671217151674289]
APTIDAO: 
82.53221692667307
GEN: 2400
Individuo: 
[1.0373014460664542, 1.7156508182800296, 2.004880831865203, 2.3179047749535213, 1.3100549422893435, 12.926964060816347, 2.5353271087382296, 499.5936906344616, 499.8460944585815, 499.404513297596, 499.9917829995125, 1.4890099992141153, 2.1783343766092687, 0.7041717952118216, 0.9879765491980717, 0.4914210909650291, 2.3966838440998974, 1.5808793277653863, 0.6795049909853267, 0.6735752268010651, 2.050069909408612, 1.8284517814042065, 10.0, 0.7891392270364367]
APTIDAO: 
82.53153102076845
GEN: 2500
Individuo: 
[1.0373014460664542, 1.7156508182800296, 2.004880831865203, 2.3179047749535213, 1.3100549422893435, 13.890749135332966, 2.5353271087382296, 499.5936906344616, 499.8460944585815, 499.404513297596, 499.9917829995125, 1.4890099992141153, 2.1783343766092687, 0.7041717952118216, 0.9879765491980717, 0.4914210909650291, 2.3966838440998974, 1.4987440284146558, 0.6795049909853267, 0.6735752268010651, 2.050069909408612, 1.8284517814042065, 10.0, 0.7891392270364367]
APTIDAO: 
82.5315179050771
GEN: 2600
Individuo: 
[1.0373014460664542, 1.7156508182800296, 2.004880831865203, 2.3179047749535213, 1.3100549422893435, 13.661653409478781, 2.5353271087382296, 499.5936906344616, 499.8460944585815, 499.404513297596, 499.9917829995125, 1.4890099992141153, 2.1783343766092687, 0.7041717952118216, 0.9879765491980717, 0.4914210909650291, 2.3966838440998974, 1.6988928388686106, 0.6795049909853267, 0.6735752268010651, 2.050069909408612, 1.8284517814042065, 10.0, 0.7891392270364367]
APTIDAO: 
82.53092974161056
GEN: 2700
Individuo: 
[1.0373014460664542, 1.7156508182800296, 2.006402813864814, 2.319583157694507, 1.3100549422893435, 13.661653409478781, 2.5353271087382296, 499.5936906344616, 499.8460944585815, 499.404513297596, 499.9917829995125, 1.4890099992141153, 2.1783343766092687, 0.7041717952118216, 1.2582790407784894, 0.81479752472888, 2.3966838440998974, 1.6988928388686106, 0.6795049909853267, 0.6735752268010651, 2.050069909408612, 1.8284517814042065, 10.0, 0.7891392270364367]
APTIDAO: 
82.53072853568965
GEN: 2800
Individuo: 
[1.0373014460664542, 1.7156508182800296, 2.006402813864814, 2.319583157694507, 1.3100549422893435, 13.661653409478781, 2.5353271087382296, 499.5956970844217, 499.8460944585815, 499.404513297596, 499.9917829995125, 1.4891120866312701, 2.1783343766092687, 0.7041717952118216, 1.2582790407784894, 0.81479752472888, 2.3966838440998974, 1.6988928388686106, 0.6795049909853267, 0.5393154521496949, 2.050069909408612, 1.8284517814042065, 10.0, 0.49660188589759324]
APTIDAO: 
82.53072700254607
GEN: 2900
Individuo: 
[1.0373014460664542, 1.7156508182800296, 2.006402813864814, 2.319583157694507, 1.3100549422893435, 13.661653409478781, 2.5353271087382296, 499.5956970844217, 499.8460944585815, 499.404513297596, 499.9917829995125, 1.4891120866312701, 2.1783343766092687, 0.7041717952118216, 1.2582790407784894, 0.81479752472888, 2.3966838440998974, 1.6988928388686106, 0.6795049909853267, 0.5393154521496949, 2.050069909408612, 1.8284517814042065, 10.0, 0.49660188589759324]
APTIDAO: 
82.53072700254607
GEN: 3000
Individuo: 
[1.0373014460664542, 1.7156508182800296, 2.006402813864814, 2.319583157694507, 1.3100549422893435, 13.661653409478781, 2.5353271087382296, 499.5956970844217, 499.8460944585815, 499.404513297596, 499.9917829995125, 1.4891120866312701, 2.1783343766092687, 0.7041717952118216, 1.2582790407784894, 0.81479752472888, 2.3966838440998974, 1.6988928388686106, 0.6795049909853267, 0.5393154521496949, 2.050069909408612, 1.8284517814042065, 10.0, 0.49660188589759324]
APTIDAO: 
82.53072700254607
GEN: 3100
Individuo: 
[1.0373014460664542, 1.7156508182800296, 2.006402813864814, 2.319583157694507, 1.3100549422893435, 13.661653409478781, 2.5353271087382296, 499.5956970844217, 499.8460944585815, 499.404513297596, 499.9917829995125, 1.4891120866312701, 2.1783343766092687, 0.7041717952118216, 1.2582790407784894, 0.81479752472888, 2.3966838440998974, 1.6988928388686106, 0.6795049909853267, 0.5393154521496949, 2.050069909408612, 1.8284517814042065, 10.0, 0.49660188589759324]
APTIDAO: 
82.53072700254607
GEN: 3200
Individuo: 
[1.0373014460664542, 1.7156508182800296, 2.006402813864814, 2.319583157694507, 1.3100549422893435, 13.661653409478781, 2.5353271087382296, 499.5956970844217, 499.8460944585815, 499.404513297596, 499.9917829995125, 1.4891120866312701, 2.1783343766092687, 0.7041717952118216, 1.2582790407784894, 0.81479752472888, 2.3966838440998974, 1.6988928388686106, 0.6795049909853267, 0.5393154521496949, 2.050069909408612, 1.8284517814042065, 10.0, 0.49660188589759324]
APTIDAO: 
82.53072700254607
GEN: 3300
Individuo: 
[1.0373014460664542, 1.7156508182800296, 2.006402813864814, 2.319583157694507, 1.3100549422893435, 13.661653409478781, 2.5353271087382296, 499.5956970844217, 499.8460944585815, 499.404513297596, 499.9917829995125, 1.4891120866312701, 2.1783343766092687, 0.7041717952118216, 1.2582790407784894, 0.81479752472888, 2.3966838440998974, 1.6988928388686106, 0.6795049909853267, 0.5393154521496949, 2.050069909408612, 1.8284517814042065, 10.0, 0.49660188589759324]
APTIDAO: 
82.53072700254607
GEN: 3400
Individuo: 
[1.0373014460664542, 1.7156508182800296, 2.006402813864814, 2.319583157694507, 1.3100549422893435, 13.661653409478781, 2.5353271087382296, 499.5956970844217, 499.8460944585815, 499.404513297596, 499.9917829995125, 1.4891120866312701, 2.1783343766092687, 0.7041717952118216, 1.2582790407784894, 0.81479752472888, 2.3966838440998974, 1.6988928388686106, 0.6795049909853267, 0.5393154521496949, 2.050069909408612, 1.8284517814042065, 10.0, 0.49660188589759324]
APTIDAO: 
82.53072700254607
GEN: 3500
Individuo: 
[1.0373014460664542, 1.7156508182800296, 2.006402813864814, 2.319583157694507, 1.3100549422893435, 13.661653409478781, 2.5353271087382296, 499.5956970844217, 499.8460944585815, 499.7691696088437, 499.9917829995125, 1.4891120866312701, 2.1783343766092687, 0.7041717952118216, 1.2582790407784894, 0.81479752472888, 2.3966838440998974, 1.6988928388686106, 0.6795049909853267, 0.5393154521496949, 2.050069909408612, 2.6158253766696475, 10.0, 0.49660188589759324]
APTIDAO: 
82.53072539888608
GEN: 3600
Individuo: 
[1.0373014460664542, 1.7156508182800296, 2.006402813864814, 2.319583157694507, 1.3100549422893435, 13.661653409478781, 2.5353271087382296, 499.5956970844217, 499.8460944585815, 499.94087408484177, 499.9917829995125, 1.4891120866312701, 2.1783343766092687, 0.7041717952118216, 1.2582790407784894, 0.81479752472888, 2.3966838440998974, 1.6988928388686106, 0.6795049909853267, 0.5393154521496949, 2.050069909408612, 2.8758052890692887, 10.0, 0.49660188589759324]
APTIDAO: 
82.53072464458768
GEN: 3700
Individuo: 
[1.0373014460664542, 1.7156508182800296, 2.006402813864814, 2.319583157694507, 1.3100549422893435, 13.661653409478781, 2.5353271087382296, 499.5956970844217, 499.8460944585815, 499.94087408484177, 499.9917829995125, 1.4891120866312701, 2.1783343766092687, 0.7041717952118216, 1.2582790407784894, 0.81479752472888, 2.3966838440998974, 1.6988928388686106, 0.6795049909853267, 0.5393154521496949, 2.050069909408612, 2.8758052890692887, 10.0, 0.49660188589759324]
APTIDAO: 
82.53072464458768
GEN: 3800
Individuo: 
[1.0373014460664542, 1.7156508182800296, 2.006402813864814, 2.319583157694507, 1.3100549422893435, 13.661653409478781, 2.5353271087382296, 499.5956970844217, 499.8460944585815, 499.94087408484177, 499.9917829995125, 1.4891120866312701, 2.1783343766092687, 0.7041717952118216, 1.2582790407784894, 0.81479752472888, 2.3966838440998974, 1.6988928388686106, 0.6795049909853267, 0.5393154521496949, 2.050069909408612, 2.8758052890692887, 10.0, 0.49660188589759324]
APTIDAO: 
82.53072464458768
GEN: 3900
Individuo: 
[1.0373014460664542, 1.7156508182800296, 2.006402813864814, 2.319583157694507, 1.3100549422893435, 13.661653409478781, 2.5353271087382296, 499.5956970844217, 499.8460944585815, 499.94087408484177, 499.9917829995125, 1.4891120866312701, 2.1783343766092687, 0.7041717952118216, 1.2582790407784894, 0.81479752472888, 2.3966838440998974, 1.6988928388686106, 0.6795049909853267, 0.5393154521496949, 2.050069909408612, 2.8758052890692887, 10.0, 0.49660188589759324]
APTIDAO: 
82.53072464458768
GEN: 4000
Individuo: 
[1.0373014460664542, 1.7156508182800296, 2.006402813864814, 2.319583157694507, 1.3100549422893435, 13.661653409478781, 2.5353271087382296, 499.5956970844217, 499.8460944585815, 499.94087408484177, 499.9917829995125, 1.4891120866312701, 2.1783343766092687, 0.7041717952118216, 1.2582790407784894, 0.81479752472888, 2.3966838440998974, 1.6988928388686106, 0.6795049909853267, 0.5393154521496949, 2.050069909408612, 2.8758052890692887, 10.0, 0.49660188589759324]
APTIDAO: 
82.53072464458768
GEN: 4100
Individuo: 
[1.0373014460664542, 1.7156508182800296, 2.006402813864814, 2.319583157694507, 1.3100549422893435, 13.661653409478781, 2.5353271087382296, 499.5956970844217, 499.8460944585815, 499.94087408484177, 499.9917829995125, 1.4891120866312701, 2.1783343766092687, 0.7041717952118216, 1.2582790407784894, 0.81479752472888, 2.3966838440998974, 1.6988928388686106, 0.6795049909853267, 0.5393154521496949, 2.050069909408612, 2.8758052890692887, 10.0, 0.49660188589759324]
APTIDAO: 
82.53072464458768
GEN: 4200
Individuo: 
[1.0373014460664542, 1.7156508182800296, 2.006402813864814, 2.319583157694507, 1.3100549422893435, 13.661653409478781, 2.5353271087382296, 499.5956970844217, 499.8460944585815, 499.94087408484177, 499.9917829995125, 1.4891120866312701, 2.1783343766092687, 0.7041717952118216, 1.2582790407784894, 0.81479752472888, 2.3966838440998974, 1.6988928388686106, 0.6795049909853267, 0.5393154521496949, 2.050069909408612, 2.8758052890692887, 10.0, 0.49660188589759324]
APTIDAO: 
82.53072464458768
GEN: 4300
Individuo: 
[1.0373014460664542, 1.7156508182800296, 2.006402813864814, 2.319583157694507, 1.3100549422893435, 13.661653409478781, 2.5353271087382296, 499.5956970844217, 499.8460944585815, 499.94087408484177, 499.9917829995125, 1.4914422546413248, 2.1783343766092687, 0.7041717952118216, 1.2582790407784894, 0.81479752472888, 2.3966838440998974, 1.6988928388686106, 0.6795049909853267, 0.5393154521496949, 2.050069909408612, 2.8758052890692887, 10.0, 0.4837652999222509]
APTIDAO: 
82.53069045967173
GEN: 4400
Individuo: 
[1.0373014460664542, 1.7156508182800296, 2.006402813864814, 2.319583157694507, 1.3100549422893435, 13.661653409478781, 2.5353271087382296, 499.5956970844217, 499.8460944585815, 499.94087408484177, 499.9917829995125, 1.4914422546413248, 2.1783343766092687, 0.7041717952118216, 1.2582790407784894, 0.81479752472888, 2.3966838440998974, 1.6988928388686106, 0.6795049909853267, 0.5393154521496949, 2.050069909408612, 2.8758052890692887, 10.0, 0.4837652999222509]
APTIDAO: 
82.53069045967173
GEN: 4500
Individuo: 
[1.0373014460664542, 1.7156508182800296, 2.006402813864814, 2.319583157694507, 1.3100549422893435, 13.668107390193185, 2.5353271087382296, 499.5956970844217, 499.8460944585815, 499.94087408484177, 499.9917829995125, 1.4914422546413248, 2.1783343766092687, 0.7041717952118216, 1.2582790407784894, 0.81479752472888, 2.3966838440998974, 1.7752515653061964, 0.6795049909853267, 0.5393154521496949, 2.050069909408612, 2.8758052890692887, 10.0, 0.4837652999222509]
APTIDAO: 
82.53068430840185
GEN: 4600
Individuo: 
[1.0373014460664542, 1.7156508182800296, 2.006402813864814, 2.319583157694507, 1.3100549422893435, 13.668107390193185, 2.5353271087382296, 499.5956970844217, 499.8460944585815, 499.94087408484177, 499.9917829995125, 1.4914422546413248, 2.1783343766092687, 0.7041717952118216, 1.2582790407784894, 0.81479752472888, 2.3966838440998974, 1.7752515653061964, 0.6795049909853267, 0.5393154521496949, 2.050069909408612, 2.8758052890692887, 10.0, 0.4837652999222509]
APTIDAO: 
82.53068430840185
GEN: 4700
Individuo: 
[1.0373014460664542, 1.7156508182800296, 2.006402813864814, 2.319583157694507, 1.3100549422893435, 13.668107390193185, 2.5353271087382296, 499.5956970844217, 499.8460944585815, 499.94087408484177, 499.9917829995125, 1.4914422546413248, 2.1783343766092687, 0.7041717952118216, 1.2582790407784894, 0.81479752472888, 2.3966838440998974, 1.7752515653061964, 0.6795049909853267, 0.5393154521496949, 2.050069909408612, 2.8758052890692887, 10.0, 0.4837652999222509]
APTIDAO: 
82.53068430840185
GEN: 4800
Individuo: 
[1.0373014460664542, 1.7156508182800296, 2.006402813864814, 2.319583157694507, 1.3100549422893435, 13.668107390193185, 2.5353271087382296, 499.5956970844217, 499.8460944585815, 499.94087408484177, 499.9917829995125, 1.4917185128075119, 2.1783343766092687, 0.7041717952118216, 1.2582790407784894, 0.81479752472888, 2.3966838440998974, 1.7752515653061964, 0.6795049909853267, 0.5393154521496949, 2.050069909408612, 2.8758052890692887, 10.0, 0.4885149952168933]
APTIDAO: 
82.53068032663313
GEN: 4900
Individuo: 
[1.0373014460664542, 1.7156508182800296, 2.006402813864814, 2.319583157694507, 1.3100549422893435, 13.668107390193185, 2.5353271087382296, 499.5956970844217, 499.8460944585815, 499.94087408484177, 499.9917829995125, 1.4917185128075119, 2.1783343766092687, 0.7041717952118216, 1.2582790407784894, 0.81479752472888, 2.3966838440998974, 1.7752515653061964, 0.6795049909853267, 0.5393154521496949, 2.050069909408612, 2.8758052890692887, 10.0, 0.4885149952168933]
APTIDAO: 
82.53068032663313
GEN: 5000
Individuo: 
[1.0373014460664542, 1.7156508182800296, 2.006402813864814, 2.319583157694507, 1.3100549422893435, 13.668107390193185, 2.5353271087382296, 499.5956970844217, 499.8460944585815, 499.94087408484177, 499.9917829995125, 1.4917185128075119, 2.1783343766092687, 0.7041717952118216, 1.2582790407784894, 0.81479752472888, 2.3966838440998974, 1.7752515653061964, 0.6795049909853267, 0.5393154521496949, 2.050069909408612, 2.8758052890692887, 10.0, 0.4885149952168933]
APTIDAO: 
82.53068032663313
GEN: 5100
Individuo: 
[1.0373014460664542, 1.7156508182800296, 2.006402813864814, 2.319583157694507, 1.3100549422893435, 13.668107390193185, 2.5353271087382296, 499.5956970844217, 499.8460944585815, 499.94087408484177, 499.9917829995125, 1.4917185128075119, 2.1783343766092687, 0.7041717952118216, 1.2582790407784894, 0.81479752472888, 2.3966838440998974, 1.7752515653061964, 0.6795049909853267, 0.5393154521496949, 2.050069909408612, 2.8758052890692887, 10.0, 0.4885149952168933]
APTIDAO: 
82.53068032663313
