SEED: 1778413199
BOUNDS: tau=[0.1, 5.0]  Km=[0.01, 10.0]
GEN: 0
Individuo: 
[0.19992981387902803, 4.488038076704873, 1.2379102806377136, 3.225680603737261, 1.851001969599888, 4.944128335728725, 3.993514064817725, 3.4633358538526524, 4.92220363139122, 2.5347394430417505, 9.512538109607844, 7.68024729529766, 4.451146534978583, 2.7405890845866074, 0.8755759497701965, 3.7247810835441246, 5.143180100799152, 7.66305388520465, 4.449202843605728, 3.27259916545632, 8.848843585375574, 3.1383666376771076, 3.8037668513535063, 6.758922926313502]
APTIDAO: 
94.38451058892365
GEN: 100
Individuo: 
[0.6321047190175949, 2.163587486310609, 1.7423387558761672, 2.5802753549993445, 1.851001969599888, 7.158346390502216, 3.9402641506105693, 9.817342133895467, 9.685976157252012, 9.520478677721464, 9.512538109607844, 9.773970501966234, 7.317268365839273, 5.968832924606922, 0.839089255201169, 7.607266906616471, 5.143180100799152, 10.0, 2.2547854739645423, 1.8588675168123787, 3.597432680789707, 3.962968731617179, 3.8037668513535063, 3.8159222778755075]
APTIDAO: 
85.48039996183243
GEN: 200
Individuo: 
[0.8351990647068268, 2.054313233519759, 1.9227765383106394, 2.6259648904612924, 1.3496957993388718, 6.700555029591582, 3.9402641506105693, 9.817342133895467, 9.827276967542824, 9.858512977572763, 9.84166348919261, 2.7098922115375133, 3.838312210055448, 6.724648179782714, 0.8542812048570172, 9.55433282965641, 5.584841153794981, 10.0, 2.2547854739645423, 1.8588675168123787, 4.710003720762003, 2.1841536700697306, 3.340351196898546, 1.4890527469487316]
APTIDAO: 
84.16194110031238
GEN: 300
Individuo: 
[0.9993612187378108, 1.7820607099285992, 1.8279536796986355, 2.636755786510803, 1.3791370654240855, 6.489445236927588, 4.266532556901211, 9.83190364241954, 9.87934377829729, 9.858512977572763, 9.84166348919261, 5.803531201132644, 1.3161790032257608, 2.8468314206708145, 1.7811272165805445, 6.439652631465851, 5.737364353170047, 3.456295107470979, 1.2001429813839772, 2.1124316443504196, 7.33599440605194, 2.1841536700697306, 3.340351196898546, 1.7060928790495908]
APTIDAO: 
83.80374154506342
GEN: 400
Individuo: 
[1.0159879879074403, 1.7820607099285992, 1.8279536796986355, 2.6022338213737743, 1.3791370654240855, 6.489445236927588, 3.69412428189392, 9.947459751265034, 9.772868365361807, 9.957365915033424, 9.956079636611973, 5.434256259782443, 0.8159580498706193, 2.8468314206708145, 1.7811272165805445, 6.398619716951109, 5.737364353170047, 3.456295107470979, 4.642941546945125, 1.4459494090010194, 10.0, 1.787574092078706, 1.6259692703818347, 4.928950095430011]
APTIDAO: 
83.76885809744961
GEN: 500
Individuo: 
[1.0229897302928004, 1.7820607099285992, 1.9025491754098451, 2.5129338858602637, 1.3436551110417367, 5.719005200550086, 3.4698290399234155, 9.947459751265034, 9.772868365361807, 9.957365915033424, 9.956079636611973, 4.979536509592745, 0.5470482918254471, 2.8468314206708145, 6.412983531460017, 5.520883001185342, 4.771094612801791, 4.116076839934014, 3.1213623582924352, 1.4459494090010194, 10.0, 1.787574092078706, 1.6259692703818347, 1.8410906479598241]
APTIDAO: 
83.75129482790952
GEN: 600
Individuo: 
[1.0229897302928004, 1.7820607099285992, 1.9283827343638462, 2.5129338858602637, 1.3436551110417367, 5.669780569483942, 3.4698290399234155, 9.947459751265034, 9.986944268260757, 9.957365915033424, 9.956079636611973, 4.623063227377859, 0.5470482918254471, 2.8468314206708145, 9.550064601945452, 5.520883001185342, 4.771094612801791, 2.667181071579903, 3.1213623582924352, 1.4459494090010194, 9.141757466325956, 1.787574092078706, 1.6259692703818347, 0.9765284458213361]
APTIDAO: 
83.74295284527463
GEN: 700
Individuo: 
[1.0229897302928004, 1.8127629253327149, 1.891581047641466, 2.5129338858602637, 1.3436551110417367, 5.669780569483942, 3.4698290399234155, 9.947459751265034, 9.986944268260757, 9.980140876292994, 9.956079636611973, 4.726083152395381, 0.5470482918254471, 5.456755789398768, 10.0, 5.520883001185342, 4.771094612801791, 2.667181071579903, 3.1213623582924352, 1.4459494090010194, 9.141757466325956, 1.3516583313417088, 1.6259692703818347, 1.0784678928692246]
APTIDAO: 
83.73724657969916
GEN: 800
Individuo: 
[1.0242638657830763, 1.8127629253327149, 1.891581047641466, 2.494113841915398, 1.3436551110417367, 5.669780569483942, 3.4698290399234155, 9.947459751265034, 9.991659096450972, 9.980140876292994, 9.956079636611973, 4.874317113927433, 0.49521974356204274, 5.456755789398768, 10.0, 8.292066014396282, 4.771094612801791, 2.667181071579903, 3.1213623582924352, 1.4459494090010194, 10.0, 1.3516583313417088, 1.6259692703818347, 0.8360488691686006]
APTIDAO: 
83.73593855542644
GEN: 900
Individuo: 
[1.0288980953397875, 1.8127629253327149, 1.891581047641466, 2.494113841915398, 1.3436551110417367, 5.478413628668959, 3.4698290399234155, 9.947459751265034, 9.991659096450972, 9.980140876292994, 9.956079636611973, 4.874317113927433, 0.3506996239961719, 5.456755789398768, 10.0, 8.292066014396282, 4.771094612801791, 2.1705260936903343, 3.1213623582924352, 1.4459494090010194, 10.0, 1.3516583313417088, 1.6259692703818347, 0.8360488691686006]
APTIDAO: 
83.73380079960418
GEN: 1000
Individuo: 
[1.0288980953397875, 1.8127629253327149, 1.891581047641466, 2.494113841915398, 1.3436551110417367, 5.478413628668959, 3.4878343312243905, 9.947459751265034, 9.991659096450972, 9.980140876292994, 9.956079636611973, 5.026319999985698, 0.3506996239961719, 5.456755789398768, 10.0, 8.292066014396282, 4.771094612801791, 2.1705260936903343, 2.4311207601931466, 1.4459494090010194, 10.0, 1.3516583313417088, 1.6259692703818347, 1.4021543341984952]
APTIDAO: 
83.733674894033
GEN: 1100
Individuo: 
[1.0288980953397875, 1.8127629253327149, 1.891581047641466, 2.494113841915398, 1.3436551110417367, 5.478413628668959, 3.4878343312243905, 9.947459751265034, 9.991659096450972, 9.980140876292994, 9.956079636611973, 4.981519674042867, 0.3506996239961719, 5.456755789398768, 10.0, 8.292066014396282, 4.771094612801791, 2.1705260936903343, 2.4311207601931466, 1.4459494090010194, 10.0, 1.3516583313417088, 1.6259692703818347, 0.8562384500982767]
APTIDAO: 
83.73367088936558
GEN: 1200
Individuo: 
[1.0288980953397875, 1.8127629253327149, 1.891581047641466, 2.494113841915398, 1.3436551110417367, 5.478413628668959, 3.4878343312243905, 9.947459751265034, 9.991659096450972, 9.980140876292994, 9.956079636611973, 4.9642934819275, 0.3506996239961719, 5.456755789398768, 10.0, 8.292066014396282, 4.771094612801791, 2.1705260936903343, 2.4311207601931466, 1.4459494090010194, 10.0, 1.3516583313417088, 1.6259692703818347, 1.067137469710225]
APTIDAO: 
83.73367067511036
GEN: 1300
Individuo: 
[1.0288980953397875, 1.8127629253327149, 1.891581047641466, 2.494113841915398, 1.3436551110417367, 5.478413628668959, 3.4878343312243905, 9.947459751265034, 9.991659096450972, 9.980140876292994, 9.956079636611973, 4.9642934819275, 0.3506996239961719, 5.456755789398768, 10.0, 8.292066014396282, 4.771094612801791, 2.1705260936903343, 2.4311207601931466, 1.4459494090010194, 10.0, 1.3516583313417088, 1.6259692703818347, 1.067137469710225]
APTIDAO: 
83.73367067511036
GEN: 1400
Individuo: 
[1.0288980953397875, 1.8127629253327149, 1.891581047641466, 2.494113841915398, 1.3436551110417367, 5.478413628668959, 3.4878343312243905, 9.95156172883242, 9.991659096450972, 9.980140876292994, 9.956079636611973, 4.9641171191792965, 0.3506996239961719, 5.456755789398768, 10.0, 8.292066014396282, 4.771094612801791, 2.1705260936903343, 2.4311207601931466, 0.8787672611784517, 10.0, 1.3516583313417088, 1.6259692703818347, 2.041686920218262]
APTIDAO: 
83.73360261655009
GEN: 1500
Individuo: 
[1.0288980953397875, 1.8127629253327149, 1.891581047641466, 2.494113841915398, 1.3436551110417367, 5.478413628668959, 3.4878343312243905, 9.95156172883242, 9.991659096450972, 9.980140876292994, 9.982242969523536, 4.9641171191792965, 0.3506996239961719, 5.456755789398768, 10.0, 8.292066014396282, 4.771094612801791, 2.1705260936903343, 2.4311207601931466, 0.8787672611784517, 10.0, 1.3516583313417088, 1.8123021865266469, 2.041686920218262]
APTIDAO: 
83.73176170817536
GEN: 1600
Individuo: 
[1.0288980953397875, 1.8127629253327149, 1.891581047641466, 2.494113841915398, 1.3436551110417367, 5.478413628668959, 3.4878343312243905, 9.95156172883242, 9.991659096450972, 9.980140876292994, 9.982242969523536, 4.9641171191792965, 0.3506996239961719, 5.456755789398768, 10.0, 8.292066014396282, 4.771094612801791, 2.1705260936903343, 2.4311207601931466, 0.8787672611784517, 10.0, 1.3516583313417088, 1.8123021865266469, 2.041686920218262]
APTIDAO: 
83.73176170817536
GEN: 1700
Individuo: 
[1.0288980953397875, 1.8127629253327149, 1.891581047641466, 2.494113841915398, 1.3436551110417367, 5.478413628668959, 3.4878343312243905, 9.966675999375175, 9.995558663667934, 9.982967290659941, 9.982242969523536, 4.980445162528449, 0.3506996239961719, 5.456755789398768, 10.0, 8.292066014396282, 4.771094612801791, 2.1705260936903343, 2.4311207601931466, 0.8972684660924991, 6.542184901092789, 1.5521493284945702, 1.8123021865266469, 1.7141078803732255]
APTIDAO: 
83.73135644002855
GEN: 1800
Individuo: 
[1.0288980953397875, 1.8127629253327149, 1.891581047641466, 2.494113841915398, 1.3436551110417367, 5.478413628668959, 3.4878343312243905, 9.966675999375175, 9.995558663667934, 9.9917201904577, 9.982242969523536, 4.9690075092032275, 0.3506996239961719, 5.456755789398768, 10.0, 8.292066014396282, 4.771094612801791, 2.1705260936903343, 2.4311207601931466, 0.8972684660924991, 6.542184901092789, 0.7939035420850762, 1.8123021865266469, 1.757674661960665]
APTIDAO: 
83.73115317723257
GEN: 1900
Individuo: 
[1.0288980953397875, 1.8127629253327149, 1.891581047641466, 2.494113841915398, 1.3436551110417367, 5.478413628668959, 3.4878343312243905, 9.966675999375175, 9.995558663667934, 9.9917201904577, 9.982242969523536, 4.9690075092032275, 0.3506996239961719, 5.456755789398768, 10.0, 8.292066014396282, 4.771094612801791, 2.1705260936903343, 2.4311207601931466, 0.8972684660924991, 6.542184901092789, 0.7939035420850762, 1.8123021865266469, 1.757674661960665]
APTIDAO: 
83.73115317723257
GEN: 2000
Individuo: 
[1.0288980953397875, 1.8127629253327149, 1.891581047641466, 2.494113841915398, 1.3436551110417367, 5.4611220944591325, 3.4878343312243905, 9.975216873731025, 9.995558663667934, 9.9917201904577, 9.982242969523536, 4.9690075092032275, 0.3506996239961719, 5.456755789398768, 10.0, 8.292066014396282, 4.771094612801791, 1.7510527612735025, 2.4311207601931466, 0.7275310196597647, 6.542184901092789, 0.7939035420850762, 1.8123021865266469, 1.757674661960665]
APTIDAO: 
83.73100222056439
GEN: 2100
Individuo: 
[1.0288980953397875, 1.8127629253327149, 1.891581047641466, 2.494113841915398, 1.3436551110417367, 5.461251316786008, 3.4878343312243905, 9.975216873731025, 9.995558663667934, 9.9917201904577, 9.982242969523536, 4.9690075092032275, 0.3506996239961719, 5.456755789398768, 10.0, 8.292066014396282, 4.771094612801791, 2.2821729193968037, 2.4311207601931466, 0.7275310196597647, 6.542184901092789, 0.7939035420850762, 1.8123021865266469, 1.757674661960665]
APTIDAO: 
83.73100229557869
GEN: 2200
Individuo: 
[1.0288980953397875, 1.8127629253327149, 1.891581047641466, 2.494113841915398, 1.3436551110417367, 5.461251316786008, 3.497889349268749, 9.975216873731025, 9.995558663667934, 9.9917201904577, 9.982242969523536, 4.9690075092032275, 0.3506996239961719, 5.456755789398768, 10.0, 8.292066014396282, 4.771094612801791, 2.2821729193968037, 2.5483172873835884, 0.7275310196597647, 6.542184901092789, 0.7939035420850762, 1.8123021865266469, 1.757674661960665]
APTIDAO: 
83.73093631723121
GEN: 2300
Individuo: 
[1.0288980953397875, 1.8127629253327149, 1.891581047641466, 2.494113841915398, 1.3436551110417367, 5.416912072221542, 3.497889349268749, 9.975216873731025, 9.995558663667934, 9.9917201904577, 9.982242969523536, 4.9690075092032275, 0.3506996239961719, 5.456755789398768, 10.0, 8.292066014396282, 4.771094612801791, 1.5168623987750782, 2.5483172873835884, 0.7275310196597647, 6.542184901092789, 0.7939035420850762, 1.8123021865266469, 1.757674661960665]
APTIDAO: 
83.73091125771029
GEN: 2400
Individuo: 
[1.0288980953397875, 1.8127629253327149, 1.891581047641466, 2.494113841915398, 1.3436551110417367, 5.416912072221542, 3.5096647293838643, 9.975216873731025, 9.995558663667934, 9.9917201904577, 9.982242969523536, 4.9690075092032275, 0.3506996239961719, 5.456755789398768, 10.0, 8.292066014396282, 4.771094612801791, 1.5168623987750782, 1.9711368896388166, 0.7275310196597647, 6.542184901092789, 0.7939035420850762, 1.8123021865266469, 1.757674661960665]
APTIDAO: 
83.73083440661671
GEN: 2500
Individuo: 
[1.0288980953397875, 1.8127629253327149, 1.891581047641466, 2.494113841915398, 1.3436551110417367, 5.416912072221542, 3.5096647293838643, 9.975216873731025, 9.995558663667934, 9.9917201904577, 9.982242969523536, 4.9690075092032275, 0.3506996239961719, 5.456755789398768, 10.0, 8.292066014396282, 4.771094612801791, 1.5168623987750782, 1.9711368896388166, 0.7275310196597647, 6.542184901092789, 0.7939035420850762, 1.8123021865266469, 1.757674661960665]
APTIDAO: 
83.73083440661671
GEN: 2600
Individuo: 
[1.0288980953397875, 1.8127629253327149, 1.891581047641466, 2.494113841915398, 1.3436551110417367, 5.416912072221542, 3.5096647293838643, 9.975216873731025, 9.995558663667934, 9.9917201904577, 9.982242969523536, 4.9690075092032275, 0.3506996239961719, 5.456755789398768, 10.0, 8.292066014396282, 4.771094612801791, 1.5168623987750782, 1.9711368896388166, 0.7275310196597647, 6.542184901092789, 0.7939035420850762, 1.8123021865266469, 1.757674661960665]
APTIDAO: 
83.73083440661671
GEN: 2700
Individuo: 
[1.0288980953397875, 1.8127629253327149, 1.891581047641466, 2.494113841915398, 1.3436551110417367, 5.415104539642871, 3.511262578386315, 9.975216873731025, 9.995558663667934, 9.9917201904577, 9.982242969523536, 4.9690075092032275, 0.3506996239961719, 5.456755789398768, 10.0, 8.292066014396282, 4.771094612801791, 1.2331117831903993, 3.3609519262376715, 0.7275310196597647, 6.542184901092789, 0.7939035420850762, 1.8123021865266469, 1.757674661960665]
APTIDAO: 
83.73082312127755
GEN: 2800
Individuo: 
[1.0288980953397875, 1.8127629253327149, 1.891581047641466, 2.494113841915398, 1.3436551110417367, 5.401805552668152, 3.511262578386315, 9.975216873731025, 9.995558663667934, 9.9917201904577, 9.982242969523536, 4.9690075092032275, 0.3506996239961719, 5.456755789398768, 10.0, 8.292066014396282, 4.771094612801791, 0.8971479783476908, 3.3609519262376715, 0.7275310196597647, 6.542184901092789, 0.7939035420850762, 1.8123021865266469, 1.757674661960665]
APTIDAO: 
83.73081525856789
GEN: 2900
Individuo: 
[1.0288980953397875, 1.8127629253327149, 1.891581047641466, 2.494113841915398, 1.3436551110417367, 5.401805552668152, 3.511262578386315, 9.975216873731025, 9.995558663667934, 9.9917201904577, 9.982242969523536, 4.9691824115190615, 0.3506996239961719, 5.456755789398768, 10.0, 8.292066014396282, 4.771094612801791, 0.8971479783476908, 3.3609519262376715, 0.7275310196597647, 6.542184901092789, 0.7939035420850762, 1.8123021865266469, 1.4898667330850808]
APTIDAO: 
83.73081525467981
GEN: 3000
Individuo: 
[1.0288980953397875, 1.8238245546066598, 1.891581047641466, 2.480914862977737, 1.3436551110417367, 5.401805552668152, 3.4457634242114663, 9.975216873731025, 9.995558663667934, 9.9917201904577, 9.987150883731928, 5.233397063406876, 0.3506996239961719, 4.504215427603548, 10.0, 6.085950288948144, 4.771094612801791, 0.8971479783476908, 2.01299362933577, 0.7275310196597647, 6.542184901092789, 0.7939035420850762, 0.6586956634562522, 1.5463359775561183]
APTIDAO: 
83.72912278626677
GEN: 3100
Individuo: 
[1.0288980953397875, 1.8238245546066598, 1.891581047641466, 2.480914862977737, 1.3436551110417367, 5.401805552668152, 3.4457634242114663, 9.975216873731025, 9.995558663667934, 9.9917201904577, 9.987150883731928, 5.233397063406876, 0.3506996239961719, 4.504215427603548, 10.0, 6.085950288948144, 4.771094612801791, 0.8971479783476908, 2.01299362933577, 0.7275310196597647, 6.542184901092789, 0.7939035420850762, 0.6586956634562522, 1.5463359775561183]
APTIDAO: 
83.72912278626677
GEN: 3200
Individuo: 
[1.0288980953397875, 1.8238245546066598, 1.891581047641466, 2.480914862977737, 1.3436551110417367, 5.401805552668152, 3.4457634242114663, 9.975216873731025, 9.995558663667934, 9.9917201904577, 9.987150883731928, 5.185998603737104, 0.3506996239961719, 4.504215427603548, 10.0, 6.085950288948144, 4.771094612801791, 0.8971479783476908, 2.01299362933577, 0.7275310196597647, 6.542184901092789, 0.7939035420850762, 0.6586956634562522, 1.0505442459483818]
APTIDAO: 
83.72911951705969
GEN: 3300
Individuo: 
[1.0288980953397875, 1.8238245546066598, 1.891581047641466, 2.480914862977737, 1.3436551110417367, 5.383165182566876, 3.4457634242114663, 9.975216873731025, 9.995558663667934, 9.9917201904577, 9.987150883731928, 5.185998603737104, 0.3506996239961719, 4.504215427603548, 10.0, 6.085950288948144, 4.771094612801791, 1.064470316671877, 2.01299362933577, 0.7275310196597647, 6.542184901092789, 0.7939035420850762, 0.6586956634562522, 1.0505442459483818]
APTIDAO: 
83.72910671089151
GEN: 3400
Individuo: 
[1.0288980953397875, 1.8238245546066598, 1.891581047641466, 2.480914862977737, 1.3436551110417367, 5.383165182566876, 3.449427946608358, 9.975216873731025, 9.995558663667934, 9.9917201904577, 9.994876699099898, 5.185998603737104, 0.3506996239961719, 4.504215427603548, 10.0, 6.085950288948144, 4.771094612801791, 1.064470316671877, 1.5857144463027633, 0.7275310196597647, 6.542184901092789, 0.7939035420850762, 0.696482360796241, 1.0505442459483818]
APTIDAO: 
83.72854210501885
GEN: 3500
Individuo: 
[1.0288980953397875, 1.8238245546066598, 1.8943472750455996, 2.480914862977737, 1.3436551110417367, 5.383165182566876, 3.449427946608358, 9.975216873731025, 9.995558663667934, 9.9917201904577, 9.994876699099898, 5.185998603737104, 0.3506996239961719, 4.504215427603548, 4.487897644263538, 6.085950288948144, 4.771094612801791, 1.064470316671877, 1.5857144463027633, 0.7275310196597647, 6.542184901092789, 0.7939035420850762, 0.696482360796241, 1.0505442459483818]
APTIDAO: 
83.72851625019842
GEN: 3600
Individuo: 
[1.0288980953397875, 1.8238245546066598, 1.8943472750455996, 2.4796019782522274, 1.3436551110417367, 5.383165182566876, 3.449427946608358, 9.975216873731025, 9.995558663667934, 9.9917201904577, 9.994876699099898, 5.314143835083319, 0.3506996239961719, 4.504215427603548, 4.487897644263538, 5.981106887137506, 4.771094612801791, 1.064470316671877, 1.5857144463027633, 0.7275310196597647, 6.542184901092789, 0.7939035420850762, 0.696482360796241, 0.980296481268032]
APTIDAO: 
83.7284516096184
GEN: 3700
Individuo: 
[1.0288980953397875, 1.8238245546066598, 1.8943472750455996, 2.4796019782522274, 1.3436551110417367, 5.383165182566876, 3.449427946608358, 9.975216873731025, 9.995558663667934, 9.9917201904577, 9.994876699099898, 5.239486682972757, 0.3506996239961719, 4.504215427603548, 4.487897644263538, 5.981106887137506, 4.771094612801791, 1.064470316671877, 1.5857144463027633, 0.7275310196597647, 6.542184901092789, 0.7939035420850762, 0.696482360796241, 1.0380744324463345]
APTIDAO: 
83.72844846628287
GEN: 3800
Individuo: 
[1.0288980953397875, 1.8238245546066598, 1.8943472750455996, 2.4796019782522274, 1.3436551110417367, 5.383165182566876, 3.449427946608358, 9.983054033903084, 9.995558663667934, 9.9917201904577, 9.994876699099898, 5.239486682972757, 0.3506996239961719, 4.504215427603548, 4.487897644263538, 5.981106887137506, 4.771094612801791, 1.064470316671877, 1.5857144463027633, 1.479923839887928, 6.542184901092789, 0.7939035420850762, 0.696482360796241, 1.0380744324463345]
APTIDAO: 
83.72831939926749
GEN: 3900
Individuo: 
[1.0288980953397875, 1.8238245546066598, 1.8943472750455996, 2.4796019782522274, 1.3436551110417367, 5.383165182566876, 3.449427946608358, 9.983054033903084, 9.995558663667934, 9.9917201904577, 9.994876699099898, 5.239486682972757, 0.3506996239961719, 4.504215427603548, 4.487897644263538, 5.981106887137506, 4.771094612801791, 1.064470316671877, 1.5857144463027633, 1.479923839887928, 6.542184901092789, 0.7939035420850762, 0.696482360796241, 1.0380744324463345]
APTIDAO: 
83.72831939926749
GEN: 4000
Individuo: 
[1.0288980953397875, 1.8238245546066598, 1.8943472750455996, 2.4796019782522274, 1.3436551110417367, 5.383165182566876, 3.449427946608358, 9.983054033903084, 9.995558663667934, 9.9917201904577, 9.994876699099898, 5.241122825824095, 0.3506996239961719, 4.504215427603548, 4.487897644263538, 5.981106887137506, 4.771094612801791, 1.064470316671877, 1.5857144463027633, 1.479923839887928, 6.542184901092789, 0.7939035420850762, 0.696482360796241, 1.4274876841803723]
APTIDAO: 
83.7283193245001
GEN: 4100
Individuo: 
[1.0288980953397875, 1.8238245546066598, 1.8943472750455996, 2.4732223641679827, 1.3436551110417367, 5.383165182566876, 3.449427946608358, 9.983054033903084, 9.995558663667934, 9.9917201904577, 9.994876699099898, 5.241122825824095, 0.3506996239961719, 4.504215427603548, 4.487897644263538, 5.252804388132811, 4.771094612801791, 1.064470316671877, 1.5857144463027633, 1.479923839887928, 6.542184901092789, 0.7939035420850762, 0.696482360796241, 1.4274876841803723]
APTIDAO: 
83.72808201017041
GEN: 4200
Individuo: 
[1.0288980953397875, 1.8238245546066598, 1.8943472750455996, 2.4732223641679827, 1.3436551110417367, 5.383165182566876, 3.449427946608358, 9.983054033903084, 9.995558663667934, 9.9917201904577, 9.994876699099898, 5.241122825824095, 0.3506996239961719, 4.504215427603548, 4.487897644263538, 5.252804388132811, 4.771094612801791, 1.064470316671877, 1.5857144463027633, 1.479923839887928, 6.542184901092789, 0.7939035420850762, 0.696482360796241, 1.4274876841803723]
APTIDAO: 
83.72808201017041
GEN: 4300
Individuo: 
[1.0288980953397875, 1.8238245546066598, 1.8943472750455996, 2.4732223641679827, 1.3436551110417367, 5.383165182566876, 3.449427946608358, 9.983054033903084, 9.995558663667934, 9.9917201904577, 9.994876699099898, 5.241122825824095, 0.3506996239961719, 4.504215427603548, 4.487897644263538, 5.252804388132811, 4.771094612801791, 1.064470316671877, 1.5857144463027633, 1.479923839887928, 6.542184901092789, 0.7939035420850762, 0.696482360796241, 1.4274876841803723]
APTIDAO: 
83.72808201017041
GEN: 4400
Individuo: 
[1.0288980953397875, 1.8238245546066598, 1.8943472750455996, 2.4732223641679827, 1.3436551110417367, 5.383165182566876, 3.449427946608358, 9.983054033903084, 9.995558663667934, 9.9917201904577, 9.994876699099898, 5.241122825824095, 0.3506996239961719, 4.504215427603548, 4.487897644263538, 5.252804388132811, 4.771094612801791, 1.064470316671877, 1.5857144463027633, 1.479923839887928, 6.542184901092789, 0.7939035420850762, 0.696482360796241, 1.4274876841803723]
APTIDAO: 
83.72808201017041
GEN: 4500
Individuo: 
[1.0288980953397875, 1.8238245546066598, 1.8943472750455996, 2.4732223641679827, 1.3436551110417367, 5.383165182566876, 3.449427946608358, 9.983054033903084, 9.995558663667934, 9.9917201904577, 9.994876699099898, 5.241122825824095, 0.3506996239961719, 4.504215427603548, 4.487897644263538, 5.252804388132811, 4.771094612801791, 1.064470316671877, 1.5857144463027633, 1.479923839887928, 6.542184901092789, 0.7939035420850762, 0.696482360796241, 1.4274876841803723]
APTIDAO: 
83.72808201017041
GEN: 4600
Individuo: 
[1.0288980953397875, 1.8238245546066598, 1.8943472750455996, 2.4728914284105104, 1.3436551110417367, 5.383165182566876, 3.449427946608358, 9.983054033903084, 9.995558663667934, 9.9917201904577, 9.994876699099898, 5.241122825824095, 0.3506996239961719, 4.504215427603548, 4.487897644263538, 3.729380190930901, 4.771094612801791, 1.064470316671877, 1.5857144463027633, 1.479923839887928, 6.542184901092789, 0.7939035420850762, 0.696482360796241, 1.4274876841803723]
APTIDAO: 
83.72807211341008
GEN: 4700
Individuo: 
[1.0288980953397875, 1.8238245546066598, 1.8943472750455996, 2.4728914284105104, 1.3436551110417367, 5.383165182566876, 3.449427946608358, 9.983054033903084, 9.995558663667934, 9.9917201904577, 9.994876699099898, 5.241122825824095, 0.3506996239961719, 4.504215427603548, 4.487897644263538, 3.729380190930901, 4.771094612801791, 1.064470316671877, 1.5857144463027633, 1.479923839887928, 6.542184901092789, 0.7939035420850762, 0.696482360796241, 1.4274876841803723]
APTIDAO: 
83.72807211341008
GEN: 4800
Individuo: 
[1.0288980953397875, 1.8238245546066598, 1.8943472750455996, 2.4728914284105104, 1.3436551110417367, 5.383165182566876, 3.449427946608358, 9.983054033903084, 9.995558663667934, 9.9917201904577, 9.994876699099898, 5.241122825824095, 0.3506996239961719, 4.504215427603548, 4.487897644263538, 3.729380190930901, 4.771094612801791, 1.064470316671877, 1.5857144463027633, 1.479923839887928, 6.542184901092789, 0.7939035420850762, 0.696482360796241, 1.4274876841803723]
APTIDAO: 
83.72807211341008
GEN: 4900
Individuo: 
[1.0288980953397875, 1.8238245546066598, 1.8943472750455996, 2.4728914284105104, 1.3436551110417367, 5.383165182566876, 3.449427946608358, 9.983054033903084, 9.995558663667934, 9.9917201904577, 9.994876699099898, 5.241122825824095, 0.3506996239961719, 4.504215427603548, 4.487897644263538, 3.729380190930901, 4.771094612801791, 1.064470316671877, 1.5857144463027633, 1.479923839887928, 6.542184901092789, 0.7939035420850762, 0.696482360796241, 1.4274876841803723]
APTIDAO: 
83.72807211341008
GEN: 5000
Individuo: 
[1.0288980953397875, 1.8238245546066598, 1.8943472750455996, 2.4728914284105104, 1.3436551110417367, 5.383165182566876, 3.449427946608358, 9.983054033903084, 9.995558663667934, 9.9917201904577, 9.994876699099898, 5.241122825824095, 0.3506996239961719, 4.504215427603548, 4.487897644263538, 3.729380190930901, 4.771094612801791, 1.064470316671877, 1.5857144463027633, 1.479923839887928, 6.542184901092789, 0.7939035420850762, 0.696482360796241, 1.4274876841803723]
APTIDAO: 
83.72807211341008
GEN: 5100
Individuo: 
[1.0288980953397875, 1.8238245546066598, 1.8943472750455996, 2.4728914284105104, 1.3436551110417367, 5.383165182566876, 3.449427946608358, 9.983054033903084, 9.995558663667934, 9.9917201904577, 9.994876699099898, 5.241122825824095, 0.3506996239961719, 4.504215427603548, 4.487897644263538, 3.729380190930901, 4.771094612801791, 1.064470316671877, 1.5857144463027633, 1.479923839887928, 6.542184901092789, 0.7939035420850762, 0.696482360796241, 1.4274876841803723]
APTIDAO: 
83.72807211341008
GEN: 5200
Individuo: 
[1.0288980953397875, 1.8238245546066598, 1.8943472750455996, 2.4728914284105104, 1.3436551110417367, 5.383165182566876, 3.449427946608358, 9.989657273771362, 9.995558663667934, 9.9917201904577, 9.994876699099898, 5.241122825824095, 0.3506996239961719, 4.504215427603548, 4.487897644263538, 3.729380190930901, 4.771094612801791, 1.064470316671877, 1.5857144463027633, 1.7911234461562018, 6.542184901092789, 0.7939035420850762, 0.696482360796241, 1.4274876841803723]
APTIDAO: 
83.727963308157
GEN: 5300
Individuo: 
[1.0288980953397875, 1.8238245546066598, 1.8943472750455996, 2.4728914284105104, 1.3436551110417367, 5.383165182566876, 3.449427946608358, 9.989657273771362, 9.995558663667934, 9.9917201904577, 9.994876699099898, 5.241122825824095, 0.3506996239961719, 4.504215427603548, 4.487897644263538, 3.729380190930901, 4.771094612801791, 1.064470316671877, 1.5857144463027633, 1.7911234461562018, 6.542184901092789, 0.7939035420850762, 0.696482360796241, 1.4274876841803723]
APTIDAO: 
83.727963308157
GEN: 5400
Individuo: 
[1.0288980953397875, 1.8238245546066598, 1.8943472750455996, 2.4728914284105104, 1.3436551110417367, 5.383165182566876, 3.449427946608358, 9.989657273771362, 9.995558663667934, 9.9917201904577, 9.994876699099898, 5.241122825824095, 0.3506996239961719, 4.504215427603548, 4.487897644263538, 3.729380190930901, 4.771094612801791, 1.064470316671877, 1.5857144463027633, 1.7911234461562018, 6.542184901092789, 0.7939035420850762, 0.696482360796241, 1.4274876841803723]
APTIDAO: 
83.727963308157
GEN: 5500
Individuo: 
[1.0288980953397875, 1.8238245546066598, 1.8943472750455996, 2.4728914284105104, 1.3436551110417367, 5.383165182566876, 3.449427946608358, 9.989657273771362, 9.995558663667934, 9.9917201904577, 9.994876699099898, 5.241122825824095, 0.3506996239961719, 4.504215427603548, 4.487897644263538, 3.729380190930901, 4.771094612801791, 1.064470316671877, 1.5857144463027633, 1.7911234461562018, 6.542184901092789, 0.7939035420850762, 0.696482360796241, 1.4274876841803723]
APTIDAO: 
83.727963308157
GEN: 5600
Individuo: 
[1.0288980953397875, 1.8238245546066598, 1.8943472750455996, 2.4728914284105104, 1.3436551110417367, 5.379036029807592, 3.449427946608358, 9.989657273771362, 9.995558663667934, 9.9917201904577, 9.994876699099898, 5.241122825824095, 0.3506996239961719, 4.504215427603548, 4.487897644263538, 3.729380190930901, 4.771094612801791, 0.9496358197539033, 1.5857144463027633, 1.7911234461562018, 6.542184901092789, 0.7939035420850762, 0.696482360796241, 1.4274876841803723]
APTIDAO: 
83.72795821162553
GEN: 5700
Individuo: 
[1.0288980953397875, 1.8238245546066598, 1.8943472750455996, 2.4728914284105104, 1.3436551110417367, 5.379036029807592, 3.449427946608358, 9.989657273771362, 9.995558663667934, 9.9917201904577, 9.994876699099898, 5.305872124968413, 0.3506996239961719, 4.504215427603548, 4.487897644263538, 3.729380190930901, 4.771094612801791, 0.9496358197539033, 1.5857144463027633, 1.7911234461562018, 6.542184901092789, 0.7939035420850762, 0.696482360796241, 1.5384185288191017]
APTIDAO: 
83.72793978691126
GEN: 5800
Individuo: 
[1.0288980953397875, 1.8238245546066598, 1.8943472750455996, 2.4728914284105104, 1.3436551110417367, 5.379036029807592, 3.449427946608358, 9.989657273771362, 9.995558663667934, 9.9917201904577, 9.994876699099898, 5.305872124968413, 0.3506996239961719, 4.504215427603548, 4.487897644263538, 3.729380190930901, 4.771094612801791, 0.9496358197539033, 1.5857144463027633, 1.7911234461562018, 6.542184901092789, 0.7939035420850762, 0.696482360796241, 1.5384185288191017]
APTIDAO: 
83.72793978691126
GEN: 5900
Individuo: 
[1.0288980953397875, 1.8238245546066598, 1.8943472750455996, 2.4728914284105104, 1.3436551110417367, 5.369279701587307, 3.449427946608358, 9.989657273771362, 9.995558663667934, 9.9917201904577, 9.994876699099898, 5.305872124968413, 0.3506996239961719, 4.504215427603548, 4.487897644263538, 3.729380190930901, 4.771094612801791, 0.8317469241842846, 1.5857144463027633, 1.7911234461562018, 6.542184901092789, 0.7939035420850762, 0.696482360796241, 1.5384185288191017]
APTIDAO: 
83.72792400830673
GEN: 6000
Individuo: 
[1.0288980953397875, 1.8238245546066598, 1.8943472750455996, 2.4728914284105104, 1.3436551110417367, 5.369279701587307, 3.449427946608358, 9.989657273771362, 9.995558663667934, 9.9917201904577, 9.994876699099898, 5.305872124968413, 0.3506996239961719, 4.504215427603548, 4.487897644263538, 3.729380190930901, 4.771094612801791, 0.8317469241842846, 1.5857144463027633, 1.7911234461562018, 6.542184901092789, 0.7939035420850762, 0.696482360796241, 1.5384185288191017]
APTIDAO: 
83.72792400830673
GEN: 6100
Individuo: 
[1.0288980953397875, 1.8247202375594607, 1.8943472750455996, 2.4728914284105104, 1.3436551110417367, 5.369279701587307, 3.449427946608358, 9.989657273771362, 9.995558663667934, 9.9917201904577, 9.994876699099898, 5.294613914798052, 0.3506996239961719, 2.74322144978882, 4.487897644263538, 3.729380190930901, 4.771094612801791, 0.8317469241842846, 1.5857144463027633, 1.7911234461562018, 6.542184901092789, 0.7939035420850762, 0.696482360796241, 0.9474249160603201]
APTIDAO: 
83.72790242401679
GEN: 6200
Individuo: 
[1.0288980953397875, 1.8247202375594607, 1.8943472750455996, 2.4728914284105104, 1.3436551110417367, 5.369279701587307, 3.449427946608358, 9.989657273771362, 9.995558663667934, 9.9917201904577, 9.994876699099898, 5.294613914798052, 0.3506996239961719, 2.74322144978882, 4.487897644263538, 3.729380190930901, 4.771094612801791, 0.8317469241842846, 1.5857144463027633, 1.7911234461562018, 6.542184901092789, 0.7939035420850762, 0.696482360796241, 0.9474249160603201]
APTIDAO: 
83.72790242401679
GEN: 6300
Individuo: 
[1.0288980953397875, 1.8247202375594607, 1.8943472750455996, 2.4728914284105104, 1.3436551110417367, 5.358234191641617, 3.451871405151226, 9.989657273771362, 9.995558663667934, 9.9917201904577, 9.994876699099898, 5.294613914798052, 0.3506996239961719, 2.74322144978882, 4.487897644263538, 3.729380190930901, 4.771094612801791, 0.8319408633831423, 1.1875757695918325, 1.7911234461562018, 6.542184901092789, 0.7939035420850762, 0.696482360796241, 0.9474249160603201]
APTIDAO: 
83.72785964607326
GEN: 6400
Individuo: 
[1.0288980953397875, 1.8247202375594607, 1.8943472750455996, 2.4728914284105104, 1.3436551110417367, 5.358234191641617, 3.451871405151226, 9.989657273771362, 9.995558663667934, 9.9917201904577, 9.994876699099898, 5.294613914798052, 0.3506996239961719, 2.74322144978882, 4.487897644263538, 3.729380190930901, 4.771094612801791, 0.8319408633831423, 1.1875757695918325, 1.7911234461562018, 6.542184901092789, 0.7939035420850762, 0.696482360796241, 0.9474249160603201]
APTIDAO: 
83.72785964607326
GEN: 6500
Individuo: 
[1.0288980953397875, 1.8247202375594607, 1.8943472750455996, 2.4728914284105104, 1.3436551110417367, 5.358234191641617, 3.451871405151226, 9.989657273771362, 9.995558663667934, 9.9917201904577, 9.994876699099898, 5.294613914798052, 0.3506996239961719, 2.74322144978882, 4.487897644263538, 3.729380190930901, 4.771094612801791, 0.8319408633831423, 1.1875757695918325, 1.7911234461562018, 6.542184901092789, 0.7939035420850762, 0.696482360796241, 0.9474249160603201]
APTIDAO: 
83.72785964607326
GEN: 6600
Individuo: 
[1.0288980953397875, 1.8247202375594607, 1.8943472750455996, 2.4728914284105104, 1.3436551110417367, 5.358234191641617, 3.451871405151226, 9.989657273771362, 9.995558663667934, 9.9917201904577, 9.994876699099898, 5.294613914798052, 0.3506996239961719, 2.74322144978882, 4.487897644263538, 3.729380190930901, 4.771094612801791, 0.8319408633831423, 1.1875757695918325, 1.7911234461562018, 6.542184901092789, 0.7939035420850762, 0.696482360796241, 0.9474249160603201]
APTIDAO: 
83.72785964607326
GEN: 6700
Individuo: 
[1.0288980953397875, 1.8247202375594607, 1.8943472750455996, 2.4728914284105104, 1.3436551110417367, 5.358234191641617, 3.451871405151226, 9.989657273771362, 9.995558663667934, 9.9917201904577, 9.994876699099898, 5.294613914798052, 0.3506996239961719, 2.74322144978882, 4.487897644263538, 3.729380190930901, 4.771094612801791, 0.8319408633831423, 1.1875757695918325, 1.7911234461562018, 6.542184901092789, 0.7939035420850762, 0.696482360796241, 0.9474249160603201]
APTIDAO: 
83.72785964607326
GEN: 6800
Individuo: 
[1.0288980953397875, 1.8247202375594607, 1.8943472750455996, 2.4728914284105104, 1.3436551110417367, 5.358234191641617, 3.451871405151226, 9.989657273771362, 9.995558663667934, 9.9917201904577, 9.994876699099898, 5.294613914798052, 0.3506996239961719, 2.74322144978882, 4.487897644263538, 3.729380190930901, 4.771094612801791, 0.8319408633831423, 1.1875757695918325, 1.7911234461562018, 6.542184901092789, 0.7939035420850762, 0.696482360796241, 0.9474249160603201]
APTIDAO: 
83.72785964607326
GEN: 6900
Individuo: 
[1.0288980953397875, 1.8247202375594607, 1.8943472750455996, 2.4728914284105104, 1.3436551110417367, 5.358234191641617, 3.451871405151226, 9.989657273771362, 9.995558663667934, 9.9917201904577, 9.994876699099898, 5.294613914798052, 0.3506996239961719, 2.74322144978882, 4.487897644263538, 3.729380190930901, 4.771094612801791, 0.8319408633831423, 1.1875757695918325, 1.7911234461562018, 6.542184901092789, 0.7939035420850762, 0.696482360796241, 0.9474249160603201]
APTIDAO: 
83.72785964607326
GEN: 7000
Individuo: 
[1.0288980953397875, 1.8247202375594607, 1.8943472750455996, 2.4728914284105104, 1.3436551110417367, 5.358234191641617, 3.451871405151226, 9.989657273771362, 9.995558663667934, 9.9917201904577, 9.994876699099898, 5.291445772323789, 0.3506996239961719, 2.74322144978882, 4.487897644263538, 3.729380190930901, 4.771094612801791, 0.8319408633831423, 1.1875757695918325, 1.7911234461562018, 6.542184901092789, 0.7939035420850762, 0.696482360796241, 1.1514833478966666]
APTIDAO: 
83.72785917367277
GEN: 7100
Individuo: 
[1.0288980953397875, 1.8247121103089836, 1.8943472750455996, 2.4728914284105104, 1.3436551110417367, 5.358234191641617, 3.451871405151226, 9.989657273771362, 9.995558663667934, 9.9917201904577, 9.994876699099898, 5.291445772323789, 0.3506996239961719, 1.707014695911218, 4.487897644263538, 3.729380190930901, 4.771094612801791, 0.8319408633831423, 1.1875757695918325, 1.7911234461562018, 6.542184901092789, 0.7939035420850762, 0.696482360796241, 1.1514833478966666]
APTIDAO: 
83.72785870665147
GEN: 7200
Individuo: 
[1.0288980953397875, 1.8247121103089836, 1.8943472750455996, 2.4728914284105104, 1.3436551110417367, 5.358234191641617, 3.451871405151226, 9.989657273771362, 9.995558663667934, 9.9917201904577, 9.994876699099898, 5.291445772323789, 0.3506996239961719, 1.707014695911218, 4.487897644263538, 3.729380190930901, 4.771094612801791, 0.8319408633831423, 1.1875757695918325, 1.7911234461562018, 6.542184901092789, 0.7939035420850762, 0.696482360796241, 1.1514833478966666]
APTIDAO: 
83.72785870665147
GEN: 7300
Individuo: 
[1.0288980953397875, 1.8247121103089836, 1.8943472750455996, 2.4728914284105104, 1.3436551110417367, 5.358234191641617, 3.451871405151226, 9.989657273771362, 9.99816921268958, 9.9917201904577, 9.994876699099898, 5.291445772323789, 0.3506996239961719, 1.707014695911218, 4.487897644263538, 3.729380190930901, 4.771094612801791, 0.8319408633831423, 1.1875757695918325, 1.7911234461562018, 7.687719806871206, 0.7939035420850762, 0.696482360796241, 1.1514833478966666]
APTIDAO: 
83.72779828867411
GEN: 7400
Individuo: 
[1.0288980953397875, 1.8247121103089836, 1.8943472750455996, 2.4728914284105104, 1.3436551110417367, 5.358234191641617, 3.451871405151226, 9.989657273771362, 9.99816921268958, 9.9917201904577, 9.994876699099898, 5.291445772323789, 0.3506996239961719, 1.707014695911218, 4.487897644263538, 3.729380190930901, 4.771094612801791, 0.8319408633831423, 1.1875757695918325, 1.7911234461562018, 7.687719806871206, 0.7939035420850762, 0.696482360796241, 1.1514833478966666]
APTIDAO: 
83.72779828867411
GEN: 7500
Individuo: 
[1.0288980953397875, 1.8247121103089836, 1.8943472750455996, 2.4728914284105104, 1.3436551110417367, 5.358234191641617, 3.451871405151226, 9.989657273771362, 9.99816921268958, 9.9917201904577, 9.994876699099898, 5.291445772323789, 0.3506996239961719, 1.707014695911218, 4.487897644263538, 3.729380190930901, 4.771094612801791, 0.8319408633831423, 1.1875757695918325, 1.7911234461562018, 7.687719806871206, 0.7939035420850762, 0.696482360796241, 1.1514833478966666]
APTIDAO: 
83.72779828867411
GEN: 7600
Individuo: 
[1.0288980953397875, 1.8247121103089836, 1.8943472750455996, 2.4728914284105104, 1.3436551110417367, 5.358234191641617, 3.451871405151226, 9.989657273771362, 9.99816921268958, 9.9917201904577, 9.994876699099898, 5.291445772323789, 0.3506996239961719, 1.707014695911218, 4.487897644263538, 3.729380190930901, 4.771094612801791, 0.8319408633831423, 1.1875757695918325, 1.7911234461562018, 7.687719806871206, 0.7939035420850762, 0.696482360796241, 1.1514833478966666]
APTIDAO: 
83.72779828867411
GEN: 7700
Individuo: 
[1.0288980953397875, 1.8247121103089836, 1.8943472750455996, 2.4728914284105104, 1.3436551110417367, 5.358234191641617, 3.451871405151226, 9.989657273771362, 9.99816921268958, 9.9917201904577, 9.994876699099898, 5.291445772323789, 0.3506996239961719, 1.707014695911218, 4.487897644263538, 3.729380190930901, 4.771094612801791, 0.8319408633831423, 1.1875757695918325, 1.7911234461562018, 7.687719806871206, 0.7939035420850762, 0.696482360796241, 1.1514833478966666]
APTIDAO: 
83.72779828867411
GEN: 7800
Individuo: 
[1.0288980953397875, 1.8247121103089836, 1.8943472750455996, 2.4728914284105104, 1.3436551110417367, 5.358234191641617, 3.451871405151226, 9.989657273771362, 9.99816921268958, 9.9917201904577, 9.994876699099898, 5.291445772323789, 0.3506996239961719, 1.707014695911218, 4.487897644263538, 3.729380190930901, 4.771094612801791, 0.8319408633831423, 1.1875757695918325, 1.7911234461562018, 7.687719806871206, 0.7939035420850762, 0.696482360796241, 1.1514833478966666]
APTIDAO: 
83.72779828867411
GEN: 7900
Individuo: 
[1.0288980953397875, 1.8247121103089836, 1.8943472750455996, 2.4728914284105104, 1.3436551110417367, 5.358234191641617, 3.451871405151226, 9.989657273771362, 9.99816921268958, 9.9917201904577, 9.994876699099898, 5.291445772323789, 0.3506996239961719, 1.707014695911218, 4.487897644263538, 3.729380190930901, 4.771094612801791, 0.8319408633831423, 1.1875757695918325, 1.7911234461562018, 7.687719806871206, 0.7939035420850762, 0.696482360796241, 1.1514833478966666]
APTIDAO: 
83.72779828867411
GEN: 8000
Individuo: 
[1.0288980953397875, 1.8247121103089836, 1.8943472750455996, 2.4728914284105104, 1.3436551110417367, 5.358234191641617, 3.451871405151226, 9.989657273771362, 9.99816921268958, 9.9917201904577, 9.994876699099898, 5.291445772323789, 0.3506996239961719, 1.707014695911218, 4.487897644263538, 3.729380190930901, 4.771094612801791, 0.8319408633831423, 1.1875757695918325, 1.7911234461562018, 7.687719806871206, 0.7939035420850762, 0.696482360796241, 1.1514833478966666]
APTIDAO: 
83.72779828867411
GEN: 8100
Individuo: 
[1.0288980953397875, 1.8247121103089836, 1.8943472750455996, 2.4728914284105104, 1.3436551110417367, 5.358234191641617, 3.451871405151226, 9.989657273771362, 9.99816921268958, 9.9917201904577, 9.994876699099898, 5.291445772323789, 0.3506996239961719, 1.707014695911218, 4.487897644263538, 3.729380190930901, 4.771094612801791, 0.8319408633831423, 1.1875757695918325, 1.7911234461562018, 7.687719806871206, 0.7939035420850762, 0.696482360796241, 1.1514833478966666]
APTIDAO: 
83.72779828867411
GEN: 8200
Individuo: 
[1.0288980953397875, 1.8247121103089836, 1.8943472750455996, 2.4728914284105104, 1.3436551110417367, 5.358234191641617, 3.451871405151226, 9.989657273771362, 9.99816921268958, 9.9917201904577, 9.994876699099898, 5.291445772323789, 0.3506996239961719, 1.707014695911218, 4.487897644263538, 3.729380190930901, 4.771094612801791, 0.8319408633831423, 1.1875757695918325, 1.7911234461562018, 7.687719806871206, 0.7939035420850762, 0.696482360796241, 1.1514833478966666]
APTIDAO: 
83.72779828867411
GEN: 8300
Individuo: 
[1.0288980953397875, 1.8247121103089836, 1.8943472750455996, 2.4728914284105104, 1.3436551110417367, 5.358234191641617, 3.451871405151226, 9.989657273771362, 9.99816921268958, 9.9917201904577, 9.994876699099898, 5.291445772323789, 0.3506996239961719, 1.707014695911218, 4.487897644263538, 3.729380190930901, 4.771094612801791, 0.8319408633831423, 1.1875757695918325, 1.7911234461562018, 7.687719806871206, 0.7939035420850762, 0.696482360796241, 1.1514833478966666]
APTIDAO: 
83.72779828867411
GEN: 8400
Individuo: 
[1.0288980953397875, 1.8247121103089836, 1.8943472750455996, 2.4728914284105104, 1.3436551110417367, 5.358234191641617, 3.451871405151226, 9.989657273771362, 9.99816921268958, 9.9917201904577, 9.994876699099898, 5.291445772323789, 0.3506996239961719, 1.707014695911218, 4.487897644263538, 3.729380190930901, 4.771094612801791, 0.8319408633831423, 1.1875757695918325, 1.7911234461562018, 7.687719806871206, 0.7939035420850762, 0.696482360796241, 1.1514833478966666]
APTIDAO: 
83.72779828867411
GEN: 8500
Individuo: 
[1.0288980953397875, 1.8247121103089836, 1.8943472750455996, 2.4728914284105104, 1.3436551110417367, 5.358234191641617, 3.451871405151226, 9.989657273771362, 9.99816921268958, 9.9917201904577, 9.994876699099898, 5.291445772323789, 0.3506996239961719, 1.707014695911218, 4.487897644263538, 3.729380190930901, 4.771094612801791, 0.8319408633831423, 1.1875757695918325, 1.7911234461562018, 7.687719806871206, 0.7939035420850762, 0.696482360796241, 1.1514833478966666]
APTIDAO: 
83.72779828867411
GEN: 8600
Individuo: 
[1.0288980953397875, 1.8247121103089836, 1.8943472750455996, 2.4728914284105104, 1.3436551110417367, 5.358234191641617, 3.451871405151226, 9.989657273771362, 9.99816921268958, 9.9917201904577, 9.994876699099898, 5.291445772323789, 0.3506996239961719, 1.707014695911218, 4.487897644263538, 3.729380190930901, 4.771094612801791, 0.8319408633831423, 1.1875757695918325, 1.7911234461562018, 7.687719806871206, 0.7939035420850762, 0.696482360796241, 1.1514833478966666]
APTIDAO: 
83.72779828867411
GEN: 8700
Individuo: 
[1.0288980953397875, 1.8247121103089836, 1.8943472750455996, 2.4728914284105104, 1.3436551110417367, 5.358234191641617, 3.451871405151226, 9.989657273771362, 9.99816921268958, 9.9917201904577, 9.994876699099898, 5.291445772323789, 0.3506996239961719, 1.707014695911218, 4.487897644263538, 3.729380190930901, 4.771094612801791, 0.8319408633831423, 1.1875757695918325, 1.7911234461562018, 7.687719806871206, 0.7939035420850762, 0.696482360796241, 1.1514833478966666]
APTIDAO: 
83.72779828867411
GEN: 8800
Individuo: 
[1.0288980953397875, 1.8247121103089836, 1.8943472750455996, 2.4728914284105104, 1.3436551110417367, 5.358234191641617, 3.451871405151226, 9.989657273771362, 9.99816921268958, 9.9917201904577, 9.994876699099898, 5.289930757742822, 0.3506996239961719, 1.707014695911218, 4.487897644263538, 3.729380190930901, 4.771094612801791, 0.8319408633831423, 1.1875757695918325, 1.7911234461562018, 7.687719806871206, 0.7939035420850762, 0.696482360796241, 0.9664547410287444]
APTIDAO: 
83.72779806978518
GEN: 8900
Individuo: 
[1.0288980953397875, 1.8247121103089836, 1.8943472750455996, 2.4728914284105104, 1.3436551110417367, 5.358234191641617, 3.451871405151226, 9.989657273771362, 9.99816921268958, 9.9917201904577, 9.994876699099898, 5.289930757742822, 0.3506996239961719, 1.707014695911218, 4.487897644263538, 3.729380190930901, 4.771094612801791, 0.8319408633831423, 1.1875757695918325, 1.7911234461562018, 7.687719806871206, 0.7939035420850762, 0.696482360796241, 0.9664547410287444]
APTIDAO: 
83.72779806978518
GEN: 9000
Individuo: 
[1.0288980953397875, 1.8247121103089836, 1.8943472750455996, 2.4728914284105104, 1.3436551110417367, 5.358234191641617, 3.451871405151226, 9.989657273771362, 9.99816921268958, 9.9917201904577, 9.994876699099898, 5.289930757742822, 0.3506996239961719, 1.707014695911218, 4.487897644263538, 3.729380190930901, 4.771094612801791, 0.8319408633831423, 1.1875757695918325, 1.7911234461562018, 7.687719806871206, 0.7939035420850762, 0.696482360796241, 0.9664547410287444]
APTIDAO: 
83.72779806978518
GEN: 9100
Individuo: 
[1.0288980953397875, 1.8247121103089836, 1.8943472750455996, 2.4728914284105104, 1.3436551110417367, 5.358234191641617, 3.451871405151226, 9.989657273771362, 9.99816921268958, 9.9917201904577, 9.994876699099898, 5.289930757742822, 0.3506996239961719, 1.707014695911218, 4.487897644263538, 3.729380190930901, 4.771094612801791, 0.8319408633831423, 1.1875757695918325, 1.7911234461562018, 7.687719806871206, 0.7939035420850762, 0.696482360796241, 0.9664547410287444]
APTIDAO: 
83.72779806978518
GEN: 9200
Individuo: 
[1.0288980953397875, 1.8247121103089836, 1.8943472750455996, 2.4728914284105104, 1.3436551110417367, 5.358234191641617, 3.451871405151226, 9.989657273771362, 9.99816921268958, 9.9917201904577, 9.994876699099898, 5.289930757742822, 0.3506996239961719, 1.707014695911218, 4.487897644263538, 3.729380190930901, 4.771094612801791, 0.8319408633831423, 1.1875757695918325, 1.7911234461562018, 7.687719806871206, 0.7939035420850762, 0.696482360796241, 0.9664547410287444]
APTIDAO: 
83.72779806978518
GEN: 9300
Individuo: 
[1.0288980953397875, 1.8247121103089836, 1.8943472750455996, 2.4728914284105104, 1.3436551110417367, 5.358234191641617, 3.451871405151226, 9.989657273771362, 9.99816921268958, 9.9917201904577, 9.994876699099898, 5.289930757742822, 0.3506996239961719, 1.707014695911218, 4.487897644263538, 3.729380190930901, 4.771094612801791, 0.8319408633831423, 1.1875757695918325, 1.7911234461562018, 7.687719806871206, 0.7939035420850762, 0.696482360796241, 0.9664547410287444]
APTIDAO: 
83.72779806978518
GEN: 9400
Individuo: 
[1.0288980953397875, 1.8247121103089836, 1.8943472750455996, 2.4728914284105104, 1.3436551110417367, 5.358234191641617, 3.451871405151226, 9.989657273771362, 9.99816921268958, 9.9917201904577, 9.994876699099898, 5.289930757742822, 0.3506996239961719, 1.707014695911218, 4.487897644263538, 3.729380190930901, 4.771094612801791, 0.8319408633831423, 1.1875757695918325, 1.7911234461562018, 7.687719806871206, 0.7939035420850762, 0.696482360796241, 0.9664547410287444]
APTIDAO: 
83.72779806978518
GEN: 9500
Individuo: 
[1.0288980953397875, 1.8247121103089836, 1.8943472750455996, 2.4728914284105104, 1.3436551110417367, 5.358234191641617, 3.451871405151226, 9.989657273771362, 9.99816921268958, 9.9917201904577, 9.994876699099898, 5.289930757742822, 0.3506996239961719, 1.707014695911218, 4.487897644263538, 3.729380190930901, 4.771094612801791, 0.8319408633831423, 1.1875757695918325, 1.7911234461562018, 7.687719806871206, 0.7939035420850762, 0.696482360796241, 0.9664547410287444]
APTIDAO: 
83.72779806978518
GEN: 9600
Individuo: 
[1.0288980953397875, 1.8247121103089836, 1.8943472750455996, 2.4728914284105104, 1.3436551110417367, 5.358234191641617, 3.451871405151226, 9.989657273771362, 9.99816921268958, 9.9917201904577, 9.994876699099898, 5.289930757742822, 0.3506996239961719, 1.707014695911218, 4.487897644263538, 3.729380190930901, 4.771094612801791, 0.8319408633831423, 1.1875757695918325, 1.7911234461562018, 7.687719806871206, 0.7939035420850762, 0.696482360796241, 0.9664547410287444]
APTIDAO: 
83.72779806978518
GEN: 9700
Individuo: 
[1.0288980953397875, 1.8247121103089836, 1.8943472750455996, 2.4728914284105104, 1.3436551110417367, 5.358234191641617, 3.451871405151226, 9.989657273771362, 9.99816921268958, 9.9917201904577, 9.994876699099898, 5.289930757742822, 0.3506996239961719, 1.707014695911218, 4.487897644263538, 3.729380190930901, 4.771094612801791, 0.8319408633831423, 1.1875757695918325, 1.7911234461562018, 7.687719806871206, 0.7939035420850762, 0.696482360796241, 0.9664547410287444]
APTIDAO: 
83.72779806978518
GEN: 9800
Individuo: 
[1.0288980953397875, 1.8247121103089836, 1.8943472750455996, 2.4728914284105104, 1.3436551110417367, 5.358234191641617, 3.451871405151226, 9.989657273771362, 9.99816921268958, 9.9917201904577, 9.994876699099898, 5.289930757742822, 0.3506996239961719, 1.707014695911218, 4.487897644263538, 3.729380190930901, 4.771094612801791, 0.8319408633831423, 1.1875757695918325, 1.7911234461562018, 7.687719806871206, 0.7939035420850762, 0.696482360796241, 0.9664547410287444]
APTIDAO: 
83.72779806978518
GEN: 9900
Individuo: 
[1.0288980953397875, 1.8247121103089836, 1.8943472750455996, 2.4728914284105104, 1.3436551110417367, 5.358234191641617, 3.451871405151226, 9.989657273771362, 9.99816921268958, 9.9917201904577, 9.994876699099898, 5.289930757742822, 0.3506996239961719, 1.707014695911218, 4.487897644263538, 3.729380190930901, 4.771094612801791, 0.8319408633831423, 1.1875757695918325, 1.7911234461562018, 7.687719806871206, 0.7939035420850762, 0.696482360796241, 0.9664547410287444]
APTIDAO: 
83.72779806978518
GEN: 10000
Individuo: 
[1.0288980953397875, 1.8247121103089836, 1.8943472750455996, 2.4728914284105104, 1.3436551110417367, 5.358234191641617, 3.451871405151226, 9.989657273771362, 9.99816921268958, 9.9917201904577, 9.994876699099898, 5.289930757742822, 0.3506996239961719, 1.707014695911218, 4.487897644263538, 3.729380190930901, 4.771094612801791, 0.8319408633831423, 1.1875757695918325, 1.7911234461562018, 7.687719806871206, 0.7939035420850762, 0.696482360796241, 0.9664547410287444]
APTIDAO: 
83.72779806978518

--- RESULTADO FINAL ---
Erro (norma-1): 83.72779806978518
Parametros: [1.0288980953397875, 1.8247121103089836, 1.8943472750455996, 2.4728914284105104, 1.3436551110417367, 5.358234191641617, 3.451871405151226, 9.989657273771362, 9.99816921268958, 9.9917201904577, 9.994876699099898, 5.289930757742822]
Tempo total: 00h 29m 34s
