SEED: 1778421438
BOUNDS: tau=[0.1, 5.0]  Km=[0.01, 50.0]
GEN: 0
Individuo: 
[1.8398095353945974, 1.6811526411909796, 2.226416816693755, 3.3023360402673374, 0.5288036227870251, 18.550442225118875, 41.00874854971996, 19.377277496711738, 41.93528055790826, 3.088732577485971, 21.887574641578436, 31.342898386254223, 8.354625434264406, 1.4379265216212729, 6.467110416140231, 9.02428942006053, 2.5687338470761967, 8.359986377016634, 5.898097428101744, 7.008590456571842, 6.0911999437000715, 3.675928572540819, 3.6319302774068594, 2.995497243810311]
APTIDAO: 
90.18128840458601
GEN: 100
Individuo: 
[0.9311435511888355, 1.800125849757399, 1.9439791679786123, 2.389650753244993, 1.42406246704135, 21.11926412626555, 2.184259832423036, 42.691265880810306, 43.29219454570017, 49.857458716739046, 49.27164922075521, 1.9790507110673765, 8.279303405474568, 5.963144065276415, 3.297411466710683, 9.644504825108985, 2.058477100954511, 1.570462326335231, 1.023767713546338, 10.0, 7.771271559400396, 2.158737190304889, 3.3644471529319038, 0.8023666503113451]
APTIDAO: 
82.85967811679745
GEN: 200
Individuo: 
[0.959365745314142, 1.800125849757399, 1.9439791679786123, 2.389650753244993, 1.384774018355424, 11.628272620790444, 2.54126931092255, 48.90672828732478, 49.12269176944464, 49.857458716739046, 49.27164922075521, 2.0657455848300077, 8.79548359928932, 5.963144065276415, 3.297411466710683, 9.644504825108985, 2.4620226634794897, 1.4212237975653081, 0.4825230905110713, 10.0, 2.5064685547232433, 2.158737190304889, 3.3644471529319038, 0.7731313861157405]
APTIDAO: 
82.75908003084983
GEN: 300
Individuo: 
[1.0013284399867717, 1.7313507463478506, 1.9439791679786123, 2.389650753244993, 1.3728610505836216, 10.015333709176947, 2.54126931092255, 49.42853679096387, 49.12269176944464, 49.857458716739046, 49.78889279176117, 2.0657455848300077, 7.3042986319916094, 4.2764598869978245, 3.297411466710683, 9.644504825108985, 1.1630839745112522, 0.7937744520177911, 0.4825230905110713, 6.892378654307219, 2.5064685547232433, 2.158737190304889, 5.3970816336304255, 0.7731313861157405]
APTIDAO: 
82.73786495420191
GEN: 400
Individuo: 
[1.0085025503556015, 1.7420734098840458, 1.9439791679786123, 2.389650753244993, 1.3728610505836216, 10.735320124918752, 2.5321128003520523, 49.42853679096387, 49.85187858858865, 49.857458716739046, 49.86379031988644, 1.9895711167455434, 3.2798043737758955, 3.2840378343392818, 3.297411466710683, 9.644504825108985, 1.1630839745112522, 0.7381578331224039, 1.23556530783539, 6.892378654307219, 1.8083345456127515, 2.158737190304889, 8.510217326255537, 0.6036783663147137]
APTIDAO: 
82.7291927821967
GEN: 500
Individuo: 
[1.0085025503556015, 1.7420734098840458, 1.9439791679786123, 2.389650753244993, 1.3728610505836216, 10.735320124918752, 2.5321128003520523, 49.53187253848042, 49.85187858858865, 49.857458716739046, 49.86379031988644, 1.9184506598275903, 3.2798043737758955, 3.2840378343392818, 3.297411466710683, 9.644504825108985, 1.1630839745112522, 0.7381578331224039, 1.23556530783539, 10.0, 1.8083345456127515, 2.158737190304889, 8.510217326255537, 0.7274791188280036]
APTIDAO: 
82.72877481860641
GEN: 600
Individuo: 
[1.0085025503556015, 1.7459272476941752, 1.9439791679786123, 2.3821647947264717, 1.3728610505836216, 10.47392645635703, 2.5321128003520523, 49.53187253848042, 49.85187858858865, 49.857458716739046, 49.86379031988644, 1.9184506598275903, 3.2798043737758955, 1.3567722071939676, 3.297411466710683, 7.033695021144674, 1.1630839745112522, 0.9630320698687954, 1.23556530783539, 10.0, 1.8083345456127515, 2.158737190304889, 8.510217326255537, 0.7274791188280036]
APTIDAO: 
82.72740759069318
GEN: 700
Individuo: 
[1.0085025503556015, 1.7459272476941752, 1.9439791679786123, 2.3821647947264717, 1.3597159665136225, 10.47392645635703, 2.5321128003520523, 49.53187253848042, 49.85187858858865, 49.857458716739046, 49.86379031988644, 1.9184506598275903, 3.2798043737758955, 1.3567722071939676, 3.297411466710683, 7.033695021144674, 0.9625764679882371, 0.9630320698687954, 1.23556530783539, 10.0, 1.8083345456127515, 2.158737190304889, 8.510217326255537, 0.7274791188280036]
APTIDAO: 
82.72360112367474
GEN: 800
Individuo: 
[1.0085025503556015, 1.7459272476941752, 1.9439791679786123, 2.3821647947264717, 1.3728610505836216, 10.47392645635703, 2.5321128003520523, 49.67415481166637, 49.85187858858865, 49.97872414439616, 49.86379031988644, 1.9184506598275903, 3.2798043737758955, 1.3567722071939676, 3.297411466710683, 7.033695021144674, 1.1630839745112522, 0.9630320698687954, 1.23556530783539, 10.0, 1.8083345456127515, 2.0302754786554806, 8.510217326255537, 0.7274791188280036]
APTIDAO: 
82.72728002348659
GEN: 900
Individuo: 
[1.0085025503556015, 1.7459272476941752, 1.9894928258568183, 2.3821647947264717, 1.3408446922068942, 10.47392645635703, 2.5335127269898288, 49.67415481166637, 49.85187858858865, 49.97872414439616, 49.86379031988644, 1.9184506598275903, 3.2798043737758955, 1.3567722071939676, 1.7149963124444791, 7.033695021144674, 1.4014590350348295, 0.9630320698687954, 2.0469189985405083, 10.0, 1.8083345456127515, 2.0302754786554806, 8.510217326255537, 0.7274791188280036]
APTIDAO: 
82.71622279294293
GEN: 1000
Individuo: 
[1.0208016172332333, 1.7459272476941752, 1.9894928258568183, 2.3821647947264717, 1.3408446922068942, 10.47392645635703, 2.5335127269898288, 49.85913135415597, 49.85187858858865, 49.97872414439616, 49.93273224907877, 1.9184506598275903, 1.9809863166670392, 1.3567722071939676, 1.7149963124444791, 7.033695021144674, 1.4014590350348295, 0.9630320698687954, 2.0469189985405083, 10.0, 1.8083345456127515, 2.0302754786554806, 9.553475826251281, 0.7274791188280036]
APTIDAO: 
82.71504559564248
GEN: 1100
Individuo: 
[1.0208016172332333, 1.7459272476941752, 1.972020864407065, 2.3821647947264717, 1.3408446922068942, 10.652402872119913, 2.5335127269898288, 49.85913135415597, 49.85187858858865, 49.97872414439616, 49.93273224907877, 1.9323914399470001, 1.9809863166670392, 1.3567722071939676, 1.645084747628937, 7.033695021144674, 1.4014590350348295, 1.043808982992735, 2.0469189985405083, 10.0, 1.8083345456127515, 2.0302754786554806, 9.553475826251281, 0.6280392498943075]
APTIDAO: 
82.71373043718971
GEN: 1200
Individuo: 
[1.0208016172332333, 1.7459272476941752, 1.997754637563703, 2.3821647947264717, 1.3155123849471728, 10.652402872119913, 2.5335127269898288, 49.85913135415597, 49.908203373312624, 49.97872414439616, 49.93273224907877, 1.9323914399470001, 1.9809863166670392, 1.3567722071939676, 1.234064520893909, 7.033695021144674, 0.8855334698596201, 1.043808982992735, 2.0469189985405083, 10.0, 2.8098876078087307, 2.0302754786554806, 9.553475826251281, 0.6280392498943075]
APTIDAO: 
82.7087524149333
GEN: 1300
Individuo: 
[1.0208016172332333, 1.7459272476941752, 1.997754637563703, 2.3821647947264717, 1.3155123849471728, 10.652402872119913, 2.5335127269898288, 49.881238064696056, 49.908203373312624, 49.97872414439616, 49.9846418400423, 1.9323914399470001, 1.9809863166670392, 1.3567722071939676, 1.234064520893909, 7.033695021144674, 0.8855334698596201, 1.043808982992735, 2.0469189985405083, 10.0, 2.8098876078087307, 2.0302754786554806, 10.0, 0.6280392498943075]
APTIDAO: 
82.70860909696835
GEN: 1400
Individuo: 
[1.03203793613118, 1.7459272476941752, 1.997754637563703, 2.3745789316596055, 1.3155123849471728, 10.430871883965118, 2.5335127269898288, 49.97818736226053, 49.908203373312624, 49.97872414439616, 49.9846418400423, 1.9323914399470001, 1.5685347351820627, 1.3567722071939676, 1.234064520893909, 2.286365463955053, 0.8855334698596201, 0.8349417420725008, 2.0469189985405083, 6.784715039351802, 2.8098876078087307, 2.0302754786554806, 10.0, 0.6280392498943075]
APTIDAO: 
82.70705012723809
GEN: 1500
Individuo: 
[1.03203793613118, 1.7642347217225265, 1.997754637563703, 2.346891245202438, 1.292983961670131, 11.303950047579182, 2.5335127269898288, 49.97818736226053, 49.908203373312624, 49.97872414439616, 49.9846418400423, 1.9151707090698011, 1.5685347351820627, 1.5239055870121263, 1.234064520893909, 1.6458393962546025, 0.425709025598881, 0.6070161503098785, 2.0469189985405083, 6.784715039351802, 2.8098876078087307, 2.0302754786554806, 10.0, 0.8850735879543107]
APTIDAO: 
82.70271406687557
GEN: 1600
Individuo: 
[1.03203793613118, 1.768664129457351, 1.997754637563703, 2.346891245202438, 1.292983961670131, 10.658911412798181, 2.5335127269898288, 49.97818736226053, 49.908203373312624, 49.97872414439616, 49.9846418400423, 1.9811047960830093, 1.5685347351820627, 0.936124074906566, 1.234064520893909, 1.6458393962546025, 0.425709025598881, 1.1419410973093262, 2.0469189985405083, 6.784715039351802, 2.8098876078087307, 2.0302754786554806, 10.0, 0.7523904249271112]
APTIDAO: 
82.70063536150138
GEN: 1700
Individuo: 
[1.03203793613118, 1.768664129457351, 1.997754637563703, 2.3552907831557173, 1.292983961670131, 10.658911412798181, 2.5335127269898288, 49.97818736226053, 49.96223730337305, 49.97872414439616, 49.9846418400423, 1.9811047960830093, 1.5685347351820627, 0.936124074906566, 1.234064520893909, 1.4382753262552577, 0.425709025598881, 1.1419410973093262, 2.0469189985405083, 6.784715039351802, 3.185748500122388, 2.0302754786554806, 10.0, 0.7523904249271112]
APTIDAO: 
82.70057872096555
GEN: 1800
Individuo: 
[1.03203793613118, 1.768664129457351, 1.997754637563703, 2.3552907831557173, 1.292983961670131, 10.658911412798181, 2.5335127269898288, 49.97818736226053, 49.96223730337305, 49.97872414439616, 49.9846418400423, 1.9811047960830093, 1.5685347351820627, 0.936124074906566, 1.234064520893909, 1.4382753262552577, 0.425709025598881, 1.1419410973093262, 2.0469189985405083, 6.784715039351802, 3.185748500122388, 2.0302754786554806, 10.0, 0.7523904249271112]
APTIDAO: 
82.70057872096555
GEN: 1900
Individuo: 
[1.03203793613118, 1.768664129457351, 1.997754637563703, 2.3552907831557173, 1.292983961670131, 10.658911412798181, 2.5335127269898288, 49.97818736226053, 49.96223730337305, 49.97872414439616, 49.9846418400423, 1.9811047960830093, 1.5685347351820627, 0.936124074906566, 1.234064520893909, 1.4382753262552577, 0.425709025598881, 1.1419410973093262, 2.0469189985405083, 6.784715039351802, 3.185748500122388, 2.0302754786554806, 10.0, 0.7523904249271112]
APTIDAO: 
82.70057872096555
GEN: 2000
Individuo: 
[1.03203793613118, 1.768664129457351, 1.997754637563703, 2.3552907831557173, 1.292983961670131, 10.658911412798181, 2.5335127269898288, 49.97818736226053, 49.96223730337305, 49.97872414439616, 49.9846418400423, 1.9811047960830093, 1.5685347351820627, 0.936124074906566, 1.234064520893909, 1.4382753262552577, 0.425709025598881, 1.1419410973093262, 2.0469189985405083, 6.784715039351802, 3.185748500122388, 2.0302754786554806, 10.0, 0.7523904249271112]
APTIDAO: 
82.70057872096555
GEN: 2100
Individuo: 
[1.03203793613118, 1.768664129457351, 1.997754637563703, 2.3552907831557173, 1.292983961670131, 10.658911412798181, 2.5335127269898288, 49.97818736226053, 49.96223730337305, 49.97872414439616, 49.9846418400423, 1.9811047960830093, 1.5685347351820627, 0.936124074906566, 1.234064520893909, 1.4382753262552577, 0.425709025598881, 1.1419410973093262, 2.0469189985405083, 6.784715039351802, 3.185748500122388, 2.0302754786554806, 10.0, 0.7523904249271112]
APTIDAO: 
82.70057872096555
GEN: 2200
Individuo: 
[1.03203793613118, 1.768664129457351, 1.997754637563703, 2.3552907831557173, 1.292983961670131, 10.658911412798181, 2.5335127269898288, 49.97818736226053, 49.96223730337305, 49.99677590261387, 49.9846418400423, 1.9811047960830093, 1.5685347351820627, 0.936124074906566, 1.234064520893909, 1.4382753262552577, 0.425709025598881, 1.1419410973093262, 2.0469189985405083, 6.784715039351802, 3.185748500122388, 1.995120971390531, 10.0, 0.7523904249271112]
APTIDAO: 
82.70056817781911
GEN: 2300
Individuo: 
[1.03203793613118, 1.768664129457351, 1.997754637563703, 2.3552907831557173, 1.292983961670131, 10.658911412798181, 2.5335127269898288, 49.97818736226053, 49.96223730337305, 49.99677590261387, 49.9846418400423, 1.9811047960830093, 1.5685347351820627, 0.936124074906566, 1.234064520893909, 1.4382753262552577, 0.425709025598881, 1.1419410973093262, 2.0469189985405083, 6.784715039351802, 3.185748500122388, 1.995120971390531, 10.0, 0.7523904249271112]
APTIDAO: 
82.70056817781911
GEN: 2400
Individuo: 
[1.03203793613118, 1.768664129457351, 1.997754637563703, 2.3552907831557173, 1.292983961670131, 10.658911412798181, 2.5335127269898288, 49.97818736226053, 49.96223730337305, 49.99677590261387, 49.9846418400423, 1.9811047960830093, 1.5685347351820627, 0.936124074906566, 1.234064520893909, 1.4382753262552577, 0.425709025598881, 1.1419410973093262, 2.0469189985405083, 6.784715039351802, 3.185748500122388, 1.995120971390531, 10.0, 0.7523904249271112]
APTIDAO: 
82.70056817781911
GEN: 2500
Individuo: 
[1.03203793613118, 1.768664129457351, 1.997754637563703, 2.3552907831557173, 1.292983961670131, 10.658911412798181, 2.5335127269898288, 49.97818736226053, 49.96223730337305, 49.99677590261387, 49.9846418400423, 1.9811047960830093, 1.5685347351820627, 0.936124074906566, 1.234064520893909, 1.4382753262552577, 0.425709025598881, 1.1419410973093262, 2.0469189985405083, 6.784715039351802, 3.185748500122388, 1.995120971390531, 10.0, 0.7523904249271112]
APTIDAO: 
82.70056817781911
GEN: 2600
Individuo: 
[1.03203793613118, 1.768664129457351, 1.997754637563703, 2.3552907831557173, 1.292983961670131, 10.658911412798181, 2.5335127269898288, 49.97818736226053, 49.96223730337305, 49.99677590261387, 49.9846418400423, 1.9811047960830093, 1.5685347351820627, 0.936124074906566, 1.234064520893909, 1.4382753262552577, 0.425709025598881, 1.1419410973093262, 2.0469189985405083, 6.784715039351802, 3.185748500122388, 1.995120971390531, 10.0, 0.7523904249271112]
APTIDAO: 
82.70056817781911
GEN: 2700
Individuo: 
[1.03203793613118, 1.768664129457351, 1.997754637563703, 2.3552907831557173, 1.292983961670131, 10.658911412798181, 2.5335127269898288, 49.97818736226053, 49.96223730337305, 49.99677590261387, 49.9846418400423, 1.9811047960830093, 1.5685347351820627, 0.936124074906566, 1.234064520893909, 1.4382753262552577, 0.425709025598881, 1.1419410973093262, 2.0469189985405083, 6.784715039351802, 3.185748500122388, 1.995120971390531, 10.0, 0.7523904249271112]
APTIDAO: 
82.70056817781911
GEN: 2800
Individuo: 
[1.03203793613118, 1.768664129457351, 1.997754637563703, 2.3552907831557173, 1.292983961670131, 10.658911412798181, 2.5335127269898288, 49.97818736226053, 49.96223730337305, 49.99677590261387, 49.9846418400423, 1.9811047960830093, 1.5685347351820627, 0.936124074906566, 1.234064520893909, 1.4382753262552577, 0.425709025598881, 1.1419410973093262, 2.0469189985405083, 6.784715039351802, 3.185748500122388, 1.995120971390531, 10.0, 0.7523904249271112]
APTIDAO: 
82.70056817781911
GEN: 2900
Individuo: 
[1.03203793613118, 1.768664129457351, 1.997754637563703, 2.3552907831557173, 1.292983961670131, 10.658911412798181, 2.5335127269898288, 49.97818736226053, 49.96223730337305, 49.99677590261387, 49.9846418400423, 1.9811047960830093, 1.5685347351820627, 0.936124074906566, 1.234064520893909, 1.4382753262552577, 0.425709025598881, 1.1419410973093262, 2.0469189985405083, 6.784715039351802, 3.185748500122388, 1.995120971390531, 10.0, 0.7523904249271112]
APTIDAO: 
82.70056817781911
GEN: 3000
Individuo: 
[1.03203793613118, 1.768664129457351, 1.997754637563703, 2.3552907831557173, 1.292983961670131, 10.658911412798181, 2.5335127269898288, 49.97818736226053, 49.96223730337305, 49.99677590261387, 49.9846418400423, 1.9811047960830093, 1.5685347351820627, 0.936124074906566, 1.234064520893909, 1.4382753262552577, 0.425709025598881, 1.1419410973093262, 2.0469189985405083, 6.784715039351802, 3.185748500122388, 1.995120971390531, 10.0, 0.7523904249271112]
APTIDAO: 
82.70056817781911
GEN: 3100
Individuo: 
[1.03203793613118, 1.768664129457351, 1.997754637563703, 2.354947348739921, 1.292983961670131, 10.658911412798181, 2.5335127269898288, 49.97818736226053, 49.96223730337305, 49.99677590261387, 49.9846418400423, 1.9811047960830093, 1.5685347351820627, 0.936124074906566, 1.234064520893909, 1.8455674471414412, 0.425709025598881, 1.1419410973093262, 2.0469189985405083, 6.784715039351802, 3.185748500122388, 1.995120971390531, 10.0, 0.7523904249271112]
APTIDAO: 
82.70056562901208
GEN: 3200
Individuo: 
[1.03203793613118, 1.768664129457351, 1.997754637563703, 2.354947348739921, 1.292983961670131, 10.658911412798181, 2.5335127269898288, 49.97818736226053, 49.96223730337305, 49.99677590261387, 49.9846418400423, 1.9811047960830093, 1.5685347351820627, 0.936124074906566, 1.234064520893909, 1.8455674471414412, 0.425709025598881, 1.1419410973093262, 2.0469189985405083, 6.784715039351802, 3.185748500122388, 1.995120971390531, 10.0, 0.7523904249271112]
APTIDAO: 
82.70056562901208
GEN: 3300
Individuo: 
[1.03203793613118, 1.768664129457351, 1.997754637563703, 2.354947348739921, 1.292983961670131, 10.648703968144455, 2.5335127269898288, 49.97818736226053, 49.96223730337305, 49.99677590261387, 49.9846418400423, 1.9811047960830093, 1.5685347351820627, 0.936124074906566, 1.234064520893909, 1.8455674471414412, 0.425709025598881, 1.482482818693751, 2.0469189985405083, 6.784715039351802, 3.185748500122388, 1.995120971390531, 10.0, 0.7523904249271112]
APTIDAO: 
82.70055472250273
GEN: 3400
Individuo: 
[1.03203793613118, 1.768664129457351, 1.997754637563703, 2.354947348739921, 1.292983961670131, 10.648703968144455, 2.5335127269898288, 49.97818736226053, 49.96223730337305, 49.99677590261387, 49.9846418400423, 1.9811047960830093, 1.5685347351820627, 0.936124074906566, 1.234064520893909, 1.8455674471414412, 0.425709025598881, 1.482482818693751, 2.0469189985405083, 6.784715039351802, 3.185748500122388, 1.995120971390531, 10.0, 0.7523904249271112]
APTIDAO: 
82.70055472250273
GEN: 3500
Individuo: 
[1.03203793613118, 1.768664129457351, 1.997754637563703, 2.354947348739921, 1.292983961670131, 10.648703968144455, 2.5335127269898288, 49.97818736226053, 49.96223730337305, 49.99677590261387, 49.9846418400423, 1.9811047960830093, 1.5685347351820627, 0.936124074906566, 1.234064520893909, 1.8455674471414412, 0.425709025598881, 1.482482818693751, 2.0469189985405083, 6.784715039351802, 3.185748500122388, 1.995120971390531, 10.0, 0.7523904249271112]
APTIDAO: 
82.70055472250273
GEN: 3600
Individuo: 
[1.03203793613118, 1.768664129457351, 1.997754637563703, 2.354947348739921, 1.292983961670131, 10.648703968144455, 2.5335127269898288, 49.97818736226053, 49.96223730337305, 49.99677590261387, 49.9846418400423, 1.9811047960830093, 1.5685347351820627, 0.936124074906566, 1.234064520893909, 1.8455674471414412, 0.425709025598881, 1.482482818693751, 2.0469189985405083, 6.784715039351802, 3.185748500122388, 1.995120971390531, 10.0, 0.7523904249271112]
APTIDAO: 
82.70055472250273
GEN: 3700
Individuo: 
[1.03203793613118, 1.768664129457351, 1.997754637563703, 2.354947348739921, 1.292983961670131, 10.648703968144455, 2.5335127269898288, 49.97818736226053, 49.98714226111784, 49.99677590261387, 49.9846418400423, 1.9811047960830093, 1.5685347351820627, 0.936124074906566, 1.234064520893909, 1.8455674471414412, 0.425709025598881, 1.482482818693751, 2.0469189985405083, 6.784715039351802, 2.9152630716985874, 1.995120971390531, 10.0, 0.7523904249271112]
APTIDAO: 
82.70054355390809
GEN: 3800
Individuo: 
[1.03203793613118, 1.768664129457351, 1.997754637563703, 2.354947348739921, 1.292983961670131, 10.648703968144455, 2.5335127269898288, 49.97818736226053, 49.98714226111784, 49.99677590261387, 49.9846418400423, 1.975731855353815, 1.5685347351820627, 0.936124074906566, 1.234064520893909, 1.8455674471414412, 0.425709025598881, 1.482482818693751, 2.0469189985405083, 6.784715039351802, 2.9152630716985874, 1.995120971390531, 10.0, 0.5438382272917806]
APTIDAO: 
82.7005316085459
GEN: 3900
Individuo: 
[1.03203793613118, 1.768664129457351, 1.997754637563703, 2.354947348739921, 1.292983961670131, 10.648703968144455, 2.5335127269898288, 49.97818736226053, 49.98714226111784, 49.99677590261387, 49.9846418400423, 1.975731855353815, 1.5685347351820627, 0.936124074906566, 1.234064520893909, 1.8455674471414412, 0.425709025598881, 1.482482818693751, 2.0469189985405083, 6.784715039351802, 2.9152630716985874, 1.995120971390531, 10.0, 0.5438382272917806]
APTIDAO: 
82.7005316085459
GEN: 4000
Individuo: 
[1.03203793613118, 1.768664129457351, 1.997754637563703, 2.35076593332434, 1.292983961670131, 10.648703968144455, 2.5335127269898288, 49.97818736226053, 49.98714226111784, 49.99677590261387, 49.9846418400423, 1.975731855353815, 1.5685347351820627, 0.936124074906566, 1.234064520893909, 1.8260070416164855, 0.425709025598881, 1.482482818693751, 2.0469189985405083, 6.784715039351802, 2.9152630716985874, 1.995120971390531, 10.0, 0.5438382272917806]
APTIDAO: 
82.70052243714612
GEN: 4100
Individuo: 
[1.03203793613118, 1.769599079290106, 1.997754637563703, 2.35076593332434, 1.292983961670131, 10.623527191879997, 2.5335127269898288, 49.97818736226053, 49.98714226111784, 49.99677590261387, 49.9846418400423, 1.975731855353815, 1.5685347351820627, 1.9925923355958366, 1.234064520893909, 1.8260070416164855, 0.425709025598881, 2.0555469218754987, 2.0469189985405083, 6.784715039351802, 2.9152630716985874, 1.995120971390531, 10.0, 0.5438382272917806]
APTIDAO: 
82.7003319498857
GEN: 4200
Individuo: 
[1.03203793613118, 1.769599079290106, 1.997754637563703, 2.35076593332434, 1.292983961670131, 10.623527191879997, 2.5335127269898288, 49.97818736226053, 49.98714226111784, 49.99677590261387, 49.9846418400423, 1.975731855353815, 1.5685347351820627, 1.9925923355958366, 1.234064520893909, 1.8260070416164855, 0.425709025598881, 2.0555469218754987, 2.0469189985405083, 6.784715039351802, 2.9152630716985874, 1.995120971390531, 10.0, 0.5438382272917806]
APTIDAO: 
82.7003319498857
GEN: 4300
Individuo: 
[1.03203793613118, 1.769599079290106, 1.997754637563703, 2.35076593332434, 1.292983961670131, 10.610209151957585, 2.5335127269898288, 49.97818736226053, 49.98714226111784, 49.99677590261387, 49.9846418400423, 1.975731855353815, 1.5685347351820627, 1.9925923355958366, 1.234064520893909, 1.8260070416164855, 0.425709025598881, 1.166018239400833, 2.0469189985405083, 6.784715039351802, 2.9152630716985874, 1.995120971390531, 10.0, 0.5438382272917806]
APTIDAO: 
82.70030506141543
GEN: 4400
Individuo: 
[1.03203793613118, 1.769599079290106, 1.997754637563703, 2.35076593332434, 1.292983961670131, 10.5889424769815, 2.5335127269898288, 49.97818736226053, 49.98714226111784, 49.99677590261387, 49.9846418400423, 1.975731855353815, 1.5685347351820627, 1.9925923355958366, 1.234064520893909, 1.8260070416164855, 0.425709025598881, 1.0398134355351145, 2.0469189985405083, 6.784715039351802, 2.9152630716985874, 1.995120971390531, 10.0, 0.5438382272917806]
APTIDAO: 
82.70026200753179
GEN: 4500
Individuo: 
[1.03203793613118, 1.769599079290106, 1.997754637563703, 2.35076593332434, 1.292983961670131, 10.585734939377499, 2.5335127269898288, 49.97818736226053, 49.98714226111784, 49.99677590261387, 49.9846418400423, 1.975731855353815, 1.5685347351820627, 1.9925923355958366, 1.234064520893909, 1.8260070416164855, 0.425709025598881, 1.0063480221892993, 2.0469189985405083, 6.784715039351802, 2.9152630716985874, 1.995120971390531, 10.0, 0.5438382272917806]
APTIDAO: 
82.70025550136839
GEN: 4600
Individuo: 
[1.03203793613118, 1.769599079290106, 1.997754637563703, 2.35076593332434, 1.292983961670131, 10.585734939377499, 2.5335127269898288, 49.97818736226053, 49.98714226111784, 49.99677590261387, 49.9846418400423, 1.975731855353815, 1.5685347351820627, 1.9925923355958366, 1.234064520893909, 1.8260070416164855, 0.425709025598881, 1.0063480221892993, 2.0469189985405083, 6.784715039351802, 2.9152630716985874, 1.995120971390531, 10.0, 0.5438382272917806]
APTIDAO: 
82.70025550136839
GEN: 4700
Individuo: 
[1.03203793613118, 1.769599079290106, 1.997754637563703, 2.35076593332434, 1.292983961670131, 10.585734939377499, 2.5335127269898288, 49.97818736226053, 49.98714226111784, 49.99677590261387, 49.9846418400423, 1.975731855353815, 1.5685347351820627, 1.9925923355958366, 1.234064520893909, 1.8260070416164855, 0.425709025598881, 1.0063480221892993, 2.0469189985405083, 6.784715039351802, 2.9152630716985874, 1.995120971390531, 10.0, 0.5438382272917806]
APTIDAO: 
82.70025550136839
GEN: 4800
Individuo: 
[1.03203793613118, 1.769599079290106, 1.997754637563703, 2.35076593332434, 1.292983961670131, 10.585734939377499, 2.5335127269898288, 49.97818736226053, 49.98714226111784, 49.99677590261387, 49.9846418400423, 1.975731855353815, 1.5685347351820627, 1.9925923355958366, 1.234064520893909, 1.8260070416164855, 0.425709025598881, 1.0063480221892993, 2.0469189985405083, 6.784715039351802, 2.9152630716985874, 1.995120971390531, 10.0, 0.5438382272917806]
APTIDAO: 
82.70025550136839
GEN: 4900
Individuo: 
[1.03203793613118, 1.769599079290106, 1.997754637563703, 2.35076593332434, 1.292983961670131, 10.585734939377499, 2.5335127269898288, 49.97818736226053, 49.98714226111784, 49.99677590261387, 49.9846418400423, 1.975731855353815, 1.5685347351820627, 1.9925923355958366, 1.234064520893909, 1.8260070416164855, 0.425709025598881, 1.0063480221892993, 2.0469189985405083, 6.784715039351802, 2.9152630716985874, 1.995120971390531, 10.0, 0.5438382272917806]
APTIDAO: 
82.70025550136839
GEN: 5000
Individuo: 
[1.03203793613118, 1.769599079290106, 1.997754637563703, 2.35076593332434, 1.292983961670131, 10.585734939377499, 2.5335127269898288, 49.97818736226053, 49.98714226111784, 49.99677590261387, 49.9846418400423, 1.975731855353815, 1.5685347351820627, 1.9925923355958366, 1.234064520893909, 1.8260070416164855, 0.425709025598881, 1.0063480221892993, 2.0469189985405083, 6.784715039351802, 2.9152630716985874, 1.995120971390531, 10.0, 0.5438382272917806]
APTIDAO: 
82.70025550136839
GEN: 5100
Individuo: 
[1.03203793613118, 1.769599079290106, 1.997754637563703, 2.35076593332434, 1.292983961670131, 10.585734939377499, 2.5335127269898288, 49.97818736226053, 49.98714226111784, 49.99677590261387, 49.9846418400423, 1.975731855353815, 1.5685347351820627, 1.9925923355958366, 1.234064520893909, 1.8260070416164855, 0.425709025598881, 1.0063480221892993, 2.0469189985405083, 6.784715039351802, 2.9152630716985874, 1.995120971390531, 10.0, 0.5438382272917806]
APTIDAO: 
82.70025550136839
GEN: 5200
Individuo: 
[1.03203793613118, 1.769599079290106, 1.997754637563703, 2.35076593332434, 1.292983961670131, 10.585734939377499, 2.5335127269898288, 49.97818736226053, 49.98714226111784, 49.99677590261387, 49.9846418400423, 1.975731855353815, 1.5685347351820627, 1.9925923355958366, 1.234064520893909, 1.8260070416164855, 0.425709025598881, 1.0063480221892993, 2.0469189985405083, 6.784715039351802, 2.9152630716985874, 1.995120971390531, 10.0, 0.5438382272917806]
APTIDAO: 
82.70025550136839
GEN: 5300
Individuo: 
[1.03203793613118, 1.769599079290106, 1.997754637563703, 2.35076593332434, 1.292983961670131, 10.585734939377499, 2.5335127269898288, 49.97818736226053, 49.98714226111784, 49.99677590261387, 49.9846418400423, 1.975731855353815, 1.5685347351820627, 1.9925923355958366, 1.234064520893909, 1.8260070416164855, 0.425709025598881, 1.0063480221892993, 2.0469189985405083, 6.784715039351802, 2.9152630716985874, 1.995120971390531, 10.0, 0.5438382272917806]
APTIDAO: 
82.70025550136839
GEN: 5400
Individuo: 
[1.03203793613118, 1.769599079290106, 1.997754637563703, 2.35076593332434, 1.292983961670131, 10.585734939377499, 2.5335127269898288, 49.97818736226053, 49.98714226111784, 49.99677590261387, 49.9846418400423, 1.975731855353815, 1.5685347351820627, 1.9925923355958366, 1.234064520893909, 1.8260070416164855, 0.425709025598881, 1.0063480221892993, 2.0469189985405083, 6.784715039351802, 2.9152630716985874, 1.995120971390531, 10.0, 0.5438382272917806]
APTIDAO: 
82.70025550136839
GEN: 5500
Individuo: 
[1.03203793613118, 1.769599079290106, 1.997754637563703, 2.35076593332434, 1.292983961670131, 10.585734939377499, 2.5335127269898288, 49.97818736226053, 49.98714226111784, 49.99677590261387, 49.9846418400423, 1.975731855353815, 1.5685347351820627, 1.9925923355958366, 1.234064520893909, 1.8260070416164855, 0.425709025598881, 1.0063480221892993, 2.0469189985405083, 6.784715039351802, 2.9152630716985874, 1.995120971390531, 10.0, 0.5438382272917806]
APTIDAO: 
82.70025550136839
GEN: 5600
Individuo: 
[1.03203793613118, 1.769599079290106, 1.997754637563703, 2.35076593332434, 1.292983961670131, 10.585734939377499, 2.5335127269898288, 49.97818736226053, 49.98714226111784, 49.99677590261387, 49.9846418400423, 1.975731855353815, 1.5685347351820627, 1.9925923355958366, 1.234064520893909, 1.8260070416164855, 0.425709025598881, 1.0063480221892993, 2.0469189985405083, 6.784715039351802, 2.9152630716985874, 1.995120971390531, 10.0, 0.5438382272917806]
APTIDAO: 
82.70025550136839
GEN: 5700
Individuo: 
[1.03203793613118, 1.769599079290106, 1.997754637563703, 2.35076593332434, 1.292983961670131, 10.585734939377499, 2.5335127269898288, 49.97818736226053, 49.98714226111784, 49.99677590261387, 49.9846418400423, 1.975731855353815, 1.5685347351820627, 1.9925923355958366, 1.234064520893909, 1.8260070416164855, 0.425709025598881, 1.0063480221892993, 2.0469189985405083, 6.784715039351802, 2.9152630716985874, 1.995120971390531, 10.0, 0.5438382272917806]
APTIDAO: 
82.70025550136839
GEN: 5800
Individuo: 
[1.03203793613118, 1.769599079290106, 1.997754637563703, 2.35076593332434, 1.292983961670131, 10.585734939377499, 2.5335127269898288, 49.97818736226053, 49.98714226111784, 49.99677590261387, 49.9846418400423, 1.975731855353815, 1.5685347351820627, 1.9925923355958366, 1.234064520893909, 1.8260070416164855, 0.425709025598881, 1.0063480221892993, 2.0469189985405083, 6.784715039351802, 2.9152630716985874, 1.995120971390531, 10.0, 0.5438382272917806]
APTIDAO: 
82.70025550136839
GEN: 5900
Individuo: 
[1.03203793613118, 1.769599079290106, 1.997754637563703, 2.35076593332434, 1.292983961670131, 10.585734939377499, 2.5335127269898288, 49.97818736226053, 49.98714226111784, 49.99677590261387, 49.9846418400423, 1.975731855353815, 1.5685347351820627, 1.9925923355958366, 1.234064520893909, 1.8260070416164855, 0.425709025598881, 1.0063480221892993, 2.0469189985405083, 6.784715039351802, 2.9152630716985874, 1.995120971390531, 10.0, 0.5438382272917806]
APTIDAO: 
82.70025550136839
GEN: 6000
Individuo: 
[1.03203793613118, 1.769599079290106, 1.997754637563703, 2.35076593332434, 1.292983961670131, 10.585734939377499, 2.5335127269898288, 49.97818736226053, 49.98714226111784, 49.99677590261387, 49.9846418400423, 1.975731855353815, 1.5685347351820627, 1.9925923355958366, 1.234064520893909, 1.8260070416164855, 0.425709025598881, 1.0063480221892993, 2.0469189985405083, 6.784715039351802, 2.9152630716985874, 1.995120971390531, 10.0, 0.5438382272917806]
APTIDAO: 
82.70025550136839
GEN: 6100
Individuo: 
[1.03203793613118, 1.769599079290106, 1.997754637563703, 2.35076593332434, 1.292983961670131, 10.585734939377499, 2.5335127269898288, 49.97818736226053, 49.98714226111784, 49.99677590261387, 49.9846418400423, 1.975731855353815, 1.5685347351820627, 1.9925923355958366, 1.234064520893909, 1.8260070416164855, 0.425709025598881, 1.0063480221892993, 2.0469189985405083, 6.784715039351802, 2.9152630716985874, 1.995120971390531, 10.0, 0.5438382272917806]
APTIDAO: 
82.70025550136839
GEN: 6200
Individuo: 
[1.03203793613118, 1.769599079290106, 1.997754637563703, 2.35076593332434, 1.292983961670131, 10.585734939377499, 2.5335127269898288, 49.97818736226053, 49.98714226111784, 49.99677590261387, 49.9846418400423, 1.975731855353815, 1.5685347351820627, 1.9925923355958366, 1.234064520893909, 1.8260070416164855, 0.425709025598881, 1.0063480221892993, 2.0469189985405083, 6.784715039351802, 2.9152630716985874, 1.995120971390531, 10.0, 0.5438382272917806]
APTIDAO: 
82.70025550136839
GEN: 6300
Individuo: 
[1.03203793613118, 1.769599079290106, 1.997754637563703, 2.35076593332434, 1.292983961670131, 10.585734939377499, 2.5335127269898288, 49.97818736226053, 49.98714226111784, 49.99677590261387, 49.9846418400423, 1.975731855353815, 1.5685347351820627, 1.9925923355958366, 1.234064520893909, 1.8260070416164855, 0.425709025598881, 1.0063480221892993, 2.0469189985405083, 6.784715039351802, 2.9152630716985874, 1.995120971390531, 10.0, 0.5438382272917806]
APTIDAO: 
82.70025550136839
GEN: 6400
Individuo: 
[1.03203793613118, 1.769599079290106, 1.997754637563703, 2.35076593332434, 1.292983961670131, 10.585734939377499, 2.5335127269898288, 49.97818736226053, 49.98714226111784, 49.99677590261387, 49.9846418400423, 1.975731855353815, 1.5685347351820627, 1.9925923355958366, 1.234064520893909, 1.8260070416164855, 0.425709025598881, 1.0063480221892993, 2.0469189985405083, 6.784715039351802, 2.9152630716985874, 1.995120971390531, 10.0, 0.5438382272917806]
APTIDAO: 
82.70025550136839
GEN: 6500
Individuo: 
[1.03203793613118, 1.7714732667818511, 1.997754637563703, 2.35076593332434, 1.292983961670131, 10.585734939377499, 2.5335127269898288, 49.97818736226053, 49.98714226111784, 49.99677590261387, 49.9846418400423, 1.975731855353815, 1.5685347351820627, 3.4054156523639154, 1.234064520893909, 1.8260070416164855, 0.425709025598881, 1.0063480221892993, 2.0469189985405083, 6.784715039351802, 2.9152630716985874, 1.995120971390531, 10.0, 0.5438382272917806]
APTIDAO: 
82.70023652051891
GEN: 6600
Individuo: 
[1.03203793613118, 1.7714732667818511, 1.997754637563703, 2.35076593332434, 1.292983961670131, 10.585734939377499, 2.5335127269898288, 49.97818736226053, 49.98714226111784, 49.99677590261387, 49.9846418400423, 1.975731855353815, 1.5685347351820627, 3.4054156523639154, 1.234064520893909, 1.8260070416164855, 0.425709025598881, 1.0063480221892993, 2.0469189985405083, 6.784715039351802, 2.9152630716985874, 1.995120971390531, 10.0, 0.5438382272917806]
APTIDAO: 
82.70023652051891
GEN: 6700
Individuo: 
[1.03203793613118, 1.7714732667818511, 1.997754637563703, 2.3463335225413235, 1.292983961670131, 10.695921506247467, 2.5335127269898288, 49.97818736226053, 49.98714226111784, 49.99677590261387, 49.9846418400423, 1.975731855353815, 1.5685347351820627, 3.4054156523639154, 1.234064520893909, 1.7801949263214383, 0.425709025598881, 1.4050520360515357, 2.0469189985405083, 6.784715039351802, 2.9152630716985874, 1.995120971390531, 10.0, 0.5438382272917806]
APTIDAO: 
82.7002183705543
GEN: 6800
Individuo: 
[1.03203793613118, 1.7714732667818511, 1.997754637563703, 2.3463335225413235, 1.292983961670131, 10.695921506247467, 2.5335127269898288, 49.97818736226053, 49.98714226111784, 49.99677590261387, 49.9846418400423, 1.975731855353815, 1.5685347351820627, 3.4054156523639154, 1.234064520893909, 1.7801949263214383, 0.425709025598881, 1.4050520360515357, 2.0469189985405083, 6.784715039351802, 2.9152630716985874, 1.995120971390531, 10.0, 0.5438382272917806]
APTIDAO: 
82.7002183705543
GEN: 6900
Individuo: 
[1.03203793613118, 1.7714732667818511, 1.997754637563703, 2.3463335225413235, 1.292983961670131, 10.621846541035007, 2.5335127269898288, 49.97818736226053, 49.98714226111784, 49.99677590261387, 49.9846418400423, 1.975731855353815, 1.5685347351820627, 3.4054156523639154, 1.234064520893909, 1.7801949263214383, 0.425709025598881, 3.1484590185326966, 2.0469189985405083, 6.784715039351802, 2.9152630716985874, 1.995120971390531, 10.0, 0.5438382272917806]
APTIDAO: 
82.70006982881976
GEN: 7000
Individuo: 
[1.03203793613118, 1.7714732667818511, 1.997754637563703, 2.3463335225413235, 1.292983961670131, 10.621846541035007, 2.5335127269898288, 49.97818736226053, 49.98714226111784, 49.99677590261387, 49.9846418400423, 1.975731855353815, 1.5685347351820627, 3.4054156523639154, 1.234064520893909, 1.7801949263214383, 0.425709025598881, 3.1484590185326966, 2.0469189985405083, 6.784715039351802, 2.9152630716985874, 1.995120971390531, 10.0, 0.5438382272917806]
APTIDAO: 
82.70006982881976
GEN: 7100
Individuo: 
[1.03203793613118, 1.7766267834952307, 1.997754637563703, 2.3463335225413235, 1.292983961670131, 10.621846541035007, 2.5086172254627823, 49.97818736226053, 49.98714226111784, 49.99677590261387, 49.9846418400423, 1.975731855353815, 1.5685347351820627, 4.407253105993706, 1.234064520893909, 1.7801949263214383, 0.425709025598881, 3.1484590185326966, 0.7781144925602722, 6.784715039351802, 2.9152630716985874, 1.995120971390531, 10.0, 0.5438382272917806]
APTIDAO: 
82.69993967285266
GEN: 7200
Individuo: 
[1.03203793613118, 1.7766267834952307, 1.997754637563703, 2.3427546929564294, 1.292983961670131, 10.621846541035007, 2.5086172254627823, 49.97818736226053, 49.98714226111784, 49.99677590261387, 49.9846418400423, 1.975731855353815, 1.5685347351820627, 4.407253105993706, 1.234064520893909, 0.7635602523177264, 0.425709025598881, 3.1484590185326966, 0.7781144925602722, 6.784715039351802, 2.9152630716985874, 1.995120971390531, 10.0, 0.5438382272917806]
APTIDAO: 
82.69990577735513
GEN: 7300
Individuo: 
[1.03203793613118, 1.7766267834952307, 1.997754637563703, 2.341018016729179, 1.292983961670131, 10.544864978563126, 2.5086172254627823, 49.97818736226053, 49.98714226111784, 49.99677590261387, 49.9846418400423, 1.975731855353815, 1.5685347351820627, 4.407253105993706, 1.234064520893909, 1.2357739020056973, 0.425709025598881, 4.286397317513112, 0.7781144925602722, 6.784715039351802, 2.9152630716985874, 1.995120971390531, 10.0, 0.5438382272917806]
APTIDAO: 
82.69974503311018
GEN: 7400
Individuo: 
[1.03203793613118, 1.7766267834952307, 1.997754637563703, 2.341018016729179, 1.292983961670131, 10.429449602103917, 2.510038126416755, 49.97818736226053, 49.98714226111784, 49.99677590261387, 49.9846418400423, 1.975731855353815, 1.5685347351820627, 4.407253105993706, 1.234064520893909, 1.2357739020056973, 0.425709025598881, 9.050510092256218, 1.155540100588099, 6.784715039351802, 2.9152630716985874, 1.995120971390531, 10.0, 0.5438382272917806]
APTIDAO: 
82.69948098800722
GEN: 7500
Individuo: 
[1.03203793613118, 1.7766267834952307, 1.997754637563703, 2.341018016729179, 1.292983961670131, 10.429449602103917, 2.510038126416755, 49.97818736226053, 49.98714226111784, 49.99677590261387, 49.9846418400423, 1.975731855353815, 1.5685347351820627, 4.407253105993706, 1.234064520893909, 1.2357739020056973, 0.425709025598881, 9.050510092256218, 1.155540100588099, 6.784715039351802, 2.9152630716985874, 1.995120971390531, 10.0, 0.5438382272917806]
APTIDAO: 
82.69948098800722
GEN: 7600
Individuo: 
[1.03203793613118, 1.7766267834952307, 1.997754637563703, 2.341018016729179, 1.2911221985110806, 10.429449602103917, 2.510038126416755, 49.97818736226053, 49.98714226111784, 49.99677590261387, 49.9846418400423, 1.980630651813489, 1.5685347351820627, 4.407253105993706, 1.234064520893909, 1.2357739020056973, 0.7588831563030346, 9.050510092256218, 1.155540100588099, 6.784715039351802, 2.9152630716985874, 1.995120971390531, 10.0, 0.8680172676811237]
APTIDAO: 
82.69944305074905
GEN: 7700
Individuo: 
[1.03203793613118, 1.7766267834952307, 1.997754637563703, 2.341018016729179, 1.2911221985110806, 10.429449602103917, 2.510038126416755, 49.97818736226053, 49.98714226111784, 49.99677590261387, 49.9846418400423, 1.980630651813489, 1.5685347351820627, 4.407253105993706, 1.234064520893909, 1.2357739020056973, 0.7588831563030346, 9.050510092256218, 1.155540100588099, 6.784715039351802, 2.9152630716985874, 1.995120971390531, 10.0, 0.8680172676811237]
APTIDAO: 
82.69944305074905
GEN: 7800
Individuo: 
[1.03203793613118, 1.7766267834952307, 1.997754637563703, 2.341018016729179, 1.2911221985110806, 10.429449602103917, 2.510038126416755, 49.97818736226053, 49.98714226111784, 49.99677590261387, 49.9846418400423, 1.980630651813489, 1.5685347351820627, 4.407253105993706, 1.234064520893909, 1.2357739020056973, 0.7588831563030346, 9.050510092256218, 1.155540100588099, 6.784715039351802, 2.9152630716985874, 1.995120971390531, 10.0, 0.8680172676811237]
APTIDAO: 
82.69944305074905
GEN: 7900
Individuo: 
[1.03203793613118, 1.7766267834952307, 1.997754637563703, 2.341018016729179, 1.2911221985110806, 10.429449602103917, 2.510038126416755, 49.97818736226053, 49.98714226111784, 49.99677590261387, 49.9846418400423, 1.980630651813489, 1.5685347351820627, 4.407253105993706, 1.234064520893909, 1.2357739020056973, 0.7588831563030346, 9.050510092256218, 1.155540100588099, 6.784715039351802, 2.9152630716985874, 1.995120971390531, 10.0, 0.8680172676811237]
APTIDAO: 
82.69944305074905
GEN: 8000
Individuo: 
[1.03203793613118, 1.7766267834952307, 1.997754637563703, 2.341018016729179, 1.2911221985110806, 10.429449602103917, 2.510038126416755, 49.97818736226053, 49.98714226111784, 49.99677590261387, 49.9846418400423, 1.980630651813489, 1.5685347351820627, 4.407253105993706, 1.234064520893909, 1.2357739020056973, 0.7588831563030346, 9.050510092256218, 1.155540100588099, 6.784715039351802, 2.9152630716985874, 1.995120971390531, 10.0, 0.8680172676811237]
APTIDAO: 
82.69944305074905
GEN: 8100
Individuo: 
[1.03203793613118, 1.7766267834952307, 2.0016017646537128, 2.341018016729179, 1.2911221985110806, 10.429449602103917, 2.5141524697833573, 49.97818736226053, 49.98714226111784, 49.99677590261387, 49.9846418400423, 1.980630651813489, 1.5685347351820627, 4.407253105993706, 1.4802361418067729, 1.2357739020056973, 0.7588831563030346, 9.050510092256218, 0.814851887207161, 6.784715039351802, 2.9152630716985874, 1.995120971390531, 10.0, 0.8680172676811237]
APTIDAO: 
82.69932338509616
GEN: 8200
Individuo: 
[1.0319330856468838, 1.7766267834952307, 2.0016017646537128, 2.341018016729179, 1.2911221985110806, 10.429449602103917, 2.5141524697833573, 49.97818736226053, 49.98714226111784, 49.99677590261387, 49.9846418400423, 1.980630651813489, 2.4140552847493075, 4.407253105993706, 1.4802361418067729, 1.2357739020056973, 0.7588831563030346, 9.050510092256218, 0.814851887207161, 6.784715039351802, 2.9152630716985874, 1.995120971390531, 10.0, 0.8680172676811237]
APTIDAO: 
82.69931612059848
GEN: 8300
Individuo: 
[1.0319330856468838, 1.7766267834952307, 2.0016017646537128, 2.3400675991918054, 1.2911221985110806, 10.429449602103917, 2.5141524697833573, 49.97818736226053, 49.98714226111784, 49.99677590261387, 49.9846418400423, 1.980630651813489, 2.4140552847493075, 4.407253105993706, 1.4802361418067729, 0.6337440294823218, 0.7588831563030346, 9.050510092256218, 0.814851887207161, 6.784715039351802, 2.9152630716985874, 1.995120971390531, 10.0, 0.8680172676811237]
APTIDAO: 
82.6992987541626
GEN: 8400
Individuo: 
[1.0319330856468838, 1.7766267834952307, 2.0016017646537128, 2.3400675991918054, 1.2911221985110806, 10.429449602103917, 2.5141524697833573, 49.97818736226053, 49.98714226111784, 49.99677590261387, 49.9846418400423, 1.980630651813489, 2.4140552847493075, 4.407253105993706, 1.4802361418067729, 0.6337440294823218, 0.7588831563030346, 9.050510092256218, 0.814851887207161, 6.784715039351802, 2.9152630716985874, 1.995120971390531, 10.0, 0.8680172676811237]
APTIDAO: 
82.6992987541626
GEN: 8500
Individuo: 
[1.0319330856468838, 1.7766267834952307, 2.0016017646537128, 2.3400675991918054, 1.2911221985110806, 10.429449602103917, 2.5141524697833573, 49.97818736226053, 49.98714226111784, 49.99677590261387, 49.9846418400423, 1.980630651813489, 2.4140552847493075, 4.407253105993706, 1.4802361418067729, 0.6337440294823218, 0.7588831563030346, 9.050510092256218, 0.814851887207161, 6.784715039351802, 2.9152630716985874, 1.995120971390531, 10.0, 0.8680172676811237]
APTIDAO: 
82.6992987541626
GEN: 8600
Individuo: 
[1.0319330856468838, 1.7766267834952307, 2.0016017646537128, 2.3400675991918054, 1.2911221985110806, 10.429449602103917, 2.5141524697833573, 49.97818736226053, 49.98714226111784, 49.99677590261387, 49.9846418400423, 1.980630651813489, 2.4140552847493075, 4.407253105993706, 1.4802361418067729, 0.6337440294823218, 0.7588831563030346, 9.050510092256218, 0.814851887207161, 6.784715039351802, 2.9152630716985874, 1.995120971390531, 10.0, 0.8680172676811237]
APTIDAO: 
82.6992987541626
GEN: 8700
Individuo: 
[1.0319330856468838, 1.7766267834952307, 2.0016017646537128, 2.3400675991918054, 1.2911221985110806, 10.429449602103917, 2.5141524697833573, 49.97818736226053, 49.98714226111784, 49.99677590261387, 49.9846418400423, 1.980630651813489, 2.4140552847493075, 4.407253105993706, 1.4802361418067729, 0.6337440294823218, 0.7588831563030346, 9.050510092256218, 0.814851887207161, 6.784715039351802, 2.9152630716985874, 1.995120971390531, 10.0, 0.8680172676811237]
APTIDAO: 
82.6992987541626
GEN: 8800
Individuo: 
[1.0319330856468838, 1.7766267834952307, 2.0016017646537128, 2.3400675991918054, 1.2911221985110806, 10.429449602103917, 2.5141524697833573, 49.97818736226053, 49.98714226111784, 49.99677590261387, 49.9846418400423, 1.980630651813489, 2.4140552847493075, 4.407253105993706, 1.4802361418067729, 0.6337440294823218, 0.7588831563030346, 9.050510092256218, 0.814851887207161, 6.784715039351802, 2.9152630716985874, 1.995120971390531, 10.0, 0.8680172676811237]
APTIDAO: 
82.6992987541626
GEN: 8900
Individuo: 
[1.0319330856468838, 1.7766267834952307, 2.0016017646537128, 2.3400675991918054, 1.2911221985110806, 10.429449602103917, 2.5141524697833573, 49.97818736226053, 49.98714226111784, 49.99677590261387, 49.9846418400423, 1.980630651813489, 2.4140552847493075, 4.407253105993706, 1.4802361418067729, 0.6337440294823218, 0.7588831563030346, 9.050510092256218, 0.814851887207161, 6.784715039351802, 2.9152630716985874, 1.995120971390531, 10.0, 0.8680172676811237]
APTIDAO: 
82.6992987541626
GEN: 9000
Individuo: 
[1.0319330856468838, 1.7766267834952307, 2.0016017646537128, 2.3400675991918054, 1.2911221985110806, 10.429449602103917, 2.5141524697833573, 49.97818736226053, 49.98714226111784, 49.99677590261387, 49.9846418400423, 1.980630651813489, 2.4140552847493075, 4.407253105993706, 1.4802361418067729, 0.6337440294823218, 0.7588831563030346, 9.050510092256218, 0.814851887207161, 6.784715039351802, 2.9152630716985874, 1.995120971390531, 10.0, 0.8680172676811237]
APTIDAO: 
82.6992987541626
GEN: 9100
Individuo: 
[1.0319330856468838, 1.7766267834952307, 2.0016017646537128, 2.3400675991918054, 1.2911221985110806, 10.429449602103917, 2.5141524697833573, 49.97928193717548, 49.98714226111784, 49.99677590261387, 49.9846418400423, 1.980630651813489, 2.4140552847493075, 4.407253105993706, 1.4802361418067729, 0.6337440294823218, 0.7588831563030346, 9.050510092256218, 0.814851887207161, 3.4115463471719525, 2.9152630716985874, 1.995120971390531, 10.0, 0.8680172676811237]
APTIDAO: 
82.69929809882657
GEN: 9200
Individuo: 
[1.0319330856468838, 1.7766267834952307, 2.0016017646537128, 2.3400675991918054, 1.2911221985110806, 10.429449602103917, 2.5141524697833573, 49.97928193717548, 49.98714226111784, 49.99677590261387, 49.9846418400423, 1.980630651813489, 2.4140552847493075, 4.407253105993706, 1.4802361418067729, 0.6337440294823218, 0.7588831563030346, 9.050510092256218, 0.814851887207161, 3.4115463471719525, 2.9152630716985874, 1.995120971390531, 10.0, 0.8680172676811237]
APTIDAO: 
82.69929809882657
GEN: 9300
Individuo: 
[1.0319330856468838, 1.7766267834952307, 2.0016017646537128, 2.3400675991918054, 1.2911221985110806, 10.429449602103917, 2.5141524697833573, 49.97928193717548, 49.98714226111784, 49.99677590261387, 49.9846418400423, 1.980630651813489, 2.4140552847493075, 4.407253105993706, 1.4802361418067729, 0.6337440294823218, 0.7588831563030346, 9.050510092256218, 0.814851887207161, 3.4115463471719525, 2.9152630716985874, 1.995120971390531, 10.0, 0.8680172676811237]
APTIDAO: 
82.69929809882657
GEN: 9400
Individuo: 
[1.0319330856468838, 1.7766267834952307, 2.0016017646537128, 2.3400675991918054, 1.2911221985110806, 10.429449602103917, 2.5141524697833573, 49.97928193717548, 49.98714226111784, 49.99677590261387, 49.9846418400423, 1.980630651813489, 2.4140552847493075, 4.407253105993706, 1.4802361418067729, 0.6337440294823218, 0.7588831563030346, 9.050510092256218, 0.814851887207161, 3.4115463471719525, 2.9152630716985874, 1.995120971390531, 10.0, 0.8680172676811237]
APTIDAO: 
82.69929809882657
GEN: 9500
Individuo: 
[1.0319330856468838, 1.7766267834952307, 2.0016017646537128, 2.3400675991918054, 1.2911221985110806, 10.429449602103917, 2.5141524697833573, 49.97928193717548, 49.98714226111784, 49.99677590261387, 49.9846418400423, 1.980630651813489, 2.4140552847493075, 4.407253105993706, 1.4802361418067729, 0.6337440294823218, 0.7588831563030346, 9.050510092256218, 0.814851887207161, 3.4115463471719525, 2.9152630716985874, 1.995120971390531, 10.0, 0.8680172676811237]
APTIDAO: 
82.69929809882657
GEN: 9600
Individuo: 
[1.0319330856468838, 1.7766267834952307, 2.0016017646537128, 2.3400675991918054, 1.2911221985110806, 10.429449602103917, 2.5141524697833573, 49.97928193717548, 49.98714226111784, 49.99677590261387, 49.9846418400423, 1.980630651813489, 2.4140552847493075, 4.407253105993706, 1.4802361418067729, 0.6337440294823218, 0.7588831563030346, 9.050510092256218, 0.814851887207161, 3.4115463471719525, 2.9152630716985874, 1.995120971390531, 10.0, 0.8680172676811237]
APTIDAO: 
82.69929809882657
GEN: 9700
Individuo: 
[1.0321793732767846, 1.7766267834952307, 2.0016017646537128, 2.3400675991918054, 1.2911221985110806, 10.429449602103917, 2.5141524697833573, 49.97928193717548, 49.98714226111784, 49.99677590261387, 49.9846418400423, 1.980630651813489, 1.2926721809011321, 4.407253105993706, 1.4802361418067729, 0.6337440294823218, 0.7588831563030346, 9.050510092256218, 0.814851887207161, 3.4115463471719525, 2.9152630716985874, 1.995120971390531, 10.0, 0.8680172676811237]
APTIDAO: 
82.69928202633483
GEN: 9800
Individuo: 
[1.0321793732767846, 1.7766267834952307, 2.0016017646537128, 2.3400675991918054, 1.2911221985110806, 10.429449602103917, 2.5141524697833573, 49.97928193717548, 49.98714226111784, 49.99677590261387, 49.9846418400423, 1.980630651813489, 1.2926721809011321, 4.407253105993706, 1.4802361418067729, 0.6337440294823218, 0.7588831563030346, 9.050510092256218, 0.814851887207161, 3.4115463471719525, 2.9152630716985874, 1.995120971390531, 10.0, 0.8680172676811237]
APTIDAO: 
82.69928202633483
GEN: 9900
Individuo: 
[1.0321793732767846, 1.7766267834952307, 2.0016017646537128, 2.3400675991918054, 1.2911221985110806, 10.429449602103917, 2.5141524697833573, 49.97928193717548, 49.98714226111784, 49.99677590261387, 49.9846418400423, 1.980630651813489, 1.2926721809011321, 4.407253105993706, 1.4802361418067729, 0.6337440294823218, 0.7588831563030346, 9.050510092256218, 0.814851887207161, 3.4115463471719525, 2.9152630716985874, 1.995120971390531, 10.0, 0.8680172676811237]
APTIDAO: 
82.69928202633483
GEN: 10000
Individuo: 
[1.0321793732767846, 1.7766267834952307, 2.0016017646537128, 2.3400675991918054, 1.2911221985110806, 10.429449602103917, 2.5141524697833573, 49.97928193717548, 49.98714226111784, 49.99677590261387, 49.9846418400423, 1.980630651813489, 1.2926721809011321, 4.407253105993706, 1.4802361418067729, 0.6337440294823218, 0.7588831563030346, 9.050510092256218, 0.814851887207161, 3.4115463471719525, 2.9152630716985874, 1.995120971390531, 10.0, 0.8680172676811237]
APTIDAO: 
82.69928202633483

--- RESULTADO FINAL ---
Erro (norma-1): 82.69928202633483
Parametros: [1.0321793732767846, 1.7766267834952307, 2.0016017646537128, 2.3400675991918054, 1.2911221985110806, 10.429449602103917, 2.5141524697833573, 49.97928193717548, 49.98714226111784, 49.99677590261387, 49.9846418400423, 1.980630651813489]
Tempo total: 00h 30m 06s
