SEED: 1778414975
BOUNDS: tau=[0.1, 5.0]  Km=[0.01, 10.0]
GEN: 0
Individuo: 
[2.2036584761818623, 0.8307004590702056, 1.0147462760056647, 2.509923831017125, 1.2639016953874065, 9.248381506260719, 6.239485604584032, 7.030900588902417, 8.389487448826872, 4.7326073390052725, 6.045184144622958, 2.253838079602874, 1.7190430878656286, 3.224699784858135, 3.3562546745163178, 7.2005508965401015, 1.6157395581582013, 4.963994228671498, 4.624836781874201, 9.073604459930454, 0.889070461913518, 2.4467713713609527, 6.185921629954617, 9.0812101009692]
APTIDAO: 
91.95232002778387
GEN: 100
Individuo: 
[1.1712683475000654, 1.431571352150001, 1.735149540412809, 2.947648610338179, 1.2639016953874065, 9.248381506260719, 4.613215561145936, 8.742911214813459, 8.273660551553478, 9.578356404969895, 9.045124778418666, 3.105393795525098, 1.8330452427832302, 2.3485518143489417, 2.197980023821273, 10.0, 1.6157395581582013, 4.963994228671498, 1.2358203351496337, 4.002255455215874, 1.7494895561943742, 3.342412868395453, 3.008592223857589, 2.728929631073025]
APTIDAO: 
84.57547921503563
GEN: 200
Individuo: 
[1.1135187200133823, 1.6501117959158458, 2.25041515403114, 2.6373048686696348, 1.1532658062629588, 7.104039156484328, 3.709571514796596, 9.578868110586928, 9.800394653612985, 9.578356404969895, 9.897003623188647, 2.996883804742465, 0.7437032457748822, 2.769714446683794, 3.612529382360039, 8.317473032801322, 1.4274133088026837, 2.3719990420362134, 1.291431784317718, 1.936491368738991, 5.03450003856751, 3.342412868395453, 4.843692810987601, 8.088487199470334]
APTIDAO: 
83.98908352996261
GEN: 300
Individuo: 
[1.1135187200133823, 1.6501117959158458, 1.9743305195188903, 2.6427815023267773, 1.234998129131436, 6.3024892773575525, 3.5005165850551907, 9.816534807512017, 9.800394653612985, 9.785002620791198, 9.897003623188647, 3.908643591475655, 0.7437032457748822, 2.769714446683794, 3.082915288140961, 10.0, 2.582273140867426, 1.7019951816779417, 1.3463613307639866, 3.112876165046019, 5.03450003856751, 8.744620295299141, 4.843692810987601, 9.480965553655942]
APTIDAO: 
83.88139010781512
GEN: 400
Individuo: 
[1.1135187200133823, 1.6501117959158458, 1.9805211645906962, 2.6427815023267773, 1.234998129131436, 6.3024892773575525, 3.6372725054917217, 9.816534807512017, 9.979775297695634, 9.879986654516681, 9.94722079372369, 4.165463232531756, 0.7437032457748822, 2.769714446683794, 7.839396977976363, 10.0, 2.582273140867426, 1.7019951816779417, 1.7232614456935127, 3.112876165046019, 3.4418212555967154, 10.0, 3.7737187583978944, 8.890526456981704]
APTIDAO: 
83.86944318886778
GEN: 500
Individuo: 
[1.0663727619240446, 1.7179683227951066, 1.9805211645906962, 2.600432927868313, 1.2948810252376894, 5.987743711413416, 3.4136473949983475, 9.830861310273344, 9.979775297695634, 9.879986654516681, 9.94722079372369, 4.681583317819614, 0.714309980703097, 0.9833881518780929, 7.839396977976363, 10.0, 0.7665973494303827, 1.216993132924861, 3.857883686223156, 3.397208326299368, 3.4418212555967154, 10.0, 3.7737187583978944, 10.0]
APTIDAO: 
83.78312208918345
GEN: 600
Individuo: 
[1.0489203128077749, 1.7179683227951066, 1.9805211645906962, 2.585426079239959, 1.2948810252376894, 6.071872189181479, 3.4641499927846584, 9.830861310273344, 9.979775297695634, 9.933771803906671, 9.94722079372369, 4.115551776296409, 0.7850647323859503, 0.9833881518780929, 7.839396977976363, 9.458842116456953, 0.7665973494303827, 2.494938724005351, 3.804154895193348, 3.397208326299368, 3.4418212555967154, 10.0, 3.7737187583978944, 9.742955668032277]
APTIDAO: 
83.77196871494564
GEN: 700
Individuo: 
[1.0489203128077749, 1.7179683227951066, 1.9805211645906962, 2.585426079239959, 1.2948810252376894, 5.9349817291314055, 3.48444591395828, 9.88168349742413, 9.979775297695634, 9.933771803906671, 9.997612572659444, 4.115551776296409, 0.7850647323859503, 0.9833881518780929, 7.839396977976363, 9.458842116456953, 0.7665973494303827, 2.847809632621514, 3.474147357927296, 1.996152060259109, 3.4418212555967154, 10.0, 3.920875438386572, 9.742955668032277]
APTIDAO: 
83.76715352449796
GEN: 800
Individuo: 
[1.0476123854484276, 1.7501994617904277, 1.9805211645906962, 2.5154416834887883, 1.2948810252376894, 5.9349817291314055, 3.48444591395828, 9.91270412871895, 9.979775297695634, 9.974338128321888, 9.997612572659444, 4.115551776296409, 0.8102317306920663, 0.7635157475271201, 7.839396977976363, 5.12381220422416, 0.7665973494303827, 2.847809632621514, 3.474147357927296, 1.653130403558861, 3.4418212555967154, 6.4197685803383155, 3.920875438386572, 9.742955668032277]
APTIDAO: 
83.75074388700726
GEN: 900
Individuo: 
[1.0476123854484276, 1.7501994617904277, 1.9795605397498082, 2.5154416834887883, 1.2948810252376894, 5.9349817291314055, 3.48444591395828, 9.91270412871895, 9.986165168489913, 9.974338128321888, 9.997612572659444, 4.115551776296409, 0.8102317306920663, 0.7635157475271201, 6.386957854579801, 5.12381220422416, 0.7665973494303827, 2.847809632621514, 3.474147357927296, 1.653130403558861, 0.8647120912413931, 6.4197685803383155, 3.920875438386572, 9.742955668032277]
APTIDAO: 
83.75054379926073
GEN: 1000
Individuo: 
[1.0476123854484276, 1.7501994617904277, 1.9795605397498082, 2.5154416834887883, 1.2948810252376894, 5.9349817291314055, 3.48444591395828, 9.91270412871895, 9.986165168489913, 9.974338128321888, 9.997612572659444, 4.133723791061406, 0.8102317306920663, 0.7635157475271201, 6.386957854579801, 5.12381220422416, 0.7665973494303827, 2.847809632621514, 3.474147357927296, 1.653130403558861, 0.8647120912413931, 6.4197685803383155, 3.920875438386572, 9.578181653611413]
APTIDAO: 
83.75052669547748
GEN: 1100
Individuo: 
[1.0476123854484276, 1.7501994617904277, 1.9795605397498082, 2.5154416834887883, 1.2948810252376894, 5.9349817291314055, 3.48444591395828, 9.91270412871895, 9.986165168489913, 9.974338128321888, 9.997612572659444, 4.133723791061406, 0.8102317306920663, 0.7635157475271201, 6.386957854579801, 5.12381220422416, 0.7665973494303827, 2.847809632621514, 3.474147357927296, 1.653130403558861, 0.8647120912413931, 6.4197685803383155, 3.920875438386572, 9.578181653611413]
APTIDAO: 
83.75052669547748
GEN: 1200
Individuo: 
[1.0476123854484276, 1.7860072669518403, 1.9795605397498082, 2.5154416834887883, 1.2948810252376894, 5.9349817291314055, 3.48444591395828, 9.91270412871895, 9.986165168489913, 9.974338128321888, 9.997612572659444, 4.763408144602071, 0.8102317306920663, 0.9377381668797483, 6.386957854579801, 5.12381220422416, 0.7665973494303827, 2.847809632621514, 3.474147357927296, 1.653130403558861, 0.8647120912413931, 6.4197685803383155, 3.920875438386572, 10.0]
APTIDAO: 
83.74483609638413
GEN: 1300
Individuo: 
[1.0415914923963456, 1.7860072669518403, 1.8918306653966863, 2.5154416834887883, 1.3214785097503208, 5.666947207198865, 3.48444591395828, 9.91270412871895, 9.986165168489913, 9.974338128321888, 9.997612572659444, 4.763408144602071, 1.3965116976429341, 0.9377381668797483, 8.346211747678355, 5.12381220422416, 0.69103938752866, 1.3449699426326664, 3.474147357927296, 1.653130403558861, 0.8647120912413931, 6.4197685803383155, 3.920875438386572, 10.0]
APTIDAO: 
83.737476991455
GEN: 1400
Individuo: 
[1.033433987131062, 1.8274085939352096, 1.8918306653966863, 2.5169906813823117, 1.3214785097503208, 5.666947207198865, 3.48444591395828, 9.91270412871895, 9.986165168489913, 9.974338128321888, 9.997612572659444, 4.763408144602071, 1.1417853399028188, 0.9974438437683181, 8.346211747678355, 4.6444625907696935, 0.69103938752866, 1.3449699426326664, 3.474147357927296, 1.653130403558861, 0.8647120912413931, 6.4197685803383155, 3.920875438386572, 10.0]
APTIDAO: 
83.73190710569416
GEN: 1500
Individuo: 
[1.0381224343848292, 1.8185696398787128, 1.8918306653966863, 2.5169906813823117, 1.3151107464514766, 5.666947207198865, 3.48444591395828, 9.91270412871895, 9.986165168489913, 9.974338128321888, 9.997612572659444, 5.329154407074104, 1.4767871896365958, 0.9419087479889791, 8.346211747678355, 4.6444625907696935, 0.7560618341526484, 1.3449699426326664, 3.474147357927296, 1.653130403558861, 0.8647120912413931, 6.4197685803383155, 3.920875438386572, 8.298744032130973]
APTIDAO: 
83.73021296780406
GEN: 1600
Individuo: 
[1.0381224343848292, 1.8185696398787128, 1.8918306653966863, 2.5169906813823117, 1.3151107464514766, 5.413454822318109, 3.48444591395828, 9.91270412871895, 9.986165168489913, 9.974338128321888, 9.997612572659444, 5.092042830718879, 1.4767871896365958, 0.9419087479889791, 8.346211747678355, 4.6444625907696935, 0.7560618341526484, 1.3017504089478014, 3.474147357927296, 1.653130403558861, 0.8647120912413931, 6.4197685803383155, 3.920875438386572, 2.540095033542773]
APTIDAO: 
83.7280114810501
GEN: 1700
Individuo: 
[1.0381224343848292, 1.8185696398787128, 1.8918306653966863, 2.5169906813823117, 1.3151107464514766, 5.404091964872397, 3.48444591395828, 9.91270412871895, 9.986165168489913, 9.974338128321888, 9.997612572659444, 5.096819583059238, 1.4767871896365958, 0.9419087479889791, 8.346211747678355, 4.6444625907696935, 0.7560618341526484, 0.8573154618547395, 3.474147357927296, 1.653130403558861, 0.8647120912413931, 6.4197685803383155, 3.920875438386572, 2.391646717591632]
APTIDAO: 
83.72793306606101
GEN: 1800
Individuo: 
[1.0381224343848292, 1.8185696398787128, 1.8918306653966863, 2.5169906813823117, 1.3151107464514766, 5.404091964872397, 3.48444591395828, 9.91270412871895, 9.986165168489913, 9.974338128321888, 9.997612572659444, 5.096819583059238, 1.4767871896365958, 0.9419087479889791, 8.346211747678355, 4.6444625907696935, 0.7560618341526484, 0.8573154618547395, 3.474147357927296, 1.653130403558861, 0.8647120912413931, 6.4197685803383155, 3.920875438386572, 2.391646717591632]
APTIDAO: 
83.72793306606101
GEN: 1900
Individuo: 
[1.0381224343848292, 1.8185696398787128, 1.8918306653966863, 2.5169906813823117, 1.3151107464514766, 5.404091964872397, 3.48444591395828, 9.95533455281831, 9.986165168489913, 9.974338128321888, 9.997612572659444, 5.10257761933216, 1.4767871896365958, 0.9419087479889791, 8.346211747678355, 4.6444625907696935, 0.7560618341526484, 0.8573154618547395, 3.474147357927296, 1.8621438841386542, 0.8647120912413931, 6.4197685803383155, 3.920875438386572, 1.4236973436156022]
APTIDAO: 
83.72721615649714
GEN: 2000
Individuo: 
[1.0381224343848292, 1.8185696398787128, 1.8918306653966863, 2.5037886268071397, 1.3151107464514766, 5.404091964872397, 3.48444591395828, 9.95533455281831, 9.986165168489913, 9.974338128321888, 9.997612572659444, 5.10257761933216, 1.4767871896365958, 0.9419087479889791, 8.346211747678355, 3.263619653626755, 0.7560618341526484, 0.8573154618547395, 3.474147357927296, 1.8621438841386542, 0.8647120912413931, 6.4197685803383155, 3.920875438386572, 1.4236973436156022]
APTIDAO: 
83.72715963235491
GEN: 2100
Individuo: 
[1.0381224343848292, 1.8185696398787128, 1.8918306653966863, 2.5037886268071397, 1.3151107464514766, 5.404091964872397, 3.48444591395828, 9.95533455281831, 9.986165168489913, 9.974338128321888, 9.997612572659444, 5.178696690599508, 1.4767871896365958, 0.9419087479889791, 8.346211747678355, 3.263619653626755, 0.7560618341526484, 0.8573154618547395, 3.474147357927296, 1.8621438841386542, 0.8647120912413931, 6.4197685803383155, 3.920875438386572, 2.01911217926283]
APTIDAO: 
83.72673142182579
GEN: 2200
Individuo: 
[1.0381224343848292, 1.8185696398787128, 1.8918306653966863, 2.5037886268071397, 1.3151107464514766, 5.404091964872397, 3.48444591395828, 9.95533455281831, 9.986165168489913, 9.974338128321888, 9.997612572659444, 5.178696690599508, 1.4767871896365958, 0.9419087479889791, 8.346211747678355, 3.263619653626755, 0.7560618341526484, 0.8573154618547395, 3.474147357927296, 1.8621438841386542, 0.8647120912413931, 6.4197685803383155, 3.920875438386572, 2.01911217926283]
APTIDAO: 
83.72673142182579
GEN: 2300
Individuo: 
[1.0381224343848292, 1.8185696398787128, 1.8918306653966863, 2.5037886268071397, 1.3151107464514766, 5.404091964872397, 3.48444591395828, 9.95533455281831, 9.986165168489913, 9.974338128321888, 9.997612572659444, 5.178696690599508, 1.4767871896365958, 0.9419087479889791, 8.346211747678355, 3.263619653626755, 0.7560618341526484, 0.8573154618547395, 3.474147357927296, 1.8621438841386542, 0.8647120912413931, 6.4197685803383155, 3.920875438386572, 2.01911217926283]
APTIDAO: 
83.72673142182579
GEN: 2400
Individuo: 
[1.0381224343848292, 1.8185696398787128, 1.8918306653966863, 2.5037886268071397, 1.3151107464514766, 5.404091964872397, 3.48444591395828, 9.95533455281831, 9.986165168489913, 9.974338128321888, 9.997612572659444, 5.209766764815605, 1.4767871896365958, 0.9419087479889791, 8.346211747678355, 3.263619653626755, 0.7560618341526484, 0.8573154618547395, 3.474147357927296, 1.8621438841386542, 0.8647120912413931, 6.4197685803383155, 3.920875438386572, 1.6113548553741783]
APTIDAO: 
83.72672972034036
GEN: 2500
Individuo: 
[1.0381224343848292, 1.8185696398787128, 1.8918306653966863, 2.5037886268071397, 1.3151107464514766, 5.404091964872397, 3.48444591395828, 9.95533455281831, 9.986165168489913, 9.974338128321888, 9.997612572659444, 5.209766764815605, 1.4767871896365958, 0.9419087479889791, 8.346211747678355, 3.263619653626755, 0.7560618341526484, 0.8573154618547395, 3.474147357927296, 1.8621438841386542, 0.8647120912413931, 6.4197685803383155, 3.920875438386572, 1.6113548553741783]
APTIDAO: 
83.72672972034036
GEN: 2600
Individuo: 
[1.0381224343848292, 1.8185696398787128, 1.8918306653966863, 2.5037886268071397, 1.3151107464514766, 5.404091964872397, 3.48444591395828, 9.95533455281831, 9.99342214262154, 9.974338128321888, 9.997612572659444, 5.209766764815605, 1.4767871896365958, 0.9419087479889791, 8.346211747678355, 3.263619653626755, 0.7560618341526484, 0.8573154618547395, 3.474147357927296, 1.8621438841386542, 0.5586666569968057, 6.4197685803383155, 3.920875438386572, 1.6113548553741783]
APTIDAO: 
83.72656227459682
GEN: 2700
Individuo: 
[1.0381224343848292, 1.8185696398787128, 1.8918306653966863, 2.5037886268071397, 1.3151107464514766, 5.404091964872397, 3.48444591395828, 9.95533455281831, 9.99342214262154, 9.974338128321888, 9.997612572659444, 5.209766764815605, 1.4767871896365958, 0.9419087479889791, 8.346211747678355, 3.263619653626755, 0.7560618341526484, 0.8573154618547395, 3.474147357927296, 1.8621438841386542, 0.5586666569968057, 6.4197685803383155, 3.920875438386572, 1.6113548553741783]
APTIDAO: 
83.72656227459682
GEN: 2800
Individuo: 
[1.0381224343848292, 1.8185696398787128, 1.8918306653966863, 2.5037886268071397, 1.3151107464514766, 5.404091964872397, 3.48444591395828, 9.999764608628618, 9.99342214262154, 9.974338128321888, 9.997612572659444, 5.177540200173697, 1.4767871896365958, 0.9419087479889791, 8.346211747678355, 3.263619653626755, 0.7560618341526484, 0.8573154618547395, 3.474147357927296, 0.5909898666401926, 0.5586666569968057, 6.4197685803383155, 3.920875438386572, 1.005744706080764]
APTIDAO: 
83.72579360250624
GEN: 2900
Individuo: 
[1.0381224343848292, 1.8185696398787128, 1.8918306653966863, 2.5037886268071397, 1.3151107464514766, 5.404091964872397, 3.48444591395828, 9.999764608628618, 9.99342214262154, 9.974338128321888, 9.997612572659444, 5.177540200173697, 1.4767871896365958, 0.9419087479889791, 8.346211747678355, 3.263619653626755, 0.7560618341526484, 0.8573154618547395, 3.474147357927296, 0.5909898666401926, 0.5586666569968057, 6.4197685803383155, 3.920875438386572, 1.005744706080764]
APTIDAO: 
83.72579360250624
GEN: 3000
Individuo: 
[1.0381224343848292, 1.8185696398787128, 1.8918306653966863, 2.5037886268071397, 1.3151107464514766, 5.404091964872397, 3.48444591395828, 9.999764608628618, 9.99342214262154, 9.974338128321888, 9.997612572659444, 5.177540200173697, 1.4767871896365958, 0.9419087479889791, 8.346211747678355, 3.263619653626755, 0.7560618341526484, 0.8573154618547395, 3.474147357927296, 0.5909898666401926, 0.5586666569968057, 6.4197685803383155, 3.920875438386572, 1.005744706080764]
APTIDAO: 
83.72579360250624
GEN: 3100
Individuo: 
[1.0381224343848292, 1.8185696398787128, 1.8918306653966863, 2.5037886268071397, 1.3151107464514766, 5.404091964872397, 3.48444591395828, 9.999764608628618, 9.99342214262154, 9.998767292516407, 9.997612572659444, 5.138847037970262, 1.4767871896365958, 0.9419087479889791, 8.346211747678355, 3.263619653626755, 0.7560618341526484, 0.8573154618547395, 3.474147357927296, 0.5909898666401926, 0.5586666569968057, 8.201453996600025, 3.920875438386572, 0.9342675211632951]
APTIDAO: 
83.72519862576196
GEN: 3200
Individuo: 
[1.0381224343848292, 1.8185696398787128, 1.8918306653966863, 2.5037886268071397, 1.3151107464514766, 5.404091964872397, 3.48444591395828, 9.999764608628618, 9.99342214262154, 9.998767292516407, 9.997612572659444, 5.138847037970262, 1.4767871896365958, 0.9419087479889791, 8.346211747678355, 3.263619653626755, 0.7560618341526484, 0.8573154618547395, 3.474147357927296, 0.5909898666401926, 0.5586666569968057, 8.201453996600025, 3.920875438386572, 0.9342675211632951]
APTIDAO: 
83.72519862576196
GEN: 3300
Individuo: 
[1.0381224343848292, 1.8218570504395566, 1.8918306653966863, 2.5037886268071397, 1.3151107464514766, 5.404091964872397, 3.48444591395828, 9.999764608628618, 9.99342214262154, 9.998767292516407, 9.997612572659444, 5.138847037970262, 1.4767871896365958, 1.0279399620800096, 8.346211747678355, 3.263619653626755, 0.7560618341526484, 0.8573154618547395, 3.474147357927296, 0.5909898666401926, 0.5586666569968057, 8.201453996600025, 3.920875438386572, 0.9342675211632951]
APTIDAO: 
83.72518993989932
GEN: 3400
Individuo: 
[1.0381224343848292, 1.8218570504395566, 1.8918306653966863, 2.5037886268071397, 1.3151107464514766, 5.404091964872397, 3.48444591395828, 9.999764608628618, 9.99342214262154, 9.998767292516407, 9.997612572659444, 5.138847037970262, 1.4767871896365958, 1.0279399620800096, 8.346211747678355, 3.263619653626755, 0.7560618341526484, 0.8573154618547395, 3.474147357927296, 0.5909898666401926, 0.5586666569968057, 8.201453996600025, 3.920875438386572, 0.9342675211632951]
APTIDAO: 
83.72518993989932
GEN: 3500
Individuo: 
[1.0381224343848292, 1.8218570504395566, 1.8918306653966863, 2.5037886268071397, 1.3151107464514766, 5.404091964872397, 3.4636121362599086, 9.999764608628618, 9.99342214262154, 9.998767292516407, 9.997612572659444, 5.353649831674002, 1.4767871896365958, 1.0279399620800096, 8.346211747678355, 3.263619653626755, 0.7560618341526484, 0.8573154618547395, 2.5947706610925154, 0.5909898666401926, 0.5586666569968057, 8.201453996600025, 3.920875438386572, 0.9619135655351616]
APTIDAO: 
83.72496443360382
GEN: 3600
Individuo: 
[1.0381224343848292, 1.8218570504395566, 1.8918306653966863, 2.5037886268071397, 1.3151107464514766, 5.404091964872397, 3.4636121362599086, 9.999764608628618, 9.995971050942044, 9.998767292516407, 9.997612572659444, 5.353649831674002, 1.4767871896365958, 1.0279399620800096, 8.346211747678355, 3.263619653626755, 0.7560618341526484, 0.8573154618547395, 2.5947706610925154, 0.5909898666401926, 0.5975296041991328, 8.201453996600025, 3.920875438386572, 0.9619135655351616]
APTIDAO: 
83.72490595789856
GEN: 3700
Individuo: 
[1.0381224343848292, 1.8218570504395566, 1.8918306653966863, 2.5037886268071397, 1.3151107464514766, 5.404091964872397, 3.4636121362599086, 9.999764608628618, 9.995971050942044, 9.998767292516407, 9.997612572659444, 5.289065807846344, 1.4767871896365958, 1.0279399620800096, 8.346211747678355, 3.263619653626755, 0.7560618341526484, 0.8573154618547395, 2.5947706610925154, 0.5909898666401926, 0.5975296041991328, 8.201453996600025, 3.920875438386572, 1.0930383860355828]
APTIDAO: 
83.72483734082583
GEN: 3800
Individuo: 
[1.0381224343848292, 1.8218570504395566, 1.8918306653966863, 2.5037886268071397, 1.3151107464514766, 5.404091964872397, 3.4636121362599086, 9.999764608628618, 9.995971050942044, 9.998767292516407, 9.997612572659444, 5.16887373357439, 1.4767871896365958, 1.0279399620800096, 8.346211747678355, 3.263619653626755, 0.7560618341526484, 0.8573154618547395, 2.5947706610925154, 0.5909898666401926, 0.5975296041991328, 8.201453996600025, 3.920875438386572, 0.8185029188479302]
APTIDAO: 
83.72474962080003
GEN: 3900
Individuo: 
[1.0381224343848292, 1.8218570504395566, 1.8918306653966863, 2.5037886268071397, 1.3151107464514766, 5.404091964872397, 3.4636121362599086, 9.999764608628618, 9.995971050942044, 9.998767292516407, 9.997612572659444, 5.16887373357439, 1.4767871896365958, 1.0279399620800096, 8.346211747678355, 3.263619653626755, 0.7560618341526484, 0.8573154618547395, 2.5947706610925154, 0.5909898666401926, 0.5975296041991328, 8.201453996600025, 3.920875438386572, 0.8185029188479302]
APTIDAO: 
83.72474962080003
GEN: 4000
Individuo: 
[1.0381224343848292, 1.8218570504395566, 1.8918306653966863, 2.5037886268071397, 1.3151107464514766, 5.404091964872397, 3.4636121362599086, 9.999764608628618, 9.995971050942044, 9.998767292516407, 9.997612572659444, 5.16887373357439, 1.4767871896365958, 1.0279399620800096, 8.346211747678355, 3.263619653626755, 0.7560618341526484, 0.8573154618547395, 2.5947706610925154, 0.5909898666401926, 0.5975296041991328, 8.201453996600025, 3.920875438386572, 0.8185029188479302]
APTIDAO: 
83.72474962080003
GEN: 4100
Individuo: 
[1.0381224343848292, 1.8218570504395566, 1.8918306653966863, 2.5037886268071397, 1.3151107464514766, 5.404091964872397, 3.4636121362599086, 9.999764608628618, 9.995971050942044, 9.998767292516407, 9.997612572659444, 5.16887373357439, 1.4767871896365958, 1.0279399620800096, 8.346211747678355, 3.263619653626755, 0.7560618341526484, 0.8573154618547395, 2.5947706610925154, 0.5909898666401926, 0.5975296041991328, 8.201453996600025, 3.920875438386572, 0.8185029188479302]
APTIDAO: 
83.72474962080003
GEN: 4200
Individuo: 
[1.0381224343848292, 1.8218570504395566, 1.8918306653966863, 2.5037886268071397, 1.3151107464514766, 5.404091964872397, 3.4636121362599086, 9.999764608628618, 9.995971050942044, 9.998767292516407, 9.997612572659444, 5.16887373357439, 1.4767871896365958, 1.0279399620800096, 8.346211747678355, 3.263619653626755, 0.7560618341526484, 0.8573154618547395, 2.5947706610925154, 0.5909898666401926, 0.5975296041991328, 8.201453996600025, 3.920875438386572, 0.8185029188479302]
APTIDAO: 
83.72474962080003
GEN: 4300
Individuo: 
[1.0381224343848292, 1.8218570504395566, 1.8918306653966863, 2.5037886268071397, 1.3151107464514766, 5.404091964872397, 3.4636121362599086, 9.999764608628618, 9.995971050942044, 9.998767292516407, 9.997612572659444, 5.16887373357439, 1.4767871896365958, 1.0279399620800096, 8.346211747678355, 3.263619653626755, 0.7560618341526484, 0.8573154618547395, 2.5947706610925154, 0.5909898666401926, 0.5975296041991328, 8.201453996600025, 3.920875438386572, 0.8185029188479302]
APTIDAO: 
83.72474962080003
GEN: 4400
Individuo: 
[1.0381224343848292, 1.8218570504395566, 1.8918306653966863, 2.5037886268071397, 1.3151107464514766, 5.404091964872397, 3.4636121362599086, 9.999764608628618, 9.995971050942044, 9.998767292516407, 9.997612572659444, 5.16887373357439, 1.4767871896365958, 1.0279399620800096, 8.346211747678355, 3.263619653626755, 0.7560618341526484, 0.8573154618547395, 2.5947706610925154, 0.5909898666401926, 0.5975296041991328, 8.201453996600025, 3.920875438386572, 0.8185029188479302]
APTIDAO: 
83.72474962080003
GEN: 4500
Individuo: 
[1.0381224343848292, 1.8236759442725414, 1.8918306653966863, 2.5037886268071397, 1.3151107464514766, 5.404091964872397, 3.4636121362599086, 9.999764608628618, 9.995971050942044, 9.998767292516407, 9.997612572659444, 5.16887373357439, 1.4767871896365958, 0.5770102427295336, 8.346211747678355, 3.263619653626755, 0.7560618341526484, 0.8573154618547395, 2.5947706610925154, 0.5909898666401926, 0.5975296041991328, 8.201453996600025, 3.920875438386572, 0.8185029188479302]
APTIDAO: 
83.72474074335248
GEN: 4600
Individuo: 
[1.0381224343848292, 1.8221964656820988, 1.8918306653966863, 2.5037886268071397, 1.3151107464514766, 5.404091964872397, 3.4636121362599086, 9.999764608628618, 9.995971050942044, 9.998767292516407, 9.997612572659444, 5.16887373357439, 1.4767871896365958, 0.7170391324131333, 8.346211747678355, 3.263619653626755, 0.7560618341526484, 0.8573154618547395, 2.5947706610925154, 0.5909898666401926, 0.5975296041991328, 8.201453996600025, 3.920875438386572, 0.8185029188479302]
APTIDAO: 
83.72470715223938
GEN: 4700
Individuo: 
[1.0381224343848292, 1.8221964656820988, 1.8918306653966863, 2.5037886268071397, 1.3151107464514766, 5.404091964872397, 3.4636121362599086, 9.999764608628618, 9.995971050942044, 9.998767292516407, 9.997612572659444, 5.16887373357439, 1.4767871896365958, 0.7170391324131333, 8.346211747678355, 3.263619653626755, 0.7560618341526484, 0.8573154618547395, 2.5947706610925154, 0.5909898666401926, 0.5975296041991328, 8.201453996600025, 3.920875438386572, 0.8185029188479302]
APTIDAO: 
83.72470715223938
GEN: 4800
Individuo: 
[1.0381224343848292, 1.8221964656820988, 1.8918306653966863, 2.5037886268071397, 1.3151107464514766, 5.404091964872397, 3.4636121362599086, 9.999764608628618, 9.995971050942044, 9.998767292516407, 9.997612572659444, 5.16887373357439, 1.4767871896365958, 0.7170391324131333, 8.346211747678355, 3.263619653626755, 0.7560618341526484, 0.8573154618547395, 2.5947706610925154, 0.5909898666401926, 0.5975296041991328, 8.201453996600025, 3.920875438386572, 0.8185029188479302]
APTIDAO: 
83.72470715223938
GEN: 4900
Individuo: 
[1.0381224343848292, 1.8221964656820988, 1.8918306653966863, 2.5037886268071397, 1.3151107464514766, 5.404091964872397, 3.4636121362599086, 9.999764608628618, 9.995971050942044, 9.998767292516407, 9.997612572659444, 5.16887373357439, 1.4767871896365958, 0.7170391324131333, 8.346211747678355, 3.263619653626755, 0.7560618341526484, 0.8573154618547395, 2.5947706610925154, 0.5909898666401926, 0.5975296041991328, 8.201453996600025, 3.920875438386572, 0.8185029188479302]
APTIDAO: 
83.72470715223938
GEN: 5000
Individuo: 
[1.0381224343848292, 1.8221964656820988, 1.8918306653966863, 2.5037886268071397, 1.3151107464514766, 5.404091964872397, 3.4636121362599086, 9.999764608628618, 9.995971050942044, 9.998767292516407, 9.997612572659444, 5.16887373357439, 1.4767871896365958, 0.7170391324131333, 8.346211747678355, 3.263619653626755, 0.7560618341526484, 0.8573154618547395, 2.5947706610925154, 0.5909898666401926, 0.5975296041991328, 8.201453996600025, 3.920875438386572, 0.8185029188479302]
APTIDAO: 
83.72470715223938
GEN: 5100
Individuo: 
[1.0381224343848292, 1.8221964656820988, 1.8918306653966863, 2.5037886268071397, 1.3151107464514766, 5.404091964872397, 3.4636121362599086, 9.999764608628618, 9.995971050942044, 9.998767292516407, 9.997612572659444, 5.16887373357439, 1.4767871896365958, 0.7170391324131333, 8.346211747678355, 3.263619653626755, 0.7560618341526484, 0.8573154618547395, 2.5947706610925154, 0.5909898666401926, 0.5975296041991328, 8.201453996600025, 3.920875438386572, 0.8185029188479302]
APTIDAO: 
83.72470715223938
GEN: 5200
Individuo: 
[1.0381224343848292, 1.8221964656820988, 1.8918306653966863, 2.5037886268071397, 1.3151107464514766, 5.404091964872397, 3.4636121362599086, 9.999764608628618, 9.995971050942044, 9.998767292516407, 9.997612572659444, 5.16887373357439, 1.4767871896365958, 0.7170391324131333, 8.346211747678355, 3.263619653626755, 0.7560618341526484, 0.8573154618547395, 2.5947706610925154, 0.5909898666401926, 0.5975296041991328, 8.201453996600025, 3.920875438386572, 0.8185029188479302]
APTIDAO: 
83.72470715223938
GEN: 5300
Individuo: 
[1.0381224343848292, 1.8221964656820988, 1.8918306653966863, 2.5037886268071397, 1.3151107464514766, 5.404091964872397, 3.4636121362599086, 9.999764608628618, 9.995971050942044, 9.998767292516407, 9.997612572659444, 5.16887373357439, 1.4767871896365958, 0.7170391324131333, 8.346211747678355, 3.263619653626755, 0.7560618341526484, 0.8573154618547395, 2.5947706610925154, 0.5909898666401926, 0.5975296041991328, 8.201453996600025, 3.920875438386572, 0.8185029188479302]
APTIDAO: 
83.72470715223938
GEN: 5400
Individuo: 
[1.0381224343848292, 1.8221964656820988, 1.8918306653966863, 2.5037886268071397, 1.3151107464514766, 5.404091964872397, 3.4636121362599086, 9.999764608628618, 9.995971050942044, 9.998767292516407, 9.997612572659444, 5.16887373357439, 1.4767871896365958, 0.7170391324131333, 8.346211747678355, 3.263619653626755, 0.7560618341526484, 0.8573154618547395, 2.5947706610925154, 0.5909898666401926, 0.5975296041991328, 8.201453996600025, 3.920875438386572, 0.8185029188479302]
APTIDAO: 
83.72470715223938
GEN: 5500
Individuo: 
[1.0381224343848292, 1.8221964656820988, 1.8918306653966863, 2.5037886268071397, 1.3151107464514766, 5.404091964872397, 3.4636121362599086, 9.999764608628618, 9.995971050942044, 9.998767292516407, 9.997612572659444, 5.16887373357439, 1.4767871896365958, 0.7170391324131333, 8.346211747678355, 3.263619653626755, 0.7560618341526484, 0.8573154618547395, 2.5947706610925154, 0.5909898666401926, 0.5975296041991328, 8.201453996600025, 3.920875438386572, 0.8185029188479302]
APTIDAO: 
83.72470715223938
GEN: 5600
Individuo: 
[1.0381224343848292, 1.8221964656820988, 1.8918306653966863, 2.5037886268071397, 1.3151107464514766, 5.404091964872397, 3.4636121362599086, 9.999764608628618, 9.995971050942044, 9.998767292516407, 9.997612572659444, 5.16887373357439, 1.4767871896365958, 0.7170391324131333, 8.346211747678355, 3.263619653626755, 0.7560618341526484, 0.8573154618547395, 2.5947706610925154, 0.5909898666401926, 0.5975296041991328, 8.201453996600025, 3.920875438386572, 0.8185029188479302]
APTIDAO: 
83.72470715223938
GEN: 5700
Individuo: 
[1.0381224343848292, 1.8221964656820988, 1.8918306653966863, 2.5037886268071397, 1.3151107464514766, 5.404091964872397, 3.4636121362599086, 9.999764608628618, 9.995971050942044, 9.998767292516407, 9.997612572659444, 5.16887373357439, 1.4767871896365958, 0.7170391324131333, 8.346211747678355, 3.263619653626755, 0.7560618341526484, 0.8573154618547395, 2.5947706610925154, 0.5909898666401926, 0.5975296041991328, 8.201453996600025, 3.920875438386572, 0.8185029188479302]
APTIDAO: 
83.72470715223938
GEN: 5800
Individuo: 
[1.0381224343848292, 1.8221964656820988, 1.8918306653966863, 2.5037886268071397, 1.3151107464514766, 5.402748398732954, 3.4636121362599086, 9.999764608628618, 9.995971050942044, 9.998767292516407, 9.997612572659444, 5.16887373357439, 1.4767871896365958, 0.7170391324131333, 8.346211747678355, 3.263619653626755, 0.7560618341526484, 0.8585557565493365, 2.5947706610925154, 0.5909898666401926, 0.5975296041991328, 8.201453996600025, 3.920875438386572, 0.8185029188479302]
APTIDAO: 
83.72469596538045
GEN: 5900
Individuo: 
[1.0381224343848292, 1.8221964656820988, 1.8918306653966863, 2.5037886268071397, 1.3151107464514766, 5.402748398732954, 3.4636121362599086, 9.999764608628618, 9.995971050942044, 9.998767292516407, 9.997612572659444, 5.16887373357439, 1.4767871896365958, 0.7170391324131333, 8.346211747678355, 3.263619653626755, 0.7560618341526484, 0.8585557565493365, 2.5947706610925154, 0.5909898666401926, 0.5975296041991328, 8.201453996600025, 3.920875438386572, 0.8185029188479302]
APTIDAO: 
83.72469596538045
GEN: 6000
Individuo: 
[1.0381224343848292, 1.8221964656820988, 1.8918306653966863, 2.5037886268071397, 1.3151107464514766, 5.402748398732954, 3.4636121362599086, 9.999764608628618, 9.995971050942044, 9.998767292516407, 9.997612572659444, 5.16887373357439, 1.4767871896365958, 0.7170391324131333, 8.346211747678355, 3.263619653626755, 0.7560618341526484, 0.8585557565493365, 2.5947706610925154, 0.5909898666401926, 0.5975296041991328, 8.201453996600025, 3.920875438386572, 0.8185029188479302]
APTIDAO: 
83.72469596538045
GEN: 6100
Individuo: 
[1.0381224343848292, 1.8221964656820988, 1.8918306653966863, 2.5037886268071397, 1.3151107464514766, 5.402748398732954, 3.4636121362599086, 9.999764608628618, 9.997740023718128, 9.998767292516407, 9.997612572659444, 5.16887373357439, 1.4767871896365958, 0.7170391324131333, 8.346211747678355, 3.263619653626755, 0.7560618341526484, 0.8585557565493365, 2.5947706610925154, 0.5909898666401926, 0.5293740058922864, 8.201453996600025, 3.920875438386572, 0.8185029188479302]
APTIDAO: 
83.72465528877609
GEN: 6200
Individuo: 
[1.0381224343848292, 1.8221964656820988, 1.8918306653966863, 2.5037886268071397, 1.3151107464514766, 5.402748398732954, 3.4636121362599086, 9.999764608628618, 9.997740023718128, 9.998767292516407, 9.997612572659444, 5.16887373357439, 1.4767871896365958, 0.7170391324131333, 8.346211747678355, 3.263619653626755, 0.7560618341526484, 0.8585557565493365, 2.5947706610925154, 0.5909898666401926, 0.5293740058922864, 8.201453996600025, 3.920875438386572, 0.8185029188479302]
APTIDAO: 
83.72465528877609
GEN: 6300
Individuo: 
[1.0381224343848292, 1.8221964656820988, 1.8918306653966863, 2.5037886268071397, 1.3151107464514766, 5.402748398732954, 3.4636121362599086, 9.999764608628618, 9.997740023718128, 9.998767292516407, 9.997612572659444, 5.16887373357439, 1.4767871896365958, 0.7170391324131333, 8.346211747678355, 3.263619653626755, 0.7560618341526484, 0.8585557565493365, 2.5947706610925154, 0.5909898666401926, 0.5293740058922864, 8.201453996600025, 3.920875438386572, 0.8185029188479302]
APTIDAO: 
83.72465528877609
GEN: 6400
Individuo: 
[1.0381224343848292, 1.8221964656820988, 1.8918306653966863, 2.5037886268071397, 1.3151107464514766, 5.402748398732954, 3.4636121362599086, 9.999764608628618, 9.997740023718128, 9.998767292516407, 9.997612572659444, 5.16887373357439, 1.4767871896365958, 0.7170391324131333, 8.346211747678355, 3.263619653626755, 0.7560618341526484, 0.8585557565493365, 2.5947706610925154, 0.5909898666401926, 0.5293740058922864, 8.201453996600025, 3.920875438386572, 0.8185029188479302]
APTIDAO: 
83.72465528877609
GEN: 6500
Individuo: 
[1.0381224343848292, 1.8221964656820988, 1.8918306653966863, 2.5037886268071397, 1.3151107464514766, 5.402748398732954, 3.4636121362599086, 9.999764608628618, 9.997740023718128, 9.998767292516407, 9.997612572659444, 5.16887373357439, 1.4767871896365958, 0.7170391324131333, 8.346211747678355, 3.263619653626755, 0.7560618341526484, 0.8585557565493365, 2.5947706610925154, 0.5909898666401926, 0.5293740058922864, 8.201453996600025, 3.920875438386572, 0.8185029188479302]
APTIDAO: 
83.72465528877609
GEN: 6600
Individuo: 
[1.0381224343848292, 1.8221964656820988, 1.8918306653966863, 2.5037886268071397, 1.3151107464514766, 5.402748398732954, 3.4636121362599086, 9.999764608628618, 9.997740023718128, 9.998767292516407, 9.997612572659444, 5.16887373357439, 1.4767871896365958, 0.7170391324131333, 8.346211747678355, 3.263619653626755, 0.7560618341526484, 0.8585557565493365, 2.5947706610925154, 0.5909898666401926, 0.5293740058922864, 8.201453996600025, 3.920875438386572, 0.8185029188479302]
APTIDAO: 
83.72465528877609
GEN: 6700
Individuo: 
[1.0381224343848292, 1.8221964656820988, 1.8918306653966863, 2.5037886268071397, 1.3151107464514766, 5.402748398732954, 3.4636121362599086, 9.999764608628618, 9.997740023718128, 9.998767292516407, 9.997612572659444, 5.16887373357439, 1.4767871896365958, 0.7170391324131333, 8.346211747678355, 3.263619653626755, 0.7560618341526484, 0.8585557565493365, 2.5947706610925154, 0.5909898666401926, 0.5293740058922864, 8.201453996600025, 3.920875438386572, 0.8185029188479302]
APTIDAO: 
83.72465528877609
GEN: 6800
Individuo: 
[1.0381224343848292, 1.8221964656820988, 1.8918306653966863, 2.5037886268071397, 1.3151107464514766, 5.402748398732954, 3.4636121362599086, 9.999764608628618, 9.997740023718128, 9.998767292516407, 9.997612572659444, 5.16887373357439, 1.4767871896365958, 0.7170391324131333, 8.346211747678355, 3.263619653626755, 0.7560618341526484, 0.8585557565493365, 2.5947706610925154, 0.5909898666401926, 0.5293740058922864, 8.201453996600025, 3.920875438386572, 0.8185029188479302]
APTIDAO: 
83.72465528877609
GEN: 6900
Individuo: 
[1.0381224343848292, 1.8221964656820988, 1.8918306653966863, 2.5037886268071397, 1.3151107464514766, 5.402748398732954, 3.4636121362599086, 9.999764608628618, 9.997740023718128, 9.998767292516407, 9.997612572659444, 5.16887373357439, 1.4767871896365958, 0.7170391324131333, 8.346211747678355, 3.263619653626755, 0.7560618341526484, 0.8585557565493365, 2.5947706610925154, 0.5909898666401926, 0.5293740058922864, 8.201453996600025, 3.920875438386572, 0.8185029188479302]
APTIDAO: 
83.72465528877609
GEN: 7000
Individuo: 
[1.0381224343848292, 1.8221964656820988, 1.8918306653966863, 2.5037886268071397, 1.3151107464514766, 5.402748398732954, 3.4636121362599086, 9.999764608628618, 9.997740023718128, 9.998767292516407, 9.997612572659444, 5.16887373357439, 1.4767871896365958, 0.7170391324131333, 8.346211747678355, 3.263619653626755, 0.7560618341526484, 0.8585557565493365, 2.5947706610925154, 0.5909898666401926, 0.5293740058922864, 8.201453996600025, 3.920875438386572, 0.8185029188479302]
APTIDAO: 
83.72465528877609
GEN: 7100
Individuo: 
[1.0381224343848292, 1.8221964656820988, 1.8918306653966863, 2.5037886268071397, 1.3151107464514766, 5.402748398732954, 3.4636121362599086, 9.999764608628618, 9.997740023718128, 9.998767292516407, 9.997612572659444, 5.1679685894127525, 1.4767871896365958, 0.7170391324131333, 8.346211747678355, 3.263619653626755, 0.7560618341526484, 0.8585557565493365, 2.5947706610925154, 0.5909898666401926, 0.5293740058922864, 8.201453996600025, 3.920875438386572, 1.2990197417999643]
APTIDAO: 
83.72465478651327
GEN: 7200
Individuo: 
[1.0381224343848292, 1.8221964656820988, 1.8918306653966863, 2.5037886268071397, 1.3151107464514766, 5.402748398732954, 3.4636121362599086, 9.999764608628618, 9.997740023718128, 9.998767292516407, 9.997612572659444, 5.1679685894127525, 1.4767871896365958, 0.7170391324131333, 8.346211747678355, 3.263619653626755, 0.7560618341526484, 0.8585557565493365, 2.5947706610925154, 0.5909898666401926, 0.5293740058922864, 8.201453996600025, 3.920875438386572, 1.2990197417999643]
APTIDAO: 
83.72465478651327
GEN: 7300
Individuo: 
[1.0381224343848292, 1.8221964656820988, 1.8918306653966863, 2.5037886268071397, 1.3151107464514766, 5.402748398732954, 3.4636121362599086, 9.999764608628618, 9.997740023718128, 9.998767292516407, 9.997612572659444, 5.1679685894127525, 1.4767871896365958, 0.7170391324131333, 8.346211747678355, 3.263619653626755, 0.7560618341526484, 0.8585557565493365, 2.5947706610925154, 0.5909898666401926, 0.5293740058922864, 8.201453996600025, 3.920875438386572, 1.2990197417999643]
APTIDAO: 
83.72465478651327
GEN: 7400
Individuo: 
[1.0381224343848292, 1.8221964656820988, 1.8918306653966863, 2.5037886268071397, 1.3151107464514766, 5.402748398732954, 3.4636121362599086, 9.999764608628618, 9.997740023718128, 9.998767292516407, 9.997612572659444, 5.1679685894127525, 1.4767871896365958, 0.7170391324131333, 8.346211747678355, 3.263619653626755, 0.7560618341526484, 0.8585557565493365, 2.5947706610925154, 0.5909898666401926, 0.5293740058922864, 8.201453996600025, 3.920875438386572, 1.2990197417999643]
APTIDAO: 
83.72465478651327
GEN: 7500
Individuo: 
[1.0381224343848292, 1.8221964656820988, 1.8918306653966863, 2.5037886268071397, 1.3151107464514766, 5.402748398732954, 3.4636121362599086, 9.999764608628618, 9.997740023718128, 9.998767292516407, 9.997612572659444, 5.1679685894127525, 1.4767871896365958, 0.7170391324131333, 8.346211747678355, 3.263619653626755, 0.7560618341526484, 0.8585557565493365, 2.5947706610925154, 0.5909898666401926, 0.5293740058922864, 8.201453996600025, 3.920875438386572, 1.2990197417999643]
APTIDAO: 
83.72465478651327
GEN: 7600
Individuo: 
[1.0381224343848292, 1.8221964656820988, 1.8918306653966863, 2.5037886268071397, 1.3151107464514766, 5.402748398732954, 3.4636121362599086, 9.999764608628618, 9.997740023718128, 9.998767292516407, 9.997612572659444, 5.1679685894127525, 1.4767871896365958, 0.7170391324131333, 8.346211747678355, 3.263619653626755, 0.7560618341526484, 0.8585557565493365, 2.5947706610925154, 0.5909898666401926, 0.5293740058922864, 8.201453996600025, 3.920875438386572, 1.2990197417999643]
APTIDAO: 
83.72465478651327
GEN: 7700
Individuo: 
[1.0381224343848292, 1.8221964656820988, 1.8918306653966863, 2.5037886268071397, 1.3151107464514766, 5.402748398732954, 3.4636121362599086, 9.999764608628618, 9.997740023718128, 9.998767292516407, 9.997612572659444, 5.1679685894127525, 1.4767871896365958, 0.7170391324131333, 8.346211747678355, 3.263619653626755, 0.7560618341526484, 0.8585557565493365, 2.5947706610925154, 0.5909898666401926, 0.5293740058922864, 8.201453996600025, 3.920875438386572, 1.2990197417999643]
APTIDAO: 
83.72465478651327
GEN: 7800
Individuo: 
[1.0381224343848292, 1.8221964656820988, 1.8918306653966863, 2.5037886268071397, 1.3151107464514766, 5.402748398732954, 3.4636121362599086, 9.999764608628618, 9.997740023718128, 9.998767292516407, 9.997612572659444, 5.1679685894127525, 1.4767871896365958, 0.7170391324131333, 8.346211747678355, 3.263619653626755, 0.7560618341526484, 0.8585557565493365, 2.5947706610925154, 0.5909898666401926, 0.5293740058922864, 8.201453996600025, 3.920875438386572, 1.2990197417999643]
APTIDAO: 
83.72465478651327
GEN: 7900
Individuo: 
[1.0381224343848292, 1.8221964656820988, 1.8918306653966863, 2.5037886268071397, 1.3151107464514766, 5.402748398732954, 3.4636121362599086, 9.999764608628618, 9.997740023718128, 9.998767292516407, 9.997612572659444, 5.1679685894127525, 1.4767871896365958, 0.7170391324131333, 8.346211747678355, 3.263619653626755, 0.7560618341526484, 0.8585557565493365, 2.5947706610925154, 0.5909898666401926, 0.5293740058922864, 8.201453996600025, 3.920875438386572, 1.2990197417999643]
APTIDAO: 
83.72465478651327
GEN: 8000
Individuo: 
[1.0381224343848292, 1.8221964656820988, 1.8918306653966863, 2.5037886268071397, 1.3151107464514766, 5.402748398732954, 3.4636121362599086, 9.999764608628618, 9.997740023718128, 9.998767292516407, 9.997612572659444, 5.1679685894127525, 1.4767871896365958, 0.7170391324131333, 8.346211747678355, 3.263619653626755, 0.7560618341526484, 0.8585557565493365, 2.5947706610925154, 0.5909898666401926, 0.5293740058922864, 8.201453996600025, 3.920875438386572, 1.2990197417999643]
APTIDAO: 
83.72465478651327
GEN: 8100
Individuo: 
[1.0381224343848292, 1.8221964656820988, 1.8918306653966863, 2.5037886268071397, 1.3151107464514766, 5.402748398732954, 3.4636121362599086, 9.999764608628618, 9.997740023718128, 9.998767292516407, 9.997612572659444, 5.1679685894127525, 1.4767871896365958, 0.7170391324131333, 8.346211747678355, 3.263619653626755, 0.7560618341526484, 0.8585557565493365, 2.5947706610925154, 0.5909898666401926, 0.5293740058922864, 8.201453996600025, 3.920875438386572, 1.2990197417999643]
APTIDAO: 
83.72465478651327
GEN: 8200
Individuo: 
[1.0381224343848292, 1.8221964656820988, 1.8918306653966863, 2.5037886268071397, 1.3151107464514766, 5.402748398732954, 3.4636121362599086, 9.999764608628618, 9.997740023718128, 9.998767292516407, 9.997612572659444, 5.1679685894127525, 1.4767871896365958, 0.7170391324131333, 8.346211747678355, 3.263619653626755, 0.7560618341526484, 0.8585557565493365, 2.5947706610925154, 0.5909898666401926, 0.5293740058922864, 8.201453996600025, 3.920875438386572, 1.2990197417999643]
APTIDAO: 
83.72465478651327
GEN: 8300
Individuo: 
[1.0381224343848292, 1.8221964656820988, 1.8918306653966863, 2.5037886268071397, 1.3151107464514766, 5.402748398732954, 3.4636121362599086, 9.999764608628618, 9.997740023718128, 9.998767292516407, 9.998971415287313, 5.1679685894127525, 1.4767871896365958, 0.7170391324131333, 8.346211747678355, 3.263619653626755, 0.7560618341526484, 0.8585557565493365, 2.5947706610925154, 0.5909898666401926, 0.5293740058922864, 8.201453996600025, 8.6519084274798, 1.2990197417999643]
APTIDAO: 
83.72455864540369
GEN: 8400
Individuo: 
[1.0381224343848292, 1.8221964656820988, 1.8918306653966863, 2.5037886268071397, 1.3151107464514766, 5.402748398732954, 3.4636121362599086, 9.999764608628618, 9.997740023718128, 9.998767292516407, 9.998971415287313, 5.1679685894127525, 1.4767871896365958, 0.7170391324131333, 8.346211747678355, 3.263619653626755, 0.7560618341526484, 0.8585557565493365, 2.5947706610925154, 0.5909898666401926, 0.5293740058922864, 8.201453996600025, 8.6519084274798, 1.2990197417999643]
APTIDAO: 
83.72455864540369
GEN: 8500
Individuo: 
[1.0381224343848292, 1.8221964656820988, 1.8918306653966863, 2.5037886268071397, 1.3151107464514766, 5.402748398732954, 3.4636121362599086, 9.999764608628618, 9.997740023718128, 9.998767292516407, 9.999523008504273, 5.1679685894127525, 1.4767871896365958, 0.7170391324131333, 8.346211747678355, 3.263619653626755, 0.7560618341526484, 0.8585557565493365, 2.5947706610925154, 0.5909898666401926, 0.5293740058922864, 8.201453996600025, 5.785808339299379, 1.2990197417999643]
APTIDAO: 
83.72451962614716
GEN: 8600
Individuo: 
[1.0381224343848292, 1.8221964656820988, 1.8918306653966863, 2.5037886268071397, 1.3151107464514766, 5.402748398732954, 3.4636121362599086, 9.999764608628618, 9.997740023718128, 9.998767292516407, 9.999523008504273, 5.1679685894127525, 1.4767871896365958, 0.7170391324131333, 8.346211747678355, 3.263619653626755, 0.7560618341526484, 0.8585557565493365, 2.5947706610925154, 0.5909898666401926, 0.5293740058922864, 8.201453996600025, 5.785808339299379, 1.2990197417999643]
APTIDAO: 
83.72451962614716
GEN: 8700
Individuo: 
[1.0381224343848292, 1.8221964656820988, 1.8918306653966863, 2.5037886268071397, 1.3151107464514766, 5.402748398732954, 3.4636121362599086, 9.999764608628618, 9.997740023718128, 9.998767292516407, 9.999523008504273, 5.1679685894127525, 1.4767871896365958, 0.7170391324131333, 8.346211747678355, 3.263619653626755, 0.7560618341526484, 0.8585557565493365, 2.5947706610925154, 0.5909898666401926, 0.5293740058922864, 8.201453996600025, 5.785808339299379, 1.2990197417999643]
APTIDAO: 
83.72451962614716
GEN: 8800
Individuo: 
[1.0381224343848292, 1.8221964656820988, 1.8918306653966863, 2.5037886268071397, 1.3151107464514766, 5.402748398732954, 3.4636121362599086, 9.999764608628618, 9.997740023718128, 9.998767292516407, 9.999523008504273, 5.1679685894127525, 1.4767871896365958, 0.7170391324131333, 8.346211747678355, 3.263619653626755, 0.7560618341526484, 0.8585557565493365, 2.5947706610925154, 0.5909898666401926, 0.5293740058922864, 8.201453996600025, 5.785808339299379, 1.2990197417999643]
APTIDAO: 
83.72451962614716
GEN: 8900
Individuo: 
[1.0381224343848292, 1.8221964656820988, 1.8918306653966863, 2.5037886268071397, 1.3151107464514766, 5.402748398732954, 3.4636121362599086, 9.999764608628618, 9.997740023718128, 9.998767292516407, 9.999523008504273, 5.1679685894127525, 1.4767871896365958, 0.7170391324131333, 8.346211747678355, 3.263619653626755, 0.7560618341526484, 0.8585557565493365, 2.5947706610925154, 0.5909898666401926, 0.5293740058922864, 8.201453996600025, 5.785808339299379, 1.2990197417999643]
APTIDAO: 
83.72451962614716
GEN: 9000
Individuo: 
[1.0381224343848292, 1.8221964656820988, 1.8918306653966863, 2.5037886268071397, 1.3151107464514766, 5.402748398732954, 3.4636121362599086, 9.999764608628618, 9.997740023718128, 9.998767292516407, 9.999523008504273, 5.1679685894127525, 1.4767871896365958, 0.7170391324131333, 8.346211747678355, 3.263619653626755, 0.7560618341526484, 0.8585557565493365, 2.5947706610925154, 0.5909898666401926, 0.5293740058922864, 8.201453996600025, 5.785808339299379, 1.2990197417999643]
APTIDAO: 
83.72451962614716
GEN: 9100
Individuo: 
[1.0381224343848292, 1.8221964656820988, 1.8918306653966863, 2.5037886268071397, 1.3151107464514766, 5.402748398732954, 3.4636121362599086, 9.999764608628618, 9.997740023718128, 9.998767292516407, 9.999523008504273, 5.1679685894127525, 1.4767871896365958, 0.7170391324131333, 8.346211747678355, 3.263619653626755, 0.7560618341526484, 0.8585557565493365, 2.5947706610925154, 0.5909898666401926, 0.5293740058922864, 8.201453996600025, 5.785808339299379, 1.2990197417999643]
APTIDAO: 
83.72451962614716
GEN: 9200
Individuo: 
[1.0381224343848292, 1.8221964656820988, 1.8918306653966863, 2.5037886268071397, 1.3151107464514766, 5.402748398732954, 3.4636121362599086, 9.999764608628618, 9.997740023718128, 9.998767292516407, 9.999523008504273, 5.1679685894127525, 1.4767871896365958, 0.7170391324131333, 8.346211747678355, 3.263619653626755, 0.7560618341526484, 0.8585557565493365, 2.5947706610925154, 0.5909898666401926, 0.5293740058922864, 8.201453996600025, 5.785808339299379, 1.2990197417999643]
APTIDAO: 
83.72451962614716
GEN: 9300
Individuo: 
[1.0381224343848292, 1.8221964656820988, 1.8918306653966863, 2.5037886268071397, 1.3151107464514766, 5.402748398732954, 3.4636121362599086, 9.999764608628618, 9.997740023718128, 9.998767292516407, 9.999523008504273, 5.1679685894127525, 1.4767871896365958, 0.7170391324131333, 8.346211747678355, 3.263619653626755, 0.7560618341526484, 0.8585557565493365, 2.5947706610925154, 0.5909898666401926, 0.5293740058922864, 8.201453996600025, 5.785808339299379, 1.2990197417999643]
APTIDAO: 
83.72451962614716
GEN: 9400
Individuo: 
[1.0381224343848292, 1.8221964656820988, 1.8918306653966863, 2.5037886268071397, 1.3151107464514766, 5.402748398732954, 3.4636121362599086, 9.999764608628618, 9.997740023718128, 9.998767292516407, 9.999523008504273, 5.1679685894127525, 1.4767871896365958, 0.7170391324131333, 8.346211747678355, 3.263619653626755, 0.7560618341526484, 0.8585557565493365, 2.5947706610925154, 0.5909898666401926, 0.5293740058922864, 8.201453996600025, 5.785808339299379, 1.2990197417999643]
APTIDAO: 
83.72451962614716
GEN: 9500
Individuo: 
[1.0381224343848292, 1.8221964656820988, 1.8918306653966863, 2.5037886268071397, 1.3151107464514766, 5.402748398732954, 3.4636121362599086, 9.999764608628618, 9.997740023718128, 9.998767292516407, 9.999523008504273, 5.1679685894127525, 1.4767871896365958, 0.7170391324131333, 8.346211747678355, 3.263619653626755, 0.7560618341526484, 0.8585557565493365, 2.5947706610925154, 0.5909898666401926, 0.5293740058922864, 8.201453996600025, 5.785808339299379, 1.2990197417999643]
APTIDAO: 
83.72451962614716
GEN: 9600
Individuo: 
[1.0381224343848292, 1.8221964656820988, 1.8918306653966863, 2.5037886268071397, 1.3151107464514766, 5.402748398732954, 3.4636121362599086, 9.999764608628618, 9.997740023718128, 9.998767292516407, 9.999523008504273, 5.1679685894127525, 1.4767871896365958, 0.7170391324131333, 8.346211747678355, 3.263619653626755, 0.7560618341526484, 0.8585557565493365, 2.5947706610925154, 0.5909898666401926, 0.5293740058922864, 8.201453996600025, 5.785808339299379, 1.2990197417999643]
APTIDAO: 
83.72451962614716
GEN: 9700
Individuo: 
[1.0381224343848292, 1.8221964656820988, 1.8918306653966863, 2.5037886268071397, 1.3151107464514766, 5.402748398732954, 3.4636121362599086, 9.999764608628618, 9.997740023718128, 9.998767292516407, 9.999523008504273, 5.1679685894127525, 1.4767871896365958, 0.7170391324131333, 8.346211747678355, 3.263619653626755, 0.7560618341526484, 0.8585557565493365, 2.5947706610925154, 0.5909898666401926, 0.5293740058922864, 8.201453996600025, 5.785808339299379, 1.2990197417999643]
APTIDAO: 
83.72451962614716
GEN: 9800
Individuo: 
[1.0381224343848292, 1.8221964656820988, 1.8918306653966863, 2.5037886268071397, 1.3151107464514766, 5.402221640842012, 3.4636121362599086, 9.999764608628618, 9.997740023718128, 9.998767292516407, 9.999523008504273, 5.1679685894127525, 1.4767871896365958, 0.7170391324131333, 8.346211747678355, 3.263619653626755, 0.7560618341526484, 0.7572242145460064, 2.5947706610925154, 0.5909898666401926, 0.5293740058922864, 8.201453996600025, 5.785808339299379, 1.2990197417999643]
APTIDAO: 
83.72451524406621
GEN: 9900
Individuo: 
[1.0381224343848292, 1.8221964656820988, 1.8918306653966863, 2.5037886268071397, 1.3151107464514766, 5.402221640842012, 3.4636121362599086, 9.999764608628618, 9.997740023718128, 9.998767292516407, 9.999523008504273, 5.1679685894127525, 1.4767871896365958, 0.7170391324131333, 8.346211747678355, 3.263619653626755, 0.7560618341526484, 0.7572242145460064, 2.5947706610925154, 0.5909898666401926, 0.5293740058922864, 8.201453996600025, 5.785808339299379, 1.2990197417999643]
APTIDAO: 
83.72451524406621
GEN: 10000
Individuo: 
[1.0381224343848292, 1.8221964656820988, 1.8918306653966863, 2.5037886268071397, 1.3151107464514766, 5.402221640842012, 3.4636121362599086, 9.999764608628618, 9.997740023718128, 9.998767292516407, 9.999523008504273, 5.1679685894127525, 1.4767871896365958, 0.7170391324131333, 8.346211747678355, 3.263619653626755, 0.7560618341526484, 0.7572242145460064, 2.5947706610925154, 0.5909898666401926, 0.5293740058922864, 8.201453996600025, 5.785808339299379, 1.2990197417999643]
APTIDAO: 
83.72451524406621

--- RESULTADO FINAL ---
Erro (norma-1): 83.72451524406621
Parametros: [1.0381224343848292, 1.8221964656820988, 1.8918306653966863, 2.5037886268071397, 1.3151107464514766, 5.402221640842012, 3.4636121362599086, 9.999764608628618, 9.997740023718128, 9.998767292516407, 9.999523008504273, 5.1679685894127525]
Tempo total: 00h 31m 39s
