SEED: 1778423444
BOUNDS: tau=[0.1, 5.0]  Km=[0.01, 500.0]
GEN: 0
Individuo: 
[1.0849492324982406, 1.18444515820659, 4.3081098505880355, 2.220107717694712, 1.911256854758815, 309.9107727232184, 311.5081656384625, 430.5033064640052, 315.0475933071162, 321.462388177507, 455.7276315875325, 324.30752810573443, 3.6748449824373006, 0.425157995547475, 5.004218152316764, 2.975713213496219, 9.970647397578935, 6.296708136367074, 8.215356093579901, 1.3048251412825356, 4.771706272821091, 1.557830902189281, 1.3651257097187108, 5.847395105765676]
APTIDAO: 
90.61337905025034
GEN: 100
Individuo: 
[0.98493959833498, 1.2780275035254505, 2.417884451073356, 2.440622560079109, 1.435743623609952, 3.5979055481880367, 39.95229028870597, 430.5033064640052, 332.9926761772717, 56.59397149909231, 435.24701185002186, 0.6837416742445057, 2.370223171207672, 0.5548447540672237, 4.437770677700829, 0.7588244746931855, 10.0, 1.4380077247887053, 5.041328083019074, 1.3048251412825356, 7.787266652211686, 0.519397680749486, 0.7661414959051696, 1.5611539901918234]
APTIDAO: 
83.62899123291247
GEN: 200
Individuo: 
[0.98493959833498, 1.4968373200328704, 2.13638855574088, 2.440622560079109, 1.435743623609952, 6.276606775030741, 3.498027097477155, 251.56891528560854, 422.92167278329316, 491.8599444640017, 435.24701185002186, 1.2780087743939965, 2.370223171207672, 0.5117706871906819, 2.8730198876455533, 0.7588244746931855, 10.0, 1.6418219743562898, 2.7810505433977046, 1.0553312698148871, 7.417507532837727, 3.526977493054593, 0.7661414959051696, 2.0860773910280055]
APTIDAO: 
82.8118368465056
GEN: 300
Individuo: 
[0.9989497904858509, 1.6048641191281057, 2.087630446716589, 2.357380765263831, 1.4264152270248, 7.118898937900114, 3.1115908118302866, 465.3273104538719, 448.6540042108846, 422.0494029662324, 491.6732551673092, 1.6586812149025447, 1.0350480127875703, 1.1522675458805438, 4.528657716360305, 0.6921673977581434, 10.0, 0.9382132430084358, 3.190677922473035, 1.2328207181562456, 10.0, 4.674784592152948, 0.9358532039413098, 4.89841629161684]
APTIDAO: 
82.66127130667309
GEN: 400
Individuo: 
[0.9995879441457285, 1.6334817660893584, 2.087630446716589, 2.357380765263831, 1.409536569129004, 7.888650243965254, 2.7791507436628735, 476.0252102548788, 490.76705706823185, 491.21660115021183, 491.6732551673092, 1.6586812149025447, 2.009938339471797, 2.084801195750145, 4.528657716360305, 0.6921673977581434, 10.0, 0.7107941139143821, 2.834341215585084, 1.6046320556433578, 3.3643265889839586, 1.5182569854115828, 0.9358532039413098, 4.89841629161684]
APTIDAO: 
82.62754251266709
GEN: 500
Individuo: 
[0.9995879441457285, 1.7053433785587628, 2.087630446716589, 2.357380765263831, 1.3606216864264, 11.102161727076655, 2.522814585783611, 485.0308920110318, 497.70916163589806, 491.21660115021183, 491.6732551673092, 1.6586812149025447, 2.009938339471797, 1.8690276228201244, 4.528657716360305, 0.6921673977581434, 10.0, 0.7845162329572731, 2.1084216879327515, 1.6153797392743547, 2.3742011741477684, 1.5182569854115828, 0.9358532039413098, 4.89841629161684]
APTIDAO: 
82.56508825745864
GEN: 600
Individuo: 
[0.9995879441457285, 1.7053433785587628, 2.015906722121667, 2.357380765263831, 1.3606216864264, 13.577197561256105, 2.4811618554829304, 487.3556845194791, 497.70916163589806, 491.21660115021183, 491.6732551673092, 1.6586812149025447, 2.009938339471797, 1.8690276228201244, 3.8575388406347355, 0.6921673977581434, 10.0, 0.6372746338758003, 1.7297878465197611, 0.7475786210752607, 2.3742011741477684, 1.5182569854115828, 0.9358532039413098, 4.89841629161684]
APTIDAO: 
82.55303124648695
GEN: 700
Individuo: 
[0.9995879441457285, 1.7053433785587628, 2.015906722121667, 2.357380765263831, 1.3606216864264, 13.577197561256105, 2.4811618554829304, 487.3556845194791, 497.70916163589806, 498.42261477835814, 492.5541251290361, 1.497761815332912, 2.009938339471797, 1.8690276228201244, 3.8575388406347355, 0.6921673977581434, 10.0, 0.6372746338758003, 1.7297878465197611, 0.7475786210752607, 2.3742011741477684, 1.1788761161352672, 0.9151045701988505, 1.5509643207947104]
APTIDAO: 
82.5504446926844
GEN: 800
Individuo: 
[0.9995879441457285, 1.712041598119412, 2.015906722121667, 2.357380765263831, 1.3606216864264, 13.897564969805718, 2.482118025154493, 498.4900609786297, 497.70916163589806, 498.42261477835814, 496.8742773794083, 1.506274081398526, 2.009938339471797, 1.7027826304068352, 3.8575388406347355, 0.6921673977581434, 10.0, 0.47002543890521054, 3.541018323914781, 1.2943037442052392, 2.3742011741477684, 1.1788761161352672, 1.234501150975359, 0.7782265499863401]
APTIDAO: 
82.54788784118091
GEN: 900
Individuo: 
[0.9995879441457285, 1.712041598119412, 2.015906722121667, 2.357380765263831, 1.3606216864264, 13.897564969805718, 2.547444631608657, 498.4900609786297, 497.70916163589806, 498.42261477835814, 498.9534393045868, 1.506274081398526, 2.009938339471797, 1.7027826304068352, 3.8575388406347355, 0.6921673977581434, 10.0, 0.47002543890521054, 2.4375269315014627, 1.2943037442052392, 2.3742011741477684, 1.1788761161352672, 2.029272185230312, 0.7782265499863401]
APTIDAO: 
82.54741609798953
GEN: 1000
Individuo: 
[0.9995879441457285, 1.712041598119412, 2.015906722121667, 2.405536483678543, 1.3254458748546027, 13.868002644496292, 2.547444631608657, 499.04834047034143, 498.1061431925535, 498.42261477835814, 498.9534393045868, 1.506274081398526, 2.009938339471797, 1.7027826304068352, 3.8575388406347355, 0.602775344236354, 10.0, 0.43537365517912396, 2.4375269315014627, 0.7446972363951404, 2.3817173024060967, 1.1788761161352672, 2.029272185230312, 0.7782265499863401]
APTIDAO: 
82.54087903994808
GEN: 1100
Individuo: 
[0.9995879441457285, 1.7205691355802617, 2.015906722121667, 2.405536483678543, 1.3254458748546027, 13.868002644496292, 2.547444631608657, 499.04834047034143, 498.1061431925535, 498.42261477835814, 498.9534393045868, 1.506274081398526, 2.009938339471797, 1.0142412128454599, 3.8575388406347355, 0.602775344236354, 10.0, 0.43537365517912396, 2.4375269315014627, 0.7446972363951404, 2.3817173024060967, 1.1788761161352672, 2.029272185230312, 0.7782265499863401]
APTIDAO: 
82.53911073548566
GEN: 1200
Individuo: 
[0.9995879441457285, 1.7205691355802617, 2.015906722121667, 2.405536483678543, 1.3254458748546027, 14.50413491785862, 2.547444631608657, 499.04834047034143, 498.1061431925535, 498.42261477835814, 498.9534393045868, 1.5201002149455274, 2.009938339471797, 1.0142412128454599, 3.8575388406347355, 0.602775344236354, 10.0, 0.46496693352131785, 2.4375269315014627, 0.7446972363951404, 2.3817173024060967, 1.1788761161352672, 2.029272185230312, 1.0437743445537961]
APTIDAO: 
82.53854763147213
GEN: 1300
Individuo: 
[0.9995879441457285, 1.7205691355802617, 2.015906722121667, 2.389047330329923, 1.3254458748546027, 14.50413491785862, 2.547444631608657, 499.04834047034143, 499.3783471166539, 498.42261477835814, 498.9534393045868, 1.5201002149455274, 2.009938339471797, 1.0142412128454599, 3.8575388406347355, 0.3714526881231436, 10.0, 0.46496693352131785, 2.4375269315014627, 0.7446972363951404, 1.827802174692562, 1.1788761161352672, 2.029272185230312, 1.0437743445537961]
APTIDAO: 
82.53813251730107
GEN: 1400
Individuo: 
[1.0050919667253304, 1.7210272137736178, 2.0149176683155217, 2.389047330329923, 1.3254458748546027, 14.50413491785862, 2.547444631608657, 499.04834047034143, 499.3783471166539, 498.42261477835814, 498.9534393045868, 1.5201002149455274, 1.2950764732852562, 0.6406561195218823, 3.2842935334777477, 0.3714526881231436, 10.0, 0.46496693352131785, 2.4375269315014627, 0.7446972363951404, 1.827802174692562, 1.1788761161352672, 2.029272185230312, 1.0437743445537961]
APTIDAO: 
82.53583585733558
GEN: 1500
Individuo: 
[1.0050919667253304, 1.7210272137736178, 2.0241084179360262, 2.3699809053421204, 1.3254458748546027, 14.585018291258054, 2.547444631608657, 499.04834047034143, 499.3783471166539, 498.42261477835814, 498.9534393045868, 1.5201002149455274, 1.2950764732852562, 0.6406561195218823, 2.194986735706562, 0.5436980598368428, 10.0, 0.7967750599627225, 2.4375269315014627, 0.7446972363951404, 1.827802174692562, 1.1788761161352672, 2.029272185230312, 1.0437743445537961]
APTIDAO: 
82.53495678032232
GEN: 1600
Individuo: 
[1.0050919667253304, 1.723117493973794, 2.0241084179360262, 2.3699809053421204, 1.3254458748546027, 14.585018291258054, 2.547444631608657, 499.04834047034143, 499.3783471166539, 498.42261477835814, 498.9534393045868, 1.5201002149455274, 1.2950764732852562, 0.8157662366904536, 2.194986735706562, 0.5436980598368428, 10.0, 0.7967750599627225, 2.4375269315014627, 0.7446972363951404, 1.827802174692562, 1.1788761161352672, 2.029272185230312, 1.0437743445537961]
APTIDAO: 
82.53455578230874
GEN: 1700
Individuo: 
[1.0050919667253304, 1.723117493973794, 2.0241084179360262, 2.3699809053421204, 1.3254458748546027, 14.585018291258054, 2.547444631608657, 499.04834047034143, 499.3783471166539, 498.42261477835814, 498.9534393045868, 1.5201002149455274, 1.2950764732852562, 0.8157662366904536, 2.194986735706562, 0.5436980598368428, 10.0, 0.7967750599627225, 2.4375269315014627, 0.7446972363951404, 1.827802174692562, 1.1788761161352672, 2.029272185230312, 1.0437743445537961]
APTIDAO: 
82.53455578230874
GEN: 1800
Individuo: 
[1.0050919667253304, 1.7361492801006644, 2.0241084179360262, 2.3699809053421204, 1.3153281938567578, 14.585018291258054, 2.547444631608657, 499.04834047034143, 499.3783471166539, 498.42261477835814, 498.9534393045868, 1.5201002149455274, 1.2950764732852562, 1.571646713947516, 2.194986735706562, 0.5436980598368428, 7.929699133629216, 0.7967750599627225, 2.4375269315014627, 0.7446972363951404, 1.827802174692562, 1.1788761161352672, 2.029272185230312, 1.0437743445537961]
APTIDAO: 
82.53105418086267
GEN: 1900
Individuo: 
[1.0050919667253304, 1.7361492801006644, 2.0241084179360262, 2.3699809053421204, 1.3153281938567578, 14.969612172027086, 2.547444631608657, 499.04834047034143, 499.3783471166539, 498.42261477835814, 498.9534393045868, 1.5201002149455274, 1.2950764732852562, 1.571646713947516, 2.194986735706562, 0.5436980598368428, 7.929699133629216, 0.945095852472279, 2.4375269315014627, 0.7446972363951404, 1.827802174692562, 1.1788761161352672, 2.029272185230312, 1.0437743445537961]
APTIDAO: 
82.53079731204107
GEN: 2000
Individuo: 
[1.0070377979026135, 1.7361492801006644, 2.0241084179360262, 2.3699809053421204, 1.3153281938567578, 15.357831398530264, 2.547444631608657, 499.04834047034143, 499.3783471166539, 498.42261477835814, 498.9534393045868, 1.5201002149455274, 1.5869290469438309, 1.571646713947516, 2.194986735706562, 0.5436980598368428, 7.929699133629216, 0.8093887403723603, 2.4375269315014627, 0.7446972363951404, 1.827802174692562, 1.1788761161352672, 2.029272185230312, 1.0437743445537961]
APTIDAO: 
82.53044315943022
GEN: 2100
Individuo: 
[1.0070377979026135, 1.7361492801006644, 2.0241084179360262, 2.3699809053421204, 1.3153281938567578, 15.357831398530264, 2.547444631608657, 499.04834047034143, 499.3783471166539, 498.42261477835814, 498.9534393045868, 1.5201002149455274, 1.5869290469438309, 1.571646713947516, 2.194986735706562, 0.5436980598368428, 7.929699133629216, 0.8093887403723603, 2.4375269315014627, 0.7446972363951404, 1.827802174692562, 1.1788761161352672, 2.029272185230312, 1.0437743445537961]
APTIDAO: 
82.53044315943022
GEN: 2200
Individuo: 
[1.0070377979026135, 1.7361492801006644, 2.0241084179360262, 2.3699809053421204, 1.3153281938567578, 15.175189504725143, 2.547444631608657, 499.04834047034143, 499.3783471166539, 498.42261477835814, 498.9534393045868, 1.5201002149455274, 1.5869290469438309, 1.571646713947516, 2.194986735706562, 0.5436980598368428, 7.929699133629216, 1.1228376948823586, 2.4375269315014627, 0.7446972363951404, 1.827802174692562, 1.1788761161352672, 2.029272185230312, 1.0437743445537961]
APTIDAO: 
82.53029707916068
GEN: 2300
Individuo: 
[1.0070377979026135, 1.7361492801006644, 2.0241084179360262, 2.3699809053421204, 1.3153281938567578, 15.175189504725143, 2.547444631608657, 499.04834047034143, 499.3783471166539, 498.42261477835814, 498.9534393045868, 1.5201002149455274, 1.5869290469438309, 1.571646713947516, 2.194986735706562, 0.5436980598368428, 7.929699133629216, 1.1228376948823586, 2.4375269315014627, 0.7446972363951404, 1.827802174692562, 1.1788761161352672, 2.029272185230312, 1.0437743445537961]
APTIDAO: 
82.53029707916068
GEN: 2400
Individuo: 
[1.0070377979026135, 1.7361492801006644, 2.0241084179360262, 2.3699809053421204, 1.3045745670871043, 14.79713021072571, 2.547444631608657, 499.04834047034143, 499.7017510419711, 498.42261477835814, 498.9534393045868, 1.5201002149455274, 1.5869290469438309, 1.571646713947516, 2.194986735706562, 0.5436980598368428, 5.972487250445496, 0.8544720868404191, 2.4375269315014627, 0.7446972363951404, 2.845656880989901, 1.1788761161352672, 2.029272185230312, 1.0437743445537961]
APTIDAO: 
82.52975109701607
GEN: 2500
Individuo: 
[1.0070377979026135, 1.7361492801006644, 2.0420485857819206, 2.3699809053421204, 1.3045745670871043, 14.79713021072571, 2.547444631608657, 499.5517564153294, 499.7017510419711, 498.42261477835814, 498.9534393045868, 1.5201002149455274, 1.5869290469438309, 1.571646713947516, 2.656248744741883, 0.5436980598368428, 5.972487250445496, 0.8544720868404191, 2.4375269315014627, 0.4029432344785605, 2.845656880989901, 1.1788761161352672, 2.029272185230312, 1.0437743445537961]
APTIDAO: 
82.52961337377721
GEN: 2600
Individuo: 
[1.0070377979026135, 1.7380720248713393, 2.02837321161363, 2.3699809053421204, 1.3045745670871043, 14.79713021072571, 2.547444631608657, 499.5517564153294, 499.7017510419711, 498.42261477835814, 498.9534393045868, 1.5275260988544421, 1.5869290469438309, 2.3150397340668882, 1.8195334555680962, 0.5436980598368428, 5.972487250445496, 0.8544720868404191, 2.4375269315014627, 0.4029432344785605, 2.845656880989901, 1.1788761161352672, 2.029272185230312, 1.1647950809027994]
APTIDAO: 
82.52881617029867
GEN: 2700
Individuo: 
[1.0070377979026135, 1.7380720248713393, 2.02837321161363, 2.3699809053421204, 1.3045745670871043, 14.79713021072571, 2.547444631608657, 499.5517564153294, 499.7017510419711, 499.39591899735154, 498.9534393045868, 1.5275260988544421, 1.5869290469438309, 2.3150397340668882, 1.8195334555680962, 0.5436980598368428, 5.972487250445496, 0.8544720868404191, 2.4375269315014627, 0.4029432344785605, 2.845656880989901, 0.5417417019418406, 2.029272185230312, 1.1647950809027994]
APTIDAO: 
82.5288101439949
GEN: 2800
Individuo: 
[1.0070377979026135, 1.73923555485921, 2.02837321161363, 2.3699809053421204, 1.3045745670871043, 14.79713021072571, 2.5395788984899874, 499.5517564153294, 499.7017510419711, 499.39591899735154, 498.9534393045868, 1.5363416888736918, 1.5869290469438309, 2.324340835934756, 1.8195334555680962, 0.5436980598368428, 5.972487250445496, 0.8544720868404191, 1.4053952357494897, 0.4029432344785605, 2.845656880989901, 0.5417417019418406, 2.029272185230312, 0.9582999568205312]
APTIDAO: 
82.5284492903721
GEN: 2900
Individuo: 
[1.0070377979026135, 1.73923555485921, 2.02837321161363, 2.3699809053421204, 1.3045745670871043, 14.79713021072571, 2.5395788984899874, 499.5517564153294, 499.7017510419711, 499.39591899735154, 498.9534393045868, 1.5363416888736918, 1.5869290469438309, 2.324340835934756, 1.8195334555680962, 0.5436980598368428, 5.972487250445496, 0.8544720868404191, 1.4053952357494897, 0.4029432344785605, 2.845656880989901, 0.5417417019418406, 2.029272185230312, 0.9582999568205312]
APTIDAO: 
82.5284492903721
GEN: 3000
Individuo: 
[1.0070377979026135, 1.73923555485921, 2.02837321161363, 2.3699809053421204, 1.3045745670871043, 14.79713021072571, 2.5395788984899874, 499.5517564153294, 499.7017510419711, 499.39591899735154, 498.9534393045868, 1.5363416888736918, 1.5869290469438309, 2.324340835934756, 1.8195334555680962, 0.5436980598368428, 5.972487250445496, 0.8544720868404191, 1.4053952357494897, 0.4029432344785605, 2.845656880989901, 0.5417417019418406, 2.029272185230312, 0.9582999568205312]
APTIDAO: 
82.5284492903721
GEN: 3100
Individuo: 
[1.0070377979026135, 1.73923555485921, 2.02837321161363, 2.3699809053421204, 1.3045745670871043, 14.79713021072571, 2.5395788984899874, 499.5517564153294, 499.7017510419711, 499.39591899735154, 498.9534393045868, 1.5363416888736918, 1.5869290469438309, 2.324340835934756, 1.8195334555680962, 0.5436980598368428, 5.972487250445496, 0.8544720868404191, 1.4053952357494897, 0.4029432344785605, 2.845656880989901, 0.5417417019418406, 2.029272185230312, 0.9582999568205312]
APTIDAO: 
82.5284492903721
GEN: 3200
Individuo: 
[1.0070377979026135, 1.7515482866336929, 2.02837321161363, 2.3362496437897744, 1.3045745670871043, 14.79713021072571, 2.5395788984899874, 499.5517564153294, 499.8195811597953, 499.39591899735154, 498.9534393045868, 1.5363416888736918, 1.5869290469438309, 3.665305777643319, 1.8195334555680962, 0.6237486513610665, 5.972487250445496, 0.8544720868404191, 1.4053952357494897, 0.4029432344785605, 3.1659983383176065, 0.5417417019418406, 2.029272185230312, 0.9582999568205312]
APTIDAO: 
82.52650121236151
GEN: 3300
Individuo: 
[1.0070377979026135, 1.7515482866336929, 2.0336108069176357, 2.3362496437897744, 1.3045745670871043, 14.79713021072571, 2.5395788984899874, 499.5517564153294, 488.0497463149652, 479.84038603940064, 498.9534393045868, 1.5363416888736918, 1.5869290469438309, 3.665305777643319, 0.7374042980234459, 0.6237486513610665, 5.972487250445496, 0.8544720868404191, 1.4053952357494897, 0.4029432344785605, 1.6848390174085153, 0.5150103660445566, 2.029272185230312, 0.9582999568205312]
APTIDAO: 
82.5265121776402
GEN: 3400
Individuo: 
[1.0070377979026135, 1.7515482866336929, 2.0336108069176357, 2.3362496437897744, 1.3045745670871043, 14.79713021072571, 2.5395788984899874, 499.5517564153294, 488.0497463149652, 498.86500356344715, 498.9534393045868, 1.5363416888736918, 1.5869290469438309, 3.665305777643319, 0.7374042980234459, 0.6237486513610665, 5.972487250445496, 0.8544720868404191, 1.4053952357494897, 0.4029432344785605, 1.6848390174085153, 1.450903525351631, 2.029272185230312, 0.9582999568205312]
APTIDAO: 
82.52642434318778
GEN: 3500
Individuo: 
[1.0070377979026135, 1.7515482866336929, 2.0336108069176357, 2.3362496437897744, 1.3005411016729174, 14.659628123049046, 2.5395788984899874, 499.5517564153294, 498.97301302133894, 498.86500356344715, 498.9534393045868, 1.544617757856016, 1.5869290469438309, 3.665305777643319, 0.7374042980234459, 0.6237486513610665, 8.486875963459687, 1.4361172482342273, 1.4053952357494897, 0.4029432344785605, 2.2172323100743423, 1.450903525351631, 2.029272185230312, 1.0761936776943428]
APTIDAO: 
82.52614000644549
GEN: 3600
Individuo: 
[1.0070377979026135, 1.7515482866336929, 2.0336108069176357, 2.3362496437897744, 1.3005411016729174, 14.659628123049046, 2.5395788984899874, 499.5517564153294, 498.97301302133894, 498.86500356344715, 498.9534393045868, 1.544617757856016, 1.5869290469438309, 3.665305777643319, 0.7374042980234459, 0.6237486513610665, 8.486875963459687, 1.4361172482342273, 1.4053952357494897, 0.4029432344785605, 2.2172323100743423, 1.450903525351631, 2.029272185230312, 1.0761936776943428]
APTIDAO: 
82.52614000644549
GEN: 3700
Individuo: 
[1.0070377979026135, 1.7515482866336929, 2.0336108069176357, 2.3362496437897744, 1.3005411016729174, 14.659628123049046, 2.5395788984899874, 499.5517564153294, 499.1719569182034, 498.86500356344715, 498.9534393045868, 1.544617757856016, 1.5869290469438309, 3.665305777643319, 0.7374042980234459, 0.6237486513610665, 8.486875963459687, 1.4361172482342273, 1.4053952357494897, 0.4029432344785605, 1.9749638330596664, 1.450903525351631, 2.029272185230312, 1.0761936776943428]
APTIDAO: 
82.52613906632605
GEN: 3800
Individuo: 
[1.0070377979026135, 1.7515482866336929, 2.0336108069176357, 2.3362496437897744, 1.3005411016729174, 14.659628123049046, 2.5395788984899874, 499.5517564153294, 499.1719569182034, 498.86500356344715, 499.91140987417754, 1.544617757856016, 1.5869290469438309, 3.665305777643319, 0.7374042980234459, 0.6237486513610665, 8.486875963459687, 1.4361172482342273, 1.4053952357494897, 0.4029432344785605, 1.9749638330596664, 1.450903525351631, 2.6134288422137697, 1.0761936776943428]
APTIDAO: 
82.52611645425762
GEN: 3900
Individuo: 
[1.0070377979026135, 1.7515482866336929, 2.0336108069176357, 2.3362496437897744, 1.3005411016729174, 14.659628123049046, 2.5395788984899874, 499.5517564153294, 499.1719569182034, 498.86500356344715, 499.91140987417754, 1.544617757856016, 1.5869290469438309, 3.665305777643319, 0.7374042980234459, 0.6237486513610665, 8.486875963459687, 1.4361172482342273, 1.4053952357494897, 0.4029432344785605, 1.9749638330596664, 1.450903525351631, 2.6134288422137697, 1.0761936776943428]
APTIDAO: 
82.52611645425762
GEN: 4000
Individuo: 
[1.0093626895974477, 1.7515482866336929, 2.0336108069176357, 2.3362496437897744, 1.3005411016729174, 14.875144815144058, 2.5395788984899874, 499.5517564153294, 499.1719569182034, 498.86500356344715, 499.91140987417754, 1.544617757856016, 2.590578646509608, 3.665305777643319, 0.7374042980234459, 0.6237486513610665, 8.486875963459687, 0.9983680723447002, 1.4053952357494897, 0.4029432344785605, 1.9749638330596664, 1.450903525351631, 2.6134288422137697, 1.0761936776943428]
APTIDAO: 
82.5253296705451
GEN: 4100
Individuo: 
[1.0093626895974477, 1.7515482866336929, 2.0336108069176357, 2.3362496437897744, 1.3005411016729174, 14.875144815144058, 2.5395788984899874, 499.5517564153294, 499.1719569182034, 498.86500356344715, 499.91140987417754, 1.544617757856016, 2.590578646509608, 3.665305777643319, 0.7374042980234459, 0.6237486513610665, 8.486875963459687, 0.9983680723447002, 1.4053952357494897, 0.4029432344785605, 1.9749638330596664, 1.450903525351631, 2.6134288422137697, 1.0761936776943428]
APTIDAO: 
82.5253296705451
GEN: 4200
Individuo: 
[1.0093626895974477, 1.7517183058812593, 2.0336108069176357, 2.3362496437897744, 1.3005411016729174, 14.883735025814799, 2.5395788984899874, 499.5517564153294, 499.1719569182034, 498.86500356344715, 499.91140987417754, 1.544617757856016, 2.590578646509608, 3.5594443137654372, 0.7374042980234459, 0.6237486513610665, 8.486875963459687, 1.0583232059924041, 1.4053952357494897, 0.4029432344785605, 1.9749638330596664, 1.450903525351631, 2.6134288422137697, 1.0761936776943428]
APTIDAO: 
82.52530980305964
GEN: 4300
Individuo: 
[1.0093626895974477, 1.7517183058812593, 2.0336108069176357, 2.3362496437897744, 1.3005411016729174, 14.883735025814799, 2.5395788984899874, 499.5517564153294, 499.1719569182034, 498.86500356344715, 499.91140987417754, 1.544617757856016, 2.590578646509608, 3.5594443137654372, 0.7374042980234459, 0.6237486513610665, 8.486875963459687, 1.0583232059924041, 1.4053952357494897, 0.4029432344785605, 1.9749638330596664, 1.450903525351631, 2.6134288422137697, 1.0761936776943428]
APTIDAO: 
82.52530980305964
GEN: 4400
Individuo: 
[1.0093626895974477, 1.7517183058812593, 2.0336108069176357, 2.3362496437897744, 1.3005411016729174, 14.999668264477739, 2.5395788984899874, 499.5517564153294, 499.1719569182034, 498.86500356344715, 499.91140987417754, 1.570731416048273, 2.590578646509608, 3.5594443137654372, 0.7374042980234459, 0.6237486513610665, 8.486875963459687, 1.057813883558204, 1.4053952357494897, 0.4029432344785605, 1.9749638330596664, 1.450903525351631, 2.6134288422137697, 1.3185311771527273]
APTIDAO: 
82.52528556113788
GEN: 4500
Individuo: 
[1.0093626895974477, 1.7517183058812593, 2.0336108069176357, 2.3362496437897744, 1.3005411016729174, 14.999668264477739, 2.5395788984899874, 499.5517564153294, 499.1719569182034, 498.86500356344715, 499.91140987417754, 1.570731416048273, 2.590578646509608, 3.5594443137654372, 0.7374042980234459, 0.6237486513610665, 8.486875963459687, 1.057813883558204, 1.4053952357494897, 0.4029432344785605, 1.9749638330596664, 1.450903525351631, 2.6134288422137697, 1.3185311771527273]
APTIDAO: 
82.52528556113788
GEN: 4600
Individuo: 
[1.0093626895974477, 1.7517183058812593, 2.0336108069176357, 2.3362496437897744, 1.3005411016729174, 14.999668264477739, 2.5395788984899874, 499.5517564153294, 499.1719569182034, 498.86500356344715, 499.91140987417754, 1.570731416048273, 2.590578646509608, 3.5594443137654372, 0.7374042980234459, 0.6237486513610665, 8.486875963459687, 1.057813883558204, 1.4053952357494897, 0.4029432344785605, 1.9749638330596664, 1.450903525351631, 2.6134288422137697, 1.3185311771527273]
APTIDAO: 
82.52528556113788
GEN: 4700
Individuo: 
[1.0093626895974477, 1.7517183058812593, 2.0336108069176357, 2.3362496437897744, 1.3005411016729174, 14.999668264477739, 2.5395788984899874, 499.5517564153294, 499.1719569182034, 498.86500356344715, 499.91140987417754, 1.570731416048273, 2.590578646509608, 3.5594443137654372, 0.7374042980234459, 0.6237486513610665, 8.486875963459687, 1.057813883558204, 1.4053952357494897, 0.4029432344785605, 1.9749638330596664, 1.450903525351631, 2.6134288422137697, 1.3185311771527273]
APTIDAO: 
82.52528556113788
GEN: 4800
Individuo: 
[1.0093626895974477, 1.7517183058812593, 2.0336108069176357, 2.3342803672434496, 1.3005411016729174, 14.999668264477739, 2.5395788984899874, 499.5517564153294, 499.1719569182034, 498.86500356344715, 499.91140987417754, 1.570731416048273, 2.590578646509608, 3.5594443137654372, 0.7374042980234459, 0.453034440244442, 8.486875963459687, 1.057813883558204, 1.4053952357494897, 0.4029432344785605, 1.9749638330596664, 1.450903525351631, 2.6134288422137697, 1.3185311771527273]
APTIDAO: 
82.5252638600716
GEN: 4900
Individuo: 
[1.0093626895974477, 1.7517183058812593, 2.0336108069176357, 2.3342803672434496, 1.3005411016729174, 14.999668264477739, 2.5395788984899874, 499.5517564153294, 499.1719569182034, 498.86500356344715, 499.91140987417754, 1.570731416048273, 2.590578646509608, 3.5594443137654372, 0.7374042980234459, 0.453034440244442, 8.486875963459687, 1.057813883558204, 1.4053952357494897, 0.4029432344785605, 1.9749638330596664, 1.450903525351631, 2.6134288422137697, 1.3185311771527273]
APTIDAO: 
82.5252638600716
GEN: 5000
Individuo: 
[1.0093626895974477, 1.7517183058812593, 2.0336108069176357, 2.3342803672434496, 1.2985110680024698, 14.999668264477739, 2.5395788984899874, 499.5517564153294, 499.1719569182034, 498.86500356344715, 499.91140987417754, 1.567752359871895, 2.590578646509608, 3.5594443137654372, 0.7374042980234459, 0.453034440244442, 10.0, 1.057813883558204, 1.4053952357494897, 0.4029432344785605, 1.9749638330596664, 1.450903525351631, 2.6134288422137697, 1.5966805878391324]
APTIDAO: 
82.52509914439852
GEN: 5100
Individuo: 
[1.0133408293489305, 1.7517183058812593, 2.0336108069176357, 2.3342803672434496, 1.2985110680024698, 14.540579457977998, 2.5395788984899874, 499.5517564153294, 499.1719569182034, 498.86500356344715, 499.91140987417754, 1.567752359871895, 1.13601300007825, 3.5594443137654372, 0.7374042980234459, 0.453034440244442, 10.0, 1.2584483026986248, 1.4053952357494897, 0.4029432344785605, 1.9749638330596664, 1.450903525351631, 2.6134288422137697, 1.5966805878391324]
APTIDAO: 
82.52460725904596
GEN: 5200
Individuo: 
[1.0133408293489305, 1.7517183058812593, 2.0336108069176357, 2.3342803672434496, 1.2985110680024698, 14.577529521127701, 2.5395788984899874, 499.5517564153294, 499.1719569182034, 498.86500356344715, 499.91140987417754, 1.567752359871895, 1.13601300007825, 3.5594443137654372, 0.7374042980234459, 0.453034440244442, 10.0, 0.9310056174482872, 1.4053952357494897, 0.4029432344785605, 1.9749638330596664, 1.450903525351631, 2.6134288422137697, 1.5966805878391324]
APTIDAO: 
82.52457845537346
GEN: 5300
Individuo: 
[1.0133408293489305, 1.7517183058812593, 2.0336108069176357, 2.3256548822626075, 1.2945433474990071, 14.577529521127701, 2.5395788984899874, 499.5517564153294, 499.1719569182034, 498.86500356344715, 499.91140987417754, 1.561325793591585, 1.13601300007825, 3.5594443137654372, 0.7374042980234459, 0.7675142938482181, 8.333226057607616, 0.9310056174482872, 1.4053952357494897, 0.4029432344785605, 1.9749638330596664, 1.450903525351631, 2.6134288422137697, 1.40824508332726]
APTIDAO: 
82.52423495749443
GEN: 5400
Individuo: 
[1.019212081575146, 1.7517183058812593, 2.0336108069176357, 2.3256548822626075, 1.2945433474990071, 14.577529521127701, 2.5395788984899874, 499.5517564153294, 499.54451736883624, 499.6614210462127, 499.91140987417754, 1.561325793591585, 0.6776233509504158, 3.5594443137654372, 0.7374042980234459, 0.7675142938482181, 8.333226057607616, 0.9310056174482872, 1.4053952357494897, 0.4029432344785605, 2.5888322389034863, 0.7611783227822975, 2.6134288422137697, 1.40824508332726]
APTIDAO: 
82.52371698792385
GEN: 5500
Individuo: 
[1.019212081575146, 1.7517183058812593, 2.0290527566931824, 2.3256548822626075, 1.2945433474990071, 14.190302233664438, 2.5395788984899874, 499.5517564153294, 499.54451736883624, 499.6614210462127, 499.91140987417754, 1.561325793591585, 0.6776233509504158, 3.5594443137654372, 0.5535121004914125, 0.7675142938482181, 8.333226057607616, 0.8482011757597366, 1.4053952357494897, 0.4029432344785605, 2.5888322389034863, 0.7611783227822975, 2.6134288422137697, 1.40824508332726]
APTIDAO: 
82.52348278457062
GEN: 5600
Individuo: 
[1.019212081575146, 1.7517183058812593, 2.0290527566931824, 2.3256548822626075, 1.2945433474990071, 14.190302233664438, 2.5395788984899874, 499.5517564153294, 499.54451736883624, 499.6614210462127, 499.91140987417754, 1.561325793591585, 0.6776233509504158, 3.5594443137654372, 0.5535121004914125, 0.7675142938482181, 8.333226057607616, 0.8482011757597366, 1.4053952357494897, 0.4029432344785605, 2.5888322389034863, 0.7611783227822975, 2.6134288422137697, 1.40824508332726]
APTIDAO: 
82.52348278457062
GEN: 5700
Individuo: 
[1.019212081575146, 1.7517183058812593, 2.0290527566931824, 2.3256548822626075, 1.2945433474990071, 14.483051826853705, 2.5395788984899874, 499.5517564153294, 499.54451736883624, 499.6614210462127, 499.91140987417754, 1.561325793591585, 0.6776233509504158, 3.5594443137654372, 0.5535121004914125, 0.7675142938482181, 8.333226057607616, 0.6116441577789586, 1.4053952357494897, 0.4029432344785605, 2.5888322389034863, 0.7611783227822975, 2.6134288422137697, 1.40824508332726]
APTIDAO: 
82.52345083357616
GEN: 5800
Individuo: 
[1.019212081575146, 1.7517183058812593, 2.0290527566931824, 2.3135984894291743, 1.2945433474990071, 14.483051826853705, 2.5395788984899874, 499.5517564153294, 499.54451736883624, 499.6614210462127, 499.91140987417754, 1.561325793591585, 0.6776233509504158, 3.5594443137654372, 0.5535121004914125, 0.6212896354035099, 8.333226057607616, 0.6116441577789586, 1.4053952357494897, 0.4029432344785605, 2.5888322389034863, 0.7611783227822975, 2.6134288422137697, 1.40824508332726]
APTIDAO: 
82.52344656544987
GEN: 5900
Individuo: 
[1.019212081575146, 1.7517183058812593, 2.0290527566931824, 2.3135984894291743, 1.2945433474990071, 14.483051826853705, 2.525530006202803, 499.5517564153294, 499.54451736883624, 499.6614210462127, 499.91140987417754, 1.561325793591585, 0.6776233509504158, 3.5594443137654372, 0.5535121004914125, 0.6212896354035099, 8.333226057607616, 0.6116441577789586, 1.777219758888854, 0.4029432344785605, 2.5888322389034863, 0.7611783227822975, 2.6134288422137697, 1.40824508332726]
APTIDAO: 
82.52334360189502
GEN: 6000
Individuo: 
[1.019212081575146, 1.7517183058812593, 2.0290527566931824, 2.3135984894291743, 1.2945433474990071, 14.483051826853705, 2.525530006202803, 499.5517564153294, 499.54451736883624, 499.73967986965687, 499.91140987417754, 1.561325793591585, 0.6776233509504158, 3.5594443137654372, 0.5535121004914125, 0.6212896354035099, 8.333226057607616, 0.6116441577789586, 1.777219758888854, 0.4029432344785605, 2.5888322389034863, 0.6866425431028423, 2.6134288422137697, 1.40824508332726]
APTIDAO: 
82.52334333038438
GEN: 6100
Individuo: 
[1.019212081575146, 1.7517183058812593, 2.0290527566931824, 2.3135984894291743, 1.2945433474990071, 14.483051826853705, 2.525530006202803, 499.5517564153294, 499.54451736883624, 499.73967986965687, 499.96025166143664, 1.5451732592206542, 0.6776233509504158, 3.5594443137654372, 0.5535121004914125, 0.6212896354035099, 8.333226057607616, 0.6116441577789586, 1.777219758888854, 0.4029432344785605, 2.5888322389034863, 0.6866425431028423, 1.2725924597371796, 1.825139989052716]
APTIDAO: 
82.5232344278704
GEN: 6200
Individuo: 
[1.0213455468197068, 1.7517183058812593, 2.0290527566931824, 2.3135984894291743, 1.2945433474990071, 14.483051826853705, 2.525530006202803, 499.5517564153294, 499.54451736883624, 499.73967986965687, 499.96025166143664, 1.5451732592206542, 0.9183178201425474, 3.5594443137654372, 0.5535121004914125, 0.6212896354035099, 8.333226057607616, 0.6116441577789586, 1.777219758888854, 0.4029432344785605, 2.5888322389034863, 0.6866425431028423, 1.2725924597371796, 1.825139989052716]
APTIDAO: 
82.52307139465512
GEN: 6300
Individuo: 
[1.0213455468197068, 1.7517183058812593, 2.0290527566931824, 2.3135984894291743, 1.2945433474990071, 14.483051826853705, 2.525530006202803, 499.5517564153294, 499.54451736883624, 499.73967986965687, 499.96025166143664, 1.5477576525645371, 0.9183178201425474, 3.5594443137654372, 0.5535121004914125, 0.6212896354035099, 8.333226057607616, 0.6116441577789586, 1.777219758888854, 0.4029432344785605, 2.5888322389034863, 0.6866425431028423, 1.2725924597371796, 1.9225162227585728]
APTIDAO: 
82.52305897684762
GEN: 6400
Individuo: 
[1.0213455468197068, 1.7517183058812593, 2.0290527566931824, 2.3135984894291743, 1.2945433474990071, 14.483051826853705, 2.525530006202803, 499.5517564153294, 499.54451736883624, 499.73967986965687, 499.96025166143664, 1.5477576525645371, 0.9183178201425474, 3.5594443137654372, 0.5535121004914125, 0.6212896354035099, 8.333226057607616, 0.6116441577789586, 1.777219758888854, 0.4029432344785605, 2.5888322389034863, 0.6866425431028423, 1.2725924597371796, 1.9225162227585728]
APTIDAO: 
82.52305897684762
GEN: 6500
Individuo: 
[1.0213455468197068, 1.7517183058812593, 2.0290527566931824, 2.3135984894291743, 1.2945433474990071, 14.483051826853705, 2.525530006202803, 499.5517564153294, 499.54451736883624, 499.73967986965687, 499.96025166143664, 1.5477576525645371, 0.9183178201425474, 3.5594443137654372, 0.5535121004914125, 0.6212896354035099, 8.333226057607616, 0.6116441577789586, 1.777219758888854, 0.4029432344785605, 2.5888322389034863, 0.6866425431028423, 1.2725924597371796, 1.9225162227585728]
APTIDAO: 
82.52305897684762
GEN: 6600
Individuo: 
[1.0213455468197068, 1.7517183058812593, 2.0290527566931824, 2.3135984894291743, 1.2945433474990071, 14.483051826853705, 2.525530006202803, 499.5517564153294, 499.97141737580756, 499.73967986965687, 499.96025166143664, 1.5477576525645371, 0.9183178201425474, 3.5594443137654372, 0.5535121004914125, 0.6212896354035099, 8.333226057607616, 0.6116441577789586, 1.777219758888854, 0.4029432344785605, 2.588542305659145, 0.6866425431028423, 1.2725924597371796, 1.9225162227585728]
APTIDAO: 
82.52305698928659
GEN: 6700
Individuo: 
[1.0213455468197068, 1.7517183058812593, 2.0290527566931824, 2.3135984894291743, 1.2945433474990071, 14.483051826853705, 2.525530006202803, 499.5517564153294, 499.97141737580756, 499.73967986965687, 499.96025166143664, 1.5477576525645371, 0.9183178201425474, 3.5594443137654372, 0.5535121004914125, 0.6212896354035099, 8.333226057607616, 0.6116441577789586, 1.777219758888854, 0.4029432344785605, 2.588542305659145, 0.6866425431028423, 1.2725924597371796, 1.9225162227585728]
APTIDAO: 
82.52305698928659
GEN: 6800
Individuo: 
[1.0213455468197068, 1.7511531342137683, 2.0290527566931824, 2.3135984894291743, 1.2945433474990071, 14.483051826853705, 2.525530006202803, 499.5517564153294, 499.97141737580756, 499.73967986965687, 499.96025166143664, 1.5519761703284383, 0.9183178201425474, 3.5845361966632465, 0.5535121004914125, 0.6212896354035099, 8.333226057607616, 0.6116441577789586, 1.777219758888854, 0.4029432344785605, 2.588542305659145, 0.6866425431028423, 1.2725924597371796, 1.735742277258065]
APTIDAO: 
82.52299242764877
GEN: 6900
Individuo: 
[1.0213455468197068, 1.7511531342137683, 2.0290527566931824, 2.3135984894291743, 1.2945433474990071, 14.483051826853705, 2.525530006202803, 499.5517564153294, 499.97141737580756, 499.73967986965687, 499.96025166143664, 1.5519761703284383, 0.9183178201425474, 3.5845361966632465, 0.5535121004914125, 0.6212896354035099, 8.333226057607616, 0.6116441577789586, 1.777219758888854, 0.4029432344785605, 2.588542305659145, 0.6866425431028423, 1.2725924597371796, 1.735742277258065]
APTIDAO: 
82.52299242764877
GEN: 7000
Individuo: 
[1.0213455468197068, 1.7511531342137683, 2.0290527566931824, 2.3135984894291743, 1.2945433474990071, 14.483051826853705, 2.525530006202803, 499.5517564153294, 499.97141737580756, 499.73967986965687, 499.96025166143664, 1.5519761703284383, 0.9183178201425474, 3.5845361966632465, 0.5535121004914125, 0.6212896354035099, 8.333226057607616, 0.6116441577789586, 1.777219758888854, 0.4029432344785605, 2.588542305659145, 0.6866425431028423, 1.2725924597371796, 1.735742277258065]
APTIDAO: 
82.52299242764877
GEN: 7100
Individuo: 
[1.0213455468197068, 1.7511531342137683, 2.0290527566931824, 2.3135984894291743, 1.2902692746885602, 14.483051826853705, 2.525530006202803, 499.5517564153294, 499.97141737580756, 499.73967986965687, 499.96025166143664, 1.5521088251239157, 0.9183178201425474, 3.5845361966632465, 0.5535121004914125, 0.6212896354035099, 7.471702286313397, 0.6116441577789586, 1.777219758888854, 0.4029432344785605, 2.588542305659145, 0.6866425431028423, 1.2725924597371796, 2.2465197307257925]
APTIDAO: 
82.5229325468446
GEN: 7200
Individuo: 
[1.0213455468197068, 1.7511531342137683, 2.0290527566931824, 2.3135984894291743, 1.2902692746885602, 14.483051826853705, 2.525530006202803, 499.5517564153294, 499.97141737580756, 499.73967986965687, 499.96025166143664, 1.5545153627437336, 0.9183178201425474, 3.5845361966632465, 0.5535121004914125, 0.6212896354035099, 7.471702286313397, 0.6116441577789586, 1.777219758888854, 0.4029432344785605, 2.588542305659145, 0.6866425431028423, 1.2725924597371796, 1.9701366399055198]
APTIDAO: 
82.52291061384281
GEN: 7300
Individuo: 
[1.0213455468197068, 1.7511531342137683, 2.0290527566931824, 2.3135984894291743, 1.2902692746885602, 14.483051826853705, 2.525530006202803, 499.5517564153294, 499.97141737580756, 499.73967986965687, 499.96025166143664, 1.5545153627437336, 0.9183178201425474, 3.5845361966632465, 0.5535121004914125, 0.6212896354035099, 7.471702286313397, 0.6116441577789586, 1.777219758888854, 0.4029432344785605, 2.588542305659145, 0.6866425431028423, 1.2725924597371796, 1.9701366399055198]
APTIDAO: 
82.52291061384281
GEN: 7400
Individuo: 
[1.0213455468197068, 1.7511531342137683, 2.0290527566931824, 2.3135984894291743, 1.2902692746885602, 14.483051826853705, 2.525530006202803, 499.5517564153294, 499.97141737580756, 499.73967986965687, 499.96025166143664, 1.5545153627437336, 0.9183178201425474, 3.5845361966632465, 0.5535121004914125, 0.6212896354035099, 7.471702286313397, 0.6116441577789586, 1.777219758888854, 0.4029432344785605, 2.588542305659145, 0.6866425431028423, 1.2725924597371796, 1.9701366399055198]
APTIDAO: 
82.52291061384281
GEN: 7500
Individuo: 
[1.0213455468197068, 1.7511531342137683, 2.0290527566931824, 2.3135984894291743, 1.2902692746885602, 14.44503513944874, 2.525530006202803, 499.5517564153294, 499.97141737580756, 499.73967986965687, 499.96025166143664, 1.5545153627437336, 0.9183178201425474, 3.5845361966632465, 0.5535121004914125, 0.6212896354035099, 7.471702286313397, 0.8820838314387769, 1.777219758888854, 0.4029432344785605, 2.588542305659145, 0.6866425431028423, 1.2725924597371796, 1.9701366399055198]
APTIDAO: 
82.5228688672125
GEN: 7600
Individuo: 
[1.0213455468197068, 1.7511531342137683, 2.0290527566931824, 2.3318610149735064, 1.2902692746885602, 14.44503513944874, 2.525530006202803, 499.5517564153294, 499.97141737580756, 499.73967986965687, 499.96025166143664, 1.5545153627437336, 0.9183178201425474, 3.5845361966632465, 0.5535121004914125, 0.5324407437186629, 7.471702286313397, 0.8820838314387769, 1.777219758888854, 0.4029432344785605, 2.588542305659145, 0.6866425431028423, 1.2725924597371796, 1.9701366399055198]
APTIDAO: 
82.52269485588097
GEN: 7700
Individuo: 
[1.0213455468197068, 1.7511531342137683, 2.0290527566931824, 2.3318610149735064, 1.2902692746885602, 14.44503513944874, 2.525530006202803, 499.5517564153294, 499.97141737580756, 499.73967986965687, 499.96025166143664, 1.5545153627437336, 0.9183178201425474, 3.5845361966632465, 0.5535121004914125, 0.5324407437186629, 7.471702286313397, 0.8820838314387769, 1.777219758888854, 0.4029432344785605, 2.588542305659145, 0.6866425431028423, 1.2725924597371796, 1.9701366399055198]
APTIDAO: 
82.52269485588097
GEN: 7800
Individuo: 
[1.0213455468197068, 1.7511531342137683, 2.0290527566931824, 2.3238005050203996, 1.2902692746885602, 14.606278731815161, 2.525530006202803, 499.5517564153294, 499.97141737580756, 499.73967986965687, 499.96025166143664, 1.5545153627437336, 0.9183178201425474, 3.5845361966632465, 0.5535121004914125, 0.7893435502829481, 7.471702286313397, 0.6148494241443393, 1.777219758888854, 0.4029432344785605, 2.588542305659145, 0.6866425431028423, 1.2725924597371796, 1.9701366399055198]
APTIDAO: 
82.522650711683
GEN: 7900
Individuo: 
[1.0209248711214887, 1.7511531342137683, 2.0290527566931824, 2.3238005050203996, 1.2902692746885602, 14.606278731815161, 2.525530006202803, 499.5517564153294, 499.97141737580756, 499.73967986965687, 499.96025166143664, 1.5545153627437336, 0.9945164749653306, 3.5845361966632465, 0.5535121004914125, 0.7893435502829481, 7.471702286313397, 0.6148494241443393, 1.777219758888854, 0.4029432344785605, 2.588542305659145, 0.6866425431028423, 1.2725924597371796, 1.9701366399055198]
APTIDAO: 
82.52264999186342
GEN: 8000
Individuo: 
[1.0209248711214887, 1.7511531342137683, 2.0290527566931824, 2.322559732008163, 1.2902692746885602, 14.606278731815161, 2.525530006202803, 499.5517564153294, 499.97141737580756, 499.73967986965687, 499.96025166143664, 1.5545153627437336, 0.9945164749653306, 3.5845361966632465, 0.5535121004914125, 0.7431116777162501, 7.471702286313397, 0.6148494241443393, 1.777219758888854, 0.4029432344785605, 2.588542305659145, 0.6866425431028423, 1.2725924597371796, 1.9701366399055198]
APTIDAO: 
82.52264835759426
GEN: 8100
Individuo: 
[1.0209248711214887, 1.7511531342137683, 2.0290527566931824, 2.322559732008163, 1.2902692746885602, 14.606278731815161, 2.525530006202803, 499.5517564153294, 499.97141737580756, 499.73967986965687, 499.96025166143664, 1.5545153627437336, 0.9945164749653306, 3.5845361966632465, 0.5535121004914125, 0.7431116777162501, 7.471702286313397, 0.6148494241443393, 1.777219758888854, 0.4029432344785605, 2.588542305659145, 0.6866425431028423, 1.2725924597371796, 1.9701366399055198]
APTIDAO: 
82.52264835759426
GEN: 8200
Individuo: 
[1.0209248711214887, 1.7511531342137683, 2.0290527566931824, 2.322559732008163, 1.2902692746885602, 14.606278731815161, 2.525530006202803, 499.5517564153294, 499.97141737580756, 499.73967986965687, 499.96025166143664, 1.5545153627437336, 0.9945164749653306, 3.5845361966632465, 0.5535121004914125, 0.7431116777162501, 7.471702286313397, 0.6148494241443393, 1.777219758888854, 0.4029432344785605, 2.588542305659145, 0.6866425431028423, 1.2725924597371796, 1.9701366399055198]
APTIDAO: 
82.52264835759426
GEN: 8300
Individuo: 
[1.0209248711214887, 1.7511531342137683, 2.0290527566931824, 2.322559732008163, 1.2902692746885602, 14.606278731815161, 2.525530006202803, 499.5517564153294, 499.97141737580756, 499.73967986965687, 499.96025166143664, 1.5545153627437336, 0.9945164749653306, 3.5845361966632465, 0.5535121004914125, 0.7431116777162501, 7.471702286313397, 0.6148494241443393, 1.777219758888854, 0.4029432344785605, 2.588542305659145, 0.6866425431028423, 1.2725924597371796, 1.9701366399055198]
APTIDAO: 
82.52264835759426
GEN: 8400
Individuo: 
[1.0209248711214887, 1.7511531342137683, 2.0290527566931824, 2.322559732008163, 1.2902692746885602, 14.606278731815161, 2.525530006202803, 499.71157022240794, 499.97141737580756, 499.73967986965687, 499.96025166143664, 1.5545153627437336, 0.9945164749653306, 3.5845361966632465, 0.5535121004914125, 0.7431116777162501, 7.471702286313397, 0.6148494241443393, 1.777219758888854, 0.5233670733760073, 2.588542305659145, 0.6866425431028423, 1.2725924597371796, 1.9701366399055198]
APTIDAO: 
82.52264746018263
GEN: 8500
Individuo: 
[1.0209248711214887, 1.7511531342137683, 2.0290527566931824, 2.322559732008163, 1.2902692746885602, 14.606278731815161, 2.525530006202803, 499.71157022240794, 499.97141737580756, 499.73967986965687, 499.96025166143664, 1.5545153627437336, 0.9945164749653306, 3.5845361966632465, 0.5535121004914125, 0.7431116777162501, 7.471702286313397, 0.6148494241443393, 1.777219758888854, 0.5233670733760073, 2.588542305659145, 0.6866425431028423, 1.2725924597371796, 1.9701366399055198]
APTIDAO: 
82.52264746018263
GEN: 8600
Individuo: 
[1.0209248711214887, 1.7511531342137683, 2.0290527566931824, 2.322559732008163, 1.2902692746885602, 14.606278731815161, 2.525530006202803, 499.71157022240794, 499.97141737580756, 499.73967986965687, 499.96025166143664, 1.5545153627437336, 0.9945164749653306, 3.5845361966632465, 0.5535121004914125, 0.7431116777162501, 7.471702286313397, 0.6148494241443393, 1.777219758888854, 0.5233670733760073, 2.588542305659145, 0.6866425431028423, 1.2725924597371796, 1.9701366399055198]
APTIDAO: 
82.52264746018263
GEN: 8700
Individuo: 
[1.0209248711214887, 1.7511531342137683, 2.0290527566931824, 2.322559732008163, 1.2902692746885602, 14.606278731815161, 2.525530006202803, 499.71157022240794, 499.97141737580756, 499.73967986965687, 499.96025166143664, 1.5545153627437336, 0.9945164749653306, 3.5845361966632465, 0.5535121004914125, 0.7431116777162501, 7.471702286313397, 0.6148494241443393, 1.777219758888854, 0.5233670733760073, 2.588542305659145, 0.6866425431028423, 1.2725924597371796, 1.9701366399055198]
APTIDAO: 
82.52264746018263
GEN: 8800
Individuo: 
[1.0209248711214887, 1.7511531342137683, 2.0290527566931824, 2.322559732008163, 1.2902692746885602, 14.606278731815161, 2.525530006202803, 499.71157022240794, 499.97141737580756, 499.73967986965687, 499.96025166143664, 1.5545153627437336, 0.9945164749653306, 3.5845361966632465, 0.5535121004914125, 0.7431116777162501, 7.471702286313397, 0.6148494241443393, 1.777219758888854, 0.5233670733760073, 2.588542305659145, 0.6866425431028423, 1.2725924597371796, 1.9701366399055198]
APTIDAO: 
82.52264746018263
GEN: 8900
Individuo: 
[1.0209248711214887, 1.7511531342137683, 2.0290527566931824, 2.322559732008163, 1.2902692746885602, 14.606278731815161, 2.525530006202803, 499.71157022240794, 499.97141737580756, 499.73967986965687, 499.96025166143664, 1.5545153627437336, 0.9945164749653306, 3.5845361966632465, 0.5535121004914125, 0.7431116777162501, 7.471702286313397, 0.6148494241443393, 1.777219758888854, 0.5233670733760073, 2.588542305659145, 0.6866425431028423, 1.2725924597371796, 1.9701366399055198]
APTIDAO: 
82.52264746018263
GEN: 9000
Individuo: 
[1.0209248711214887, 1.7511531342137683, 2.0290527566931824, 2.322559732008163, 1.2902692746885602, 14.606278731815161, 2.525530006202803, 499.71157022240794, 499.97141737580756, 499.73967986965687, 499.96025166143664, 1.5545153627437336, 0.9945164749653306, 3.5845361966632465, 0.5535121004914125, 0.7431116777162501, 7.471702286313397, 0.6148494241443393, 1.777219758888854, 0.5233670733760073, 2.588542305659145, 0.6866425431028423, 1.2725924597371796, 1.9701366399055198]
APTIDAO: 
82.52264746018263
GEN: 9100
Individuo: 
[1.0209248711214887, 1.7511531342137683, 2.0290527566931824, 2.322559732008163, 1.2902692746885602, 14.606278731815161, 2.525530006202803, 499.71157022240794, 499.97141737580756, 499.73967986965687, 499.96025166143664, 1.5545153627437336, 0.9945164749653306, 3.5845361966632465, 0.5535121004914125, 0.7431116777162501, 7.471702286313397, 0.6148494241443393, 1.777219758888854, 0.5233670733760073, 2.588542305659145, 0.6866425431028423, 1.2725924597371796, 1.9701366399055198]
APTIDAO: 
82.52264746018263
GEN: 9200
Individuo: 
[1.0209248711214887, 1.7511531342137683, 2.0290527566931824, 2.322559732008163, 1.2902692746885602, 14.606278731815161, 2.525530006202803, 499.71157022240794, 499.97141737580756, 499.73967986965687, 499.96025166143664, 1.5545153627437336, 0.9945164749653306, 3.5845361966632465, 0.5535121004914125, 0.7431116777162501, 7.471702286313397, 0.6148494241443393, 1.777219758888854, 0.5233670733760073, 2.588542305659145, 0.6866425431028423, 1.2725924597371796, 1.9701366399055198]
APTIDAO: 
82.52264746018263
GEN: 9300
Individuo: 
[1.0209248711214887, 1.7511531342137683, 2.0290527566931824, 2.322559732008163, 1.2902692746885602, 14.606278731815161, 2.525530006202803, 499.71157022240794, 499.97141737580756, 499.73967986965687, 499.96025166143664, 1.5545153627437336, 0.9945164749653306, 3.5845361966632465, 0.5535121004914125, 0.7431116777162501, 7.471702286313397, 0.6148494241443393, 1.777219758888854, 0.5233670733760073, 2.588542305659145, 0.6866425431028423, 1.2725924597371796, 1.9701366399055198]
APTIDAO: 
82.52264746018263
GEN: 9400
Individuo: 
[1.0209248711214887, 1.7511531342137683, 2.0290527566931824, 2.322559732008163, 1.2898770947722118, 14.606278731815161, 2.525530006202803, 499.71157022240794, 499.97141737580756, 499.73967986965687, 499.96025166143664, 1.5545153627437336, 0.9945164749653306, 3.5845361966632465, 0.5535121004914125, 0.7431116777162501, 3.3079408238932464, 0.6148494241443393, 1.777219758888854, 0.5233670733760073, 2.588542305659145, 0.6866425431028423, 1.2725924597371796, 1.9701366399055198]
APTIDAO: 
82.52261923538114
GEN: 9500
Individuo: 
[1.0209248711214887, 1.7511531342137683, 2.0290527566931824, 2.322559732008163, 1.2898770947722118, 14.606278731815161, 2.525530006202803, 499.71157022240794, 499.97141737580756, 499.73967986965687, 499.96025166143664, 1.5545153627437336, 0.9945164749653306, 3.5845361966632465, 0.5535121004914125, 0.7431116777162501, 3.3079408238932464, 0.6148494241443393, 1.777219758888854, 0.5233670733760073, 2.588542305659145, 0.6866425431028423, 1.2725924597371796, 1.9701366399055198]
APTIDAO: 
82.52261923538114
GEN: 9600
Individuo: 
[1.0209248711214887, 1.7511531342137683, 2.0290527566931824, 2.322559732008163, 1.2898770947722118, 14.606278731815161, 2.525530006202803, 499.71157022240794, 499.97141737580756, 499.73967986965687, 499.96025166143664, 1.5545153627437336, 0.9945164749653306, 3.5845361966632465, 0.5535121004914125, 0.7431116777162501, 3.3079408238932464, 0.6148494241443393, 1.777219758888854, 0.5233670733760073, 2.588542305659145, 0.6866425431028423, 1.2725924597371796, 1.9701366399055198]
APTIDAO: 
82.52261923538114
GEN: 9700
Individuo: 
[1.0209248711214887, 1.7511531342137683, 2.0290527566931824, 2.322559732008163, 1.2898770947722118, 14.606278731815161, 2.525530006202803, 499.71157022240794, 499.97141737580756, 499.73967986965687, 499.96025166143664, 1.5545153627437336, 0.9945164749653306, 3.5845361966632465, 0.5535121004914125, 0.7431116777162501, 3.3079408238932464, 0.6148494241443393, 1.777219758888854, 0.5233670733760073, 2.588542305659145, 0.6866425431028423, 1.2725924597371796, 1.9701366399055198]
APTIDAO: 
82.52261923538114
GEN: 9800
Individuo: 
[1.0209248711214887, 1.7511531342137683, 2.0290527566931824, 2.322559732008163, 1.2898770947722118, 14.606278731815161, 2.525530006202803, 499.71157022240794, 499.97141737580756, 499.73967986965687, 499.96025166143664, 1.5545153627437336, 0.9945164749653306, 3.5845361966632465, 0.5535121004914125, 0.7431116777162501, 3.3079408238932464, 0.6148494241443393, 1.777219758888854, 0.5233670733760073, 2.588542305659145, 0.6866425431028423, 1.2725924597371796, 1.9701366399055198]
APTIDAO: 
82.52261923538114
GEN: 9900
Individuo: 
[1.0209248711214887, 1.7511531342137683, 2.0290527566931824, 2.322559732008163, 1.2898770947722118, 14.606278731815161, 2.525530006202803, 499.71157022240794, 499.97141737580756, 499.73967986965687, 499.96025166143664, 1.5545153627437336, 0.9945164749653306, 3.5845361966632465, 0.5535121004914125, 0.7431116777162501, 3.3079408238932464, 0.6148494241443393, 1.777219758888854, 0.5233670733760073, 2.588542305659145, 0.6866425431028423, 1.2725924597371796, 1.9701366399055198]
APTIDAO: 
82.52261923538114
GEN: 10000
Individuo: 
[1.0209248711214887, 1.7511531342137683, 2.0290527566931824, 2.322559732008163, 1.2898770947722118, 14.606278731815161, 2.525530006202803, 499.71157022240794, 499.97141737580756, 499.73967986965687, 499.96025166143664, 1.5545153627437336, 0.9945164749653306, 3.5845361966632465, 0.5535121004914125, 0.7431116777162501, 3.3079408238932464, 0.6148494241443393, 1.777219758888854, 0.5233670733760073, 2.588542305659145, 0.6866425431028423, 1.2725924597371796, 1.9701366399055198]
APTIDAO: 
82.52261923538114

--- RESULTADO FINAL ---
Erro (norma-1): 82.52261923538114
Parametros: [1.0209248711214887, 1.7511531342137683, 2.0290527566931824, 2.322559732008163, 1.2898770947722118, 14.606278731815161, 2.525530006202803, 499.71157022240794, 499.97141737580756, 499.73967986965687, 499.96025166143664, 1.5545153627437336]
Tempo total: 00h 28m 37s
