SEED: 1778490666
METODO: ABCD_GK
IND_SIZE: 31
GEN: 0
Individuo: 
[1.6540763033061483, 2.1037622972340246, 4.411231724759881, 4.0118554240141995, 1.20347346078291, 0.3696040054538416, 1.2183568764971402, 0.022154515600818284, 0.3322926262349064, 1.1476379727790877, 0.41259728805357243, 0.7276048011706041, 1.0661763637035133, 0.9715714114245537, 0.630051909283933, 0.5341870428892576, 0.7808042887801686, 0.28369989915940724, 0.8364885666175915, 0.35255063276087883, 0.20839231662131583, 0.2845980999527218, 0.9524095462988641, 0.6412992740594846, 0.9676632753921223, 0.6061788337839249, 0.9577141745154708, 0.4346402855479019, 0.3764280910824575, 0.2312680047758125, 0.6243643340048118]
APTIDAO: 
111.69004088075309
GEN: 100
Individuo: 
[0.6543767021789522, 0.6640713057708395, 0.15043731886818243, 1.4963421129943795, 1.20347346078291, 1.4789130329940523, 1.245504336248938, 0.025024335489616766, 0.3322926262349064, 0.5226797895056421, 0.41259728805357243, 0.7276048011706041, 0.7121535865999201, 0.9180100017552256, 0.5628759072785565, 0.2155428421580495, 0.2716887544877672, 0.28369989915940724, 0.7885279285406951, 0.7177062077990339, 0.20839231662131583, 0.39896490440070104, 0.037299272113748574, 0.5925799846462034, 0.7794204034997331, 0.0012243765872227566, 0.7120404373664306, 0.4346402855479019, 0.3764280910824575, 0.2312680047758125, 0.35006784320255546]
APTIDAO: 
60.84350283587476
GEN: 200
Individuo: 
[1.6551914876641676, 0.6640713057708395, 2.625926429857743, 1.4963421129943795, 1.4954389002226902, 1.4789130329940523, 1.245504336248938, 0.025024335489616766, 0.3322926262349064, 0.5226797895056421, 0.41259728805357243, 0.7276048011706041, 0.7144370974806336, 0.598853080056425, 0.5628759072785565, 0.2155428421580495, 0.1952649705649558, 0.28369989915940724, 0.7885279285406951, 0.6782757652816354, 0.20839231662131583, 0.7502110273182099, 0.023637973739314186, 0.5995354384593261, 0.7794204034997331, 0.0018986286197354148, 0.7117761292044499, 0.4346402855479019, 0.3764280910824575, 0.2312680047758125, 0.35598988410998517]
APTIDAO: 
54.68765308644684
GEN: 300
Individuo: 
[1.8513581630638358, 1.188544957738957, 3.162149811104321, 0.5348683287103112, 1.1951437542546368, 1.4789130329940523, 1.245504336248938, 0.011464782918827614, 0.3322926262349064, 0.5226797895056421, 0.41259728805357243, 0.7276048011706041, 0.905487775997605, 0.807201753149434, 0.5628759072785565, 0.2155428421580495, 0.10616807608127905, 0.28320532293150735, 0.46839694929866976, 0.766477124703274, 0.20839231662131583, 0.8812240307394703, 0.003515003361760566, 0.617289409868887, 0.7794204034997331, 0.0015639595574378452, 0.6484712148680359, 0.4346402855479019, 0.7075268994130368, 0.20649326410052576, 0.35598988410998517]
APTIDAO: 
49.11916921405149
GEN: 400
Individuo: 
[1.7876973996333128, 1.188544957738957, 4.103434861518005, 0.40607271698277614, 1.4885592949419024, 1.4702210337729062, 1.245504336248938, 0.012256986969778108, 0.3322926262349064, 0.5226797895056421, 0.41259728805357243, 0.7276048011706041, 0.9707675265311022, 0.49077051456881626, 0.5628759072785565, 0.2155428421580495, 0.007790125342009686, 0.28320532293150735, 0.7915568850711837, 0.7883446908386441, 0.20839231662131583, 0.8684999186208757, 0.0012271431980785154, 0.617289409868887, 0.7794204034997331, 0.13970404894074434, 0.6484712148680359, 0.4346402855479019, 0.3764280910824575, 0.20649326410052576, 0.3016516727032538]
APTIDAO: 
48.61538059251423
GEN: 500
Individuo: 
[1.7876973996333128, 1.188544957738957, 4.103434861518005, 0.40607271698277614, 1.4895737663660715, 1.4688309531896486, 1.245504336248938, 0.03133219109898707, 0.3322926262349064, 0.5226797895056421, 0.41259728805357243, 0.7276048011706041, 1.0783417782138167, 0.27769555524230005, 0.5460263737402355, 0.2155428421580495, 0.0011326722032967158, 0.302411944511831, 0.5662824968038449, 0.41424693783288846, 0.20839231662131583, 0.9618817087746729, 0.0012271431980785154, 0.617289409868887, 0.7709429853069659, 0.38063220184565316, 0.6484712148680359, 0.4346402855479019, 0.3764280910824575, 0.20649326410052576, 0.3016516727032538]
APTIDAO: 
47.088252748837505
GEN: 600
Individuo: 
[1.7876973996333128, 1.188544957738957, 4.648690831839628, 0.40607271698277614, 1.102268343561978, 1.4688309531896486, 1.245504336248938, 0.03133219109898707, 0.3322926262349064, 0.80094377131202, 0.41259728805357243, 0.7235122250905065, 1.3346910068131654, 0.002655024869496573, 0.5460263737402355, 0.2155428421580495, 0.0010744374853560647, 0.302411944511831, 0.2632914869635655, 0.41424693783288846, 0.20839231662131583, 0.9618817087746729, 0.0010290016042718486, 0.631705572566005, 0.7709429853069659, 0.7760281450490947, 0.6484712148680359, 0.4346402855479019, 0.3764280910824575, 0.20649326410052576, 0.3059897451129815]
APTIDAO: 
46.91055392049623
GEN: 700
Individuo: 
[2.2543297417948924, 1.188544957738957, 4.648690831839628, 0.5264998886467092, 1.1167073219396355, 1.4688309531896486, 1.245504336248938, 0.03133219109898707, 0.3322926262349064, 0.80094377131202, 0.41259728805357243, 0.7235122250905065, 1.2169910010052196, 0.002655024869496573, 0.5250161922256704, 0.2155428421580495, 0.0010744374853560647, 0.302411944511831, 0.2632914869635655, 0.41424693783288846, 0.20839231662131583, 0.9618817087746729, 0.0012182656649795192, 0.631705572566005, 0.7709429853069659, 0.07432040629075805, 0.6484712148680359, 0.4346402855479019, 0.3764280910824575, 0.20649326410052576, 0.2898348452451499]
APTIDAO: 
48.95555326423403
GEN: 800
Individuo: 
[1.713135889921663, 1.188544957738957, 3.671182321658668, 0.3538457005179656, 1.1167073219396355, 1.4688309531896486, 1.245504336248938, 0.014056030748746555, 0.3322926262349064, 0.80094377131202, 0.41259728805357243, 0.7235122250905065, 1.2169910010052196, 0.005325606875836864, 0.5460263737402355, 0.2155428421580495, 0.001546144977232344, 0.302411944511831, 0.2632914869635655, 0.41424693783288846, 0.20839231662131583, 0.9813889741070309, 0.001208850473497885, 0.631705572566005, 0.7709429853069659, 0.17888409414421017, 0.6484712148680359, 0.4426620609214644, 0.38409461857131855, 0.20649326410052576, 0.2335235185370232]
APTIDAO: 
46.77986854710429
GEN: 900
Individuo: 
[1.713135889921663, 1.1771486293667204, 4.242114029702634, 0.42584028879613417, 1.1167073219396355, 1.4211116962750439, 1.245504336248938, 0.014056030748746555, 0.3322926262349064, 0.80094377131202, 0.5582596879516136, 0.7235122250905065, 1.2169910010052196, 0.002898547024740928, 0.5326142888141431, 0.2155428421580495, 0.0011581775267860272, 0.3148700230874885, 0.2632914869635655, 0.09316248367301053, 0.20839231662131583, 0.9813889741070309, 0.001554814508194453, 0.631705572566005, 0.7709429853069659, 0.45556939866550594, 0.6484712148680359, 0.4880590932041928, 0.38409461857131855, 0.20256087800036135, 0.2335235185370232]
APTIDAO: 
45.499280390716336
GEN: 1000
Individuo: 
[1.713135889921663, 1.102206200072312, 4.502596288704679, 0.3826450499648578, 1.1167073219396355, 1.4211116962750439, 1.245504336248938, 0.014056030748746555, 0.3322926262349064, 0.80094377131202, 0.5582596879516136, 0.7235122250905065, 1.4532424594277684, 0.004447591526549281, 0.5326142888141431, 0.2155428421580495, 0.0010395778369233996, 0.3148700230874885, 0.2632914869635655, 0.09316248367301053, 0.20839231662131583, 0.7075681884022054, 0.001475380962448018, 0.631705572566005, 0.7709429853069659, 0.9402019474614559, 0.6484712148680359, 0.4880590932041928, 0.38409461857131855, 0.20256087800036135, 0.2335235185370232]
APTIDAO: 
45.449541301566995
GEN: 1100
Individuo: 
[1.713135889921663, 1.102206200072312, 4.555987478921767, 0.41535393483777755, 1.1165784021658052, 1.4211116962750439, 1.245504336248938, 0.014056030748746555, 0.3322926262349064, 0.80094377131202, 0.5582596879516136, 0.7235122250905065, 1.407571130013554, 0.007470744759516472, 0.5335579261914359, 0.2155428421580495, 0.0013129801465053418, 0.3148700230874885, 0.2632914869635655, 0.09316248367301053, 0.20839231662131583, 0.8952552014027005, 0.001475380962448018, 0.631705572566005, 0.7709429853069659, 0.7625021250675024, 0.6484712148680359, 0.4880590932041928, 0.38409461857131855, 0.20256087800036135, 0.2335235185370232]
APTIDAO: 
45.446664544157
GEN: 1200
Individuo: 
[1.713135889921663, 1.102206200072312, 4.555987478921767, 0.41535393483777755, 1.1165784021658052, 1.4211116962750439, 1.245504336248938, 0.050995368059717015, 0.3322926262349064, 0.80094377131202, 0.5582596879516136, 0.7235122250905065, 1.407571130013554, 0.007470744759516472, 0.5335579261914359, 0.2155428421580495, 0.0013691916027428553, 0.3148700230874885, 0.2691348276736397, 0.09316248367301053, 0.20839231662131583, 0.8952552014027005, 0.001475380962448018, 0.631705572566005, 0.7709429853069659, 0.8699963042297781, 0.6484712148680359, 0.4880590932041928, 0.3818368124943469, 0.20256087800036135, 0.2335235185370232]
APTIDAO: 
45.5345424511054
GEN: 1300
Individuo: 
[1.6451028360045066, 1.102206200072312, 4.555987478921767, 0.3486914922157205, 1.1165784021658052, 1.4211116962750439, 1.245504336248938, 0.06699530580330745, 0.3322926262349064, 0.80094377131202, 0.5582596879516136, 0.7235122250905065, 1.407571130013554, 0.020357231361443615, 0.5335579261914359, 0.2155428421580495, 0.0012649789724803835, 0.3148700230874885, 0.2679202886949161, 0.09316248367301053, 0.20839231662131583, 0.8952552014027005, 0.0016344646020930028, 0.631705572566005, 0.7709429853069659, 0.6613625964851695, 0.6484712148680359, 0.4880590932041928, 0.3818368124943469, 0.20256087800036135, 0.2335235185370232]
APTIDAO: 
45.552810945172695
GEN: 1400
Individuo: 
[1.6451028360045066, 1.102206200072312, 4.555987478921767, 0.3887538659927066, 1.1165784021658052, 1.4211116962750439, 1.245504336248938, 0.018832515607922883, 0.3322926262349064, 0.80094377131202, 0.5582596879516136, 0.7235122250905065, 1.2557841134307945, 0.01104159479824336, 0.5335579261914359, 0.2155428421580495, 0.001992303282211974, 0.3148700230874885, 0.2679202886949161, 0.09316248367301053, 0.20839231662131583, 0.9627369968421173, 0.0015500874667535502, 0.631705572566005, 0.7709429853069659, 0.8260141744705876, 0.6484712148680359, 0.49669543793572907, 0.3818368124943469, 0.20256087800036135, 0.20295393093017688]
APTIDAO: 
45.26182251799962
GEN: 1500
Individuo: 
[1.6451028360045066, 1.102206200072312, 4.270970171327742, 0.3887538659927066, 1.1165784021658052, 1.4211116962750439, 1.245504336248938, 0.016472900318252985, 0.3322926262349064, 0.80094377131202, 0.5817751435685226, 0.7235122250905065, 1.2557841134307945, 0.01104159479824336, 0.5335579261914359, 0.2155428421580495, 0.0010697529052118612, 0.3148700230874885, 0.2679202886949161, 0.05840270546995495, 0.20839231662131583, 0.7689119075643948, 0.0012792752188368617, 0.631705572566005, 0.7709429853069659, 0.8922056003106629, 0.6484712148680359, 0.49669543793572907, 0.3818368124943469, 0.20256087800036135, 0.1359730176604207]
APTIDAO: 
45.35805049216104
GEN: 1600
Individuo: 
[1.498034560899615, 1.258905757060505, 4.507461367258888, 0.3887538659927066, 1.1165784021658052, 1.4211116962750439, 1.245504336248938, 0.06375966347369383, 0.18143347014694808, 0.778223135116627, 0.5817751435685226, 0.7235122250905065, 1.481155469647049, 0.0020102054960464215, 0.5335579261914359, 0.2155428421580495, 0.00471580074467511, 0.3148700230874885, 0.2679202886949161, 0.036730275074710904, 0.20839231662131583, 0.026636325435579266, 0.0011788646215393985, 0.631705572566005, 0.7709429853069659, 0.5475443919740381, 0.09209110024287863, 0.49669543793572907, 0.3818368124943469, 0.20667110167208147, 0.060399898473744315]
APTIDAO: 
44.7253126199405
GEN: 1700
Individuo: 
[1.498034560899615, 1.258905757060505, 4.507461367258888, 0.3887538659927066, 1.1165784021658052, 1.4211116962750439, 1.245504336248938, 0.0351729831323059, 0.18143347014694808, 0.778223135116627, 0.5817751435685226, 0.7235122250905065, 1.4226401147545995, 0.010859315858683357, 0.5335579261914359, 0.2155428421580495, 0.018434856171321578, 0.3148700230874885, 0.2679202886949161, 0.036730275074710904, 0.20839231662131583, 0.0014097090481972323, 0.0011175152191233424, 0.631705572566005, 0.7709429853069659, 0.48106318226923245, 0.09209110024287863, 0.5126885052530327, 0.3818368124943469, 0.20667110167208147, 0.04775259253503524]
APTIDAO: 
44.50192449472781
GEN: 1800
Individuo: 
[1.339995079974302, 1.2969368858322805, 4.709090716166849, 0.42166126863532966, 1.1165784021658052, 1.4211116962750439, 1.245504336248938, 0.0351729831323059, 0.18143347014694808, 0.7763723542547223, 0.5817751435685226, 0.7235122250905065, 1.48277739091663, 0.002063104847974807, 0.5335579261914359, 0.2155428421580495, 0.022559349918567572, 0.3148700230874885, 0.2679202886949161, 0.036730275074710904, 0.20839231662131583, 0.0014755215873021256, 0.0010648130757010237, 0.631705572566005, 0.7709429853069659, 0.7949361401886499, 0.09209110024287863, 0.5126885052530327, 0.3818368124943469, 0.20667110167208147, 0.03817504468565984]
APTIDAO: 
44.09149654801921
GEN: 1900
Individuo: 
[1.3500271140766722, 1.157033667915654, 4.709090716166849, 0.42166126863532966, 1.1165784021658052, 1.4211116962750439, 1.245504336248938, 0.015027843081323359, 0.18143347014694808, 0.7735808611339908, 0.5817751435685226, 0.7235122250905065, 1.3456558152386016, 0.05054272761914869, 0.5371568645142515, 0.21958696135500924, 0.0025658047484366617, 0.3148700230874885, 0.25306872251973844, 0.0010601962505163158, 0.20839231662131583, 0.0051362394070405, 0.0014667944242996959, 0.631705572566005, 0.7709429853069659, 0.7949361401886499, 0.09209110024287863, 0.5126885052530327, 0.35966767761813656, 0.20667110167208147, 0.022206693762016838]
APTIDAO: 
43.482320177527384
GEN: 2000
Individuo: 
[1.3500271140766722, 1.157033667915654, 4.709090716166849, 0.42166126863532966, 1.1165784021658052, 1.4211116962750439, 1.245504336248938, 0.015027843081323359, 0.18143347014694808, 0.7735808611339908, 0.5817751435685226, 0.7235122250905065, 1.3456558152386016, 0.05054272761914869, 0.5371568645142515, 0.21958696135500924, 0.001571946329575642, 0.3148700230874885, 0.25306872251973844, 0.0011077672843003482, 0.20839231662131583, 0.1464772660623911, 0.0017159994473312313, 0.631705572566005, 0.7709429853069659, 0.8720779943000931, 0.09209110024287863, 0.5112813183738102, 0.35966767761813656, 0.20667110167208147, 0.02293076495547042]
APTIDAO: 
43.4623256803966
GEN: 2100
Individuo: 
[1.196331122729767, 1.269316374075314, 4.709090716166849, 0.42166126863532966, 1.1165784021658052, 1.4211116962750439, 1.245504336248938, 0.015027843081323359, 0.18143347014694808, 0.7735808611339908, 0.5817751435685226, 0.7235122250905065, 1.3456558152386016, 0.05054272761914869, 0.5371568645142515, 0.21958696135500924, 0.00323047459589532, 0.3148700230874885, 0.25306872251973844, 0.0010346728696020416, 0.20839231662131583, 0.030866378959832817, 0.0015549487374066694, 0.631705572566005, 0.7709429853069659, 0.7403150405978929, 0.09209110024287863, 0.5112813183738102, 0.35966767761813656, 0.20667110167208147, 0.002624882147394593]
APTIDAO: 
43.232149208141706
GEN: 2200
Individuo: 
[1.196331122729767, 1.269316374075314, 4.791215304596234, 0.4043449850228594, 1.1165784021658052, 1.4211116962750439, 1.245504336248938, 0.015027843081323359, 0.18143347014694808, 0.7735808611339908, 0.5817751435685226, 0.7235122250905065, 1.2664672851754297, 0.05054272761914869, 0.5371568645142515, 0.21958696135500924, 0.003195787120789369, 0.3148700230874885, 0.25306872251973844, 0.0010157485717184724, 0.20839231662131583, 0.08248020419744807, 0.0015549487374066694, 0.631705572566005, 0.7709429853069659, 0.7403150405978929, 0.09209110024287863, 0.5112813183738102, 0.35966767761813656, 0.20667110167208147, 0.006550404370062081]
APTIDAO: 
43.22279058750155
GEN: 2300
Individuo: 
[1.196331122729767, 1.269316374075314, 4.921996729400359, 0.30531979605092946, 1.1165784021658052, 1.4211116962750439, 1.245504336248938, 0.013721401756773683, 0.18143347014694808, 0.7645764849819251, 0.5817751435685226, 0.7235122250905065, 1.0532882450496441, 0.05054272761914869, 0.5371568645142515, 0.21958696135500924, 0.06858352023958066, 0.3148700230874885, 0.25306872251973844, 0.0010157485717184724, 0.20839231662131583, 0.017117180498474067, 0.0017571232778494368, 0.631705572566005, 0.7709429853069659, 0.716313701768445, 0.09209110024287863, 0.5112813183738102, 0.35966767761813656, 0.20667110167208147, 0.006666181024276846]
APTIDAO: 
43.321803018199184
GEN: 2400
Individuo: 
[1.196331122729767, 1.269316374075314, 4.921996729400359, 0.34166652176267387, 1.1165784021658052, 1.4211116962750439, 1.245504336248938, 0.010246230400452229, 0.18143347014694808, 0.7645764849819251, 0.5817751435685226, 0.7235122250905065, 1.143910577905105, 0.1404685227070641, 0.5371568645142515, 0.21958696135500924, 0.0454195845606728, 0.3148700230874885, 0.25306872251973844, 0.001035532004258543, 0.20839231662131583, 0.4392127341865881, 0.0013888774702525122, 0.631705572566005, 0.7709429853069659, 0.03985568638813055, 0.08357899083574061, 0.5112813183738102, 0.35966767761813656, 0.20667110167208147, 0.004867350430009255]
APTIDAO: 
43.148021341318604
GEN: 2500
Individuo: 
[1.196331122729767, 1.269316374075314, 4.921996729400359, 0.36782291766824765, 1.1165784021658052, 1.4211116962750439, 1.245504336248938, 0.010246230400452229, 0.18143347014694808, 0.7645764849819251, 0.5817751435685226, 0.7235122250905065, 1.1239070446193038, 0.1404685227070641, 0.5371568645142515, 0.21958696135500924, 0.06729292059801836, 0.3148700230874885, 0.25306872251973844, 0.0010466406870292394, 0.20839231662131583, 0.07632810575211803, 0.0013989002001608272, 0.631705572566005, 0.7709429853069659, 0.05158477610141803, 0.08357899083574061, 0.5112813183738102, 0.35966767761813656, 0.20667110167208147, 0.003137550969299065]
APTIDAO: 
43.1146249181506
GEN: 2600
Individuo: 
[1.196331122729767, 1.269316374075314, 4.940748820343327, 0.36782291766824765, 1.1165784021658052, 1.4211116962750439, 1.245504336248938, 0.010246230400452229, 0.18143347014694808, 0.7645764849819251, 0.5817751435685226, 0.7235122250905065, 0.9339060024764662, 0.06792938074585476, 0.5371568645142515, 0.21958696135500924, 0.06729292059801836, 0.3148700230874885, 0.25306872251973844, 0.0011003534589599595, 0.20839231662131583, 0.5917222640274163, 0.0010166778401156508, 0.631705572566005, 0.7709429853069659, 0.045075753714956174, 0.08357899083574061, 0.5112813183738102, 0.35966767761813656, 0.20667110167208147, 0.0026152972120178685]
APTIDAO: 
43.12101147145307
GEN: 2700
Individuo: 
[1.196331122729767, 1.269316374075314, 4.745827393927101, 0.37841121166022035, 0.9635729956908122, 1.4211116962750439, 1.2728679681220254, 0.010246230400452229, 0.18143347014694808, 0.7645764849819251, 0.5817751435685226, 0.7235122250905065, 0.844034973915365, 0.9688826232855701, 0.5371568645142515, 0.21958696135500924, 0.012990878613148925, 0.3148700230874885, 0.25306872251973844, 0.0010377408236843144, 0.20839231662131583, 0.9861333081327669, 0.006606896977016233, 0.631705572566005, 0.7904999349940065, 0.004369678088302529, 0.08560433084341068, 0.5113153991714523, 0.35966767761813656, 0.20667110167208147, 0.001459661389463332]
APTIDAO: 
43.05665913341392
GEN: 2800
Individuo: 
[1.196331122729767, 1.269316374075314, 4.745827393927101, 0.42986399995018587, 0.9635729956908122, 1.4211116962750439, 1.2728679681220254, 0.01045211974879759, 0.18143347014694808, 0.7645764849819251, 0.5817751435685226, 0.7235122250905065, 1.4074654869244358, 0.43182459516947436, 0.5371568645142515, 0.21958696135500924, 0.018067439493431724, 0.3148700230874885, 0.25306872251973844, 0.0010377408236843144, 0.20839231662131583, 0.010053357839824546, 0.0023957116396674943, 0.631705572566005, 0.7904999349940065, 0.23177137842618714, 0.08560433084341068, 0.5113153991714523, 0.35966767761813656, 0.20667110167208147, 0.0017089470996846392]
APTIDAO: 
43.03927286879203
GEN: 2900
Individuo: 
[1.196331122729767, 1.269316374075314, 4.947514608045933, 0.4015279512932538, 0.9635729956908122, 1.4211116962750439, 1.2728679681220254, 0.01045211974879759, 0.18143347014694808, 0.7645764849819251, 0.5817751435685226, 0.7235122250905065, 1.4074654869244358, 0.46446121148187725, 0.5371568645142515, 0.21958696135500924, 0.0013066920210517594, 0.3148700230874885, 0.25306872251973844, 0.0010377408236843144, 0.20839231662131583, 0.5475377403443574, 0.002568111052924423, 0.631705572566005, 0.7904999349940065, 0.8612287579863952, 0.08560433084341068, 0.5113153991714523, 0.35966767761813656, 0.20667110167208147, 0.0010464331273363607]
APTIDAO: 
42.950531503160725
GEN: 3000
Individuo: 
[1.196331122729767, 1.269316374075314, 4.964111376880572, 0.4015279512932538, 0.9635729956908122, 1.4211116962750439, 1.2728679681220254, 0.011688523078819077, 0.18143347014694808, 0.7645764849819251, 0.5817751435685226, 0.7235122250905065, 1.499512545819621, 0.46446121148187725, 0.5371568645142515, 0.21958696135500924, 0.0015991455233361036, 0.3148700230874885, 0.25306872251973844, 0.0010107383782355663, 0.20839231662131583, 0.6720374024001364, 0.002568111052924423, 0.631705572566005, 0.7904999349940065, 0.9811122082695055, 0.08560433084341068, 0.5113153991714523, 0.35966767761813656, 0.20667110167208147, 0.0010464331273363607]
APTIDAO: 
42.95059518199968
GEN: 3100
Individuo: 
[1.196331122729767, 1.269316374075314, 4.964111376880572, 0.4015279512932538, 0.9635729956908122, 1.4211116962750439, 1.2728679681220254, 0.01108758470266067, 0.18143347014694808, 0.7645764849819251, 0.5817751435685226, 0.7235122250905065, 1.499512545819621, 0.46446121148187725, 0.5371568645142515, 0.21958696135500924, 0.002382089577838897, 0.3148700230874885, 0.25306872251973844, 0.0017442266129025392, 0.20839231662131583, 0.8526313468821981, 0.002568111052924423, 0.631705572566005, 0.7904999349940065, 0.8560143732548882, 0.08560433084341068, 0.5113153991714523, 0.35966767761813656, 0.20667110167208147, 0.0010783399855695411]
APTIDAO: 
42.97197777097183
GEN: 3200
Individuo: 
[1.196331122729767, 1.269316374075314, 4.964111376880572, 0.38870145587223853, 0.9635729956908122, 1.4211116962750439, 1.2728679681220254, 0.010464328580239822, 0.18143347014694808, 0.7645764849819251, 0.5817751435685226, 0.7235122250905065, 1.318184970611368, 0.46446121148187725, 0.5371568645142515, 0.21958696135500924, 0.0013320699539048422, 0.3148700230874885, 0.25306872251973844, 0.0010429870860769097, 0.20839231662131583, 0.1979556458037706, 0.002568111052924423, 0.631705572566005, 0.7904999349940065, 0.9618674872539417, 0.08560433084341068, 0.5113153991714523, 0.35966767761813656, 0.20667110167208147, 0.0028900862357891435]
APTIDAO: 
42.95962589297521
GEN: 3300
Individuo: 
[1.196331122729767, 1.2140784334217918, 4.964111376880572, 0.38870145587223853, 0.9502534618101359, 1.4211116962750439, 1.2728679681220254, 0.010464328580239822, 0.18143347014694808, 0.7645764849819251, 0.5817751435685226, 0.7235122250905065, 1.318184970611368, 0.5681118413637268, 0.5371568645142515, 0.21958696135500924, 0.0021385679125272036, 0.3148700230874885, 0.25306872251973844, 0.0010429870860769097, 0.20839231662131583, 0.1979556458037706, 0.003067054715194827, 0.631705572566005, 0.7904999349940065, 0.9618674872539417, 0.08560433084341068, 0.5113153991714523, 0.35966767761813656, 0.20667110167208147, 0.001438447482584533]
APTIDAO: 
42.952873842060846
GEN: 3400
Individuo: 
[1.196331122729767, 1.2140784334217918, 4.964111376880572, 0.38870145587223853, 1.068314744323698, 1.4211116962750439, 1.2728679681220254, 0.01000993534669064, 0.18143347014694808, 0.7645764849819251, 0.5817751435685226, 0.7235122250905065, 1.318184970611368, 0.5998115682881401, 0.5371568645142515, 0.21958696135500924, 0.001962126966751435, 0.3148700230874885, 0.25306872251973844, 0.0011571207514390908, 0.20839231662131583, 0.14479537995980638, 0.004544863370238144, 0.631705572566005, 0.7904999349940065, 0.9618674872539417, 0.08603661635333802, 0.5113153991714523, 0.35966767761813656, 0.20667110167208147, 0.001065697427337601]
APTIDAO: 
42.95105323090475
GEN: 3500
Individuo: 
[1.196331122729767, 1.2140784334217918, 4.964111376880572, 0.32161201998181405, 1.068314744323698, 1.4211116962750439, 1.2728679681220254, 0.01000993534669064, 0.18143347014694808, 0.7645764849819251, 0.5817751435685226, 0.7235122250905065, 1.2228050622701807, 0.5998115682881401, 0.5371568645142515, 0.21958696135500924, 0.001970295159821297, 0.3148700230874885, 0.25306872251973844, 0.00101858319239776, 0.20839231662131583, 0.004001092083467823, 0.004544863370238144, 0.631705572566005, 0.7904999349940065, 0.9389884346247863, 0.08603661635333802, 0.5113153991714523, 0.35966767761813656, 0.20667110167208147, 0.0010363046810279537]
APTIDAO: 
42.99037198976839
GEN: 3600
Individuo: 
[1.196331122729767, 1.2140784334217918, 4.964111376880572, 0.36123903792932766, 1.068314744323698, 1.4211116962750439, 1.2728679681220254, 0.01000993534669064, 0.18143347014694808, 0.7645764849819251, 0.5817751435685226, 0.7235122250905065, 1.2228050622701807, 0.5998115682881401, 0.5371568645142515, 0.21958696135500924, 0.001331015959653247, 0.3148700230874885, 0.25306872251973844, 0.00101858319239776, 0.20839231662131583, 0.001190009734584898, 0.004544863370238144, 0.631705572566005, 0.7904999349940065, 0.987472043469974, 0.08603661635333802, 0.5113153991714523, 0.35966767761813656, 0.20667110167208147, 0.0010075053278865928]
APTIDAO: 
42.951588663701365
GEN: 3700
Individuo: 
[1.1501811677748408, 1.2140784334217918, 4.964111376880572, 0.3452765524659276, 1.068314744323698, 1.4211116962750439, 1.2728679681220254, 0.01182833675607457, 0.18143347014694808, 0.7645764849819251, 0.5817751435685226, 0.7235122250905065, 1.2228050622701807, 0.6028200505885861, 0.5371568645142515, 0.21958696135500924, 0.0016054843242069793, 0.3148700230874885, 0.25306872251973844, 0.00101858319239776, 0.20839231662131583, 0.0025078555079843, 0.004544863370238144, 0.631705572566005, 0.7904999349940065, 0.987472043469974, 0.08603661635333802, 0.5113153991714523, 0.35966767761813656, 0.20501546104057988, 0.0012324880634903977]
APTIDAO: 
42.88249559012827
GEN: 3800
Individuo: 
[1.1501811677748408, 1.2140784334217918, 4.964111376880572, 0.3452765524659276, 1.068314744323698, 1.4211116962750439, 1.2728679681220254, 0.010436783946856456, 0.1817913350594944, 0.7645764849819251, 0.5817751435685226, 0.7235122250905065, 1.2228050622701807, 0.6282078620758604, 0.5371568645142515, 0.21958696135500924, 0.0010732206486275275, 0.3148700230874885, 0.25306872251973844, 0.00101858319239776, 0.20839231662131583, 0.0010905901783671164, 0.004544863370238144, 0.631705572566005, 0.7904999349940065, 0.987472043469974, 0.08603661635333802, 0.5113153991714523, 0.35966767761813656, 0.20392569390067744, 0.0015467707079386077]
APTIDAO: 
42.83983965906082
GEN: 3900
Individuo: 
[1.1501811677748408, 1.2140784334217918, 4.964111376880572, 0.3452765524659276, 1.068314744323698, 1.4211116962750439, 1.2728679681220254, 0.01182833675607457, 0.1817913350594944, 0.7645764849819251, 0.5842603074764545, 0.7235122250905065, 1.4370488054802313, 0.6282078620758604, 0.5371568645142515, 0.21958696135500924, 0.0011745830207365226, 0.3148700230874885, 0.25306872251973844, 0.0010069157729272402, 0.20839231662131583, 0.0020318338871031334, 0.004544863370238144, 0.631705572566005, 0.7904999349940065, 0.8888623180356762, 0.08603661635333802, 0.5113153991714523, 0.35966767761813656, 0.20392569390067744, 0.0015109784563794794]
APTIDAO: 
42.827539314613915
GEN: 4000
Individuo: 
[1.1501811677748408, 1.2140784334217918, 4.964111376880572, 0.3452765524659276, 1.068314744323698, 1.4211116962750439, 1.2728679681220254, 0.014845066523670285, 0.1817913350594944, 0.7645764849819251, 0.5842603074764545, 0.7235122250905065, 1.2228050622701807, 0.6282078620758604, 0.5371568645142515, 0.21958696135500924, 0.0028129877389879514, 0.3148700230874885, 0.25306872251973844, 0.001005462986767707, 0.20839231662131583, 0.0025317239402353167, 0.004544863370238144, 0.631705572566005, 0.7904999349940065, 0.938718354516696, 0.08603661635333802, 0.5113153991714523, 0.35966767761813656, 0.20392569390067744, 0.0010001482413172275]
APTIDAO: 
42.83623887860994
GEN: 4100
Individuo: 
[1.1501811677748408, 1.2140784334217918, 4.964111376880572, 0.3452765524659276, 1.068314744323698, 1.4211116962750439, 1.2728679681220254, 0.014845066523670285, 0.1817913350594944, 0.7645764849819251, 0.5842603074764545, 0.7235122250905065, 1.2228050622701807, 0.6282078620758604, 0.5371568645142515, 0.21958696135500924, 0.0024715589497364835, 0.3148700230874885, 0.25306872251973844, 0.001103474939381208, 0.20839231662131583, 0.00564448102630023, 0.004329810252237119, 0.631705572566005, 0.7904999349940065, 0.8717149349040453, 0.08603661635333802, 0.5113153991714523, 0.35966767761813656, 0.20392569390067744, 0.001237872616582944]
APTIDAO: 
42.85049513176315
GEN: 4200
Individuo: 
[1.1501811677748408, 1.2140784334217918, 4.964111376880572, 0.34027734240799196, 1.068314744323698, 1.4211116962750439, 1.2728679681220254, 0.014845066523670285, 0.1817913350594944, 0.7645764849819251, 0.5842603074764545, 0.7235122250905065, 1.2228050622701807, 0.6282078620758604, 0.5371568645142515, 0.21958696135500924, 0.002179364880647924, 0.3148700230874885, 0.25306872251973844, 0.001103474939381208, 0.20839231662131583, 0.008717395685866948, 0.004329810252237119, 0.631705572566005, 0.7904999349940065, 0.9863614424353392, 0.08603661635333802, 0.5113153991714523, 0.35966767761813656, 0.20392569390067744, 0.001334416510789841]
APTIDAO: 
42.84716392645814
GEN: 4300
Individuo: 
[1.1501811677748408, 1.2140784334217918, 4.964111376880572, 0.345407396483675, 1.068314744323698, 1.4211116962750439, 1.2728679681220254, 0.010660896718461528, 0.1817913350594944, 0.7645764849819251, 0.5842603074764545, 0.7235122250905065, 1.2228050622701807, 0.6282078620758604, 0.5371568645142515, 0.21958696135500924, 0.0011528867686008254, 0.3148700230874885, 0.25306872251973844, 0.001103474939381208, 0.20839231662131583, 0.009131740037922274, 0.004383113175289287, 0.631705572566005, 0.7904999349940065, 0.9832535021931271, 0.08603661635333802, 0.5113153991714523, 0.35966767761813656, 0.20392569390067744, 0.001334416510789841]
APTIDAO: 
42.82573688990711
GEN: 4400
Individuo: 
[1.1501811677748408, 1.2140784334217918, 4.964111376880572, 0.345407396483675, 1.068314744323698, 1.4211116962750439, 1.2728679681220254, 0.010660896718461528, 0.1817913350594944, 0.7645764849819251, 0.5842603074764545, 0.7235122250905065, 1.4586568750380138, 0.6065866465083054, 0.5371568645142515, 0.21958696135500924, 0.0010099753300793373, 0.3148700230874885, 0.25306872251973844, 0.0010776959853003856, 0.20839231662131583, 0.007410451595737317, 0.004383113175289287, 0.631705572566005, 0.7904999349940065, 0.9832535021931271, 0.08603661635333802, 0.5113153991714523, 0.35966767761813656, 0.20392569390067744, 0.0018201787870494072]
APTIDAO: 
42.82221227611374
GEN: 4500
Individuo: 
[1.1501811677748408, 1.2140784334217918, 4.964111376880572, 0.345407396483675, 1.1977537555966968, 1.4211116962750439, 1.2728679681220254, 0.010660896718461528, 0.1817913350594944, 0.7645764849819251, 0.5842603074764545, 0.7235122250905065, 1.4586568750380138, 0.448126164999137, 0.5371568645142515, 0.21958696135500924, 0.00348129338114023, 0.3148700230874885, 0.25306872251973844, 0.0010964838200635736, 0.20839231662131583, 0.029663145035642387, 0.004383113175289287, 0.631705572566005, 0.7904999349940065, 0.9697380503982483, 0.08603661635333802, 0.5113153991714523, 0.35966767761813656, 0.20392569390067744, 0.0018201787870494072]
APTIDAO: 
42.82501717716323
GEN: 4600
Individuo: 
[1.1501811677748408, 1.2140784334217918, 4.964111376880572, 0.345407396483675, 1.205887036502226, 1.4211116962750439, 1.2728679681220254, 0.010660896718461528, 0.1817913350594944, 0.7645764849819251, 0.5842603074764545, 0.7235122250905065, 1.4586568750380138, 0.43456051476412155, 0.5371568645142515, 0.21958696135500924, 0.0011815441994141474, 0.3148700230874885, 0.25306872251973844, 0.0010622901570003789, 0.20839231662131583, 0.06149903517292791, 0.004383113175289287, 0.631705572566005, 0.7904999349940065, 0.9697380503982483, 0.08603661635333802, 0.5113153991714523, 0.35966767761813656, 0.20392569390067744, 0.0018201787870494072]
APTIDAO: 
42.821271116958165
GEN: 4700
Individuo: 
[1.0969028627130624, 1.298478150780117, 4.993582205708719, 0.32237242288252166, 1.4927504560221754, 1.4211116962750439, 1.2728679681220254, 0.012383556798434206, 0.1817913350594944, 0.7645764849819251, 0.5842603074764545, 0.7235122250905065, 0.9872820709904095, 0.9075594252486567, 0.5371568645142515, 0.21958696135500924, 0.00658446610596287, 0.3148700230874885, 0.25306872251973844, 0.0019178943917235321, 0.20839231662131583, 0.5749189283105005, 0.007561124394310216, 0.6248063929712425, 0.7904999349940065, 0.7618710787274428, 0.08603661635333802, 0.5113153991714523, 0.35966767761813656, 0.20392569390067744, 0.0012712129588048184]
APTIDAO: 
42.82799742147027
GEN: 4800
Individuo: 
[1.0704430319715648, 1.298478150780117, 4.993582205708719, 0.32237242288252166, 1.4927504560221754, 1.4211116962750439, 1.2728679681220254, 0.012383556798434206, 0.1817913350594944, 0.7645764849819251, 0.5842603074764545, 0.7235122250905065, 1.3613137263247577, 0.9075594252486567, 0.5371568645142515, 0.21958696135500924, 0.001001425046039419, 0.3148700230874885, 0.25306872251973844, 0.001376907643449631, 0.20839231662131583, 0.5818600568670956, 0.007218742662083302, 0.6248063929712425, 0.7904999349940065, 0.8731178403983898, 0.08603661635333802, 0.5113153991714523, 0.35966767761813656, 0.20392569390067744, 0.002445146080204892]
APTIDAO: 
42.79587842739553
GEN: 4900
Individuo: 
[1.0704430319715648, 1.298478150780117, 4.709829568349536, 0.32237242288252166, 1.445354606131602, 1.4211116962750439, 1.2728679681220254, 0.010623151755460945, 0.1817913350594944, 0.7645764849819251, 0.5842603074764545, 0.7235122250905065, 1.3637749093691587, 0.9260781046783758, 0.5371568645142515, 0.21958696135500924, 0.0010729917317293257, 0.3148700230874885, 0.25306872251973844, 0.001220260181045331, 0.20839231662131583, 0.6936257181423175, 0.007218742662083302, 0.6248063929712425, 0.7904999349940065, 0.8414109710361628, 0.08603661635333802, 0.5113153991714523, 0.35966767761813656, 0.20392569390067744, 0.0028663551785110906]
APTIDAO: 
42.80443149346042
GEN: 5000
Individuo: 
[1.0704430319715648, 1.298478150780117, 4.926348142151624, 0.29940008512707955, 1.445354606131602, 1.4211116962750439, 1.2728679681220254, 0.010623151755460945, 0.1817913350594944, 0.7645764849819251, 0.5842603074764545, 0.7235122250905065, 1.1877521716128812, 0.8392545809090604, 0.5371568645142515, 0.21958696135500924, 0.0028443254763140936, 0.3148700230874885, 0.25306872251973844, 0.0011092125637782435, 0.20839231662131583, 0.9786194523173791, 0.006179686516086488, 0.6248063929712425, 0.7904999349940065, 0.7583323016955766, 0.08603661635333802, 0.5113153991714523, 0.35966767761813656, 0.20392569390067744, 0.0014965367275486946]
APTIDAO: 
42.77511986627697
GEN: 5100
Individuo: 
[1.0704430319715648, 1.3477800017036836, 4.926348142151624, 0.32221443605926153, 1.445354606131602, 1.4211116962750439, 1.2728679681220254, 0.01669414718451081, 0.1817913350594944, 0.7645764849819251, 0.5842603074764545, 0.7235122250905065, 1.3849334539981009, 0.7956178666424126, 0.5371568645142515, 0.21958696135500924, 0.0012041309616645578, 0.3148700230874885, 0.25306872251973844, 0.0010105391103008249, 0.20839231662131583, 0.9531892463817664, 0.006179686516086488, 0.6248063929712425, 0.7904999349940065, 0.8846393210857707, 0.08603661635333802, 0.5113153991714523, 0.35966767761813656, 0.20392569390067744, 0.0010843742582192595]
APTIDAO: 
42.77557507709497
GEN: 5200
Individuo: 
[1.0704430319715648, 1.3477800017036836, 4.926348142151624, 0.32669301851471977, 1.445354606131602, 1.4211116962750439, 1.2728679681220254, 0.01318917856059296, 0.1817913350594944, 0.7645764849819251, 0.5842603074764545, 0.7235122250905065, 1.3849334539981009, 0.7956178666424126, 0.5371568645142515, 0.21958696135500924, 0.0010191549089707806, 0.3148700230874885, 0.25306872251973844, 0.0014596435911029696, 0.20839231662131583, 0.02330471005955909, 0.006179686516086488, 0.6248063929712425, 0.7904999349940065, 0.8846393210857707, 0.08603661635333802, 0.5113153991714523, 0.35966767761813656, 0.20392569390067744, 0.0010433974902706341]
APTIDAO: 
42.775589061364876
GEN: 5300
Individuo: 
[1.0704430319715648, 1.3477800017036836, 4.926348142151624, 0.3219583224845571, 1.469185925854793, 1.4211116962750439, 1.2728679681220254, 0.01318917856059296, 0.1817913350594944, 0.7645764849819251, 0.5842603074764545, 0.7235122250905065, 1.2710996048501317, 0.7956178666424126, 0.5371568645142515, 0.21958696135500924, 0.0010191549089707806, 0.3148700230874885, 0.25306872251973844, 0.001075362019150323, 0.20839231662131583, 0.00632238965983432, 0.006179686516086488, 0.6248063929712425, 0.7904999349940065, 0.8846393210857707, 0.08603661635333802, 0.5113153991714523, 0.35966767761813656, 0.20392569390067744, 0.0010360894702983567]
APTIDAO: 
42.767842198651145
GEN: 5400
Individuo: 
[1.0652866840177202, 1.3477800017036836, 4.926348142151624, 0.3219583224845571, 1.4624386739082407, 1.4211116962750439, 1.2728679681220254, 0.01318917856059296, 0.1817913350594944, 0.7645764849819251, 0.5842603074764545, 0.7235122250905065, 1.4723725402933276, 0.7956178666424126, 0.5371568645142515, 0.21958696135500924, 0.0010191549089707806, 0.3148700230874885, 0.25306872251973844, 0.0014397972889573264, 0.20839231662131583, 0.012721978983979445, 0.006179686516086488, 0.6248063929712425, 0.7904999349940065, 0.9884070734340296, 0.08603661635333802, 0.5113153991714523, 0.35966767761813656, 0.20392569390067744, 0.0012193655438330815]
APTIDAO: 
42.76822101776444
GEN: 5500
Individuo: 
[1.0652866840177202, 1.3477800017036836, 4.926348142151624, 0.30373619052739786, 1.4624386739082407, 1.4211116962750439, 1.2728679681220254, 0.01318917856059296, 0.1817913350594944, 0.7645764849819251, 0.5842603074764545, 0.7235122250905065, 1.4723725402933276, 0.7956178666424126, 0.5371568645142515, 0.21958696135500924, 0.0010191549089707806, 0.3148700230874885, 0.25306872251973844, 0.0014397972889573264, 0.20839231662131583, 0.7196592921631233, 0.006179686516086488, 0.6248063929712425, 0.7904999349940065, 0.9884070734340296, 0.08603661635333802, 0.5113153991714523, 0.35966767761813656, 0.20392569390067744, 0.0010981700618671166]
APTIDAO: 
42.77618636342315
GEN: 5600
Individuo: 
[1.0652866840177202, 1.3477800017036836, 4.926348142151624, 0.34960912204730216, 1.4624386739082407, 1.4211116962750439, 1.2728679681220254, 0.01318917856059296, 0.1817913350594944, 0.7645764849819251, 0.5842603074764545, 0.7235122250905065, 1.3564181637436425, 0.7956178666424126, 0.5371568645142515, 0.21958696135500924, 0.001461380725009207, 0.3148700230874885, 0.25306872251973844, 0.0012471829631708795, 0.20839231662131583, 0.3089288884695684, 0.006179686516086488, 0.6248063929712425, 0.7904999349940065, 0.8627168800601319, 0.08603661635333802, 0.5113153991714523, 0.35966767761813656, 0.20392569390067744, 0.001098304906980638]
APTIDAO: 
42.782037855059755
GEN: 5700
Individuo: 
[1.0652866840177202, 1.3477800017036836, 4.926348142151624, 0.3365335358459147, 1.4624386739082407, 1.4211116962750439, 1.2728679681220254, 0.01318917856059296, 0.1817913350594944, 0.7645764849819251, 0.5842603074764545, 0.7235122250905065, 1.3564181637436425, 0.7956178666424126, 0.5371568645142515, 0.21958696135500924, 0.008774295372258262, 0.3148700230874885, 0.25306872251973844, 0.002232124100719803, 0.20839231662131583, 0.4497757118431874, 0.006179686516086488, 0.6248063929712425, 0.7904999349940065, 0.7634775382339676, 0.08603661635333802, 0.5113153991714523, 0.35966767761813656, 0.20392569390067744, 0.0015807044890992022]
APTIDAO: 
42.81583922908023
GEN: 5800
Individuo: 
[1.0765939526104438, 1.3477800017036836, 4.926348142151624, 0.3365335358459147, 1.4624386739082407, 1.4211116962750439, 1.2728679681220254, 0.015595452607774543, 0.1817913350594944, 0.7645764849819251, 0.5842603074764545, 0.7235122250905065, 1.1127150389970144, 0.7948216850003769, 0.5371568645142515, 0.21841479901832173, 0.0034282239807762304, 0.3148700230874885, 0.25306872251973844, 0.001222514525100145, 0.20839231662131583, 0.3515603921193016, 0.005740835980728895, 0.6248063929712425, 0.7904999349940065, 0.7623158210171154, 0.08603661635333802, 0.5113153991714523, 0.35966767761813656, 0.20392569390067744, 0.0010613813180476623]
APTIDAO: 
42.79689924460535
GEN: 5900
Individuo: 
[1.0765939526104438, 1.3477800017036836, 4.926348142151624, 0.3102738993556893, 1.4624386739082407, 1.4211116962750439, 1.2728679681220254, 0.012309816243126959, 0.1817913350594944, 0.7645764849819251, 0.5842603074764545, 0.7235122250905065, 1.0921908102533175, 0.7939252285457173, 0.5371568645142515, 0.21841479901832173, 0.011968780476663892, 0.3148700230874885, 0.25306872251973844, 0.0018575064561422781, 0.20839231662131583, 0.7258646315053944, 0.005740835980728895, 0.6248063929712425, 0.7904999349940065, 0.8704804066532958, 0.08603661635333802, 0.5113153991714523, 0.35966767761813656, 0.20392569390067744, 0.0010920394046550358]
APTIDAO: 
42.818687355165466
GEN: 6000
Individuo: 
[1.1143023123969689, 1.3477800017036836, 4.926348142151624, 0.3232040924576193, 1.4624386739082407, 1.4211116962750439, 1.2728679681220254, 0.010190946744259341, 0.1817913350594944, 0.7645764849819251, 0.5842603074764545, 0.7235122250905065, 1.0921908102533175, 0.7804433042251626, 0.5371568645142515, 0.21841479901832173, 0.01770988675602556, 0.3148700230874885, 0.25306872251973844, 0.0025024180067523814, 0.20839231662131583, 0.3794757615513099, 0.005740835980728895, 0.6248063929712425, 0.7904999349940065, 0.915382941570344, 0.08603661635333802, 0.5113153991714523, 0.35966767761813656, 0.20392569390067744, 0.003194259687781917]
APTIDAO: 
42.90273591731301
GEN: 6100
Individuo: 
[1.1143023123969689, 1.3477800017036836, 4.926348142151624, 0.3616363719545682, 1.4624386739082407, 1.4211116962750439, 1.2728679681220254, 0.010273820147693298, 0.1817913350594944, 0.7645764849819251, 0.5842603074764545, 0.7235122250905065, 1.0796416618394462, 0.7804433042251626, 0.5371568645142515, 0.21841479901832173, 0.004141456281324513, 0.3148700230874885, 0.25306872251973844, 0.0011137532440919184, 0.20839231662131583, 0.17150226578117478, 0.005740835980728895, 0.6248063929712425, 0.7904999349940065, 0.12423350768768202, 0.08603661635333802, 0.5113153991714523, 0.35966767761813656, 0.20370385377844727, 0.002705787792948769]
APTIDAO: 
42.8638221244707
GEN: 6200
Individuo: 
[1.1143023123969689, 1.3477800017036836, 4.926348142151624, 0.3616363719545682, 1.4624386739082407, 1.4211116962750439, 1.2728679681220254, 0.010273820147693298, 0.1817913350594944, 0.7645764849819251, 0.5842603074764545, 0.7235122250905065, 1.0796416618394462, 0.8172346508999916, 0.5371568645142515, 0.21841479901832173, 0.001331614271449535, 0.3148700230874885, 0.25306872251973844, 0.0011137532440919184, 0.20839231662131583, 0.41959990371509953, 0.005740835980728895, 0.6248063929712425, 0.7904999349940065, 0.8860375038746328, 0.08603661635333802, 0.5113153991714523, 0.35966767761813656, 0.20370385377844727, 0.0034151275585979648]
APTIDAO: 
42.827469741980806
GEN: 6300
Individuo: 
[1.1143023123969689, 1.3477800017036836, 4.926348142151624, 0.3616363719545682, 0.9756578278648854, 1.4211116962750439, 1.2728679681220254, 0.014951058353114277, 0.1817913350594944, 0.7645764849819251, 0.5842603074764545, 0.7235122250905065, 0.8463275270063512, 0.8207464332940182, 0.5371568645142515, 0.21841479901832173, 0.001062073057449834, 0.3148700230874885, 0.2521323079109413, 0.0010860197894609004, 0.20839231662131583, 0.7306105855269666, 0.005740835980728895, 0.6248063929712425, 0.7904999349940065, 0.02756748456667096, 0.08603661635333802, 0.5113153991714523, 0.35966767761813656, 0.20370385377844727, 0.002234114666424663]
APTIDAO: 
43.1533797011559
GEN: 6400
Individuo: 
[1.1143023123969689, 1.3477800017036836, 4.926348142151624, 0.3616363719545682, 0.9756578278648854, 1.4211116962750439, 1.2728679681220254, 0.012789303729952121, 0.1817913350594944, 0.7645764849819251, 0.5842603074764545, 0.7235122250905065, 1.4579148127123203, 0.9239492773910931, 0.5242947352436919, 0.21841479901832173, 0.001970723344118536, 0.3148700230874885, 0.2521323079109413, 0.0010472902156871448, 0.20839231662131583, 0.6485475366514957, 0.005740835980728895, 0.6248063929712425, 0.7904999349940065, 0.301961578306132, 0.08603661635333802, 0.5113153991714523, 0.35966767761813656, 0.20370385377844727, 0.00817383628841652]
APTIDAO: 
42.84930850603346
GEN: 6500
Individuo: 
[1.0878834691604706, 1.3477800017036836, 4.926348142151624, 0.3616363719545682, 0.9756578278648854, 1.4211116962750439, 1.2728679681220254, 0.012789303729952121, 0.1817913350594944, 0.7645764849819251, 0.5842603074764545, 0.7235122250905065, 1.4579148127123203, 0.9604726616231178, 0.5242947352436919, 0.21891537418801701, 0.0018075187484985075, 0.3148700230874885, 0.2521323079109413, 0.0010472902156871448, 0.20839231662131583, 0.9660711755746695, 0.005740835980728895, 0.6248063929712425, 0.7904999349940065, 0.8328687844468132, 0.08603661635333802, 0.5113153991714523, 0.35966767761813656, 0.20370385377844727, 0.0010806276957786081]
APTIDAO: 
42.75998949629641
GEN: 6600
Individuo: 
[1.0878834691604706, 1.553483396040714, 4.926348142151624, 0.34927074567367056, 0.9756578278648854, 1.4211116962750439, 1.2728679681220254, 0.012789303729952121, 0.1817913350594944, 0.7645764849819251, 0.5842603074764545, 0.7235122250905065, 1.4152105458398987, 0.7440574754353853, 0.5242947352436919, 0.23310064464418706, 0.0256223130003126, 0.3148700230874885, 0.2521323079109413, 0.0010472902156871448, 0.20839231662131583, 0.002572431357475601, 0.005740835980728895, 0.6248063929712425, 0.7904999349940065, 0.8328687844468132, 0.07791169121131734, 0.5113153991714523, 0.35966767761813656, 0.19968487372093963, 0.0022274263351537062]
APTIDAO: 
42.865052400233715
GEN: 6700
Individuo: 
[1.0878834691604706, 1.553483396040714, 4.926348142151624, 0.32115802621035705, 0.9756578278648854, 1.4211116962750439, 1.2728679681220254, 0.012789303729952121, 0.1817913350594944, 0.7772829599785189, 0.5953692412623012, 0.7235122250905065, 1.4152105458398987, 0.9797581391181102, 0.5242947352436919, 0.23310064464418706, 0.018313787486376666, 0.3148700230874885, 0.2521323079109413, 0.0010472902156871448, 0.20839231662131583, 0.002279275439171384, 0.005740835980728895, 0.6248063929712425, 0.7904999349940065, 0.8216114684636885, 0.07791169121131734, 0.5113153991714523, 0.35966767761813656, 0.19968487372093963, 0.0016566061030970564]
APTIDAO: 
42.67647413148609
GEN: 6800
Individuo: 
[1.0878834691604706, 1.5230855151978644, 4.926348142151624, 0.32115802621035705, 0.9756578278648854, 1.4211116962750439, 1.2728679681220254, 0.010714898906928687, 0.2314556288325212, 0.7772829599785189, 0.5953692412623012, 0.7235122250905065, 1.3665406461256067, 0.9797581391181102, 0.5242947352436919, 0.23310064464418706, 0.009817175995749768, 0.152638443448059, 0.2521323079109413, 0.0010233838552390147, 0.20839231662131583, 0.001592885252345228, 0.005740835980728895, 0.6248063929712425, 0.7904999349940065, 0.1774729297666582, 0.07791169121131734, 0.5113153991714523, 0.35966767761813656, 0.19968487372093963, 0.0016566061030970564]
APTIDAO: 
42.53606408436596
GEN: 6900
Individuo: 
[1.0878834691604706, 1.5230855151978644, 4.80162960044169, 0.38745449453588204, 0.9756578278648854, 1.4211116962750439, 1.2728679681220254, 0.010471988568631584, 0.2314556288325212, 0.7772829599785189, 0.5953692412623012, 0.7235122250905065, 1.339832595992565, 0.9797581391181102, 0.5242947352436919, 0.23310064464418706, 0.006125395469708646, 0.152638443448059, 0.2521323079109413, 0.0011755792901634347, 0.20839231662131583, 0.0036337295730180384, 0.005740835980728895, 0.6248063929712425, 0.7904999349940065, 0.7382655581973834, 0.07791169121131734, 0.5113153991714523, 0.35966767761813656, 0.19968487372093963, 0.0018218185271414312]
APTIDAO: 
42.54135127903217
GEN: 7000
Individuo: 
[1.0878834691604706, 1.5230855151978644, 4.80162960044169, 0.38745449453588204, 1.155891634053193, 1.4211116962750439, 1.2728679681220254, 0.010471988568631584, 0.2314556288325212, 0.7772829599785189, 0.5953692412623012, 0.7235122250905065, 1.339832595992565, 0.9797581391181102, 0.5242947352436919, 0.23310064464418706, 0.003946655783409629, 0.152638443448059, 0.2521323079109413, 0.0010286681901099303, 0.20839231662131583, 0.004848459976662417, 0.009004754550636707, 0.6248063929712425, 0.7904999349940065, 0.6179428840043988, 0.07791169121131734, 0.5113153991714523, 0.35966767761813656, 0.19968487372093963, 0.0013410228462710748]
APTIDAO: 
42.5419614709356
GEN: 7100
Individuo: 
[1.0878834691604706, 1.5230855151978644, 4.882862396422881, 0.38745449453588204, 1.155891634053193, 1.4211116962750439, 1.2728679681220254, 0.01793663246284061, 0.2314556288325212, 0.7772829599785189, 0.5953692412623012, 0.7235122250905065, 1.0837690168885332, 0.944057787194019, 0.5242947352436919, 0.23310064464418706, 0.009465583392219926, 0.152638443448059, 0.2521323079109413, 0.001186720900195431, 0.20839231662131583, 0.00427352702169711, 0.009004754550636707, 0.6248063929712425, 0.7904999349940065, 0.7027703192404806, 0.08089106625326997, 0.48734138301948643, 0.35966767761813656, 0.19968487372093963, 0.0025319508690335116]
APTIDAO: 
42.76455921132743
GEN: 7200
Individuo: 
[1.0878834691604706, 1.5230855151978644, 4.882862396422881, 0.38745449453588204, 1.155891634053193, 1.4211116962750439, 1.2728679681220254, 0.014550880957118874, 0.2314556288325212, 0.7772829599785189, 0.5953692412623012, 0.7235122250905065, 1.410571261728392, 0.944057787194019, 0.5242947352436919, 0.23310064464418706, 0.0014036705473093839, 0.152638443448059, 0.2521323079109413, 0.0024246492402959876, 0.20839231662131583, 0.018295448210573568, 0.009004754550636707, 0.6248063929712425, 0.7904999349940065, 0.8837686498099363, 0.08089106625326997, 0.48734138301948643, 0.35966767761813656, 0.19968487372093963, 0.0017886367058575466]
APTIDAO: 
42.708285855193644
GEN: 7300
Individuo: 
[1.0878834691604706, 1.5230855151978644, 4.882862396422881, 0.38745449453588204, 1.045193876938904, 1.4211116962750439, 1.2728679681220254, 0.010392786733933896, 0.2314556288325212, 0.7772829599785189, 0.5953692412623012, 0.7235122250905065, 1.410571261728392, 0.7562570490278964, 0.504381603579377, 0.23310064464418706, 0.0013760966733301478, 0.152638443448059, 0.2521323079109413, 0.0010909095712402022, 0.20839231662131583, 0.5187448025993463, 0.009004754550636707, 0.6248063929712425, 0.7904999349940065, 0.9552942554841047, 0.08089106625326997, 0.47546355267828755, 0.35793583070847573, 0.19968487372093963, 0.0017886367058575466]
APTIDAO: 
42.78221317397866
GEN: 7400
Individuo: 
[1.0878834691604706, 1.6279892379198733, 4.884333853663217, 0.32821640761559945, 1.155891634053193, 1.4211116962750439, 1.2728679681220254, 0.012423277373086884, 0.2314556288325212, 0.7661165187355898, 0.5953692412623012, 0.7235122250905065, 1.4482509423339216, 0.5123873817786755, 0.504381603579377, 0.23310064464418706, 0.0015718290094995954, 0.152638443448059, 0.2521323079109413, 0.0014461189058895215, 0.20839231662131583, 0.5407319647628008, 0.009004754550636707, 0.6248063929712425, 0.7904999349940065, 0.5030615285209986, 0.08089106625326997, 0.47546355267828755, 0.35793583070847573, 0.19968487372093963, 0.0017886367058575466]
APTIDAO: 
42.622175921857185
GEN: 7500
Individuo: 
[1.0878834691604706, 1.6279892379198733, 4.884333853663217, 0.32821640761559945, 1.155891634053193, 1.4211116962750439, 1.2728679681220254, 0.012423277373086884, 0.2314556288325212, 0.7661165187355898, 0.5953692412623012, 0.7235122250905065, 1.4482509423339216, 0.5123873817786755, 0.504381603579377, 0.23280534803908137, 0.0013015965772683368, 0.152638443448059, 0.2521323079109413, 0.001065524703591291, 0.20839231662131583, 0.26437323447730415, 0.009004754550636707, 0.6248063929712425, 0.7904999349940065, 0.5755788388095865, 0.08089106625326997, 0.48318394154565414, 0.35793583070847573, 0.19968487372093963, 0.00989613202408009]
APTIDAO: 
42.64421725701931
GEN: 7600
Individuo: 
[1.0878834691604706, 1.6279892379198733, 4.884333853663217, 0.32821640761559945, 1.155891634053193, 1.4211116962750439, 1.2728679681220254, 0.010428372287268098, 0.2314556288325212, 0.7661165187355898, 0.5953692412623012, 0.7235122250905065, 1.4482509423339216, 0.49724381362674563, 0.504381603579377, 0.23280534803908137, 0.0013015965772683368, 0.152638443448059, 0.2521323079109413, 0.0011554241169445415, 0.20839231662131583, 0.9099422631084791, 0.009004754550636707, 0.6248063929712425, 0.7904999349940065, 0.5755788388095865, 0.08089106625326997, 0.48318394154565414, 0.35793583070847573, 0.19968487372093963, 0.00989613202408009]
APTIDAO: 
42.60318067606906
GEN: 7700
Individuo: 
[1.0878834691604706, 1.5477419776169479, 4.884333853663217, 0.32821640761559945, 1.155891634053193, 1.4211116962750439, 1.2728679681220254, 0.010428372287268098, 0.2314556288325212, 0.7661165187355898, 0.5953692412623012, 0.7235122250905065, 1.1584940732608855, 0.49724381362674563, 0.504381603579377, 0.23037634663833384, 0.0012977474386192088, 0.152638443448059, 0.2521323079109413, 0.0011554241169445415, 0.20839231662131583, 0.9099422631084791, 0.009004754550636707, 0.6248063929712425, 0.7904999349940065, 0.3209730757149068, 0.08089106625326997, 0.48318394154565414, 0.35793583070847573, 0.19968487372093963, 0.0012333494788659448]
APTIDAO: 
42.54082623566719
GEN: 7800
Individuo: 
[1.0878834691604706, 1.5403718830165474, 4.884333853663217, 0.32821640761559945, 1.2032690002894082, 1.4211116962750439, 1.2728679681220254, 0.010428372287268098, 0.2314556288325212, 0.7661165187355898, 0.5953692412623012, 0.7235122250905065, 1.2126267827149864, 0.49724381362674563, 0.504381603579377, 0.23037634663833384, 0.0014987644381610876, 0.152638443448059, 0.2521323079109413, 0.0011580374230087973, 0.20839231662131583, 0.9626392770521528, 0.009004754550636707, 0.6248063929712425, 0.7904999349940065, 0.4106967609065264, 0.07967465468105048, 0.48318394154565414, 0.35793583070847573, 0.19968487372093963, 0.0012333494788659448]
APTIDAO: 
42.4659275500161
GEN: 7900
Individuo: 
[1.0878834691604706, 1.5403718830165474, 4.884333853663217, 0.3215000389318636, 1.2032690002894082, 1.4211116962750439, 1.2728679681220254, 0.010428372287268098, 0.2314556288325212, 0.7661165187355898, 0.5953692412623012, 0.7235122250905065, 1.4490978193627664, 0.49724381362674563, 0.504381603579377, 0.23037634663833384, 0.0011529799487315355, 0.152638443448059, 0.2521323079109413, 0.0011835378862997427, 0.20839231662131583, 0.9626392770521528, 0.009004754550636707, 0.6248063929712425, 0.7904999349940065, 0.6332426527175548, 0.07967465468105048, 0.48318394154565414, 0.35793583070847573, 0.19968487372093963, 0.0010391603700773578]
APTIDAO: 
42.44911328598918
GEN: 8000
Individuo: 
[1.0878834691604706, 1.5403718830165474, 4.884333853663217, 0.3215000389318636, 1.2032690002894082, 1.4211116962750439, 1.2728679681220254, 0.010428372287268098, 0.2314556288325212, 0.7661165187355898, 0.5953692412623012, 0.7235122250905065, 1.4490978193627664, 0.5030124391267422, 0.504381603579377, 0.23037634663833384, 0.001107054985708304, 0.152638443448059, 0.2521323079109413, 0.001093610309765336, 0.20839231662131583, 0.9626392770521528, 0.009004754550636707, 0.6248063929712425, 0.7904999349940065, 0.9467774481815052, 0.07967465468105048, 0.48318394154565414, 0.35793583070847573, 0.19968487372093963, 0.0010134004492647606]
APTIDAO: 
42.43412715157462
GEN: 8100
Individuo: 
[1.0878834691604706, 1.5403718830165474, 4.889914519181436, 0.3215000389318636, 1.2032690002894082, 1.4211116962750439, 1.2728679681220254, 0.010428372287268098, 0.2314556288325212, 0.7661165187355898, 0.5953692412623012, 0.7235122250905065, 1.4320513595269964, 0.5030124391267422, 0.504381603579377, 0.23037634663833384, 0.0016023104153396405, 0.152638443448059, 0.2521323079109413, 0.0010194716752066713, 0.20839231662131583, 0.9626392770521528, 0.009004754550636707, 0.6248063929712425, 0.7904999349940065, 0.9467774481815052, 0.07967465468105048, 0.48318394154565414, 0.35793583070847573, 0.19968487372093963, 0.0017994911865780957]
APTIDAO: 
42.437089816988475
GEN: 8200
Individuo: 
[1.0878834691604706, 1.5403718830165474, 4.995013017822842, 0.3215000389318636, 1.2032690002894082, 1.4211116962750439, 1.2728679681220254, 0.010428372287268098, 0.2314556288325212, 0.7661165187355898, 0.5953692412623012, 0.7235122250905065, 1.3797850482656622, 0.5030124391267422, 0.504381603579377, 0.23037634663833384, 0.0012090148046915497, 0.152638443448059, 0.3028306881902582, 0.0013566165669884511, 0.20839231662131583, 0.8862247544947085, 0.009004754550636707, 0.6248063929712425, 0.7904999349940065, 0.9467774481815052, 0.07967465468105048, 0.6138104362820263, 0.35793583070847573, 0.19968487372093963, 0.00838476719011753]
APTIDAO: 
42.478400211831165
GEN: 8300
Individuo: 
[1.0878834691604706, 1.5403718830165474, 4.995013017822842, 0.3215000389318636, 1.2032690002894082, 1.4211116962750439, 1.2728679681220254, 0.013914320151498202, 0.2314556288325212, 0.7592429082069316, 0.5953692412623012, 0.7235122250905065, 1.041343467374549, 0.5030124391267422, 0.504381603579377, 0.23037634663833384, 0.0018829028454454247, 0.152638443448059, 0.3028306881902582, 0.0013204343483547917, 0.20839231662131583, 0.6820493870029092, 0.009004754550636707, 0.6248063929712425, 0.7904999349940065, 0.9467774481815052, 0.07967465468105048, 0.5924227044446685, 0.3595273218137972, 0.19968487372093963, 0.006655436975331111]
APTIDAO: 
42.576700478303906
GEN: 8400
Individuo: 
[1.0878834691604706, 1.5403718830165474, 4.995013017822842, 0.3215000389318636, 1.2032690002894082, 1.4211116962750439, 1.2728679681220254, 0.013914320151498202, 0.2314556288325212, 0.7592429082069316, 0.5953692412623012, 0.7235122250905065, 1.2007231967464498, 0.5030124391267422, 0.504381603579377, 0.23037634663833384, 0.0011101613496752138, 0.152638443448059, 0.3028306881902582, 0.0012660614069377185, 0.20839231662131583, 0.8454644310199535, 0.009004754550636707, 0.6248063929712425, 0.7904999349940065, 0.9888300341415149, 0.07967465468105048, 0.5924227044446685, 0.3595273218137972, 0.19968487372093963, 0.005699930464245917]
APTIDAO: 
42.5296465788396
GEN: 8500
Individuo: 
[1.0878834691604706, 1.5403718830165474, 4.96800270546104, 0.3408918250756389, 1.2032690002894082, 1.4205313480811916, 1.2728679681220254, 0.04300459433648536, 0.2314556288325212, 0.7592429082069316, 0.6023581531955723, 0.7235122250905065, 1.3341129403459895, 0.5030124391267422, 0.504381603579377, 0.23037634663833384, 0.004319469111643872, 0.152638443448059, 0.3028306881902582, 0.002002821484720623, 0.20839231662131583, 0.10115591012439043, 0.011587047146614309, 0.6248063929712425, 0.7904999349940065, 0.9130811398818239, 0.07967465468105048, 0.5957598403799022, 0.3595273218137972, 0.19968487372093963, 0.005699930464245917]
APTIDAO: 
42.8841952321961
GEN: 8600
Individuo: 
[1.0878834691604706, 1.5403718830165474, 4.96800270546104, 0.3408918250756389, 1.2975354328607769, 1.4205313480811916, 1.2728679681220254, 0.04300459433648536, 0.2314556288325212, 0.7592429082069316, 0.6023581531955723, 0.7235122250905065, 1.4425785182040678, 0.6061837448714729, 0.504381603579377, 0.22717669431912527, 0.004018149063662015, 0.152638443448059, 0.3028306881902582, 0.002002821484720623, 0.20839231662131583, 0.8727708418478942, 0.011587047146614309, 0.6248063929712425, 0.7904999349940065, 0.9130811398818239, 0.07967465468105048, 0.5957598403799022, 0.3595273218137972, 0.19968487372093963, 0.005699930464245917]
APTIDAO: 
42.652188306891674
GEN: 8700
Individuo: 
[1.0878834691604706, 1.5877837968308162, 4.96800270546104, 0.3408918250756389, 1.2975354328607769, 1.4205313480811916, 1.2728679681220254, 0.01844030747053676, 0.2314556288325212, 0.7592429082069316, 0.6023581531955723, 0.7235122250905065, 1.4425785182040678, 0.6061837448714729, 0.504381603579377, 0.22717669431912527, 0.011407479890361723, 0.152638443448059, 0.3028306881902582, 0.0023536509444707083, 0.20839231662131583, 0.20696383233223145, 0.011587047146614309, 0.6248063929712425, 0.7904999349940065, 0.9130811398818239, 0.07967465468105048, 0.5957598403799022, 0.3595273218137972, 0.19968487372093963, 0.005699930464245917]
APTIDAO: 
42.64062429378271
GEN: 8800
Individuo: 
[1.0878834691604706, 1.4798790766267969, 4.96800270546104, 0.3408918250756389, 1.2975354328607769, 1.4205313480811916, 1.2728679681220254, 0.01844030747053676, 0.2314556288325212, 0.7592429082069316, 0.6023581531955723, 0.7235122250905065, 1.4702962749795032, 0.6061837448714729, 0.504381603579377, 0.22717669431912527, 0.0015504046160196479, 0.152638443448059, 0.3028306881902582, 0.0012103704146884634, 0.20839231662131583, 0.7712247258984612, 0.011587047146614309, 0.6248063929712425, 0.7904999349940065, 0.6034229665609988, 0.07967465468105048, 0.5919411116493588, 0.3595273218137972, 0.19968487372093963, 0.005699930464245917]
APTIDAO: 
42.55224440328881
GEN: 8900
Individuo: 
[1.148897893153671, 1.4798790766267969, 4.96800270546104, 0.42819574084345347, 1.2975354328607769, 1.4205313480811916, 1.2728679681220254, 0.010558605577373186, 0.2314556288325212, 0.7592429082069316, 0.6023581531955723, 0.7235122250905065, 1.0944735355204898, 0.6061837448714729, 0.504381603579377, 0.22717669431912527, 0.0012596880469309569, 0.152638443448059, 0.3028306881902582, 0.0015860258194698806, 0.20839231662131583, 0.6674468865392551, 0.011587047146614309, 0.6248063929712425, 0.7904999349940065, 0.6227684054914148, 0.07967465468105048, 0.5888935346632126, 0.3595273218137972, 0.19968487372093963, 0.005699930464245917]
APTIDAO: 
42.675694839268935
GEN: 9000
Individuo: 
[1.148897893153671, 1.4798790766267969, 4.96800270546104, 0.36880809053333385, 1.351850158781265, 1.4205313480811916, 1.2728679681220254, 0.010558605577373186, 0.2314556288325212, 0.7592429082069316, 0.6023581531955723, 0.7235122250905065, 1.0944735355204898, 0.7999163630564141, 0.504381603579377, 0.22717669431912527, 0.002510098731725744, 0.152638443448059, 0.3028306881902582, 0.002559411409541915, 0.20839231662131583, 0.24983298229639428, 0.011587047146614309, 0.6248063929712425, 0.7904999349940065, 0.9429839131247593, 0.07710370192202504, 0.5888935346632126, 0.3595273218137972, 0.19968487372093963, 0.0023325571571762896]
APTIDAO: 
42.537171037272536
GEN: 9100
Individuo: 
[1.148897893153671, 1.473887637479368, 4.96800270546104, 0.40198994585654835, 1.351850158781265, 1.4205313480811916, 1.2728679681220254, 0.010558605577373186, 0.2314556288325212, 0.7592429082069316, 0.6023581531955723, 0.7248104028835985, 1.147159289438234, 0.7693154023396949, 0.504381603579377, 0.22717669431912527, 0.0012325558345064977, 0.152638443448059, 0.3028306881902582, 0.0012748490322374553, 0.20839231662131583, 0.7212003702900597, 0.011587047146614309, 0.6248063929712425, 0.7904999349940065, 0.7705273917844486, 0.07710370192202504, 0.5888935346632126, 0.3595273218137972, 0.19968487372093963, 0.005516744797651247]
APTIDAO: 
42.49315764670343
GEN: 9200
Individuo: 
[1.148897893153671, 1.473887637479368, 4.891953508313026, 0.40198994585654835, 1.351850158781265, 1.4205313480811916, 1.2728679681220254, 0.01015466673573934, 0.2314556288325212, 0.7592429082069316, 0.6023581531955723, 0.7248104028835985, 1.147159289438234, 0.5487424605717908, 0.4969103851521476, 0.22717669431912527, 0.002036985794803992, 0.152638443448059, 0.3028306881902582, 0.001025603165785558, 0.20839231662131583, 0.18217209768830017, 0.011587047146614309, 0.6248063929712425, 0.7904999349940065, 0.934986586161398, 0.07710370192202504, 0.5888935346632126, 0.3595273218137972, 0.19968487372093963, 0.003494128750497858]
APTIDAO: 
42.46189357127218
GEN: 9300
Individuo: 
[1.148897893153671, 1.473887637479368, 4.891953508313026, 0.40198994585654835, 1.351850158781265, 1.4205313480811916, 1.2728679681220254, 0.011491652608867161, 0.2314556288325212, 0.8497065720855109, 0.6023581531955723, 0.7248104028835985, 0.4827954155322611, 0.8621003933313829, 0.4969103851521476, 0.22717669431912527, 0.0030081835746456637, 0.152638443448059, 0.22145728580089186, 0.0010173364648500625, 0.20839231662131583, 0.7824292793130756, 0.011587047146614309, 0.6248063929712425, 0.7904999349940065, 0.934986586161398, 0.07710370192202504, 0.4867380922871455, 0.3595273218137972, 0.19968487372093963, 0.0010436760974957336]
APTIDAO: 
42.87545909041717
GEN: 9400
Individuo: 
[1.148897893153671, 1.473887637479368, 4.891953508313026, 0.40198994585654835, 1.351850158781265, 1.4205313480811916, 1.2728679681220254, 0.011120107640006045, 0.2314556288325212, 0.8497065720855109, 0.6023581531955723, 0.7248104028835985, 1.1859397790072876, 0.6535280035302512, 0.4969103851521476, 0.22717669431912527, 0.0019642600009125463, 0.152638443448059, 0.22145728580089186, 0.010578696047663821, 0.20839231662131583, 0.23426075059101045, 0.011587047146614309, 0.6248063929712425, 0.7904999349940065, 0.9079906293898801, 0.07710370192202504, 0.4867380922871455, 0.3595273218137972, 0.19968487372093963, 0.00102051686308842]
APTIDAO: 
42.659094955374414
GEN: 9500
Individuo: 
[1.0998090804608456, 1.473887637479368, 4.891953508313026, 0.36322026066914936, 1.3128597097780625, 1.4205313480811916, 1.2728679681220254, 0.010432090448544215, 0.2314556288325212, 0.8497065720855109, 0.6023581531955723, 0.7248104028835985, 0.7372813098367905, 0.6535280035302512, 0.4969103851521476, 0.22717669431912527, 0.0010085405042514, 0.152638443448059, 0.22145728580089186, 0.009514537782893852, 0.20839231662131583, 0.4620653906864279, 0.011587047146614309, 0.6248063929712425, 0.7904999349940065, 0.8799453806676054, 0.07710370192202504, 0.4867380922871455, 0.35462979647836984, 0.19968487372093963, 0.001323392867485468]
APTIDAO: 
42.541653282200635
GEN: 9600
Individuo: 
[1.2252640052949255, 1.473887637479368, 4.891953508313026, 0.3678388859311246, 0.977480746367576, 1.4205313480811916, 1.2728679681220254, 0.013297209358548208, 0.2314556288325212, 0.8497065720855109, 0.5957349242520273, 0.7248104028835985, 0.6807107926651522, 0.6535280035302512, 0.44886809646389125, 0.22717669431912527, 0.004100533516410574, 0.152638443448059, 0.22145728580089186, 0.0013390037887403238, 0.20839231662131583, 0.3054468266096235, 0.011587047146614309, 0.6248063929712425, 0.7981296799953242, 0.9308308879797705, 0.07710370192202504, 0.5124457962748621, 0.3528856968025156, 0.19968487372093963, 0.0011745637747011227]
APTIDAO: 
42.56520058083616
GEN: 9700
Individuo: 
[1.224864618515941, 1.473887637479368, 4.891953508313026, 0.3678388859311246, 0.977480746367576, 1.4205313480811916, 1.2728679681220254, 0.012306648830997583, 0.2314556288325212, 0.8497065720855109, 0.5957349242520273, 0.7248104028835985, 0.9369078918102008, 0.6535280035302512, 0.44886809646389125, 0.22717669431912527, 0.09022638096005445, 0.152638443448059, 0.22145728580089186, 0.00199553644764535, 0.20839231662131583, 0.214364629326125, 0.011587047146614309, 0.6248063929712425, 0.7981296799953242, 0.26654802759793395, 0.07710370192202504, 0.5184552532846504, 0.3528856968025156, 0.19968487372093963, 0.004211539972034959]
APTIDAO: 
42.59908235011025
GEN: 9800
Individuo: 
[1.1629325515186824, 1.473887637479368, 4.891953508313026, 0.3678388859311246, 0.977480746367576, 1.4205313480811916, 1.2728679681220254, 0.01998871998566496, 0.2314556288325212, 0.8497065720855109, 0.5957349242520273, 0.7248104028835985, 0.7319040303882973, 0.6535280035302512, 0.44886809646389125, 0.22717669431912527, 0.008976130530427088, 0.152638443448059, 0.22145728580089186, 0.0010017226455904028, 0.20839231662131583, 0.3283076311305285, 0.011587047146614309, 0.6248063929712425, 0.7981296799953242, 0.7550645655396988, 0.07710370192202504, 0.5184552532846504, 0.3528856968025156, 0.19968487372093963, 0.003787324691856936]
APTIDAO: 
42.50379839259981
GEN: 9900
Individuo: 
[1.1629325515186824, 1.473887637479368, 4.950317591687679, 0.3678388859311246, 0.974535683528464, 1.4205313480811916, 1.2728679681220254, 0.010753681753877597, 0.2314556288325212, 0.8497065720855109, 0.5957349242520273, 0.7248104028835985, 0.7839821269105294, 0.6535280035302512, 0.44886809646389125, 0.22717669431912527, 0.0034218683260011967, 0.152638443448059, 0.22145728580089186, 0.0010017226455904028, 0.20839231662131583, 0.5217968980957223, 0.011587047146614309, 0.6248063929712425, 0.7981296799953242, 0.8405500454363987, 0.07710370192202504, 0.5184552532846504, 0.3528856968025156, 0.19968487372093963, 0.002226510116023406]
APTIDAO: 
42.34275303762712
GEN: 10000
Individuo: 
[1.1629325515186824, 1.473887637479368, 4.950317591687679, 0.3678388859311246, 0.974535683528464, 1.4205313480811916, 1.2728679681220254, 0.012470168762798736, 0.2314556288325212, 0.8497065720855109, 0.5957349242520273, 0.7248104028835985, 1.1606412388693703, 0.7066620422214064, 0.44886809646389125, 0.22717669431912527, 0.003358686036886412, 0.152638443448059, 0.22145728580089186, 0.0010017226455904028, 0.20839231662131583, 0.03584123732856723, 0.011587047146614309, 0.6248063929712425, 0.7981296799953242, 0.6591039176446511, 0.07710370192202504, 0.5184552532846504, 0.3528856968025156, 0.19968487372093963, 0.001690152929492398]
APTIDAO: 
42.40945399644401

--- RESULTADO FINAL ---
Erro (norma-1): 42.40945399644401
Parâmetros: [1.1629325515186824, 1.473887637479368, 4.950317591687679, 0.3678388859311246, 0.974535683528464, 1.4205313480811916, 1.2728679681220254, 0.012470168762798736, 0.2314556288325212, 0.8497065720855109, 0.5957349242520273, 0.7248104028835985, 1.1606412388693703, 0.7066620422214064, 0.44886809646389125, 0.22717669431912527, 0.003358686036886412, 0.152638443448059, 0.22145728580089186, 0.0010017226455904028, 0.20839231662131583, 0.03584123732856723, 0.011587047146614309, 0.6248063929712425, 0.7981296799953242, 0.6591039176446511, 0.07710370192202504, 0.5184552532846504, 0.3528856968025156, 0.19968487372093963, 0.001690152929492398]
Tempo total: 02h 55m 24s
