SEED: 1779018507
METODO: ABCD_GK
IND_SIZE: 31
GEN: 0
Individuo: 
[1.4123381736321938, 0.3983622190066227, 3.3964199283837893, 1.9929985025886299, 0.260645508287737, 1.4018548493607148, 0.9639642910041469, 0.979014085568798, 1.2194853608923222, 0.7494618683074092, 1.3249893045119376, 0.35495403536230796, 1.1980010161148424, 0.6491022021961982, 0.5295034323791369, 0.11840224214751104, 0.8263270681619279, 0.5637044654552035, 0.7102450939272091, 0.49268103446411454, 0.8926088117323345, 0.9034505367131999, 0.17450319500977612, 0.6678538393765054, 0.2537116473091897, 0.3281910057964464, 0.0711301316590957, 0.8039796350289157, 0.26505217062230524, 0.7528149831578802, 0.21939802366504613]
APTIDAO: 
129.3379162734996
GEN: 100
Individuo: 
[4.304437632041089, 1.736281673525292, 4.954792383040714, 0.5404680522070143, 1.2181579503384314, 0.926908772876885, 1.1890072380299728, 1.0663084929577136, 0.5424601698203116, 1.4266200333649732, 0.7403958430739507, 0.38244096598718136, 1.3606761492090496, 0.9859064112528668, 0.4655121982942146, 0.6086230265520269, 0.03597506131286377, 0.2880005181093663, 0.1269127698940028, 0.27171540449394155, 0.5902307394404952, 0.09841642731088399, 0.502851184592629, 0.4471008632936218, 0.122467191574783, 0.5255567099537448, 0.004594230630480146, 0.5140173098093276, 0.19416400099104397, 0.05797416481359641, 0.17415705290644964]
APTIDAO: 
50.137677522447746
GEN: 200
Individuo: 
[4.135738051256556, 1.736281673525292, 4.70037766034866, 0.4965344918710349, 1.2181579503384314, 0.926908772876885, 1.1890072380299728, 1.0872796888051257, 0.816218813006894, 1.4266200333649732, 0.7403958430739507, 0.38244096598718136, 1.3883855034074577, 0.9859064112528668, 0.4655121982942146, 0.7259138843447684, 0.03597506131286377, 0.3680307246633032, 0.1269127698940028, 0.8572114910663922, 0.5902307394404952, 0.0011001017733796618, 0.39431267387058067, 0.4471008632936218, 0.22548528852994498, 0.5255567099537448, 0.0036456611748380725, 0.4221230254785727, 0.19416400099104397, 0.05797416481359641, 0.00678586290826479]
APTIDAO: 
47.37971130818259
GEN: 300
Individuo: 
[4.135738051256556, 2.351247656977216, 4.70037766034866, 0.4617796587778827, 1.2181579503384314, 0.926908772876885, 1.1890072380299728, 1.0872796888051257, 0.816218813006894, 1.4266200333649732, 0.7472207228015638, 0.38244096598718136, 1.3558854392624304, 0.977105465265616, 0.4655121982942146, 0.7259138843447684, 0.03597506131286377, 0.038263486439357654, 0.1269127698940028, 0.8572114910663922, 0.5902307394404952, 0.0014717837508249996, 0.39431267387058067, 0.4471008632936218, 0.22548528852994498, 0.5255567099537448, 0.005814907443145047, 0.4221230254785727, 0.19416400099104397, 0.05797416481359641, 0.00678586290826479]
APTIDAO: 
46.80281578603686
GEN: 400
Individuo: 
[4.698490309962664, 3.2335993935786864, 4.70037766034866, 0.4441581366010544, 1.2181579503384314, 0.926908772876885, 1.1890072380299728, 1.0872796888051257, 0.8355330107602754, 1.4266200333649732, 0.7472207228015638, 0.38244096598718136, 1.3558854392624304, 0.977105465265616, 0.4655121982942146, 0.5860499185272194, 0.03597506131286377, 0.004906351816220726, 0.1269127698940028, 0.8986870579603212, 0.5902307394404952, 0.0023712353824246663, 0.39431267387058067, 0.4471008632936218, 0.22548528852994498, 0.5255567099537448, 0.012471225230968516, 0.4221230254785727, 0.19416400099104397, 0.05797416481359641, 0.004087580856437336]
APTIDAO: 
45.364573311777804
GEN: 500
Individuo: 
[4.769739314455392, 3.155988497636566, 4.509216607394989, 0.4441581366010544, 1.2181579503384314, 0.926908772876885, 1.2013166575811465, 1.0872796888051257, 0.8355330107602754, 1.4266200333649732, 0.7472207228015638, 0.38244096598718136, 1.3558854392624304, 0.977105465265616, 0.4655121982942146, 0.5860499185272194, 0.03597506131286377, 0.001077331173362988, 0.1269127698940028, 0.8743887102341835, 0.5902307394404952, 0.0010002837015173167, 0.39431267387058067, 0.4471008632936218, 0.22548528852994498, 0.5255567099537448, 0.012471225230968516, 0.4221230254785727, 0.19416400099104397, 0.058132097483261785, 0.004087580856437336]
APTIDAO: 
44.832436247480565
GEN: 600
Individuo: 
[4.769739314455392, 3.117317737338682, 4.509216607394989, 0.46329303450610626, 1.2181579503384314, 0.926908772876885, 1.2013166575811465, 1.0872796888051257, 0.8355330107602754, 1.4266200333649732, 0.7472207228015638, 0.38244096598718136, 1.474899054442398, 0.977105465265616, 0.4655121982942146, 0.21460743533804888, 0.03597506131286377, 0.001077331173362988, 0.1269127698940028, 0.8743887102341835, 0.5902307394404952, 0.001261027894099052, 0.39431267387058067, 0.4471008632936218, 0.15826651781966697, 0.5255567099537448, 0.012084215040706007, 0.4221230254785727, 0.19416400099104397, 0.05797416481359641, 0.00924804009318353]
APTIDAO: 
44.758900442345585
GEN: 700
Individuo: 
[4.769739314455392, 3.1930835522605108, 4.509216607394989, 0.46329303450610626, 1.2181579503384314, 0.926908772876885, 1.2013166575811465, 1.0872796888051257, 0.8355330107602754, 1.4266200333649732, 0.7472207228015638, 0.38244096598718136, 1.474899054442398, 0.9792676532867524, 0.5443080239121956, 0.6985574611970907, 0.03659867456510335, 0.001077331173362988, 0.1269127698940028, 0.8743887102341835, 0.5902307394404952, 0.002921661872708625, 0.39431267387058067, 0.4471008632936218, 0.15826651781966697, 0.5255567099537448, 0.010314728652325689, 0.4221230254785727, 0.17070683353149801, 0.05797416481359641, 0.0016735729622321996]
APTIDAO: 
45.602596093396755
GEN: 800
Individuo: 
[4.398369136640844, 3.1930835522605108, 4.509216607394989, 0.46329303450610626, 1.2181579503384314, 0.926908772876885, 0.5904185083443519, 1.0872796888051257, 0.8355330107602754, 1.4266200333649732, 0.7472207228015638, 0.38244096598718136, 1.4801565995377857, 0.9792676532867524, 0.5443080239121956, 0.6615228110815569, 0.03659867456510335, 0.0010156305472637382, 0.1269127698940028, 0.8743887102341835, 0.5902307394404952, 0.013486417824647715, 0.292687849061094, 0.4471008632936218, 0.11202336901464496, 0.5255567099537448, 0.0012645726844020496, 0.4221230254785727, 0.20746769917481192, 0.06195643950897222, 0.0016735729622321996]
APTIDAO: 
45.08193769107669
GEN: 900
Individuo: 
[4.398369136640844, 3.1930835522605108, 4.509216607394989, 0.4167591341997542, 1.2181579503384314, 0.926908772876885, 0.5904185083443519, 1.0872796888051257, 0.8217257769518524, 1.4266200333649732, 0.7472207228015638, 0.38244096598718136, 1.4801565995377857, 0.9792676532867524, 0.5443080239121956, 0.6615228110815569, 0.03659867456510335, 0.0010450074652978984, 0.1269127698940028, 0.819468858876744, 0.5902307394404952, 0.004227308329297781, 0.292687849061094, 0.4471008632936218, 0.11202336901464496, 0.5255567099537448, 0.0013031537858287194, 0.42215941414797753, 0.20746769917481192, 0.06195643950897222, 0.0016735729622321996]
APTIDAO: 
44.518141004215835
GEN: 1000
Individuo: 
[4.398369136640844, 2.7600434550352517, 4.509216607394989, 0.46914322096548733, 1.2181579503384314, 0.926908772876885, 0.5904185083443519, 1.0872796888051257, 0.8217257769518524, 1.4266200333649732, 0.7472207228015638, 0.38244096598718136, 1.4801565995377857, 0.9792676532867524, 0.5443080239121956, 0.6615228110815569, 0.03659867456510335, 0.0010450074652978984, 0.1269127698940028, 0.7603325926653445, 0.5902307394404952, 0.2542943638743786, 0.292687849061094, 0.4471008632936218, 0.11202336901464496, 0.5255567099537448, 0.0061578119551756365, 0.42215941414797753, 0.20746769917481192, 0.06195643950897222, 0.0016735729622321996]
APTIDAO: 
44.19461434908679
GEN: 1100
Individuo: 
[4.398369136640844, 2.7600434550352517, 4.434758684291635, 0.46914322096548733, 1.2181579503384314, 0.926908772876885, 0.5904185083443519, 1.0872796888051257, 0.8217257769518524, 1.4266200333649732, 0.7472207228015638, 0.38244096598718136, 1.339609597695298, 0.9792676532867524, 0.5443080239121956, 0.6615228110815569, 0.038324674814795935, 0.001393889602723747, 0.1269127698940028, 0.7603325926653445, 0.5902307394404952, 0.25239923881420867, 0.292687849061094, 0.4471008632936218, 0.11202336901464496, 0.5255567099537448, 0.0061578119551756365, 0.42215941414797753, 0.20746769917481192, 0.06195643950897222, 0.0016735729622321996]
APTIDAO: 
44.150200305039306
GEN: 1200
Individuo: 
[4.398369136640844, 3.006155585392334, 4.434758684291635, 0.46914322096548733, 1.2181579503384314, 0.926908772876885, 0.5904185083443519, 1.0872796888051257, 0.8217257769518524, 1.4266200333649732, 0.7472207228015638, 0.38244096598718136, 1.4811123074552566, 0.9792676532867524, 0.5443080239121956, 0.6615228110815569, 0.038324674814795935, 0.0017207444150444007, 0.1269127698940028, 0.7603325926653445, 0.5902307394404952, 0.7004959962518668, 0.292687849061094, 0.4471008632936218, 0.11202336901464496, 0.5255567099537448, 0.007419582355139374, 0.42215941414797753, 0.20746769917481192, 0.06195643950897222, 0.0010493394693538568]
APTIDAO: 
44.022632937114366
GEN: 1300
Individuo: 
[4.398369136640844, 3.006155585392334, 4.434758684291635, 0.46914322096548733, 1.2181579503384314, 0.926908772876885, 0.5904185083443519, 1.0872796888051257, 0.8217257769518524, 1.4266200333649732, 0.7472207228015638, 0.38244096598718136, 1.4811123074552566, 0.9792676532867524, 0.5443080239121956, 0.6615228110815569, 0.038324674814795935, 0.001112514347766655, 0.1269127698940028, 0.7603325926653445, 0.5902307394404952, 0.8230251334038949, 0.292687849061094, 0.4471008632936218, 0.11202336901464496, 0.5255567099537448, 0.007305426092100756, 0.42215941414797753, 0.20746769917481192, 0.06195643950897222, 0.0010493394693538568]
APTIDAO: 
43.989308730985414
GEN: 1400
Individuo: 
[4.759679192803665, 2.8255390610762787, 4.37160974812184, 0.4749877279324941, 1.2181579503384314, 0.926908772876885, 0.5904185083443519, 1.0872796888051257, 0.7195029402542099, 1.4266200333649732, 0.7472207228015638, 0.38244096598718136, 0.6653829198998401, 0.859284590164116, 0.5443080239121956, 0.8579583490533552, 0.038324674814795935, 0.02673980747079783, 0.1269127698940028, 0.8264104888927583, 0.5902307394404952, 0.8230251334038949, 0.292687849061094, 0.4471008632936218, 0.11202336901464496, 0.5255567099537448, 0.007305426092100756, 0.42215941414797753, 0.20746769917481192, 0.06195643950897222, 0.0036801580103857146]
APTIDAO: 
43.92153015872076
GEN: 1500
Individuo: 
[4.759679192803665, 2.8255390610762787, 4.357946089770888, 0.48708626909646685, 1.2181579503384314, 0.926908772876885, 0.5904185083443519, 1.0872796888051257, 0.7195029402542099, 1.4266200333649732, 0.7472207228015638, 0.38244096598718136, 0.797032060157294, 0.8549414424134391, 0.5443080239121956, 0.8579583490533552, 0.038324674814795935, 0.04456567935417886, 0.1269127698940028, 0.8094931032147799, 0.5902307394404952, 0.4669664449137649, 0.292687849061094, 0.4471008632936218, 0.11202336901464496, 0.5255567099537448, 0.013570706698452976, 0.42215941414797753, 0.20746769917481192, 0.06195643950897222, 0.0034552986135396825]
APTIDAO: 
43.851695158146484
GEN: 1600
Individuo: 
[4.3821590578173755, 2.6587309582211285, 4.37160974812184, 0.48708626909646685, 1.2181579503384314, 0.926908772876885, 0.5904185083443519, 1.0872796888051257, 0.7195029402542099, 1.4266200333649732, 0.7472207228015638, 0.38244096598718136, 1.283683098530772, 0.859284590164116, 0.5608239915587641, 0.6436261755285102, 0.038324674814795935, 0.0847682393545418, 0.1269127698940028, 0.8094931032147799, 0.5804456182108851, 0.8922763938070519, 0.292687849061094, 0.4471008632936218, 0.11050207688413927, 0.5255567099537448, 0.04454172444866279, 0.42215941414797753, 0.20746769917481192, 0.05378006405899358, 0.00385846564113983]
APTIDAO: 
44.39038070865592
GEN: 1700
Individuo: 
[4.787575535380256, 2.6587309582211285, 4.37160974812184, 0.48708626909646685, 1.2181579503384314, 0.926908772876885, 0.5904185083443519, 1.0872796888051257, 0.7195029402542099, 1.4266200333649732, 0.7472207228015638, 0.38244096598718136, 1.3734808251929804, 0.859284590164116, 0.5608239915587641, 0.6715006646988716, 0.038324674814795935, 0.07185493160315973, 0.1333845689323224, 0.8094931032147799, 0.5804456182108851, 0.4835355931724751, 0.28647928525598665, 0.4471008632936218, 0.11050207688413927, 0.5255567099537448, 0.04454172444866279, 0.4228472609537281, 0.20746769917481192, 0.05378006405899358, 0.0065849464261442045]
APTIDAO: 
44.435407809923355
GEN: 1800
Individuo: 
[4.509763261092511, 2.7889257208375953, 4.37160974812184, 0.2770177155840067, 1.2181579503384314, 0.926908772876885, 0.5904185083443519, 1.0872796888051257, 0.7195029402542099, 1.4266200333649732, 0.7472207228015638, 0.38244096598718136, 1.0941314732437952, 0.859284590164116, 0.5608239915587641, 0.7185293649157585, 0.038324674814795935, 0.052178111919223134, 0.1333845689323224, 0.7753587008582967, 0.5804456182108851, 0.4835355931724751, 0.28647928525598665, 0.4471008632936218, 0.11146740294338191, 0.5255567099537448, 0.03873194835726222, 0.4228472609537281, 0.20746769917481192, 0.04934640578603813, 0.0065849464261442045]
APTIDAO: 
45.09278081900154
GEN: 1900
Individuo: 
[4.185237510915784, 3.0527039390808777, 4.37160974812184, 0.4410444120206901, 1.236743706526223, 0.926908772876885, 0.5541091480919883, 1.0872796888051257, 0.7195029402542099, 1.4266200333649732, 0.7472207228015638, 0.38244096598718136, 1.277671100972188, 0.8869885266974129, 0.5608239915587641, 0.7185293649157585, 0.038324674814795935, 0.052178111919223134, 0.1333845689323224, 0.7753587008582967, 0.5804456182108851, 0.3830064595927188, 0.28647928525598665, 0.4613575108960078, 0.11146740294338191, 0.5255567099537448, 0.026903486671773967, 0.4228472609537281, 0.20746769917481192, 0.04934640578603813, 0.002172345718612931]
APTIDAO: 
43.754855815116464
GEN: 2000
Individuo: 
[4.185237510915784, 3.0527039390808777, 4.37160974812184, 0.4410444120206901, 1.236743706526223, 0.926908772876885, 0.5541091480919883, 1.0872796888051257, 0.7195029402542099, 1.4266200333649732, 0.7472207228015638, 0.38244096598718136, 1.4472549864156938, 0.8869885266974129, 0.5608239915587641, 0.7185293649157585, 0.038324674814795935, 0.052178111919223134, 0.1333845689323224, 0.7753587008582967, 0.5804456182108851, 0.9659426684757225, 0.28647928525598665, 0.4600257205372119, 0.11146740294338191, 0.5255567099537448, 0.008765221901959701, 0.4228472609537281, 0.18430973331523898, 0.04934640578603813, 0.0020881607561729913]
APTIDAO: 
43.992863636061685
GEN: 2100
Individuo: 
[4.393573572004897, 3.0527039390808777, 4.37160974812184, 0.4410444120206901, 1.236743706526223, 0.926908772876885, 0.5541091480919883, 1.0872796888051257, 0.7423159594038838, 1.4266200333649732, 0.7339122557771853, 0.38244096598718136, 1.4472549864156938, 0.8869885266974129, 0.5608239915587641, 0.7185293649157585, 0.038324674814795935, 0.0357618559973821, 0.1333845689323224, 0.7753587008582967, 0.5804456182108851, 0.9659426684757225, 0.28647928525598665, 0.4600257205372119, 0.11146740294338191, 0.5255567099537448, 0.0191017566901441, 0.4228472609537281, 0.18430973331523898, 0.04934640578603813, 0.0029607878110739657]
APTIDAO: 
43.4214283631032
GEN: 2200
Individuo: 
[4.393573572004897, 3.339191651496457, 4.115048577874927, 0.32219942287125486, 1.236743706526223, 1.1767274984678504, 0.5541091480919883, 1.0872796888051257, 0.7423159594038838, 1.4266200333649732, 0.7339122557771853, 0.38244096598718136, 1.4144935264051632, 0.8869885266974129, 0.2801295233140852, 0.7185293649157585, 0.038324674814795935, 0.03668861500866298, 0.1333845689323224, 0.7753587008582967, 0.5804456182108851, 0.14817202214494418, 0.28647928525598665, 0.4600257205372119, 0.11146740294338191, 0.5255567099537448, 0.02593107911138027, 0.4228472609537281, 0.18430973331523898, 0.04934640578603813, 0.0029607878110739657]
APTIDAO: 
43.81902020555633
GEN: 2300
Individuo: 
[4.393573572004897, 3.339191651496457, 3.576686064185974, 0.4273455549878518, 1.236743706526223, 1.1767274984678504, 0.5541091480919883, 1.0872796888051257, 0.7423159594038838, 1.4266200333649732, 0.7761967429724971, 0.38244096598718136, 0.9576225106657917, 0.8869885266974129, 0.2801295233140852, 0.7185293649157585, 0.038324674814795935, 0.010965803486830442, 0.1333845689323224, 0.7753587008582967, 0.5804456182108851, 0.1360071848497295, 0.28647928525598665, 0.4521577769900303, 0.10485946043639931, 0.5298130724396214, 0.02593107911138027, 0.411523151343267, 0.1674317660389496, 0.04934640578603813, 0.0027371078947741223]
APTIDAO: 
42.93790296057496
GEN: 2400
Individuo: 
[4.393573572004897, 3.339191651496457, 3.576686064185974, 0.39034651735812087, 1.236743706526223, 1.1767274984678504, 0.5541091480919883, 1.0872796888051257, 0.7423159594038838, 1.4266200333649732, 0.7761967429724971, 0.38244096598718136, 1.4227714551117658, 0.8869885266974129, 0.2801295233140852, 0.7185293649157585, 0.038324674814795935, 0.010304563549408896, 0.1333845689323224, 0.7753587008582967, 0.5804456182108851, 0.49615980351932526, 0.2540189278306952, 0.42305201372793555, 0.11146740294338191, 0.5298130724396214, 0.02593107911138027, 0.411523151343267, 0.1674317660389496, 0.04934640578603813, 0.0016589603134577696]
APTIDAO: 
42.89046490355511
GEN: 2500
Individuo: 
[4.532008090000503, 3.8793142705762573, 3.576686064185974, 0.2479904053194999, 1.2093274260196671, 1.1767274984678504, 0.5541091480919883, 1.0872796888051257, 0.7423159594038838, 1.4266200333649732, 0.7761967429724971, 0.38244096598718136, 1.23301679254544, 0.8869885266974129, 0.2801295233140852, 0.7185293649157585, 0.038324674814795935, 0.0022275735057682277, 0.1333845689323224, 0.8079682282149376, 0.5845768766789506, 0.8881643863488234, 0.2540189278306952, 0.42305201372793555, 0.11146740294338191, 0.5298130724396214, 0.03252843313590128, 0.411523151343267, 0.1674317660389496, 0.053863301980277445, 0.0021256091363499245]
APTIDAO: 
43.92196195734399
GEN: 2600
Individuo: 
[4.532008090000503, 3.4163798555545246, 3.576686064185974, 0.36456671365987436, 1.2093274260196671, 1.1767274984678504, 0.5950212749200197, 1.0872796888051257, 0.7423159594038838, 1.4266200333649732, 0.7761967429724971, 0.38244096598718136, 1.415512095750837, 0.8869885266974129, 0.2801295233140852, 0.7185293649157585, 0.038324674814795935, 0.0010885181963119345, 0.1333845689323224, 0.8079682282149376, 0.5230274968614366, 0.2408735161389874, 0.2540189278306952, 0.3885553160893416, 0.11146740294338191, 0.5298130724396214, 0.030993887197529303, 0.411523151343267, 0.1674317660389496, 0.03508983903985209, 0.0035970656301880905]
APTIDAO: 
42.95420942235905
GEN: 2700
Individuo: 
[4.532008090000503, 3.548459076463407, 3.576686064185974, 0.29674375751327975, 1.2093274260196671, 1.1767274984678504, 0.5950212749200197, 1.0872796888051257, 0.7423159594038838, 1.4266200333649732, 0.7761967429724971, 0.38244096598718136, 1.415512095750837, 0.8869885266974129, 0.2801295233140852, 0.7884093121206436, 0.038324674814795935, 0.01310149426615809, 0.1333845689323224, 0.8466768013167114, 0.5230274968614366, 0.007113353506588303, 0.2540189278306952, 0.3885553160893416, 0.11146740294338191, 0.5298130724396214, 0.030993887197529303, 0.411523151343267, 0.1674317660389496, 0.028085539550708284, 0.001494244332624619]
APTIDAO: 
42.93290226678103
GEN: 2800
Individuo: 
[4.704396611128261, 3.548459076463407, 3.576686064185974, 0.4427427063302546, 1.2093274260196671, 1.1767274984678504, 0.6194196226642256, 1.0872796888051257, 0.7423159594038838, 1.4266200333649732, 0.7761967429724971, 0.37752289298053776, 1.1856521030661058, 0.894956564110992, 0.2801295233140852, 0.7884093121206436, 0.038324674814795935, 0.016966239517488293, 0.1333845689323224, 0.8466768013167114, 0.5291379812595033, 0.002613524052515221, 0.2540189278306952, 0.3885553160893416, 0.11588435681200644, 0.5298130724396214, 0.030993887197529303, 0.411523151343267, 0.1674317660389496, 0.015749275342271697, 0.0011030728444159988]
APTIDAO: 
42.0926408435681
GEN: 2900
Individuo: 
[4.704396611128261, 3.548459076463407, 3.576686064185974, 0.4427427063302546, 1.2093274260196671, 1.1767274984678504, 0.6194196226642256, 1.1432130590642384, 0.7272618570863926, 1.4266200333649732, 0.7551989595680052, 0.37752289298053776, 1.462292773610884, 0.8845600107550992, 0.2801295233140852, 0.9250853452648908, 0.038324674814795935, 0.017161673016674612, 0.1333845689323224, 0.7803201921740587, 0.5291379812595033, 0.006026787688666711, 0.2540189278306952, 0.3885553160893416, 0.11588435681200644, 0.5298130724396214, 0.003453106567553503, 0.411523151343267, 0.1674317660389496, 0.005149707811493678, 0.0024243038134045647]
APTIDAO: 
42.988472326441226
GEN: 3000
Individuo: 
[4.5678304275032575, 3.548459076463407, 3.576686064185974, 0.4427427063302546, 1.2093274260196671, 1.1767274984678504, 0.6451875321247821, 1.1432130590642384, 0.7272618570863926, 1.425289107829591, 0.7551989595680052, 0.37752289298053776, 1.462292773610884, 0.8969807674966509, 0.2801295233140852, 0.9250853452648908, 0.023166595029223642, 0.017161673016674612, 0.1333845689323224, 0.7803201921740587, 0.5291379812595033, 0.004342860113366853, 0.2540189278306952, 0.3885553160893416, 0.11588435681200644, 0.5298130724396214, 0.007814155837419847, 0.411523151343267, 0.1674317660389496, 0.0013048079975992652, 0.0012682208948724954]
APTIDAO: 
41.682237131858294
GEN: 3100
Individuo: 
[4.5678304275032575, 3.548459076463407, 3.576686064185974, 0.4427427063302546, 1.2093274260196671, 1.1767274984678504, 0.6451875321247821, 1.1432130590642384, 0.7272618570863926, 1.4266200333649732, 0.7551989595680052, 0.37752289298053776, 1.3724717131633843, 0.8969807674966509, 0.2801295233140852, 0.9250853452648908, 0.023166595029223642, 0.011561913824307157, 0.1333845689323224, 0.7803201921740587, 0.5291379812595033, 0.003539585986745103, 0.2540189278306952, 0.3885553160893416, 0.11588435681200644, 0.5298130724396214, 0.006915808974186025, 0.411523151343267, 0.1674317660389496, 0.0010315737674701925, 0.0014311166799084935]
APTIDAO: 
41.591590714219976
GEN: 3200
Individuo: 
[4.248062839191645, 3.1988637907022097, 3.576686064185974, 0.482262675296945, 1.2043659664462711, 1.1767274984678504, 1.2890169448811923, 1.1558423639074475, 0.7272618570863926, 1.4266200333649732, 0.7551989595680052, 0.37752289298053776, 1.1463571428556074, 0.8969807674966509, 0.3553112418229223, 0.1351239181027483, 0.023166595029223642, 0.020359943856680666, 0.1333845689323224, 0.7803201921740587, 0.5291379812595033, 0.003910797685748212, 0.2540189278306952, 0.3885553160893416, 0.11588435681200644, 0.5298130724396214, 0.006447761464844198, 0.41556207303390746, 0.1674317660389496, 0.0012673459233429785, 0.0013573540985657728]
APTIDAO: 
42.46045545612344
GEN: 3300
Individuo: 
[4.248062839191645, 3.1988637907022097, 3.3022074520511424, 0.4785507784321392, 1.2043659664462711, 1.1767274984678504, 1.2883691553678496, 1.1558423639074475, 0.7175848428650803, 1.4266200333649732, 0.7551989595680052, 0.37752289298053776, 1.2717380413357688, 0.9243088324568162, 0.3553112418229223, 0.1351239181027483, 0.031781990115690655, 0.010168971717882093, 0.1333845689323224, 0.889155897051757, 0.5291379812595033, 0.759224967736732, 0.2540189278306952, 0.3885553160893416, 0.11588435681200644, 0.5469681186948336, 0.0013973878909971373, 0.41556207303390746, 0.1674317660389496, 0.0014347044559483815, 0.004700841584612385]
APTIDAO: 
42.049608851741546
GEN: 3400
Individuo: 
[4.248062839191645, 3.1988637907022097, 3.3022074520511424, 0.48299104396390524, 1.2043659664462711, 1.1767274984678504, 1.2883691553678496, 1.1558423639074475, 0.7175848428650803, 1.4266200333649732, 0.7551989595680052, 0.37752289298053776, 0.9643430030897655, 0.9243088324568162, 0.3553112418229223, 0.11629667637843372, 0.031781990115690655, 0.0061378472145048, 0.1333845689323224, 0.8337904367264198, 0.5291379812595033, 0.5101879051134776, 0.2540189278306952, 0.3885553160893416, 0.11588435681200644, 0.5469681186948336, 0.0010341205729411706, 0.41556207303390746, 0.1674317660389496, 0.0016282795415100448, 0.0015369080845994212]
APTIDAO: 
41.910776157229925
GEN: 3500
Individuo: 
[4.248062839191645, 3.1988637907022097, 3.3022074520511424, 0.48299104396390524, 1.2043659664462711, 1.1767274984678504, 1.2883691553678496, 1.1558423639074475, 0.7175848428650803, 1.4266200333649732, 0.7551989595680052, 0.37752289298053776, 1.2837596213100442, 0.9243088324568162, 0.3553112418229223, 0.0584953645615326, 0.031781990115690655, 0.005045752840156518, 0.1333845689323224, 0.8337904367264198, 0.5100166524513011, 0.7576489665629405, 0.2540189278306952, 0.3885553160893416, 0.11588435681200644, 0.5469681186948336, 0.0010341205729411706, 0.41556207303390746, 0.1674317660389496, 0.0011892900389920487, 0.0018574192218314568]
APTIDAO: 
41.3784258053307
GEN: 3600
Individuo: 
[4.248062839191645, 3.1988637907022097, 3.3022074520511424, 0.48299104396390524, 1.2043659664462711, 1.1767274984678504, 1.3168681183695403, 1.1558423639074475, 0.7175848428650803, 1.4266200333649732, 0.7551989595680052, 0.37752289298053776, 1.3180972990936641, 0.9243088324568162, 0.3553112418229223, 0.0584953645615326, 0.030050183055131765, 0.005801726753781257, 0.1333845689323224, 0.8337904367264198, 0.5100166524513011, 0.8543293116602573, 0.2540189278306952, 0.3885553160893416, 0.11588435681200644, 0.5469681186948336, 0.0010341205729411706, 0.41556207303390746, 0.1674317660389496, 0.0013743430461145639, 0.0019975621268584626]
APTIDAO: 
41.35220024094955
GEN: 3700
Individuo: 
[4.248062839191645, 3.3298238363211836, 3.3022074520511424, 0.48299104396390524, 1.2043659664462711, 1.1767274984678504, 1.3168681183695403, 1.1558423639074475, 0.7175848428650803, 1.4266200333649732, 0.7551989595680052, 0.37752289298053776, 1.3180972990936641, 0.9243088324568162, 0.3553112418229223, 0.05908715677216656, 0.030050183055131765, 0.0027230496436549084, 0.1333845689323224, 0.8337904367264198, 0.5100166524513011, 0.07293557053393818, 0.2540189278306952, 0.3885553160893416, 0.11588435681200644, 0.5469681186948336, 0.0010221397081258345, 0.41556207303390746, 0.1674317660389496, 0.0010579086074026382, 0.001055861399230023]
APTIDAO: 
41.218259643869146
GEN: 3800
Individuo: 
[4.248062839191645, 3.3298238363211836, 3.3022074520511424, 0.48299104396390524, 1.2043659664462711, 1.1767274984678504, 1.3168681183695403, 1.1558423639074475, 0.7175848428650803, 1.4266200333649732, 0.7551989595680052, 0.37752289298053776, 1.3180972990936641, 0.9243088324568162, 0.3553112418229223, 0.046420985690310584, 0.029696454384463836, 0.002133356464071387, 0.1333845689323224, 0.8337904367264198, 0.5100166524513011, 0.038291375079857005, 0.2540189278306952, 0.3885553160893416, 0.11588435681200644, 0.5469681186948336, 0.0017085533578084782, 0.41556207303390746, 0.1674317660389496, 0.0011427106690291937, 0.0010273848656143071]
APTIDAO: 
41.19473315837285
GEN: 3900
Individuo: 
[4.248062839191645, 3.3298238363211836, 3.3022074520511424, 0.48299104396390524, 1.2043659664462711, 1.1767274984678504, 1.3168681183695403, 1.1558423639074475, 0.7175848428650803, 1.4266200333649732, 0.7551989595680052, 0.37752289298053776, 1.331713600710457, 0.9394478883880752, 0.3553112418229223, 0.046420985690310584, 0.029696454384463836, 0.005154580554041168, 0.1333845689323224, 0.8337904367264198, 0.5100166524513011, 0.885616922401739, 0.2540189278306952, 0.3885553160893416, 0.11588435681200644, 0.5469681186948336, 0.001159103949156567, 0.41556207303390746, 0.1674317660389496, 0.0011427106690291937, 0.0013127351021044542]
APTIDAO: 
41.12614202461081
GEN: 4000
Individuo: 
[4.248062839191645, 3.4052955726665934, 3.3022074520511424, 0.48299104396390524, 1.2043659664462711, 1.1767274984678504, 1.3168681183695403, 1.1558423639074475, 0.7175848428650803, 1.4266200333649732, 0.843427475277521, 0.37752289298053776, 0.9763966765864327, 0.9394478883880752, 0.3553112418229223, 0.04181953085584586, 0.02856246830574575, 0.0010582791577217066, 0.1333845689323224, 0.6029493860370718, 0.5100166524513011, 0.38032399608292566, 0.2540189278306952, 0.3885553160893416, 0.11588435681200644, 0.5469681186948336, 0.001274211088963352, 0.41556207303390746, 0.1674317660389496, 0.0011427106690291937, 0.0010598880111604867]
APTIDAO: 
41.223401539710736
GEN: 4100
Individuo: 
[4.248062839191645, 3.4052955726665934, 3.5940824437867933, 0.48299104396390524, 1.1948279807527007, 1.1767274984678504, 1.3168681183695403, 1.1558423639074475, 0.7175848428650803, 1.4266200333649732, 0.843427475277521, 0.37752289298053776, 1.4319253895294044, 0.9394478883880752, 0.3553112418229223, 0.05607021294065813, 0.02856246830574575, 0.010748519875763208, 0.1333845689323224, 0.631124357433108, 0.5100166524513011, 0.7937305440368586, 0.2540189278306952, 0.39016624122948645, 0.11588435681200644, 0.5469681186948336, 0.0014467416522251292, 0.41556207303390746, 0.1674317660389496, 0.0010622439967078472, 0.0011499600798109792]
APTIDAO: 
41.17242896586592
GEN: 4200
Individuo: 
[4.248062839191645, 3.4052955726665934, 3.5940824437867933, 0.48299104396390524, 1.1948279807527007, 1.1767274984678504, 1.3168681183695403, 1.1558423639074475, 0.7175848428650803, 1.4266200333649732, 0.8494975699957582, 0.37752289298053776, 1.4319253895294044, 0.9465273885337633, 0.3553112418229223, 0.03817780962018412, 0.02856246830574575, 0.010748519875763208, 0.1333845689323224, 0.631124357433108, 0.5100166524513011, 0.12823429390160668, 0.2540189278306952, 0.39016624122948645, 0.11588435681200644, 0.5469681186948336, 0.0017674826652520925, 0.41556207303390746, 0.1674317660389496, 0.0010622439967078472, 0.001094784621328611]
APTIDAO: 
41.08963424434612
GEN: 4300
Individuo: 
[4.248062839191645, 3.416411890356119, 3.5940824437867933, 0.48333866011348053, 1.1948279807527007, 1.1767274984678504, 1.3168681183695403, 1.1558423639074475, 0.7175848428650803, 1.4266200333649732, 0.8494975699957582, 0.37752289298053776, 1.4319253895294044, 0.9465273885337633, 0.3553112418229223, 0.03817780962018412, 0.02856246830574575, 0.013065538584793148, 0.1333845689323224, 0.631124357433108, 0.5100166524513011, 0.037175318510323505, 0.2540189278306952, 0.39016624122948645, 0.11588435681200644, 0.5469681186948336, 0.0018347351592006885, 0.41556207303390746, 0.1674317660389496, 0.0010622439967078472, 0.0010672464395727094]
APTIDAO: 
41.10010979601761
GEN: 4400
Individuo: 
[3.816234676813382, 3.5563556277896855, 3.5940824437867933, 0.452140133593618, 1.1948279807527007, 1.1767274984678504, 1.3168681183695403, 1.1558423639074475, 0.7175848428650803, 1.4266200333649732, 0.8494975699957582, 0.37752289298053776, 1.4319253895294044, 0.9465273885337633, 0.3553112418229223, 0.014936689639715296, 0.02856246830574575, 0.012305060738356091, 0.1333845689323224, 0.631124357433108, 0.5100166524513011, 0.06465109480829598, 0.2540189278306952, 0.39016624122948645, 0.11588435681200644, 0.5480752710064349, 0.0014425590624189768, 0.41556207303390746, 0.1674317660389496, 0.0015350537385838388, 0.0010672464395727094]
APTIDAO: 
41.40413450751011
GEN: 4500
Individuo: 
[4.023974111810692, 3.4582275929249593, 3.5940824437867933, 0.452140133593618, 1.1948279807527007, 1.1767274984678504, 1.3168681183695403, 1.1558423639074475, 0.7175848428650803, 1.4266200333649732, 0.8494975699957582, 0.37752289298053776, 1.4319253895294044, 0.9465273885337633, 0.3553112418229223, 0.008840287987091402, 0.02856246830574575, 0.012305060738356091, 0.1333845689323224, 0.631124357433108, 0.5100166524513011, 0.002818049838567805, 0.2540189278306952, 0.39016624122948645, 0.11588435681200644, 0.5480752710064349, 0.0025645402034451524, 0.41556207303390746, 0.16550751994874685, 0.0011616131458059885, 0.0019973867468284553]
APTIDAO: 
41.13290049080269
GEN: 4600
Individuo: 
[3.923142980969808, 3.4582275929249593, 3.5940824437867933, 0.452140133593618, 1.195980956969122, 1.1767274984678504, 1.3168681183695403, 1.1558423639074475, 0.6985499292859476, 1.4266200333649732, 0.8494975699957582, 0.37752289298053776, 1.119669481136124, 0.9465273885337633, 0.33841974800375973, 0.00257114604530656, 0.02856246830574575, 0.012305060738356091, 0.1333845689323224, 0.631124357433108, 0.5100166524513011, 0.0012537303865922573, 0.2540189278306952, 0.39016624122948645, 0.11588435681200644, 0.5480752710064349, 0.0028678135268175543, 0.41556207303390746, 0.18507088999850999, 0.0011324538618254234, 0.0016341894996656301]
APTIDAO: 
41.17705205892838
GEN: 4700
Individuo: 
[3.923142980969808, 3.4582275929249593, 3.5477675860070317, 0.452140133593618, 1.195980956969122, 1.1767274984678504, 1.3168681183695403, 1.1558423639074475, 0.6985499292859476, 1.4266200333649732, 0.8494975699957582, 0.37752289298053776, 1.1452454743548497, 0.9465273885337633, 0.33841974800375973, 0.001224139833684095, 0.02856246830574575, 0.015354755165988714, 0.1333845689323224, 0.631124357433108, 0.5100166524513011, 0.0012537303865922573, 0.2540189278306952, 0.39016624122948645, 0.11588435681200644, 0.5480752710064349, 0.00513097779939778, 0.41556207303390746, 0.18507088999850999, 0.0011324538618254234, 0.0021565796272287508]
APTIDAO: 
41.111226708277066
GEN: 4800
Individuo: 
[3.837016339050042, 3.4582275929249593, 3.5477675860070317, 0.4612815264217538, 1.195980956969122, 1.1767274984678504, 1.3168681183695403, 1.1558423639074475, 0.6985499292859476, 1.4266200333649732, 0.8494975699957582, 0.37752289298053776, 1.1452454743548497, 0.961688342395961, 0.33841974800375973, 0.0010407096288407717, 0.02856246830574575, 0.02349229980337174, 0.1333845689323224, 0.631124357433108, 0.5100166524513011, 0.0012537303865922573, 0.2540189278306952, 0.39016624122948645, 0.11588435681200644, 0.5480752710064349, 0.00513097779939778, 0.41556207303390746, 0.18507088999850999, 0.0010324229962909613, 0.0010638822514721057]
APTIDAO: 
41.11249810787399
GEN: 4900
Individuo: 
[3.837016339050042, 3.4582275929249593, 3.5477675860070317, 0.4612815264217538, 1.195980956969122, 1.1767274984678504, 1.3168681183695403, 1.1558423639074475, 0.6985499292859476, 1.4266200333649732, 0.8494975699957582, 0.37752289298053776, 1.4987306405692027, 0.961688342395961, 0.33841974800375973, 0.0010662685280327221, 0.027487675276639915, 0.020938481147400233, 0.1333845689323224, 0.631124357433108, 0.5100166524513011, 0.002068753194523265, 0.2540189278306952, 0.39016624122948645, 0.11588435681200644, 0.5480752710064349, 0.00513097779939778, 0.41556207303390746, 0.18507088999850999, 0.0010324229962909613, 0.0010490204966000412]
APTIDAO: 
41.00078454561188
GEN: 5000
Individuo: 
[3.837016339050042, 3.4582275929249593, 3.5477675860070317, 0.4612815264217538, 1.195980956969122, 1.1767274984678504, 1.3168681183695403, 1.1558423639074475, 0.6985499292859476, 1.4266200333649732, 0.8494975699957582, 0.37752289298053776, 1.3534214520294117, 0.961688342395961, 0.33841974800375973, 0.001231861566526973, 0.027487675276639915, 0.016031389320369342, 0.1333845689323224, 0.631124357433108, 0.5100166524513011, 0.0052643035925574, 0.2540189278306952, 0.39016624122948645, 0.11588435681200644, 0.5480752710064349, 0.0035916466223089895, 0.41556207303390746, 0.18507088999850999, 0.0010324229962909613, 0.0010195208814011928]
APTIDAO: 
40.97974566021351
GEN: 5100
Individuo: 
[3.9618736112009354, 3.4582275929249593, 3.5477675860070317, 0.4612815264217538, 1.195980956969122, 1.1767274984678504, 1.3168681183695403, 1.1558423639074475, 0.6985499292859476, 1.4266200333649732, 0.8494975699957582, 0.37752289298053776, 1.370169862241165, 0.961688342395961, 0.3368287570818872, 0.0014172613189244474, 0.027487675276639915, 0.016031389320369342, 0.1333845689323224, 0.631124357433108, 0.5100166524513011, 0.0050359734779556456, 0.2540189278306952, 0.39016624122948645, 0.11588435681200644, 0.5480752710064349, 0.003268891295773521, 0.41556207303390746, 0.18348671172013764, 0.0010324229962909613, 0.0012085722743119167]
APTIDAO: 
40.88979291883188
GEN: 5200
Individuo: 
[3.9618736112009354, 3.4582275929249593, 3.5477675860070317, 0.43079799962680587, 1.2374325206474868, 1.1767274984678504, 1.3168681183695403, 1.1558423639074475, 0.6985499292859476, 1.4266200333649732, 0.8290802662807709, 0.37752289298053776, 1.4700519654642066, 0.961688342395961, 0.3368287570818872, 0.0017968089653279042, 0.023161861397591767, 0.0018865981018721953, 0.1333845689323224, 0.631124357433108, 0.5154277271797302, 0.05915143738535353, 0.2540189278306952, 0.39016624122948645, 0.11588435681200644, 0.5480752710064349, 0.001272283875305124, 0.41556207303390746, 0.18348671172013764, 0.0037457642721536997, 0.0011385246988465665]
APTIDAO: 
41.499207387389525
GEN: 5300
Individuo: 
[3.9618736112009354, 3.402803292728088, 3.428749353543864, 0.4900682302202878, 1.2374325206474868, 1.1767274984678504, 1.3168681183695403, 1.1558423639074475, 0.6985499292859476, 1.4266200333649732, 0.8424819046857893, 0.37752289298053776, 0.7741645264331118, 0.961688342395961, 0.3368287570818872, 0.0020301153383850017, 0.023161861397591767, 0.011306600999459841, 0.1333845689323224, 0.631124357433108, 0.5154277271797302, 0.7873084477820887, 0.2540189278306952, 0.39016624122948645, 0.11588435681200644, 0.5480752710064349, 0.001272283875305124, 0.41556207303390746, 0.18348671172013764, 0.0037457642721536997, 0.0012291720975981424]
APTIDAO: 
41.17096554758504
GEN: 5400
Individuo: 
[3.9618736112009354, 3.2512344532886477, 3.202767542150139, 0.4900682302202878, 1.2374325206474868, 1.1767274984678504, 1.2727626320564138, 1.1558423639074475, 0.6847068265657843, 1.4266200333649732, 0.8424819046857893, 0.37752289298053776, 1.0716047573288205, 0.961688342395961, 0.3368287570818872, 0.0015305485227721722, 0.027191207805244744, 0.011306600999459841, 0.1333845689323224, 0.631124357433108, 0.5154277271797302, 0.6196033050208184, 0.2540189278306952, 0.39016624122948645, 0.11588435681200644, 0.5480752710064349, 0.001750401522063285, 0.41556207303390746, 0.18348671172013764, 0.0037457642721536997, 0.0035031726939837964]
APTIDAO: 
41.06624426714847
GEN: 5500
Individuo: 
[3.9618736112009354, 3.2512344532886477, 3.202767542150139, 0.4900682302202878, 1.2374325206474868, 1.1767274984678504, 1.2727626320564138, 1.1558423639074475, 0.6847068265657843, 1.4266200333649732, 0.8424819046857893, 0.37752289298053776, 1.2246108592872962, 0.961688342395961, 0.3368287570818872, 0.002091176655079589, 0.027191207805244744, 0.00974334030225391, 0.1333845689323224, 0.631124357433108, 0.5154277271797302, 0.5325072881198368, 0.2540189278306952, 0.39016624122948645, 0.11588435681200644, 0.5480752710064349, 0.0012627493533815014, 0.41556207303390746, 0.18348671172013764, 0.0037457642721536997, 0.0020548997793612446]
APTIDAO: 
41.04924072761799
GEN: 5600
Individuo: 
[3.9618736112009354, 3.2512344532886477, 3.202767542150139, 0.4900682302202878, 1.2374325206474868, 1.1767274984678504, 1.2727626320564138, 1.1558423639074475, 0.6847068265657843, 1.4266200333649732, 0.8424819046857893, 0.37752289298053776, 1.4390936402593792, 0.961688342395961, 0.3368287570818872, 0.03557647934369416, 0.027191207805244744, 0.010099724324652525, 0.1333845689323224, 0.631124357433108, 0.5183503487565206, 0.7379361799497052, 0.2540189278306952, 0.3939048543123641, 0.11588435681200644, 0.5480752710064349, 0.0024116256202141545, 0.41556207303390746, 0.19854936274665608, 0.0037457642721536997, 0.014293942218290716]
APTIDAO: 
41.56881854657192
GEN: 5700
Individuo: 
[3.9618736112009354, 3.2512344532886477, 3.202767542150139, 0.4900682302202878, 1.2374325206474868, 1.1767274984678504, 1.2727626320564138, 1.1558423639074475, 0.6847068265657843, 1.4266200333649732, 0.8754796902659159, 0.37752289298053776, 1.4390936402593792, 0.961688342395961, 0.3368287570818872, 0.019898992681033196, 0.027191207805244744, 0.01274512361072757, 0.1333845689323224, 0.631124357433108, 0.5183503487565206, 0.6400857444820254, 0.2540189278306952, 0.39016624122948645, 0.11588435681200644, 0.5480752710064349, 0.002684289663592348, 0.41556207303390746, 0.19854936274665608, 0.0014650523563964866, 0.014293942218290716]
APTIDAO: 
41.09455408592073
GEN: 5800
Individuo: 
[3.9618736112009354, 3.2512344532886477, 3.202767542150139, 0.4900682302202878, 1.2374325206474868, 1.1767274984678504, 1.2727626320564138, 1.1558423639074475, 0.6847068265657843, 1.4266200333649732, 0.8754796902659159, 0.37752289298053776, 1.1512739981026288, 0.961688342395961, 0.3368287570818872, 0.015271092127267303, 0.027191207805244744, 0.010676863567546274, 0.1333845689323224, 0.631124357433108, 0.5183503487565206, 0.612509176315693, 0.2540189278306952, 0.39016624122948645, 0.11588435681200644, 0.5480752710064349, 0.0044955487517443085, 0.41556207303390746, 0.20110480481591408, 0.0014650523563964866, 0.008775689759089676]
APTIDAO: 
41.11979503868945
GEN: 5900
Individuo: 
[4.539110342091022, 3.2512344532886477, 3.202767542150139, 0.4900682302202878, 1.2374325206474868, 1.1767274984678504, 1.2727626320564138, 1.1558423639074475, 0.6847068265657843, 1.4266200333649732, 0.9531624736610305, 0.37752289298053776, 1.1971343823873013, 0.961688342395961, 0.35025647595848175, 0.0016894214329046177, 0.019383213856363407, 0.001233689019913146, 0.1333845689323224, 0.631124357433108, 0.5183503487565206, 0.02250959090053984, 0.2540189278306952, 0.39016624122948645, 0.11588435681200644, 0.5480752710064349, 0.002739593881537934, 0.41556207303390746, 0.20125629294363465, 0.032587684099095876, 0.0053850715192912315]
APTIDAO: 
42.94712306543055
GEN: 6000
Individuo: 
[4.539110342091022, 3.4971937566545144, 3.202767542150139, 0.4900682302202878, 1.2374325206474868, 1.1767274984678504, 1.272432634529991, 1.1558423639074475, 0.6847068265657843, 1.4266200333649732, 0.9531624736610305, 0.37752289298053776, 1.1971343823873013, 0.961688342395961, 0.35025647595848175, 0.0012288661494306973, 0.019383213856363407, 0.0013038268595695175, 0.1333845689323224, 0.631124357433108, 0.5183503487565206, 0.014878857228906436, 0.2540189278306952, 0.39016624122948645, 0.11588435681200644, 0.5480752710064349, 0.007434711645132509, 0.41556207303390746, 0.20125629294363465, 0.024160781113708247, 0.0011045990337616815]
APTIDAO: 
41.94517733343844
GEN: 6100
Individuo: 
[3.718770005184763, 3.7071962359587114, 3.202767542150139, 0.4900682302202878, 1.2374325206474868, 1.1767274984678504, 1.272432634529991, 1.1558423639074475, 0.5863100237392591, 1.4266200333649732, 0.9531624736610305, 0.37752289298053776, 1.0185246528627852, 0.961688342395961, 0.35025647595848175, 0.0014273397025511734, 0.02280514198447003, 0.006806244464494893, 0.1333845689323224, 0.631124357433108, 0.530727548772875, 0.042374290334206206, 0.2540189278306952, 0.39016624122948645, 0.11588435681200644, 0.5480752710064349, 0.0022729837835932945, 0.41556207303390746, 0.20125629294363465, 0.024160781113708247, 0.0011045990337616815]
APTIDAO: 
43.75932732164105
GEN: 6200
Individuo: 
[4.143396291330792, 3.5057262505808833, 2.602714634338663, 0.4982351697366986, 1.2374325206474868, 1.1834959023585152, 1.272432634529991, 1.1558423639074475, 0.5863100237392591, 1.4266200333649732, 0.9531624736610305, 0.37752289298053776, 1.0185246528627852, 0.961688342395961, 0.35025647595848175, 0.0013618564960366985, 0.02280514198447003, 0.0014295779375184592, 0.1333845689323224, 0.631124357433108, 0.530727548772875, 0.029331693530351165, 0.2540189278306952, 0.39016624122948645, 0.11588435681200644, 0.5480752710064349, 0.003073284479006827, 0.41556207303390746, 0.20125629294363465, 0.017807251319636244, 0.0011045990337616815]
APTIDAO: 
41.916353960161175
GEN: 6300
Individuo: 
[4.143396291330792, 3.627968596893789, 2.602714634338663, 0.4232412856504045, 1.2374325206474868, 1.1834959023585152, 1.272432634529991, 1.1558423639074475, 0.5863100237392591, 1.4266200333649732, 0.9562380151937523, 0.37752289298053776, 1.0185246528627852, 0.9607081993528065, 0.35025647595848175, 0.0010813251420372428, 0.02280514198447003, 0.001972180230844794, 0.1333845689323224, 0.631124357433108, 0.530727548772875, 0.7925133252087565, 0.2540189278306952, 0.39016624122948645, 0.11588435681200644, 0.5480752710064349, 0.0042196506273348335, 0.41556207303390746, 0.20125629294363465, 0.01694023263391174, 0.01780172059446012]
APTIDAO: 
42.03087366194342
GEN: 6400
Individuo: 
[4.143396291330792, 3.627968596893789, 2.602714634338663, 0.4917548945208429, 1.2374325206474868, 1.1834959023585152, 1.272432634529991, 1.1558423639074475, 0.5863100237392591, 1.4266200333649732, 0.9562380151937523, 0.37752289298053776, 1.4118097661562923, 0.9607081993528065, 0.35025647595848175, 0.0015591233069544301, 0.02280514198447003, 0.005761375370985962, 0.1333845689323224, 0.631124357433108, 0.530727548772875, 0.9132719506577901, 0.2540189278306952, 0.39016624122948645, 0.11649569472250573, 0.5480752710064349, 0.005625872886877041, 0.41556207303390746, 0.20125629294363465, 0.01694023263391174, 0.01780172059446012]
APTIDAO: 
41.90406034975438
GEN: 6500
Individuo: 
[4.143396291330792, 3.627968596893789, 2.602714634338663, 0.4917548945208429, 1.2374325206474868, 1.1834959023585152, 1.272432634529991, 1.1558423639074475, 0.5822367195822321, 1.4266200333649732, 0.9562380151937523, 0.37752289298053776, 1.4118097661562923, 0.9661014562339469, 0.35025647595848175, 0.004919474528312664, 0.02280514198447003, 0.005761375370985962, 0.1333845689323224, 0.631124357433108, 0.530727548772875, 0.9132719506577901, 0.2540189278306952, 0.39016624122948645, 0.11649569472250573, 0.5480752710064349, 0.00441380682074326, 0.41556207303390746, 0.20125629294363465, 0.01694023263391174, 0.01192513579993293]
APTIDAO: 
41.854210796350266
GEN: 6600
Individuo: 
[4.143396291330792, 3.627968596893789, 2.6221378888504896, 0.4917548945208429, 1.2374325206474868, 1.1834959023585152, 1.272432634529991, 1.1558423639074475, 0.5822367195822321, 1.4266200333649732, 0.9562380151937523, 0.37752289298053776, 1.3437164034666307, 0.9858076675461894, 0.35025647595848175, 0.008889797333578635, 0.023726778538832215, 0.002749693428828573, 0.1333845689323224, 0.631124357433108, 0.530727548772875, 0.9132719506577901, 0.2540189278306952, 0.39016624122948645, 0.11649569472250573, 0.5480752710064349, 0.0014026146514085163, 0.41556207303390746, 0.20125629294363465, 0.01694023263391174, 0.0012662023841180888]
APTIDAO: 
41.784139400719845
GEN: 6700
Individuo: 
[4.143396291330792, 3.627968596893789, 2.602714634338663, 0.4917548945208429, 1.2374325206474868, 1.1834959023585152, 1.272432634529991, 1.1558423639074475, 0.5822367195822321, 1.4266200333649732, 1.0569964927830415, 0.37752289298053776, 1.4159014976005155, 0.9858076675461894, 0.35025647595848175, 0.006709482987198533, 0.023726778538832215, 0.002749693428828573, 0.1333845689323224, 0.49062410882596225, 0.530727548772875, 0.6504852239876598, 0.2540189278306952, 0.39016624122948645, 0.11649569472250573, 0.5480752710064349, 0.0017295916855467775, 0.41556207303390746, 0.20125629294363465, 0.012927871094530823, 0.0020295357557406474]
APTIDAO: 
41.72019756777342
GEN: 6800
Individuo: 
[4.014443617606516, 3.484272236752056, 2.602714634338663, 0.4917548945208429, 1.2374325206474868, 1.1834959023585152, 1.272432634529991, 1.1558423639074475, 0.5822367195822321, 1.4266200333649732, 1.0569964927830415, 0.37752289298053776, 1.4788191839368097, 0.9858076675461894, 0.35025647595848175, 0.0046126220263387335, 0.023726778538832215, 0.009143219270605131, 0.1333845689323224, 0.49062410882596225, 0.530727548772875, 0.8727838949729111, 0.2540189278306952, 0.39016624122948645, 0.11649569472250573, 0.5480752710064349, 0.0017295916855467775, 0.41556207303390746, 0.20125629294363465, 0.01116279871961044, 0.011838176529515873]
APTIDAO: 
41.669163317184044
GEN: 6900
Individuo: 
[4.014443617606516, 3.484272236752056, 2.793092268776529, 0.4917548945208429, 1.2374325206474868, 1.1834959023585152, 1.272432634529991, 1.1558423639074475, 0.5822367195822321, 1.4266200333649732, 1.4885601983096475, 0.37752289298053776, 1.405363931577175, 0.9858076675461894, 0.35025647595848175, 0.03126163005235102, 0.023726778538832215, 0.015618311141099609, 0.1333845689323224, 0.06052503720790616, 0.530727548772875, 0.5896375085711701, 0.2540189278306952, 0.39016624122948645, 0.11649569472250573, 0.5480752710064349, 0.0024935344152488452, 0.4157408841952994, 0.20125629294363465, 0.0052173252155163444, 0.0010697476606134682]
APTIDAO: 
41.42091324965953
GEN: 7000
Individuo: 
[4.014443617606516, 3.484272236752056, 2.793092268776529, 0.4917548945208429, 1.2374325206474868, 1.1834959023585152, 1.272432634529991, 1.1558423639074475, 0.5822367195822321, 1.4266200333649732, 1.4885601983096475, 0.37752289298053776, 1.405363931577175, 0.9858076675461894, 0.35025647595848175, 0.03126163005235102, 0.03309072667453727, 0.028031981869167298, 0.1333845689323224, 0.06052503720790616, 0.530727548772875, 0.10293463295275132, 0.2540189278306952, 0.39016624122948645, 0.11649569472250573, 0.5595259111098158, 0.0024935344152488452, 0.4157408841952994, 0.20125629294363465, 0.0036583645897903996, 0.005784698011983918]
APTIDAO: 
41.500095900908214
GEN: 7100
Individuo: 
[4.014443617606516, 3.484272236752056, 2.793092268776529, 0.4917548945208429, 1.2374325206474868, 1.1834959023585152, 1.272432634529991, 1.1558423639074475, 0.579680066664828, 1.4266200333649732, 1.4292788442570152, 0.37752289298053776, 1.4102195378475453, 0.9858076675461894, 0.35025647595848175, 0.03126163005235102, 0.03309072667453727, 0.015494014155427584, 0.1333845689323224, 0.06052503720790616, 0.530727548772875, 0.16772044538143566, 0.2540189278306952, 0.39016624122948645, 0.11649569472250573, 0.5595259111098158, 0.0024935344152488452, 0.4157408841952994, 0.20125629294363465, 0.007468756906516035, 0.008101412134314027]
APTIDAO: 
41.62418886486237
GEN: 7200
Individuo: 
[4.014443617606516, 3.484272236752056, 2.829030734623676, 0.45992406594943375, 1.2374325206474868, 1.1834959023585152, 1.272432634529991, 1.1558423639074475, 0.5750710639555372, 1.4266200333649732, 1.4292788442570152, 0.37752289298053776, 1.4102195378475453, 0.9774967401460524, 0.35025647595848175, 0.023469965914459885, 0.03309072667453727, 0.015494014155427584, 0.1333845689323224, 0.06052503720790616, 0.530727548772875, 0.7206674783842435, 0.2540189278306952, 0.39016624122948645, 0.11649569472250573, 0.5595259111098158, 0.0029259762561642836, 0.4157408841952994, 0.20125629294363465, 0.008144520981538119, 0.008101412134314027]
APTIDAO: 
41.56979483754899
GEN: 7300
Individuo: 
[4.014443617606516, 3.484272236752056, 2.829030734623676, 0.45992406594943375, 1.2374325206474868, 1.179572194270448, 1.272432634529991, 1.1558423639074475, 0.5750710639555372, 1.4266200333649732, 1.4292788442570152, 0.37752289298053776, 1.4102195378475453, 0.9774967401460524, 0.35025647595848175, 0.027611252970156507, 0.03309072667453727, 0.015494014155427584, 0.1333845689323224, 0.06052503720790616, 0.530727548772875, 0.08590607686468976, 0.2540189278306952, 0.39016624122948645, 0.11649569472250573, 0.5595259111098158, 0.0029618648815464533, 0.4157408841952994, 0.20125629294363465, 0.005146556822413122, 0.004662519822149581]
APTIDAO: 
41.53484534367666
GEN: 7400
Individuo: 
[4.014443617606516, 3.484272236752056, 2.9265124527243898, 0.4851971259089757, 1.2374325206474868, 1.179572194270448, 1.272432634529991, 1.1558423639074475, 0.5750710639555372, 1.4266200333649732, 1.4292788442570152, 0.37752289298053776, 1.4857174547969787, 0.9774967401460524, 0.35025647595848175, 0.09820470049545553, 0.03309072667453727, 0.015494014155427584, 0.1333845689323224, 0.0012122109306402298, 0.530727548772875, 0.048879348228545984, 0.2540189278306952, 0.39016624122948645, 0.11649569472250573, 0.5595259111098158, 0.007057556034559211, 0.4157408841952994, 0.20125629294363465, 0.0014258853781980228, 0.0011043579447946395]
APTIDAO: 
41.64996577354342
GEN: 7500
Individuo: 
[4.227335939173031, 3.484272236752056, 2.9265124527243898, 0.4851971259089757, 1.2374325206474868, 1.179572194270448, 1.272432634529991, 1.1558423639074475, 0.5750710639555372, 1.4201384710749543, 1.4447465155481858, 0.37752289298053776, 1.4857174547969787, 0.9774967401460524, 0.35025647595848175, 0.06727639080928287, 0.03309072667453727, 0.015494014155427584, 0.1333845689323224, 0.0012122109306402298, 0.5148714351022442, 0.002609918257718797, 0.2540189278306952, 0.39016624122948645, 0.11649569472250573, 0.5595259111098158, 0.0032976284038381144, 0.4157408841952994, 0.20125629294363465, 0.0014258853781980228, 0.001094783141498779]
APTIDAO: 
41.02285851137405
GEN: 7600
Individuo: 
[4.227335939173031, 3.484272236752056, 3.3701222015874546, 0.4851971259089757, 1.2374325206474868, 1.179572194270448, 1.272432634529991, 1.1517831535221996, 0.6011048711436258, 1.4201384710749543, 1.3307954073631723, 0.37752289298053776, 1.331108407389752, 0.9774967401460524, 0.2927014662558292, 0.07414712002772202, 0.03309072667453727, 0.015494014155427584, 0.1333845689323224, 0.0012122109306402298, 0.5299874535772531, 0.0011922779342820715, 0.2540189278306952, 0.39016624122948645, 0.11649569472250573, 0.5595259111098158, 0.0038555185394187515, 0.4157408841952994, 0.20125629294363465, 0.0014258853781980228, 0.0010629866468574462]
APTIDAO: 
41.089513297518806
GEN: 7700
Individuo: 
[4.227335939173031, 3.494261044750798, 3.3701222015874546, 0.4851971259089757, 1.2374325206474868, 1.179572194270448, 1.272432634529991, 1.1517831535221996, 0.6001290639307427, 1.4201384710749543, 1.3307954073631723, 0.37752289298053776, 1.331108407389752, 0.9774967401460524, 0.2927014662558292, 0.07414712002772202, 0.03309072667453727, 0.008613647882080737, 0.1333845689323224, 0.0012122109306402298, 0.5299874535772531, 0.002460698518976002, 0.2540189278306952, 0.39016624122948645, 0.11649569472250573, 0.5595259111098158, 0.002824649133469426, 0.4157408841952994, 0.20125629294363465, 0.0014258853781980228, 0.001068129007718874]
APTIDAO: 
41.10204991994916
GEN: 7800
Individuo: 
[4.2493940432216215, 3.494261044750798, 3.5316985347758116, 0.4851971259089757, 1.2374325206474868, 1.179572194270448, 1.272432634529991, 1.1517831535221996, 0.6001290639307427, 1.4201384710749543, 1.3307954073631723, 0.37752289298053776, 0.9262268202159303, 0.9774967401460524, 0.2927014662558292, 0.07414712002772202, 0.03309072667453727, 0.019755371190329996, 0.1333845689323224, 0.0012122109306402298, 0.524959289804344, 0.4769400909740693, 0.2540189278306952, 0.39016624122948645, 0.11649569472250573, 0.5595259111098158, 0.002646971219542706, 0.4157408841952994, 0.20125629294363465, 0.0010876804278988827, 0.0010407699616163252]
APTIDAO: 
40.95456873373397
GEN: 7900
Individuo: 
[4.2493940432216215, 3.494261044750798, 3.5316985347758116, 0.4851971259089757, 1.2374325206474868, 1.179572194270448, 1.272432634529991, 1.1517831535221996, 0.6001290639307427, 1.4201384710749543, 1.3307954073631723, 0.37752289298053776, 1.331108407389752, 0.9774967401460524, 0.2927014662558292, 0.0568538969506135, 0.03309072667453727, 0.009877620139122271, 0.1333845689323224, 0.0012122109306402298, 0.524959289804344, 0.8806974695718368, 0.2540189278306952, 0.39016624122948645, 0.11649569472250573, 0.5596653670874623, 0.0022317331417048576, 0.4157408841952994, 0.20125629294363465, 0.0010085291033652545, 0.001197232087291161]
APTIDAO: 
40.864143056310844
GEN: 8000
Individuo: 
[4.2493940432216215, 3.494261044750798, 3.5316985347758116, 0.4851971259089757, 1.2374325206474868, 1.179572194270448, 1.272432634529991, 1.1517831535221996, 0.6001290639307427, 1.4201384710749543, 1.3307954073631723, 0.37752289298053776, 0.7301586068389617, 0.9774967401460524, 0.2927014662558292, 0.05069931587733506, 0.03309072667453727, 0.01694229778002824, 0.1333845689323224, 0.0012122109306402298, 0.524959289804344, 0.8806974695718368, 0.2540189278306952, 0.39016624122948645, 0.11649569472250573, 0.5596653670874623, 0.003735777864433813, 0.4157408841952994, 0.20125629294363465, 0.0010085291033652545, 0.001146952445648933]
APTIDAO: 
40.78521346639562
GEN: 8100
Individuo: 
[4.2493940432216215, 3.494261044750798, 3.5316985347758116, 0.4851971259089757, 1.2374325206474868, 1.179572194270448, 1.272432634529991, 1.1517831535221996, 0.6001290639307427, 1.4201384710749543, 1.3307954073631723, 0.37752289298053776, 1.4925438082231175, 0.9774967401460524, 0.2927014662558292, 0.04803222163701514, 0.03309072667453727, 0.01694229778002824, 0.1333845689323224, 0.0012122109306402298, 0.524959289804344, 0.8806974695718368, 0.2540189278306952, 0.39016624122948645, 0.11649569472250573, 0.5596653670874623, 0.004170394497205903, 0.4157408841952994, 0.20125629294363465, 0.0010085291033652545, 0.0010075512847272994]
APTIDAO: 
40.76151478524663
GEN: 8200
Individuo: 
[4.2493940432216215, 3.494261044750798, 3.5316985347758116, 0.4851971259089757, 1.2374325206474868, 1.179572194270448, 1.272432634529991, 1.1517831535221996, 0.6001290639307427, 1.4201384710749543, 1.298601868313483, 0.37752289298053776, 1.4925438082231175, 0.9774967401460524, 0.2927014662558292, 0.04803222163701514, 0.03309072667453727, 0.02043310208287084, 0.1333845689323224, 0.0012122109306402298, 0.524959289804344, 0.8664125862376011, 0.2540189278306952, 0.39016624122948645, 0.11649569472250573, 0.5596653670874623, 0.010981151465085132, 0.4157408841952994, 0.20125629294363465, 0.0010052623101924195, 0.0010986056615959257]
APTIDAO: 
40.89447635363437
GEN: 8300
Individuo: 
[4.2493940432216215, 3.494261044750798, 3.562697880213603, 0.4851971259089757, 1.2374325206474868, 1.179572194270448, 1.272432634529991, 1.1517831535221996, 0.6001290639307427, 1.4201384710749543, 1.298601868313483, 0.37752289298053776, 1.4925438082231175, 0.9774967401460524, 0.2927014662558292, 0.04803222163701514, 0.030908090641643404, 0.019103189707688834, 0.1333845689323224, 0.0012122109306402298, 0.524959289804344, 0.4648348208929113, 0.2540189278306952, 0.39016624122948645, 0.11649569472250573, 0.5596653670874623, 0.012484392508187381, 0.4157408841952994, 0.20125629294363465, 0.0010052623101924195, 0.0011479603735139409]
APTIDAO: 
40.82877891013289
GEN: 8400
Individuo: 
[4.2493940432216215, 3.494261044750798, 3.562697880213603, 0.4851971259089757, 1.2374325206474868, 1.179572194270448, 1.272432634529991, 1.1517831535221996, 0.6001290639307427, 1.4201384710749543, 1.336070246457916, 0.37752289298053776, 1.2081983495081363, 0.9774967401460524, 0.2927014662558292, 0.04803222163701514, 0.021767506058351715, 0.019103189707688834, 0.1333845689323224, 0.0012122109306402298, 0.524959289804344, 0.3475549868728226, 0.2540189278306952, 0.39016624122948645, 0.11649569472250573, 0.5596653670874623, 0.02061559266231998, 0.4157408841952994, 0.20125629294363465, 0.0010658208802927197, 0.0012515244871343651]
APTIDAO: 
40.90437425468108
GEN: 8500
Individuo: 
[4.2493940432216215, 3.458037692936707, 3.562697880213603, 0.4851971259089757, 1.2374325206474868, 1.179572194270448, 1.272432634529991, 1.1517831535221996, 0.6001290639307427, 1.4201384710749543, 1.336070246457916, 0.37868044131349504, 1.2747042643039428, 0.9774967401460524, 0.2927014662558292, 0.05207383519460239, 0.021767506058351715, 0.047775591377265815, 0.1333845689323224, 0.0012122109306402298, 0.524959289804344, 0.792968252194884, 0.2540189278306952, 0.39016624122948645, 0.11817743836632266, 0.5596653670874623, 0.02583283469187907, 0.4157408841952994, 0.20125629294363465, 0.0017857415134090123, 0.0011701503408756099]
APTIDAO: 
41.159855586402
GEN: 8600
Individuo: 
[4.245019717573024, 3.6266605897105233, 3.562697880213603, 0.4851971259089757, 1.1982565376084673, 1.179572194270448, 1.272432634529991, 1.1517831535221996, 0.6001290639307427, 1.4201384710749543, 1.336070246457916, 0.37868044131349504, 1.2747042643039428, 0.9774967401460524, 0.2927014662558292, 0.05207383519460239, 0.031183482211604385, 0.028439745851116225, 0.1333845689323224, 0.0012122109306402298, 0.524959289804344, 0.5354765809558731, 0.2540189278306952, 0.39016624122948645, 0.11817743836632266, 0.5596653670874623, 0.014549440745342245, 0.4157408841952994, 0.20125629294363465, 0.0010676230669017725, 0.0011633123787556674]
APTIDAO: 
41.05779481682431
GEN: 8700
Individuo: 
[4.245019717573024, 3.6266605897105233, 3.562697880213603, 0.4851971259089757, 1.2374325206474868, 1.179572194270448, 1.272432634529991, 1.1517831535221996, 0.6001290639307427, 1.4201384710749543, 1.336070246457916, 0.37868044131349504, 1.3786452770117756, 0.9774967401460524, 0.2927014662558292, 0.05207383519460239, 0.02480704302903414, 0.028439745851116225, 0.1333845689323224, 0.0012122109306402298, 0.524959289804344, 0.7285888320634718, 0.2540189278306952, 0.39016624122948645, 0.11817743836632266, 0.5575517198125345, 0.014549440745342245, 0.4157408841952994, 0.20125629294363465, 0.0025086335120401556, 0.002626803449292949]
APTIDAO: 
40.913456847052196
GEN: 8800
Individuo: 
[4.245019717573024, 3.6266605897105233, 3.919054998150161, 0.3619561434030819, 1.2374325206474868, 1.179572194270448, 1.272432634529991, 1.1517831535221996, 0.6001290639307427, 1.4201384710749543, 1.336070246457916, 0.37868044131349504, 0.6853437133476883, 0.9774967401460524, 0.2927014662558292, 0.05207383519460239, 0.02480704302903414, 0.028439745851116225, 0.1333845689323224, 0.0012122109306402298, 0.524959289804344, 0.9119131390689726, 0.2540189278306952, 0.39016624122948645, 0.11817743836632266, 0.5575517198125345, 0.016593537006698786, 0.4157408841952994, 0.20125629294363465, 0.0011498774067172745, 0.0011469380718539305]
APTIDAO: 
41.331877551342465
GEN: 8900
Individuo: 
[4.245019717573024, 3.6266605897105233, 3.919054998150161, 0.4896576472720156, 1.2374325206474868, 1.179572194270448, 1.272432634529991, 1.1517831535221996, 0.6001290639307427, 1.4201384710749543, 1.336070246457916, 0.37868044131349504, 1.4235326588022372, 0.9774967401460524, 0.2927014662558292, 0.05207383519460239, 0.02480704302903414, 0.05534275749630896, 0.1333845689323224, 0.0012122109306402298, 0.524959289804344, 0.38722179692906766, 0.2540189278306952, 0.39016624122948645, 0.11817743836632266, 0.5575517198125345, 0.016593537006698786, 0.4157408841952994, 0.20125629294363465, 0.001143872619638004, 0.0011505928922543418]
APTIDAO: 
41.020632569245244
GEN: 9000
Individuo: 
[4.245019717573024, 3.1854197563688453, 3.919054998150161, 0.4896576472720156, 1.2374325206474868, 1.179572194270448, 1.272432634529991, 1.1517831535221996, 0.6001290639307427, 1.4201384710749543, 1.336070246457916, 0.37868044131349504, 1.4312733960988482, 0.9774967401460524, 0.2927014662558292, 0.04152909314505296, 0.02480704302903414, 0.06214897700060883, 0.1333845689323224, 0.0012122109306402298, 0.524959289804344, 0.814626873605365, 0.2540189278306952, 0.39016624122948645, 0.11817743836632266, 0.5575517198125345, 0.016593537006698786, 0.4157408841952994, 0.20125629294363465, 0.0011788158844828157, 0.001119616116896119]
APTIDAO: 
40.89474137116783
GEN: 9100
Individuo: 
[4.245019717573024, 3.300958271672785, 3.919054998150161, 0.4896576472720156, 1.2374325206474868, 1.179572194270448, 1.272432634529991, 1.1517831535221996, 0.6001290639307427, 1.4201384710749543, 1.3711253977477644, 0.37868044131349504, 1.4312733960988482, 0.9774967401460524, 0.2927014662558292, 0.04152909314505296, 0.02480704302903414, 0.06214897700060883, 0.1333845689323224, 0.0012122109306402298, 0.524959289804344, 0.005542931580083414, 0.2540189278306952, 0.39016624122948645, 0.11817743836632266, 0.5575517198125345, 0.00792104901975, 0.4157408841952994, 0.20125629294363465, 0.004347857200431126, 0.00551456870830616]
APTIDAO: 
41.250561503718274
GEN: 9200
Individuo: 
[4.4041920670474335, 3.322908005344511, 3.919054998150161, 0.4896576472720156, 1.2374325206474868, 1.179572194270448, 1.272432634529991, 1.1517831535221996, 0.6001290639307427, 1.4201384710749543, 1.336070246457916, 0.37868044131349504, 0.9380467757148082, 0.9774967401460524, 0.2927014662558292, 0.03522268194146284, 0.026324809216357756, 0.06214897700060883, 0.1333845689323224, 0.0013456052209043945, 0.524959289804344, 0.15754226724746212, 0.2540189278306952, 0.39016624122948645, 0.11817743836632266, 0.5575517198125345, 0.011552735317535487, 0.4157408841952994, 0.20125629294363465, 0.0035215267072744375, 0.003318358846334947]
APTIDAO: 
41.207081247293026
GEN: 9300
Individuo: 
[4.4041920670474335, 3.278032305381097, 3.919054998150161, 0.4483385859163865, 1.2374325206474868, 1.179572194270448, 1.272432634529991, 1.1517831535221996, 0.6149812390183184, 1.4201384710749543, 1.336070246457916, 0.37868044131349504, 1.2952198380371878, 0.9581863530028415, 0.2927014662558292, 0.03522268194146284, 0.02829309645352807, 0.04908040571093134, 0.1333845689323224, 0.0010018032837665132, 0.524959289804344, 0.07807451206907515, 0.2540189278306952, 0.39016624122948645, 0.11817743836632266, 0.5575517198125345, 0.014064295115635672, 0.4157408841952994, 0.20125629294363465, 0.003717055607342612, 0.007534706670328227]
APTIDAO: 
41.18908651298143
GEN: 9400
Individuo: 
[4.4041920670474335, 3.278032305381097, 3.919054998150161, 0.4483385859163865, 1.2374325206474868, 1.179572194270448, 1.272432634529991, 1.1517831535221996, 0.6149812390183184, 1.4201384710749543, 1.336070246457916, 0.37868044131349504, 1.3123670224779753, 0.9581863530028415, 0.2927014662558292, 0.041218448977715795, 0.02829309645352807, 0.07124066294311933, 0.1333845689323224, 0.0012820081610964609, 0.524959289804344, 0.5406485726298431, 0.2740276831625267, 0.39016624122948645, 0.11817743836632266, 0.5575517198125345, 0.008716858338017896, 0.4157408841952994, 0.16737515766477107, 0.003717055607342612, 0.007904135654719714]
APTIDAO: 
41.06066166193983
GEN: 9500
Individuo: 
[4.4041920670474335, 3.278032305381097, 3.919054998150161, 0.47489864866935105, 1.2374325206474868, 1.179572194270448, 1.272432634529991, 1.1517831535221996, 0.6149812390183184, 1.4201384710749543, 1.336070246457916, 0.37868044131349504, 1.3123670224779753, 0.9581863530028415, 0.2927014662558292, 0.05017382064366284, 0.02829309645352807, 0.07124066294311933, 0.1333845689323224, 0.0010455201018012797, 0.524959289804344, 0.10351754938376781, 0.2740276831625267, 0.39016624122948645, 0.11817743836632266, 0.5575517198125345, 0.008716858338017896, 0.4157408841952994, 0.16737515766477107, 0.0011678799820714109, 0.005404509187956443]
APTIDAO: 
40.96834091263163
GEN: 9600
Individuo: 
[4.4041920670474335, 3.202879564445586, 3.7266815203506525, 0.47489864866935105, 1.2374325206474868, 1.179572194270448, 1.272432634529991, 1.1517831535221996, 0.6149812390183184, 1.4201384710749543, 1.336070246457916, 0.37868044131349504, 1.3062041001465385, 0.9581863530028415, 0.2927014662558292, 0.062440234539337336, 0.027324094337229966, 0.05748720525764018, 0.1333845689323224, 0.0010491188458474552, 0.524959289804344, 0.8405612279076505, 0.27427935846358203, 0.39016624122948645, 0.11817743836632266, 0.5575517198125345, 0.008716858338017896, 0.4157408841952994, 0.16737515766477107, 0.002032845513894348, 0.0023326856441839502]
APTIDAO: 
40.84056759681954
GEN: 9700
Individuo: 
[4.4041920670474335, 3.202879564445586, 3.7266815203506525, 0.47489864866935105, 1.2374325206474868, 1.179572194270448, 1.272432634529991, 1.1517831535221996, 0.6149812390183184, 1.4201384710749543, 1.336070246457916, 0.37868044131349504, 1.456070536384364, 0.9581863530028415, 0.2927014662558292, 0.06675001842324374, 0.02829309645352807, 0.05402194361551298, 0.1333845689323224, 0.002399517102200311, 0.524959289804344, 0.9587105801506094, 0.27427935846358203, 0.39016624122948645, 0.11817743836632266, 0.5575517198125345, 0.008716858338017896, 0.4135956025241973, 0.16737515766477107, 0.002008073283664623, 0.0012977956386979468]
APTIDAO: 
40.841294377729966
GEN: 9800
Individuo: 
[4.41072318983216, 3.202879564445586, 3.7266815203506525, 0.47489864866935105, 1.2374325206474868, 1.179572194270448, 1.272432634529991, 1.1517831535221996, 0.6149812390183184, 1.4201384710749543, 1.336070246457916, 0.37868044131349504, 1.3492394830902876, 0.9581863530028415, 0.2927014662558292, 0.06675001842324374, 0.02829309645352807, 0.05402194361551298, 0.1333845689323224, 0.005245501541220748, 0.524959289804344, 0.9587105801506094, 0.27427935846358203, 0.39016624122948645, 0.11817743836632266, 0.5575517198125345, 0.008716858338017896, 0.4135956025241973, 0.16737515766477107, 0.0017777961116222914, 0.0012327087924364126]
APTIDAO: 
40.831770285201344
GEN: 9900
Individuo: 
[4.41072318983216, 3.202879564445586, 3.7266815203506525, 0.47489864866935105, 1.2374325206474868, 1.179572194270448, 1.272432634529991, 1.1517831535221996, 0.6149812390183184, 1.4201384710749543, 1.336070246457916, 0.37868044131349504, 1.4802488773378537, 0.9581863530028415, 0.29188131413829393, 0.0708911278366667, 0.02829309645352807, 0.05402194361551298, 0.1333845689323224, 0.02234692873422274, 0.524959289804344, 0.9587105801506094, 0.27427935846358203, 0.39016624122948645, 0.11817743836632266, 0.5575517198125345, 0.002701616197253015, 0.4135956025241973, 0.16737515766477107, 0.0017777961116222914, 0.002267074014510536]
APTIDAO: 
40.90375020544996
GEN: 10000
Individuo: 
[4.41072318983216, 3.202879564445586, 3.7266815203506525, 0.47489864866935105, 1.2374325206474868, 1.179572194270448, 1.272432634529991, 1.1884623963155656, 0.6149812390183184, 1.4201384710749543, 1.336070246457916, 0.37868044131349504, 1.2167606425369524, 0.9581863530028415, 0.29188131413829393, 0.06675001842324374, 0.007461234754014204, 0.0511246746760388, 0.1333845689323224, 0.02234692873422274, 0.5205419090492289, 0.8735090347396712, 0.27427935846358203, 0.39016624122948645, 0.11817743836632266, 0.5575517198125345, 0.001006010341118293, 0.4135956025241973, 0.15359898945157302, 0.0010152240604714693, 0.006375523451996074]
APTIDAO: 
40.762985976814235

--- RESULTADO FINAL ---
Erro (norma-1): 40.762985976814235
Parâmetros: [4.41072318983216, 3.202879564445586, 3.7266815203506525, 0.47489864866935105, 1.2374325206474868, 1.179572194270448, 1.272432634529991, 1.1884623963155656, 0.6149812390183184, 1.4201384710749543, 1.336070246457916, 0.37868044131349504, 1.2167606425369524, 0.9581863530028415, 0.29188131413829393, 0.06675001842324374, 0.007461234754014204, 0.0511246746760388, 0.1333845689323224, 0.02234692873422274, 0.5205419090492289, 0.8735090347396712, 0.27427935846358203, 0.39016624122948645, 0.11817743836632266, 0.5575517198125345, 0.001006010341118293, 0.4135956025241973, 0.15359898945157302, 0.0010152240604714693, 0.006375523451996074]
Tempo total: 02h 37m 39s
