SEED: 1778837425
METODO: ABCD_GK
IND_SIZE: 31
GEN: 0
Individuo: 
[4.885308142829704, 0.5538732169593396, 4.880567483919763, 0.25942996171145916, 0.37564011625019494, 0.2523148314316479, 0.9042643273402208, 1.4879294751075622, 0.7059652343003342, 1.2321096323146254, 1.2039002485696688, 0.47057566600391426, 1.1539927988436187, 0.9375417312497052, 0.7852862942740482, 0.33629160249912615, 0.21847315325302413, 0.06678040319177916, 0.17933406481980724, 0.48174050071918334, 0.5922111501899145, 0.42929825742932437, 0.6403851684952814, 0.1680390801617711, 0.44498094047423903, 0.40612315315192277, 0.21419649945952884, 0.5446180118274697, 0.7774735109411312, 0.9330940579197609, 0.38403560857853697]
APTIDAO: 
123.60030627577716
GEN: 100
Individuo: 
[4.885308142829704, 3.2711153082083833, 3.065144682132855, 0.25942996171145916, 0.5229719098240297, 0.2523148314316479, 1.1569456950072352, 0.8238891148916192, 0.7059652343003342, 1.2321096323146254, 1.4455545809029875, 0.5467832148643038, 1.187638657152532, 0.6779811281996992, 0.4076902625153574, 0.3857668473156926, 0.21847315325302413, 0.12044352798007872, 0.2972300423153058, 0.41084073336194304, 0.5856611720253813, 0.620011873021354, 0.6403851684952814, 0.1680390801617711, 0.13196692660401346, 0.8442160987727405, 0.38117040424881277, 0.5446180118274697, 0.7099809291614669, 0.487953942949643, 0.08232500544652312]
APTIDAO: 
52.660315451828374
GEN: 200
Individuo: 
[4.885308142829704, 2.8121457176188143, 3.065144682132855, 0.3946748930560412, 0.5229719098240297, 0.26821073391647104, 1.465679289179567, 0.8238891148916192, 0.7059652343003342, 1.2321096323146254, 1.4861556154250146, 0.5467832148643038, 1.3278335324524944, 0.6779811281996992, 0.3997316357223739, 0.354061968294503, 0.21847315325302413, 0.09245025133589461, 0.2972300423153058, 0.8215007216651843, 0.5856611720253813, 0.9222499891660237, 0.6403851684952814, 0.1680390801617711, 0.16690677900531697, 0.8936252110201096, 0.38117040424881277, 0.5446180118274697, 0.6563414322753164, 0.487953942949643, 0.04537918571546482]
APTIDAO: 
49.796904303237184
GEN: 300
Individuo: 
[4.885308142829704, 2.905640449613823, 3.065144682132855, 0.3946748930560412, 0.6094999167983892, 0.26821073391647104, 0.574169612061529, 0.8238891148916192, 0.7059652343003342, 1.2321096323146254, 1.4861556154250146, 0.5467832148643038, 1.0002025705611264, 0.6779811281996992, 0.39928850977181396, 0.7203008037230882, 0.21847315325302413, 0.09678018478232486, 0.2972300423153058, 0.798749084369251, 0.5856611720253813, 0.7604066644415405, 0.6642241054783228, 0.1680390801617711, 0.17302284258218398, 0.8936252110201096, 0.38117040424881277, 0.5446180118274697, 0.7205106854275151, 0.487953942949643, 0.0033931236682955166]
APTIDAO: 
48.82238808421235
GEN: 400
Individuo: 
[4.885308142829704, 2.803459108337926, 3.065144682132855, 0.3946748930560412, 0.6094999167983892, 0.26821073391647104, 0.5508195581797733, 0.8238891148916192, 0.7059652343003342, 1.2321096323146254, 1.4861556154250146, 0.5467832148643038, 1.4472637896363512, 0.6846824333911491, 0.39928850977181396, 0.5143525025179421, 0.21847315325302413, 0.09678018478232486, 0.2972300423153058, 0.9403651527508041, 0.5435721342624761, 0.002359034391917256, 0.6642241054783228, 0.1680390801617711, 0.11430238462708095, 0.9818346156798622, 0.38117040424881277, 0.5446180118274697, 0.7205106854275151, 0.38625517861734904, 0.005438350485857917]
APTIDAO: 
46.59847393554468
GEN: 500
Individuo: 
[4.885308142829704, 2.7093015735730246, 3.065144682132855, 0.3946748930560412, 0.6094999167983892, 0.26821073391647104, 0.5508195581797733, 0.8238891148916192, 0.7059652343003342, 1.2321096323146254, 1.4861556154250146, 0.5467832148643038, 1.4472637896363512, 0.6846824333911491, 0.39928850977181396, 0.5143525025179421, 0.21847315325302413, 0.09678018478232486, 0.2972300423153058, 0.967874327647388, 0.5435721342624761, 0.005007280768893265, 0.6642241054783228, 0.1680390801617711, 0.11430238462708095, 0.9818346156798622, 0.3784247576313765, 0.5446180118274697, 0.7205106854275151, 0.38625517861734904, 0.0016952739105578463]
APTIDAO: 
46.424801864127964
GEN: 600
Individuo: 
[4.885308142829704, 2.7093015735730246, 3.065144682132855, 0.3946748930560412, 0.6094999167983892, 0.26821073391647104, 0.5508195581797733, 0.8238891148916192, 0.7059652343003342, 1.1964655770697619, 1.341849768923558, 0.5467832148643038, 1.4950410373713516, 0.6846824333911491, 0.39928850977181396, 0.5143525025179421, 0.21847315325302413, 0.10854207669584656, 0.2972300423153058, 0.967874327647388, 0.5435721342624761, 0.0026703275500827204, 0.6642241054783228, 0.1680390801617711, 0.11430238462708095, 0.9818346156798622, 0.3784247576313765, 0.5446180118274697, 0.7367863372102147, 0.38625517861734904, 0.0034974321497287996]
APTIDAO: 
46.210426118154764
GEN: 700
Individuo: 
[4.885308142829704, 2.489638635386157, 3.065144682132855, 0.3946748930560412, 0.6094999167983892, 0.26821073391647104, 0.5508195581797733, 0.8238891148916192, 0.7059652343003342, 1.1964655770697619, 1.341849768923558, 0.5467832148643038, 1.4950410373713516, 0.6846824333911491, 0.39928850977181396, 0.5034175195164867, 0.21847315325302413, 0.11455904604900648, 0.2972300423153058, 0.967874327647388, 0.5435721342624761, 0.0033319845857419307, 0.45926302821668746, 0.055062035006593776, 0.11430238462708095, 0.9818346156798622, 0.3784247576313765, 0.5446180118274697, 0.7354973132446455, 0.38625517861734904, 0.002046764793515435]
APTIDAO: 
45.91860269209456
GEN: 800
Individuo: 
[4.885308142829704, 3.3925532159876455, 3.065144682132855, 0.3946748930560412, 0.6186171791782898, 0.26821073391647104, 0.7571778659111895, 0.8238891148916192, 0.7059652343003342, 1.1964655770697619, 1.341849768923558, 0.5467832148643038, 1.4950410373713516, 0.6846824333911491, 0.4615999219360596, 0.5034175195164867, 0.21847315325302413, 0.11455904604900648, 0.2972300423153058, 0.8947814057084773, 0.5435721342624761, 0.0014696407177546102, 0.45926302821668746, 0.055062035006593776, 0.07371850074500726, 0.9818346156798622, 0.3784247576313765, 0.5446180118274697, 0.7354973132446455, 0.36045098094813066, 0.002046764793515435]
APTIDAO: 
47.12946393045956
GEN: 900
Individuo: 
[4.885308142829704, 2.657514303904467, 3.065144682132855, 0.4092991894823956, 0.6186171791782898, 0.26821073391647104, 0.7311248188008754, 0.8238891148916192, 0.7059652343003342, 1.1964655770697619, 1.2344533245690754, 0.5467832148643038, 1.4654109095910328, 0.7239897138737554, 0.34745780899822437, 0.5034175195164867, 0.21847315325302413, 0.11455904604900648, 0.2972300423153058, 0.9592880069420451, 0.5435721342624761, 0.0013116843228463786, 0.8132178075729813, 0.055062035006593776, 0.07371850074500726, 0.9818346156798622, 0.3784247576313765, 0.5446180118274697, 0.6659554566901784, 0.36045098094813066, 0.005423084169499874]
APTIDAO: 
46.79106390025954
GEN: 1000
Individuo: 
[4.885308142829704, 2.657514303904467, 3.065144682132855, 0.4092991894823956, 0.6186171791782898, 0.26821073391647104, 0.7311248188008754, 0.8238891148916192, 0.7059652343003342, 1.1964655770697619, 1.2344533245690754, 0.5467832148643038, 1.4722115125974204, 0.7239897138737554, 0.3351657130242966, 0.5034175195164867, 0.21847315325302413, 0.11455904604900648, 0.2972300423153058, 0.8396567369223491, 0.5435721342624761, 0.002126084120979566, 0.8132178075729813, 0.055062035006593776, 0.07371850074500726, 0.9818346156798622, 0.3784247576313765, 0.5446180118274697, 0.6659554566901784, 0.3707548796907688, 0.0010747505257573434]
APTIDAO: 
46.85963250782288
GEN: 1100
Individuo: 
[4.885308142829704, 2.6849861833307993, 3.065144682132855, 0.43505956176372296, 0.6186171791782898, 0.2839618810321644, 0.7311248188008754, 0.8238891148916192, 0.7059652343003342, 1.1964655770697619, 1.2816649749805027, 0.5467832148643038, 1.3951936960505953, 0.7239897138737554, 0.3351657130242966, 0.13853109666687613, 0.21847315325302413, 0.11455904604900648, 0.2972300423153058, 0.8396567369223491, 0.5435721342624761, 0.0053927530187787695, 0.6584972969321412, 0.055062035006593776, 0.07371850074500726, 0.9818346156798622, 0.3784247576313765, 0.5446180118274697, 0.6254850113046452, 0.3707548796907688, 0.0019321773532343612]
APTIDAO: 
45.71190114289342
GEN: 1200
Individuo: 
[4.885308142829704, 2.6849861833307993, 3.065144682132855, 0.43505956176372296, 0.6186171791782898, 0.299545663224597, 0.7311248188008754, 0.8238891148916192, 0.7059652343003342, 1.1964655770697619, 1.1952722354097625, 0.5467832148643038, 1.1994320822947362, 0.7239897138737554, 0.29858039831160216, 0.13766298385575035, 0.21847315325302413, 0.09925366452981813, 0.2972300423153058, 0.7422950709249437, 0.5435721342624761, 0.01121887486844977, 0.6584972969321412, 0.055062035006593776, 0.07371850074500726, 0.9818346156798622, 0.3784247576313765, 0.5446180118274697, 0.6254850113046452, 0.3707548796907688, 0.0015023986519999057]
APTIDAO: 
46.05910254965237
GEN: 1300
Individuo: 
[4.885308142829704, 2.6849861833307993, 3.065144682132855, 0.43505956176372296, 0.6186171791782898, 0.299545663224597, 0.7311248188008754, 0.8238891148916192, 0.7059652343003342, 1.1964655770697619, 1.0587904700121276, 0.4508699946318446, 1.1994320822947362, 0.7239897138737554, 0.29858039831160216, 0.13766298385575035, 0.20276058161220212, 0.09779899710310917, 0.2972300423153058, 0.5064270686910848, 0.5940140046854617, 0.00993097715576913, 0.6578216595091831, 0.055062035006593776, 0.07371850074500726, 0.9818346156798622, 0.3784247576313765, 0.5446180118274697, 0.3983425508906898, 0.24778545041661415, 0.0011211836799722861]
APTIDAO: 
45.28916802030747
GEN: 1400
Individuo: 
[4.885308142829704, 2.6849861833307993, 3.065144682132855, 0.43505956176372296, 0.6186171791782898, 0.299545663224597, 0.7311248188008754, 0.8238891148916192, 0.7059652343003342, 1.1964655770697619, 1.1570531512536595, 0.4508699946318446, 1.4482551781084025, 0.7239897138737554, 0.29858039831160216, 0.13766298385575035, 0.20276058161220212, 0.09779899710310917, 0.2972300423153058, 0.34772033806331404, 0.5940140046854617, 0.7867194901332739, 0.6578216595091831, 0.0704537402571637, 0.07371850074500726, 0.9818346156798622, 0.3784247576313765, 0.5446180118274697, 0.3983425508906898, 0.24778545041661415, 0.0014643895457150864]
APTIDAO: 
45.160839847820675
GEN: 1500
Individuo: 
[4.885308142829704, 2.6849861833307993, 3.065144682132855, 0.43505956176372296, 0.6186171791782898, 0.299545663224597, 0.743328226206303, 0.8238891148916192, 0.7059652343003342, 1.1964655770697619, 1.1570531512536595, 0.4508699946318446, 1.4482551781084025, 0.7239897138737554, 0.2981582059601771, 0.19074164975047914, 0.20276058161220212, 0.09779899710310917, 0.2972300423153058, 0.41635830101853544, 0.5940140046854617, 0.7867194901332739, 0.6896829353055633, 0.09724986520512871, 0.11103656952120548, 0.9818346156798622, 0.3784247576313765, 0.5446180118274697, 0.3983425508906898, 0.24778545041661415, 0.0011089761008097941]
APTIDAO: 
45.15336247210458
GEN: 1600
Individuo: 
[4.885308142829704, 2.6849861833307993, 3.065144682132855, 0.43505956176372296, 0.6186171791782898, 0.299545663224597, 0.743328226206303, 0.8238891148916192, 0.7059652343003342, 1.1964655770697619, 1.1570531512536595, 0.4508699946318446, 0.7484969651341896, 0.7239897138737554, 0.2981582059601771, 0.19074164975047914, 0.20276058161220212, 0.13267463560812381, 0.2972300423153058, 0.5484553188612, 0.5940140046854617, 0.8931641348062533, 0.8008024943817882, 0.1255557653900092, 0.09820295181879451, 0.9818346156798622, 0.3784247576313765, 0.5446180118274697, 0.3983425508906898, 0.24286287723276725, 0.0012433308832936684]
APTIDAO: 
45.62170673023362
GEN: 1700
Individuo: 
[4.3849439616293315, 2.3879529352525615, 3.065144682132855, 0.43505956176372296, 0.6186171791782898, 0.299545663224597, 0.743328226206303, 0.8238891148916192, 0.7059652343003342, 1.1964655770697619, 1.1343913278793218, 0.4508699946318446, 1.1323879932128706, 0.7239897138737554, 0.29568111229280486, 0.19074164975047914, 0.20276058161220212, 0.13267463560812381, 0.2972300423153058, 0.5484553188612, 0.5940140046854617, 0.15231343807813638, 0.8011411754767355, 0.1255557653900092, 0.10345227302213152, 0.9818346156798622, 0.3784247576313765, 0.5446180118274697, 0.3983425508906898, 0.21126047128785258, 0.001188611220822137]
APTIDAO: 
44.96339651180652
GEN: 1800
Individuo: 
[4.3849439616293315, 2.3879529352525615, 3.065144682132855, 0.43505956176372296, 0.6186171791782898, 0.299545663224597, 0.743328226206303, 0.8238891148916192, 0.7059652343003342, 1.1964655770697619, 1.1280889232381264, 0.44624981700797933, 1.3843286087884206, 0.7299421284011426, 0.29568111229280486, 0.19074164975047914, 0.20276058161220212, 0.13267463560812381, 0.2972300423153058, 0.5484553188612, 0.5940140046854617, 0.947486483244424, 0.8011411754767355, 0.1255557653900092, 0.10345227302213152, 0.9818346156798622, 0.3784247576313765, 0.5446180118274697, 0.3983425508906898, 0.21126047128785258, 0.0012320912947765108]
APTIDAO: 
44.84069357992196
GEN: 1900
Individuo: 
[4.3849439616293315, 2.3879529352525615, 3.065144682132855, 0.43505956176372296, 0.6186171791782898, 0.299545663224597, 0.7598063024385456, 0.8238891148916192, 0.7059652343003342, 1.1964655770697619, 1.1479721112113586, 0.44624981700797933, 1.1323879932128706, 0.7299421284011426, 0.29568111229280486, 0.16412026930029466, 0.2108512796442732, 0.15830142466653818, 0.2972300423153058, 0.5484553188612, 0.5940140046854617, 0.462830102056843, 0.8011411754767355, 0.1255557653900092, 0.10345227302213152, 0.9818346156798622, 0.3784247576313765, 0.5446180118274697, 0.3983425508906898, 0.21126047128785258, 0.0015188862952216524]
APTIDAO: 
44.936152902104595
GEN: 2000
Individuo: 
[4.3849439616293315, 2.5867791866326115, 3.065144682132855, 0.45442386063274376, 0.6186171791782898, 0.299545663224597, 0.78490656284509, 0.8238891148916192, 0.7059652343003342, 1.1964655770697619, 1.1479721112113586, 0.44624981700797933, 1.3285470586059898, 0.7299421284011426, 0.29568111229280486, 0.16412026930029466, 0.2108512796442732, 0.15830142466653818, 0.3083187162114997, 0.5484553188612, 0.5940140046854617, 0.48492420056695157, 0.8011411754767355, 0.1255557653900092, 0.10345227302213152, 0.9818346156798622, 0.3784247576313765, 0.5446180118274697, 0.37232213155196237, 0.21126047128785258, 0.005159370213085402]
APTIDAO: 
45.06238635944692
GEN: 2100
Individuo: 
[4.3849439616293315, 2.44556285832516, 3.065144682132855, 0.45442386063274376, 0.6186171791782898, 0.299545663224597, 0.78490656284509, 0.8238891148916192, 0.7059652343003342, 1.1964655770697619, 1.1479721112113586, 0.44624981700797933, 1.3285470586059898, 0.7299421284011426, 0.29568111229280486, 0.14676790878010706, 0.2108512796442732, 0.15830142466653818, 0.3083187162114997, 0.5639461324508693, 0.5940140046854617, 0.6356407113079386, 0.8011411754767355, 0.1255557653900092, 0.10345227302213152, 0.9818346156798622, 0.3784247576313765, 0.5446180118274697, 0.37232213155196237, 0.1947045228155667, 0.0010154595476257091]
APTIDAO: 
44.99256723275473
GEN: 2200
Individuo: 
[4.3849439616293315, 2.44556285832516, 3.065144682132855, 0.45442386063274376, 0.6186171791782898, 0.299545663224597, 0.78490656284509, 0.8238891148916192, 0.7059652343003342, 1.1964655770697619, 1.1452505459094748, 0.44624981700797933, 1.3285470586059898, 0.7299421284011426, 0.29568111229280486, 0.14676790878010706, 0.2108512796442732, 0.15830142466653818, 0.3083187162114997, 0.45822925415592225, 0.6355753495272473, 0.9848559037333828, 0.7694431486218257, 0.1255557653900092, 0.10345227302213152, 0.9818346156798622, 0.3784247576313765, 0.5446180118274697, 0.37232213155196237, 0.2239775935360644, 0.0011823284977925512]
APTIDAO: 
45.63728700461791
GEN: 2300
Individuo: 
[4.3849439616293315, 2.44556285832516, 3.065144682132855, 0.45442386063274376, 0.6186171791782898, 0.299545663224597, 0.7839548547327502, 0.8238891148916192, 0.7059652343003342, 1.1964655770697619, 1.1452505459094748, 0.44624981700797933, 1.3285470586059898, 0.7299421284011426, 0.29568111229280486, 0.14676790878010706, 0.2108512796442732, 0.18630424205484236, 0.3083187162114997, 0.6050215345958927, 0.6355753495272473, 0.9324946005383026, 0.7694431486218257, 0.12318560987893978, 0.10345227302213152, 0.9818346156798622, 0.3784247576313765, 0.5446180118274697, 0.37232213155196237, 0.2239775935360644, 0.0010335392477419498]
APTIDAO: 
45.47995422488854
GEN: 2400
Individuo: 
[4.3849439616293315, 2.44556285832516, 3.065144682132855, 0.45442386063274376, 0.6186171791782898, 0.299545663224597, 0.7768982596797788, 0.8238891148916192, 0.7059652343003342, 1.1964655770697619, 1.1452505459094748, 0.44624981700797933, 1.4230498642477973, 0.7299421284011426, 0.29568111229280486, 0.14676790878010706, 0.2108512796442732, 0.18630424205484236, 0.3083187162114997, 0.6050215345958927, 0.6355753495272473, 0.9475254481161876, 0.7694431486218257, 0.12318560987893978, 0.10345227302213152, 0.9818346156798622, 0.3784247576313765, 0.5446180118274697, 0.37232213155196237, 0.2239775935360644, 0.0015719988339975657]
APTIDAO: 
45.456095834641175
GEN: 2500
Individuo: 
[4.63140602534067, 2.6277859310621343, 3.065144682132855, 0.45442386063274376, 0.6186171791782898, 0.299545663224597, 0.7768982596797788, 0.8238891148916192, 0.7059652343003342, 1.1964655770697619, 1.2074829212119262, 0.44624981700797933, 1.4661807554313666, 0.7127036149924374, 0.29568111229280486, 0.22773133207284446, 0.2108512796442732, 0.18642043431368446, 0.3083187162114997, 0.6158690633368131, 0.6355753495272473, 0.40104793307216813, 0.7694431486218257, 0.12318560987893978, 0.10345227302213152, 0.9818346156798622, 0.3784247576313765, 0.5325028623423049, 0.37232213155196237, 0.2239775935360644, 0.00237162614401708]
APTIDAO: 
45.796678134186784
GEN: 2600
Individuo: 
[4.8939320009926695, 2.6277859310621343, 3.065144682132855, 0.45442386063274376, 0.6186171791782898, 0.299545663224597, 0.7516810134140461, 0.8238891148916192, 0.7059652343003342, 1.1964655770697619, 1.2074829212119262, 0.44624981700797933, 1.4661807554313666, 0.7199771131929966, 0.29163877535198895, 0.22773133207284446, 0.2108512796442732, 0.17633806312427494, 0.3083187162114997, 0.7088493929282172, 0.6355753495272473, 0.45385874151007716, 0.7694431486218257, 0.12318560987893978, 0.10345227302213152, 0.9818346156798622, 0.3784247576313765, 0.5325028623423049, 0.40255854853104694, 0.24104635448798728, 0.0020538164965194774]
APTIDAO: 
45.488335588091005
GEN: 2700
Individuo: 
[4.769011912981756, 2.3063738655471333, 3.065144682132855, 0.45442386063274376, 0.6186171791782898, 0.299545663224597, 0.7516810134140461, 0.8238891148916192, 0.7059652343003342, 1.1964655770697619, 1.2074829212119262, 0.44624981700797933, 0.7454524122187192, 0.7199771131929966, 0.29568111229280486, 0.2530482368676427, 0.2108512796442732, 0.17633806312427494, 0.3083187162114997, 0.7088493929282172, 0.6355753495272473, 0.3430662899037664, 0.7694431486218257, 0.12318560987893978, 0.10345227302213152, 0.9818346156798622, 0.3784247576313765, 0.5325028623423049, 0.40255854853104694, 0.2239775935360644, 0.0020155747710143843]
APTIDAO: 
45.84423948743828
GEN: 2800
Individuo: 
[4.769011912981756, 2.3063738655471333, 3.065144682132855, 0.45442386063274376, 0.6186171791782898, 0.299545663224597, 0.7516810134140461, 0.8238891148916192, 0.7059652343003342, 1.1964655770697619, 1.2122800213812024, 0.44624981700797933, 1.1678070249090582, 0.3186459418135374, 0.29568111229280486, 0.21923880885059213, 0.2108512796442732, 0.17633806312427494, 0.3083187162114997, 0.5437770119743329, 0.6355753495272473, 0.56072913381012, 0.21294529268659274, 0.1929812809547166, 0.10345227302213152, 0.9818346156798622, 0.3784247576313765, 0.5325028623423049, 0.40255854853104694, 0.22358996185752456, 0.0026539910325464105]
APTIDAO: 
46.523512400800705
GEN: 2900
Individuo: 
[4.769011912981756, 2.345632110053754, 2.7225496365075834, 0.5554919622695177, 0.6186171791782898, 0.299545663224597, 0.7516810134140461, 0.8238891148916192, 0.7059652343003342, 1.1964655770697619, 1.336398019488752, 0.44624981700797933, 1.0378353455288951, 0.3210010398926394, 0.29568111229280486, 0.14724651593740484, 0.2108512796442732, 0.16622148400825762, 0.3083187162114997, 0.5437770119743329, 0.6355753495272473, 0.6873386611744436, 0.21294529268659274, 0.1929812809547166, 0.11098854813298797, 0.9818346156798622, 0.3549663084406024, 0.5325028623423049, 0.38859854466448024, 0.22358996185752456, 0.0035165950257116394]
APTIDAO: 
46.25282147273884
GEN: 3000
Individuo: 
[4.026331629005108, 2.5197847224077172, 2.692610431484299, 0.3426048308374191, 0.6186171791782898, 0.299545663224597, 0.8494955248089198, 0.8238891148916192, 0.7059652343003342, 1.1964655770697619, 1.193743194763762, 0.44624981700797933, 1.051717605382699, 0.3210010398926394, 0.29568111229280486, 0.10328388456358764, 0.2108512796442732, 0.16622148400825762, 0.3083187162114997, 0.6739729690470943, 0.6355753495272473, 0.7733129017689123, 0.21294529268659274, 0.1929812809547166, 0.14564867350725894, 0.9818346156798622, 0.3784247576313765, 0.5325028623423049, 0.40255854853104694, 0.23047253554366287, 0.0010910280456956402]
APTIDAO: 
46.01570882641592
GEN: 3100
Individuo: 
[4.187546314493577, 2.6063414730217835, 3.1506863331889288, 0.2627398581003224, 0.6186171791782898, 0.299545663224597, 0.8494955248089198, 0.8238891148916192, 0.7059652343003342, 1.1964655770697619, 1.193743194763762, 0.44624981700797933, 1.39215402691282, 0.3210010398926394, 0.29568111229280486, 0.09578641981934569, 0.2108512796442732, 0.18807504137841907, 0.3083187162114997, 0.6739729690470943, 0.6355753495272473, 0.49112330454189457, 0.21294529268659274, 0.1929812809547166, 0.14564867350725894, 0.9818346156798622, 0.3881134798840884, 0.5325028623423049, 0.38180809925036296, 0.23047253554366287, 0.0029337125382907113]
APTIDAO: 
45.59721984345747
GEN: 3200
Individuo: 
[4.477478426350449, 2.83233612724764, 3.704536463295838, 0.33787483368430976, 0.6186171791782898, 0.299545663224597, 0.8494955248089198, 0.8238891148916192, 0.7059652343003342, 1.1964655770697619, 1.193743194763762, 0.44624981700797933, 0.8445104795780498, 0.3210010398926394, 0.29568111229280486, 0.09578641981934569, 0.2108512796442732, 0.18807504137841907, 0.3083187162114997, 0.3971309746198643, 0.6355753495272473, 0.8675814714670863, 0.21294529268659274, 0.1929812809547166, 0.14564867350725894, 0.9818346156798622, 0.38759876329145426, 0.5646309658203009, 0.366354208619675, 0.2460737347992398, 0.0013281033218962774]
APTIDAO: 
45.14872859561246
GEN: 3300
Individuo: 
[4.477478426350449, 2.83233612724764, 3.8394169116945935, 0.3932617629760378, 0.6186171791782898, 0.299545663224597, 0.8494955248089198, 0.8238891148916192, 0.7059652343003342, 1.1964655770697619, 1.193743194763762, 0.44624981700797933, 1.1071581047213286, 0.3210010398926394, 0.29568111229280486, 0.09578641981934569, 0.2108512796442732, 0.18807504137841907, 0.3083187162114997, 0.3372230253802174, 0.6355753495272473, 0.22419354685782517, 0.21294529268659274, 0.188281210474831, 0.14564867350725894, 0.9818346156798622, 0.38759876329145426, 0.5646309658203009, 0.3475828866756772, 0.2460737347992398, 0.001180919261654598]
APTIDAO: 
45.07687169535975
GEN: 3400
Individuo: 
[4.587274477524042, 2.83233612724764, 3.8394169116945935, 0.3932617629760378, 0.6186171791782898, 0.299545663224597, 0.8494955248089198, 0.8569873100533036, 0.7059652343003342, 1.1964655770697619, 1.193743194763762, 0.44624981700797933, 1.1378267369555177, 0.3210010398926394, 0.29568111229280486, 0.09578641981934569, 0.2108512796442732, 0.18807504137841907, 0.3083187162114997, 0.3372230253802174, 0.6355753495272473, 0.5752556840693342, 0.21294529268659274, 0.27903598250006273, 0.14755609183709956, 0.9818346156798622, 0.31482675496580487, 0.5646309658203009, 0.3623532346315666, 0.2460737347992398, 0.0013281033218962774]
APTIDAO: 
46.514929751864905
GEN: 3500
Individuo: 
[4.587274477524042, 2.83233612724764, 4.090221680703814, 0.3932617629760378, 0.6186171791782898, 0.299545663224597, 0.8806562645059781, 0.8569873100533036, 0.7059652343003342, 1.1964655770697619, 1.193743194763762, 0.44624981700797933, 1.2604204211643693, 0.3210010398926394, 0.3543655376740977, 0.09578641981934569, 0.2108512796442732, 0.18807504137841907, 0.3083187162114997, 0.3372230253802174, 0.6355753495272473, 0.6308093020289715, 0.21294529268659274, 0.27903598250006273, 0.14755609183709956, 0.9818346156798622, 0.3461208438862666, 0.7488353238184294, 0.6870233787397619, 0.2460737347992398, 0.00109320584916135]
APTIDAO: 
45.21347713485198
GEN: 3600
Individuo: 
[4.587274477524042, 2.742442080687792, 4.090221680703814, 0.3932617629760378, 0.6186171791782898, 0.299545663224597, 0.8806562645059781, 0.8569873100533036, 0.7059652343003342, 1.1964655770697619, 1.193743194763762, 0.44624981700797933, 1.3673268727155785, 0.3210010398926394, 0.3543655376740977, 0.09578641981934569, 0.2108512796442732, 0.18807504137841907, 0.3083187162114997, 0.3372230253802174, 0.6355753495272473, 0.9201199583951327, 0.19930034989771866, 0.28641852608456403, 0.14755609183709956, 0.9818346156798622, 0.3461208438862666, 0.7488353238184294, 0.6870233787397619, 0.22313983481214453, 0.004100537100840527]
APTIDAO: 
45.020341131404
GEN: 3700
Individuo: 
[4.574339491902615, 2.6925291437606664, 4.090221680703814, 0.3932617629760378, 0.6186171791782898, 0.299545663224597, 0.8806562645059781, 0.8569873100533036, 0.7059652343003342, 1.1964655770697619, 1.1442403856032606, 0.44624981700797933, 1.4977041985645312, 0.3210010398926394, 0.3543655376740977, 0.09276903039769831, 0.22788737622149385, 0.1853959872304517, 0.3083187162114997, 0.3752469314266256, 0.6355753495272473, 0.595363116037165, 0.19930034989771866, 0.27903598250006273, 0.14755609183709956, 0.9811431011222027, 0.3461208438862666, 0.7225847028120801, 0.6870233787397619, 0.22313983481214453, 0.003297140765189612]
APTIDAO: 
45.63493916850371
GEN: 3800
Individuo: 
[4.574339491902615, 2.9834218875450427, 4.9040481145538255, 0.3932617629760378, 0.6098481188305777, 0.299545663224597, 0.8806562645059781, 0.8569873100533036, 0.7059652343003342, 0.9482638904745085, 0.7514848375305027, 0.43512972949235895, 1.4696223731205802, 0.320733044845515, 0.3543655376740977, 0.08819276400325413, 0.21939610831075693, 0.1853959872304517, 0.3083187162114997, 0.38994588140257486, 0.6355753495272473, 0.4990860144404661, 0.180438803285945, 0.27903598250006273, 0.14755609183709956, 0.9811431011222027, 0.3461208438862666, 0.7225847028120801, 0.6870233787397619, 0.22313983481214453, 0.0013661429567503522]
APTIDAO: 
44.48921691250338
GEN: 3900
Individuo: 
[4.492390013012493, 2.231514401733494, 4.9040481145538255, 0.6612663372442539, 0.6098481188305777, 0.299545663224597, 0.8806562645059781, 0.9093165771121924, 0.7059652343003342, 0.9482638904745085, 0.7514848375305027, 0.43512972949235895, 1.2430691781037118, 0.320733044845515, 0.3543655376740977, 0.05862042294367736, 0.21939610831075693, 0.276133676429274, 0.32749495430473624, 0.4031774831328421, 0.6355753495272473, 0.8306145176273771, 0.1273723671015807, 0.16889825318308332, 0.14755609183709956, 0.9811431011222027, 0.3461208438862666, 0.7225847028120801, 0.6870233787397619, 0.22313983481214453, 0.0028857027406319247]
APTIDAO: 
46.23872125454109
GEN: 4000
Individuo: 
[4.492390013012493, 2.231514401733494, 4.9911022608874385, 0.5851929405510186, 0.6098481188305777, 0.299545663224597, 0.8666959842906827, 0.9093165771121924, 0.7059652343003342, 0.9482638904745085, 0.7514848375305027, 0.43512972949235895, 1.3487049285365766, 0.328294389159961, 0.3543655376740977, 0.043888621831937515, 0.22540001175527336, 0.276133676429274, 0.32749495430473624, 0.39834717931920866, 0.6355753495272473, 0.4273269314618883, 0.119788890406158, 0.16889825318308332, 0.14755609183709956, 0.9811431011222027, 0.3337233234485367, 0.7324044809629505, 0.6870233787397619, 0.22313983481214453, 0.0012816203101602519]
APTIDAO: 
45.30124351926928
GEN: 4100
Individuo: 
[4.492390013012493, 2.231514401733494, 4.108773368939871, 0.5851929405510186, 0.6098481188305777, 0.299545663224597, 0.8666959842906827, 0.9093165771121924, 0.7059652343003342, 0.9482638904745085, 0.7514848375305027, 0.43512972949235895, 1.3487049285365766, 0.30230059004028786, 0.3565197487930832, 0.03909772692410623, 0.18716737434619382, 0.13690022378229053, 0.32749495430473624, 0.39834717931920866, 0.6457988585833104, 0.26182679436067335, 0.119788890406158, 0.23196411441756734, 0.13143017775461036, 0.9811431011222027, 0.3337233234485367, 0.7324044809629505, 0.6870233787397619, 0.22313983481214453, 0.0017159894259236711]
APTIDAO: 
45.124228246131025
GEN: 4200
Individuo: 
[4.492390013012493, 2.2730707397455836, 4.108773368939871, 0.5851929405510186, 0.6098481188305777, 0.299545663224597, 0.8666959842906827, 0.9185417838976464, 0.7059652343003342, 0.9779880698850998, 0.7514848375305027, 0.43512972949235895, 1.3487049285365766, 0.30230059004028786, 0.3565197487930832, 0.03909772692410623, 0.18716737434619382, 0.14345055287562972, 0.32749495430473624, 0.39834717931920866, 0.61622284692495, 0.7626961168368194, 0.119788890406158, 0.23196411441756734, 0.14228053603610313, 0.9811431011222027, 0.3337233234485367, 0.7324044809629505, 0.6870233787397619, 0.22313983481214453, 0.003103171346988176]
APTIDAO: 
45.15006517863376
GEN: 4300
Individuo: 
[4.492390013012493, 2.2730707397455836, 4.108773368939871, 0.5851929405510186, 0.6098481188305777, 0.299545663224597, 0.8666959842906827, 0.9185417838976464, 0.7059652343003342, 0.9779880698850998, 0.7514848375305027, 0.43512972949235895, 1.3487049285365766, 0.30230059004028786, 0.3565197487930832, 0.03932103771789101, 0.19258475526657517, 0.13135193124896918, 0.32749495430473624, 0.39834717931920866, 0.6456236292543548, 0.6795588555643585, 0.119788890406158, 0.23196411441756734, 0.1418545633145497, 0.9811431011222027, 0.3337233234485367, 0.7324044809629505, 0.6870233787397619, 0.22313983481214453, 0.0017108841555993639]
APTIDAO: 
45.964086638854184
GEN: 4400
Individuo: 
[4.409362927672889, 2.2730707397455836, 4.108773368939871, 0.5851929405510186, 0.6138258540754501, 0.299545663224597, 0.8666959842906827, 0.9185417838976464, 0.7059652343003342, 0.9779880698850998, 0.7514848375305027, 0.43512972949235895, 0.8333796339244953, 0.30230059004028786, 0.35976043538622626, 0.030248225657796616, 0.19115739618871325, 0.13135193124896918, 0.32749495430473624, 0.39834717931920866, 0.6256344000562714, 0.06253222896003467, 0.119788890406158, 0.26052363059609907, 0.1418545633145497, 0.9811431011222027, 0.3337233234485367, 0.7324044809629505, 0.6830558608313393, 0.22313983481214453, 0.0011386871807068345]
APTIDAO: 
45.29327924790346
GEN: 4500
Individuo: 
[4.409362927672889, 2.5104173577821225, 4.108773368939871, 0.5851929405510186, 0.6138258540754501, 0.299545663224597, 0.8793038642858881, 0.8774001535806207, 0.7059652343003342, 0.9779880698850998, 0.7470287638312203, 0.43512972949235895, 1.3071505424979086, 0.30230059004028786, 0.35976043538622626, 0.030248225657796616, 0.1924128954327283, 0.13135193124896918, 0.32749495430473624, 0.39834717931920866, 0.6256344000562714, 0.0554879739755244, 0.119788890406158, 0.26052363059609907, 0.1418545633145497, 0.9524933539152648, 0.3337233234485367, 0.7549905947165549, 0.6830558608313393, 0.20975333608709706, 0.0040012402601332635]
APTIDAO: 
44.87165194483858
GEN: 4600
Individuo: 
[4.409362927672889, 2.4504088797892223, 4.108773368939871, 0.5851929405510186, 0.6138258540754501, 0.299545663224597, 0.8793038642858881, 0.8774001535806207, 0.7059652343003342, 0.9779880698850998, 0.7470287638312203, 0.43512972949235895, 0.8312094068040918, 0.30230059004028786, 0.35976043538622626, 0.0222391648373655, 0.1924128954327283, 0.13135193124896918, 0.32749495430473624, 0.18528752782061356, 0.641496187529751, 0.566542794951301, 0.119788890406158, 0.26052363059609907, 0.1418545633145497, 0.9524933539152648, 0.3337233234485367, 0.7549905947165549, 0.486910604219264, 0.2196586114758066, 0.0022649722820817088]
APTIDAO: 
44.32975629763858
GEN: 4700
Individuo: 
[4.409362927672889, 2.4504088797892223, 4.108773368939871, 0.5851929405510186, 0.6138258540754501, 0.299545663224597, 0.8793038642858881, 0.8774001535806207, 0.7059652343003342, 0.9779880698850998, 0.7470287638312203, 0.43512972949235895, 0.8312094068040918, 0.30230059004028786, 0.35976043538622626, 0.02273152318737158, 0.19527430037482135, 0.13135193124896918, 0.32749495430473624, 0.18528752782061356, 0.641496187529751, 0.3531872426137099, 0.1165983213303808, 0.26052363059609907, 0.1418545633145497, 0.9744383918689734, 0.3337233234485367, 0.7549905947165549, 0.486910604219264, 0.2196586114758066, 0.0022649722820817088]
APTIDAO: 
44.19001747061602
GEN: 4800
Individuo: 
[4.029735449174049, 2.4504088797892223, 4.108773368939871, 0.5851929405510186, 0.6138258540754501, 0.299545663224597, 0.8793038642858881, 0.8774001535806207, 0.7059652343003342, 0.9779880698850998, 0.7470287638312203, 0.43512972949235895, 0.6082786107852107, 0.30230059004028786, 0.35976043538622626, 0.006000754653899675, 0.19527430037482135, 0.09617852540455238, 0.32749495430473624, 0.18528752782061356, 0.641496187529751, 0.8621975387188265, 0.1165983213303808, 0.26052363059609907, 0.1418545633145497, 0.9420152000010175, 0.3337233234485367, 0.663242017541518, 0.486910604219264, 0.2196586114758066, 0.015955893339633733]
APTIDAO: 
46.0394967335273
GEN: 4900
Individuo: 
[4.029735449174049, 2.5109130986711845, 4.108773368939871, 0.6245410380044059, 0.6138258540754501, 0.290555810050807, 0.8793038642858881, 0.8774001535806207, 0.7059652343003342, 0.9805963243671039, 0.7470287638312203, 0.43512972949235895, 0.960005632528918, 0.30230059004028786, 0.35976043538622626, 0.001100227585061918, 0.1800870381416472, 0.09617852540455238, 0.3158594393531451, 0.14745828290429033, 0.641496187529751, 0.9007942238929427, 0.1165983213303808, 0.26052363059609907, 0.1418545633145497, 0.9798392863959583, 0.3337233234485367, 0.7657680987881523, 0.486910604219264, 0.2196586114758066, 0.027409315963318328]
APTIDAO: 
44.354174317013914
GEN: 5000
Individuo: 
[4.045536112209331, 2.5109130986711845, 4.108773368939871, 0.6245410380044059, 0.6138258540754501, 0.290555810050807, 0.8793038642858881, 0.8774001535806207, 0.7059652343003342, 0.9805963243671039, 0.7626051228877394, 0.43512972949235895, 0.7305743156987405, 0.2856075750070605, 0.38884145738452486, 0.001620289226143579, 0.1800870381416472, 0.09254874256411731, 0.3158594393531451, 0.13568505702036057, 0.641496187529751, 0.9757353947958906, 0.11186213025133676, 0.2696989073410063, 0.1418545633145497, 0.9798392863959583, 0.3337233234485367, 0.7657680987881523, 0.4683421150225346, 0.2196586114758066, 0.020431393734360866]
APTIDAO: 
43.90511065283612
GEN: 5100
Individuo: 
[4.045536112209331, 2.5109130986711845, 4.108773368939871, 0.6423054691387521, 0.6502993715524236, 0.290555810050807, 0.8793038642858881, 0.8774001535806207, 0.7059652343003342, 0.9805963243671039, 0.7626051228877394, 0.43512972949235895, 0.4415008522633817, 0.2856075750070605, 0.4683719622560529, 0.001941991838491861, 0.12476632528742568, 0.0065766884560816575, 0.3158594393531451, 0.06545886261235166, 0.641496187529751, 0.9757353947958906, 0.11186213025133676, 0.2696989073410063, 0.1418545633145497, 0.9614301398838767, 0.3337233234485367, 0.9381232788515332, 0.4683421150225346, 0.2196586114758066, 0.020431393734360866]
APTIDAO: 
44.37281580994551
GEN: 5200
Individuo: 
[4.045536112209331, 2.5796875597499165, 3.475577546170149, 0.5752322427568539, 0.6502993715524236, 0.290555810050807, 0.8793038642858881, 0.8774001535806207, 0.7059652343003342, 0.9805963243671039, 0.7626051228877394, 0.43512972949235895, 0.6896382256243038, 0.2856075750070605, 0.4683719622560529, 0.001813157057434464, 0.12476632528742568, 0.0013139278625841188, 0.3158594393531451, 0.05976768294715521, 0.641496187529751, 0.26209796666450996, 0.11186213025133676, 0.2696989073410063, 0.1418545633145497, 0.9443540480619041, 0.3337233234485367, 0.9381232788515332, 0.4683421150225346, 0.2196586114758066, 0.020431393734360866]
APTIDAO: 
43.77393165762072
GEN: 5300
Individuo: 
[4.045536112209331, 2.570626255583116, 3.5911592030401485, 0.5243336314677451, 0.6502993715524236, 0.290555810050807, 0.8793038642858881, 0.8774001535806207, 0.7059652343003342, 0.9805963243671039, 0.7626051228877394, 0.43512972949235895, 0.6896382256243038, 0.2856075750070605, 0.4683719622560529, 0.0017641886294406286, 0.12476632528742568, 0.006841443045507138, 0.3158594393531451, 0.05976768294715521, 0.641496187529751, 0.26209796666450996, 0.11186213025133676, 0.2696989073410063, 0.12340065575742122, 0.9443540480619041, 0.3337233234485367, 0.9381232788515332, 0.4683421150225346, 0.2196586114758066, 0.010544978867015213]
APTIDAO: 
43.36435897192829
GEN: 5400
Individuo: 
[4.045536112209331, 2.570626255583116, 3.5911592030401485, 0.5243336314677451, 0.6502993715524236, 0.290555810050807, 0.8793038642858881, 0.9087684449832935, 0.7059652343003342, 0.9805963243671039, 0.7626051228877394, 0.43512972949235895, 0.7162397792823444, 0.2856075750070605, 0.5974098936523785, 0.0017641886294406286, 0.12476632528742568, 0.009416760858976731, 0.3158594393531451, 0.10944066259016517, 0.641496187529751, 0.26209796666450996, 0.11186213025133676, 0.4315064782010517, 0.12340065575742122, 0.9443540480619041, 0.3337233234485367, 0.7804874044658496, 0.4683421150225346, 0.2196586114758066, 0.010544978867015213]
APTIDAO: 
43.85768760434895
GEN: 5500
Individuo: 
[3.975956959503323, 2.774691600501361, 3.5911592030401485, 0.5243336314677451, 0.6502993715524236, 0.290555810050807, 0.7255957715006356, 0.8444747833363959, 0.7059652343003342, 0.9805963243671039, 0.7626051228877394, 0.43512972949235895, 0.6003594928928865, 0.2856075750070605, 0.5974098936523785, 0.0012585014671436816, 0.12476632528742568, 0.006477880922396028, 0.3158594393531451, 0.09099467731592498, 0.641496187529751, 0.26209796666450996, 0.11186213025133676, 0.4315064782010517, 0.024382812169219076, 0.9207313270982296, 0.3337233234485367, 0.755423525822593, 0.4558276147091169, 0.2196586114758066, 0.005499043523706966]
APTIDAO: 
45.613184996643405
GEN: 5600
Individuo: 
[3.975956959503323, 2.570626255583116, 4.115293129813771, 0.18450646380490973, 0.6502993715524236, 0.290555810050807, 0.8936326155638146, 0.8235424176191329, 0.7059652343003342, 0.9805963243671039, 0.7626051228877394, 0.43512972949235895, 0.6003594928928865, 0.2856075750070605, 0.5974098936523785, 0.004351615140244486, 0.12476632528742568, 0.0015952577027397046, 0.3158594393531451, 0.09099467731592498, 0.641496187529751, 0.399458835218909, 0.11186213025133676, 0.4352013323144596, 0.12471271372092754, 0.9207313270982296, 0.3650370663653251, 0.837305859156237, 0.4558276147091169, 0.2196586114758066, 0.020778930562972392]
APTIDAO: 
45.177059637367776
GEN: 5700
Individuo: 
[3.975956959503323, 2.570626255583116, 4.115293129813771, 0.17257239819304349, 0.6502993715524236, 0.290555810050807, 0.8936326155638146, 0.8235424176191329, 0.7059652343003342, 0.9805963243671039, 0.7626051228877394, 0.43512972949235895, 0.6003594928928865, 0.2856075750070605, 0.5974098936523785, 0.03248212033869644, 0.12476632528742568, 0.00320339885419684, 0.3158594393531451, 0.08761208902907838, 0.641496187529751, 0.3597628869344725, 0.11186213025133676, 0.4655692603981103, 0.13142291792139624, 0.9207313270982296, 0.3650370663653251, 0.837305859156237, 0.4558276147091169, 0.2196586114758066, 0.0027001369477868196]
APTIDAO: 
44.731096153994834
GEN: 5800
Individuo: 
[3.975956959503323, 2.57197628818734, 4.115293129813771, 0.3388851889841105, 0.6502993715524236, 0.290555810050807, 0.8936326155638146, 0.8235424176191329, 0.7059652343003342, 0.9805963243671039, 0.7626051228877394, 0.43512972949235895, 0.6003594928928865, 0.2856075750070605, 0.5974098936523785, 0.03248212033869644, 0.12476632528742568, 0.003933865977304847, 0.3158594393531451, 0.07477874852695868, 0.641496187529751, 0.40313984658099594, 0.11576364357691356, 0.4346176711777485, 0.13142291792139624, 0.9207313270982296, 0.3650370663653251, 0.837305859156237, 0.4558276147091169, 0.2196586114758066, 0.0027001369477868196]
APTIDAO: 
44.225997322467556
GEN: 5900
Individuo: 
[3.975956959503323, 3.1780814317047454, 4.6581120585299844, 0.4633653173811335, 0.6502993715524236, 0.290555810050807, 0.8936326155638146, 0.8235424176191329, 0.7059652343003342, 0.9805963243671039, 0.7626051228877394, 0.43512972949235895, 0.7788900717228142, 0.2856075750070605, 0.6033099469917989, 0.02495222985525148, 0.12476632528742568, 0.008233224602125808, 0.40570763517008956, 0.010066113625008916, 0.641496187529751, 0.5242262949440751, 0.11576364357691356, 0.4655692603981103, 0.13142291792139624, 0.9207313270982296, 0.37655757080131513, 0.837305859156237, 0.3164612659675303, 0.2196586114758066, 0.001979944370892634]
APTIDAO: 
42.97918139678252
GEN: 6000
Individuo: 
[3.975956959503323, 2.766745110626741, 4.713262740068985, 0.4633653173811335, 0.6502993715524236, 0.290555810050807, 0.8936326155638146, 0.8235424176191329, 0.7059652343003342, 0.9674722903671387, 0.7626051228877394, 0.43512972949235895, 0.7788900717228142, 0.2856075750070605, 0.6033099469917989, 0.016023938206200523, 0.12476632528742568, 0.014165284340021834, 0.40570763517008956, 0.015173316827186858, 0.6376395481750629, 0.36923982787739945, 0.11576364357691356, 0.4686763127063661, 0.13142291792139624, 0.9207313270982296, 0.37655757080131513, 0.837305859156237, 0.3164612659675303, 0.19524994019649236, 0.0179163588029578]
APTIDAO: 
43.712202596461935
GEN: 6100
Individuo: 
[3.975956959503323, 2.766745110626741, 4.021534139452113, 0.5264052493036979, 0.6502993715524236, 0.290555810050807, 0.8936326155638146, 0.8235424176191329, 0.7059652343003342, 0.9674722903671387, 0.7626051228877394, 0.43512972949235895, 1.2342662323449678, 0.2856075750070605, 0.6033099469917989, 0.016023938206200523, 0.12476632528742568, 0.020644806268369183, 0.40570763517008956, 0.01223007611410787, 0.6376395481750629, 0.5403814115161827, 0.11576364357691356, 0.4686763127063661, 0.13142291792139624, 0.9258946053799463, 0.37655757080131513, 0.845840390245296, 0.3164612659675303, 0.19524994019649236, 0.018278006015481994]
APTIDAO: 
43.325287722552886
GEN: 6200
Individuo: 
[3.975956959503323, 2.438456245227223, 4.798720153637577, 0.4151109383223874, 0.6502993715524236, 0.290555810050807, 0.8632859807616737, 0.8235424176191329, 0.7059652343003342, 0.8870684544824898, 0.7626051228877394, 0.43512972949235895, 1.2342662323449678, 0.2856075750070605, 0.6270418247831985, 0.012000099254676724, 0.12476632528742568, 0.0273334696704765, 0.40570763517008956, 0.009744286788471779, 0.6376395481750629, 0.005970198161998575, 0.11576364357691356, 0.49418004141930505, 0.13177111257179971, 0.9258946053799463, 0.37655757080131513, 0.7495315186007087, 0.3164612659675303, 0.19524994019649236, 0.07089898223850623]
APTIDAO: 
43.501290304485195
GEN: 6300
Individuo: 
[3.975956959503323, 2.3274586220391265, 4.625232378848435, 0.47157893872629664, 0.6502993715524236, 0.290555810050807, 0.8632859807616737, 0.8235424176191329, 0.7059652343003342, 0.8870684544824898, 0.7626051228877394, 0.43512972949235895, 1.2342662323449678, 0.2856075750070605, 0.6033099469917989, 0.012000099254676724, 0.12476632528742568, 0.0273334696704765, 0.40570763517008956, 0.0011033596480660016, 0.6376395481750629, 0.023078220120332404, 0.11576364357691356, 0.523634815220492, 0.14301484463223296, 0.9258946053799463, 0.37655757080131513, 0.7495315186007087, 0.3164612659675303, 0.19524994019649236, 0.07089898223850623]
APTIDAO: 
43.389105942226266
GEN: 6400
Individuo: 
[3.975956959503323, 2.560663195584436, 4.499493017383155, 0.47157893872629664, 0.6502993715524236, 0.3599608099550205, 0.8632859807616737, 0.8235424176191329, 0.7059652343003342, 0.8796651636397268, 0.7482004561056531, 0.43512972949235895, 1.2712202774343675, 0.28641762985796165, 0.6033099469917989, 0.012000099254676724, 0.12476632528742568, 0.03498759990353067, 0.40570763517008956, 0.0031194965787739344, 0.6376395481750629, 0.03499685446569327, 0.044948271405238494, 0.523634815220492, 0.14539628300923924, 0.9012351506651892, 0.37655757080131513, 0.7495315186007087, 0.3164612659675303, 0.19524994019649236, 0.08375209628121406]
APTIDAO: 
43.06943117942137
GEN: 6500
Individuo: 
[3.975956959503323, 2.8361159992730265, 4.499493017383155, 0.47157893872629664, 0.6502993715524236, 0.3599608099550205, 0.8632859807616737, 0.8235424176191329, 0.7059652343003342, 0.8796651636397268, 0.7482004561056531, 0.43512972949235895, 1.2712202774343675, 0.265211850122859, 0.6033099469917989, 0.011263719316566287, 0.12476632528742568, 0.03498759990353067, 0.40570763517008956, 0.022266806188055335, 0.6376395481750629, 0.043668743955417706, 0.044948271405238494, 0.523634815220492, 0.13984614666956854, 0.9012351506651892, 0.37655757080131513, 0.7368942149162947, 0.3164612659675303, 0.19524994019649236, 0.08976636810345477]
APTIDAO: 
43.339860669374005
GEN: 6600
Individuo: 
[4.061446030542242, 2.8361159992730265, 4.63183290871276, 0.47157893872629664, 0.6502993715524236, 0.3599608099550205, 0.8632859807616737, 0.8235424176191329, 0.7059652343003342, 0.8796651636397268, 0.7482004561056531, 0.43512972949235895, 1.397649571800964, 0.265211850122859, 0.6033099469917989, 0.019426101403925963, 0.12476632528742568, 0.03498759990353067, 0.40570763517008956, 0.022266806188055335, 0.6376395481750629, 0.07554140984614793, 0.04002088257405541, 0.5199933161812579, 0.13984614666956854, 0.9012351506651892, 0.37655757080131513, 0.7368942149162947, 0.3164612659675303, 0.19524994019649236, 0.08976636810345477]
APTIDAO: 
43.018959110672505
GEN: 6700
Individuo: 
[4.061446030542242, 2.8361159992730265, 4.450612576661738, 0.47157893872629664, 0.6502993715524236, 0.3599608099550205, 1.0550352598494634, 0.8175698060323148, 0.7059652343003342, 0.8796651636397268, 0.7482004561056531, 0.43512972949235895, 1.397649571800964, 0.265211850122859, 0.6033099469917989, 0.0011252406611429427, 0.12476632528742568, 0.037044639641408715, 0.40570763517008956, 0.06141637182019045, 0.6376395481750629, 0.05473644706836043, 0.04459589725968879, 0.6463278257888346, 0.20010856327778273, 0.870413860181144, 0.37655757080131513, 0.6583999314753304, 0.3164612659675303, 0.19524994019649236, 0.0071669642083936995]
APTIDAO: 
43.76580248170901
GEN: 6800
Individuo: 
[4.061446030542242, 2.8361159992730265, 4.425648955611871, 0.46153754960149734, 0.6502993715524236, 0.3599608099550205, 1.0550352598494634, 0.8175698060323148, 0.7059652343003342, 0.8796651636397268, 0.7482004561056531, 0.43512972949235895, 1.344867524904122, 0.265211850122859, 0.5678196375929895, 0.002060462498115989, 0.12476632528742568, 0.032845420704875644, 0.40570763517008956, 0.06141637182019045, 0.6376395481750629, 0.1567743598354708, 0.04459589725968879, 0.544008641916263, 0.20010856327778273, 0.870413860181144, 0.37655757080131513, 0.6583999314753304, 0.3164612659675303, 0.19524994019649236, 0.0071669642083936995]
APTIDAO: 
43.39491917594793
GEN: 6900
Individuo: 
[4.061446030542242, 2.8361159992730265, 4.425648955611871, 0.46153754960149734, 0.6502993715524236, 0.3599608099550205, 1.0550352598494634, 0.8175698060323148, 0.7059652343003342, 0.8796651636397268, 0.7482004561056531, 0.431931938949802, 1.344867524904122, 0.25717264569601717, 0.5678196375929895, 0.002060462498115989, 0.12476632528742568, 0.05301047561489726, 0.3906589448783293, 0.06141637182019045, 0.6376395481750629, 0.8320849691844765, 0.04889748832277825, 0.5893900975459267, 0.20010856327778273, 0.870413860181144, 0.37655757080131513, 0.6583999314753304, 0.3164612659675303, 0.19524994019649236, 0.011673001060665687]
APTIDAO: 
42.97437554805675
GEN: 7000
Individuo: 
[4.238470269322975, 2.8361159992730265, 4.425648955611871, 0.46153754960149734, 0.6502993715524236, 0.3599608099550205, 1.0550352598494634, 0.8175698060323148, 0.7059652343003342, 0.8796651636397268, 0.7482004561056531, 0.431931938949802, 1.1728601282127082, 0.25717264569601717, 0.5678196375929895, 0.003492573395891862, 0.12476632528742568, 0.05069226555800716, 0.40570763517008956, 0.06141637182019045, 0.6252294877432779, 0.04336244010510949, 0.04889748832277825, 0.6111255166866022, 0.20010856327778273, 0.870413860181144, 0.37655757080131513, 0.6583999314753304, 0.3164612659675303, 0.19524994019649236, 0.002171615210113838]
APTIDAO: 
42.69212450343133
GEN: 7100
Individuo: 
[4.238470269322975, 2.8361159992730265, 4.425648955611871, 0.46153754960149734, 0.6502993715524236, 0.3599608099550205, 1.0550352598494634, 0.8175698060323148, 0.7059652343003342, 0.8796651636397268, 0.7482004561056531, 0.431931938949802, 1.1728601282127082, 0.25717264569601717, 0.5733609990497404, 0.0035453906427051637, 0.12476632528742568, 0.048122139844387166, 0.40570763517008956, 0.06141637182019045, 0.6252294877432779, 0.015954740838257937, 0.04889748832277825, 0.6111255166866022, 0.20010856327778273, 0.870413860181144, 0.37655757080131513, 0.6583999314753304, 0.3164612659675303, 0.19524994019649236, 0.001693439693104423]
APTIDAO: 
42.623249040541026
GEN: 7200
Individuo: 
[4.238470269322975, 2.8361159992730265, 4.425648955611871, 0.46153754960149734, 0.6502993715524236, 0.3599608099550205, 1.0550352598494634, 0.8175698060323148, 0.7059652343003342, 0.86607707014002, 0.7482004561056531, 0.431931938949802, 1.1728601282127082, 0.25717264569601717, 0.5733609990497404, 0.0084765588781576, 0.12476632528742568, 0.03626129149817997, 0.41393881351054157, 0.06141637182019045, 0.6252294877432779, 0.029018855008147937, 0.04401078926613817, 0.5437332396328586, 0.20010856327778273, 0.870413860181144, 0.37655757080131513, 0.6500173621500969, 0.3164612659675303, 0.19524994019649236, 0.001353372397726263]
APTIDAO: 
42.6453195932877
GEN: 7300
Individuo: 
[4.34646078364214, 2.8361159992730265, 4.425648955611871, 0.471973887829115, 0.6502993715524236, 0.3599608099550205, 1.0550352598494634, 0.8175698060323148, 0.7059652343003342, 0.86607707014002, 0.9690217382137958, 0.431931938949802, 1.4620284217694943, 0.25717264569601717, 0.5733609990497404, 0.012427828156617261, 0.12476632528742568, 0.03626129149817997, 0.5632183115765436, 0.06141637182019045, 0.6252294877432779, 0.057071582693167255, 0.04401078926613817, 0.5437332396328586, 0.20153013895520358, 0.870413860181144, 0.37655757080131513, 0.6784651351858091, 0.3164612659675303, 0.19524994019649236, 0.009251295281340041]
APTIDAO: 
44.142097696773895
GEN: 7400
Individuo: 
[4.34646078364214, 2.8361159992730265, 4.425648955611871, 0.37461009900410847, 0.6502993715524236, 0.3599608099550205, 1.0550352598494634, 0.8175698060323148, 0.7059652343003342, 0.86607707014002, 0.9690217382137958, 0.431931938949802, 1.4872089898898233, 0.25717264569601717, 0.5733609990497404, 0.012427828156617261, 0.12476632528742568, 0.029725369635052082, 0.5632183115765436, 0.030952150079148838, 0.6252294877432779, 0.050323173202412495, 0.04163594408960293, 0.5437332396328586, 0.20153013895520358, 0.870413860181144, 0.37655757080131513, 0.6784651351858091, 0.3164612659675303, 0.19524994019649236, 0.044343908699828134]
APTIDAO: 
43.891638065793046
GEN: 7500
Individuo: 
[4.34646078364214, 3.146984732527871, 4.425648955611871, 0.37461009900410847, 0.6502993715524236, 0.3599608099550205, 1.069130705017589, 0.8175698060323148, 0.7059652343003342, 0.86607707014002, 0.9690217382137958, 0.431931938949802, 1.4943233246027912, 0.25717264569601717, 0.5733609990497404, 0.012427828156617261, 0.12476632528742568, 0.029725369635052082, 0.5632183115765436, 0.030952150079148838, 0.6226051993148269, 0.5550977778734534, 0.044434924531658655, 0.5437332396328586, 0.20153013895520358, 0.8585518348574609, 0.37655757080131513, 0.6784651351858091, 0.3164612659675303, 0.21271928093248008, 0.0011496088217144737]
APTIDAO: 
43.28507410900765
GEN: 7600
Individuo: 
[4.34646078364214, 3.146984732527871, 4.425648955611871, 0.37461009900410847, 0.6502993715524236, 0.3599608099550205, 1.0286994555759603, 0.8175698060323148, 0.7059652343003342, 0.86607707014002, 0.9690217382137958, 0.431931938949802, 1.4130234331937837, 0.25717264569601717, 0.5733609990497404, 0.03098046525011289, 0.12476632528742568, 0.006862478242117082, 0.5632183115765436, 0.010335056921595809, 0.6226051993148269, 0.14911213081296762, 0.04163594408960293, 0.5437332396328586, 0.20153013895520358, 0.8585518348574609, 0.37655757080131513, 0.6784651351858091, 0.3164612659675303, 0.21271928093248008, 0.0014580622480679021]
APTIDAO: 
43.58712928076242
GEN: 7700
Individuo: 
[4.34646078364214, 3.146984732527871, 4.425648955611871, 0.37461009900410847, 0.6502993715524236, 0.3599608099550205, 1.0286994555759603, 0.8015235706365275, 0.7059652343003342, 0.86607707014002, 0.9690217382137958, 0.431931938949802, 1.256257397301217, 0.25717264569601717, 0.5733609990497404, 0.03098046525011289, 0.12476632528742568, 0.012106625968969876, 0.5632183115765436, 0.008793218087157514, 0.6226051993148269, 0.4406238460203818, 0.04132133730694773, 0.5437332396328586, 0.20153013895520358, 0.8585518348574609, 0.37655757080131513, 0.6784651351858091, 0.3097861035085584, 0.21271928093248008, 0.0011380697902636386]
APTIDAO: 
43.33446326204941
GEN: 7800
Individuo: 
[3.7992850745535716, 3.146984732527871, 4.395032335407336, 0.37461009900410847, 0.6502993715524236, 0.3599608099550205, 1.0090752380138086, 0.8015235706365275, 0.7059652343003342, 0.86607707014002, 0.9673134487004331, 0.431931938949802, 1.256257397301217, 0.25717264569601717, 0.5733609990497404, 0.03098046525011289, 0.12476632528742568, 0.013740453521290264, 0.5632183115765436, 0.003723672219770791, 0.6226051993148269, 0.5854927353876415, 0.03695571760645609, 0.5437332396328586, 0.20153013895520358, 0.8585518348574609, 0.37655757080131513, 0.6784651351858091, 0.3097861035085584, 0.1914593435166057, 0.002111220354365017]
APTIDAO: 
43.414267959580144
GEN: 7900
Individuo: 
[3.7992850745535716, 3.061835484453803, 4.395032335407336, 0.37461009900410847, 0.6502993715524236, 0.3599608099550205, 1.0090752380138086, 0.8015235706365275, 0.7059652343003342, 0.86607707014002, 0.9673134487004331, 0.431931938949802, 0.7477116140178018, 0.25717264569601717, 0.5733609990497404, 0.03098046525011289, 0.12476632528742568, 0.01668123307943186, 0.5761630958070724, 0.00872392287108481, 0.6226051993148269, 0.7605750595059018, 0.03031153922160996, 0.5437332396328586, 0.20153013895520358, 0.8585518348574609, 0.37655757080131513, 0.6785942597068745, 0.3097861035085584, 0.1914593435166057, 0.0025572994452834224]
APTIDAO: 
43.699159786882745
GEN: 8000
Individuo: 
[3.7992850745535716, 3.061835484453803, 4.63040742412089, 0.37461009900410847, 0.6502993715524236, 0.3599608099550205, 1.0090752380138086, 0.8015235706365275, 0.7059652343003342, 0.86607707014002, 0.9673134487004331, 0.431931938949802, 1.4893846208856598, 0.25717264569601717, 0.5733609990497404, 0.03098046525011289, 0.12476632528742568, 0.023532371860815818, 0.5761630958070724, 0.0011238823469251157, 0.6226051993148269, 0.9106836026753646, 0.03031153922160996, 0.5437332396328586, 0.20153013895520358, 0.8585518348574609, 0.37655757080131513, 0.7122730440862919, 0.3097861035085584, 0.1914593435166057, 0.001628836062995095]
APTIDAO: 
42.96659907062988
GEN: 8100
Individuo: 
[3.7992850745535716, 3.061835484453803, 4.163595778809546, 0.4101289681527043, 0.6502993715524236, 0.3599608099550205, 0.9658642623378065, 0.8015235706365275, 0.7059652343003342, 0.8484433518655706, 0.955791850648577, 0.431931938949802, 0.9133744412251704, 0.25717264569601717, 0.5733609990497404, 0.03098046525011289, 0.12476632528742568, 0.023532371860815818, 0.5761630958070724, 0.0024035873263117857, 0.6226051993148269, 0.11506105416169622, 0.03031153922160996, 0.5437332396328586, 0.19313389917710913, 0.8585518348574609, 0.37655757080131513, 0.7689106007439477, 0.34573717179152375, 0.1914593435166057, 0.0032472351215608376]
APTIDAO: 
43.17215380451308
GEN: 8200
Individuo: 
[3.7992850745535716, 3.061835484453803, 4.590629252825747, 0.4101289681527043, 0.6502993715524236, 0.3599608099550205, 0.9658642623378065, 0.8015235706365275, 0.7059652343003342, 0.8484433518655706, 0.955791850648577, 0.431931938949802, 0.7792210021568913, 0.25717264569601717, 0.5733609990497404, 0.03098046525011289, 0.12476632528742568, 0.03256301201771782, 0.5761630958070724, 0.0015856245983833256, 0.6226051993148269, 0.1707812387175842, 0.03031153922160996, 0.5437332396328586, 0.19313389917710913, 0.8585518348574609, 0.37655757080131513, 0.7689106007439477, 0.34573717179152375, 0.1914593435166057, 0.0032472351215608376]
APTIDAO: 
42.90257231744395
GEN: 8300
Individuo: 
[3.7992850745535716, 3.061835484453803, 4.590629252825747, 0.4101289681527043, 0.6502993715524236, 0.3599608099550205, 0.9835759320587054, 0.8015235706365275, 0.7059652343003342, 0.9496471327456337, 0.955791850648577, 0.431931938949802, 1.0064259605753365, 0.25717264569601717, 0.6008000987784159, 0.03098046525011289, 0.12476632528742568, 0.03256301201771782, 0.5715914466837047, 0.004021082496931994, 0.6226051993148269, 0.7136376063154477, 0.03031153922160996, 0.5437332396328586, 0.19313389917710913, 0.8585518348574609, 0.37655757080131513, 0.7948301981206212, 0.26947087935126635, 0.1914593435166057, 0.0038137457913791045]
APTIDAO: 
42.95961293082921
GEN: 8400
Individuo: 
[2.809653065614459, 3.061835484453803, 4.590629252825747, 0.4101289681527043, 0.6502993715524236, 0.3599608099550205, 0.9835759320587054, 0.8015235706365275, 0.7059652343003342, 0.9496471327456337, 0.9085053523373268, 0.431931938949802, 1.0064259605753365, 0.2628005451036091, 0.6008000987784159, 0.010216133284400982, 0.12476632528742568, 0.03256301201771782, 0.5715914466837047, 0.0060836055642568285, 0.6226051993148269, 0.8495680154912381, 0.03031153922160996, 0.5437332396328586, 0.19313389917710913, 0.8585518348574609, 0.37655757080131513, 0.7948301981206212, 0.26947087935126635, 0.19110987494017692, 0.001446758081485619]
APTIDAO: 
44.56072153109174
GEN: 8500
Individuo: 
[2.809653065614459, 3.061835484453803, 4.590629252825747, 0.40234395306812454, 0.6502993715524236, 0.3599608099550205, 0.9835759320587054, 0.8015235706365275, 0.7059652343003342, 0.9496471327456337, 0.9085053523373268, 0.4411405694613516, 1.2079205864977434, 0.2628005451036091, 0.6229633174100655, 0.010216133284400982, 0.14179903991876008, 0.051547359434704884, 0.5715914466837047, 0.0060836055642568285, 0.6052434172679719, 0.623347235779522, 0.020658322285025676, 0.5437332396328586, 0.19313389917710913, 0.8585518348574609, 0.37655757080131513, 0.7948301981206212, 0.26947087935126635, 0.19110987494017692, 0.0015535415018657329]
APTIDAO: 
43.710164955311235
GEN: 8600
Individuo: 
[2.7727671116958095, 3.061835484453803, 3.7630252864428386, 0.40234395306812454, 0.6502993715524236, 0.3599608099550205, 0.9835759320587054, 0.8015235706365275, 0.7059652343003342, 0.9496471327456337, 0.9085053523373268, 0.4411405694613516, 1.2323816594666919, 0.2628005451036091, 0.6229633174100655, 0.010216133284400982, 0.14179903991876008, 0.051547359434704884, 0.5715914466837047, 0.007867989017366812, 0.6052434172679719, 0.5773064026032318, 0.018588262676615987, 0.5437332396328586, 0.1999140786395969, 0.8585518348574609, 0.37655757080131513, 0.7948301981206212, 0.26947087935126635, 0.19110987494017692, 0.0015500426220325136]
APTIDAO: 
43.219865182421174
GEN: 8700
Individuo: 
[2.7134920360773576, 3.2096109487004787, 4.423834484735142, 0.40234395306812454, 0.6502993715524236, 0.3599608099550205, 0.9835759320587054, 0.8015235706365275, 0.7059652343003342, 0.9496471327456337, 0.9085053523373268, 0.4411405694613516, 1.2323816594666919, 0.2628005451036091, 0.6229633174100655, 0.010216133284400982, 0.14179903991876008, 0.052308215157885814, 0.5774884349334027, 0.007867989017366812, 0.6052434172679719, 0.5879708320760968, 0.002527443152774989, 0.4594835352303087, 0.1999140786395969, 0.8585518348574609, 0.37655757080131513, 0.7948301981206212, 0.26947087935126635, 0.19110987494017692, 0.0020138189989041258]
APTIDAO: 
42.86771477882964
GEN: 8800
Individuo: 
[2.7134920360773576, 3.2096109487004787, 3.9551249953360657, 0.40234395306812454, 0.6502993715524236, 0.3599608099550205, 0.9835759320587054, 0.8015235706365275, 0.7059652343003342, 0.9496471327456337, 0.8026510466096708, 0.4411405694613516, 0.8773644604457805, 0.2628005451036091, 0.6229633174100655, 0.010216133284400982, 0.12666863238446985, 0.052308215157885814, 0.5373542332362072, 0.0628711024889681, 0.6052434172679719, 0.68830946301737, 0.003394586265094436, 0.4594835352303087, 0.1999140786395969, 0.8165181892476051, 0.37655757080131513, 0.7948301981206212, 0.26947087935126635, 0.19110987494017692, 0.0011780261829656493]
APTIDAO: 
42.87398389356899
GEN: 8900
Individuo: 
[2.709427589612937, 2.954031505350432, 3.9551249953360657, 0.40234395306812454, 0.6502993715524236, 0.3599608099550205, 0.9835759320587054, 0.8015235706365275, 0.7059652343003342, 0.9506724875630019, 0.8026510466096708, 0.4411405694613516, 0.9167556699971386, 0.2628005451036091, 0.6229633174100655, 0.010216133284400982, 0.12666863238446985, 0.09365802483196461, 0.540917028916478, 0.0628711024889681, 0.6052434172679719, 0.14853008695326492, 0.0042036168285596205, 0.4594835352303087, 0.1999140786395969, 0.8165181892476051, 0.37655757080131513, 0.8271218147253807, 0.2643950597396209, 0.186209982253673, 0.00131875085876159]
APTIDAO: 
43.476378462763634
GEN: 9000
Individuo: 
[2.709427589612937, 2.954031505350432, 4.277531534986863, 0.40234395306812454, 0.6502993715524236, 0.3599608099550205, 0.9835759320587054, 0.8015235706365275, 0.7059652343003342, 0.9506724875630019, 0.8026510466096708, 0.43827737901473673, 0.9167556699971386, 0.25539462811697383, 0.6229633174100655, 0.010216133284400982, 0.12666863238446985, 0.05531749812819037, 0.530636972947741, 0.03346624607318286, 0.6052434172679719, 0.03329858928625218, 0.004260811717486003, 0.4594835352303087, 0.2030070709617236, 0.8165181892476051, 0.37655757080131513, 0.8271218147253807, 0.2643950597396209, 0.186209982253673, 0.0016808223721062336]
APTIDAO: 
42.401336301135004
GEN: 9100
Individuo: 
[2.709427589612937, 2.954031505350432, 4.70199443173013, 0.40234395306812454, 0.6502993715524236, 0.3599608099550205, 0.9835759320587054, 0.8015235706365275, 0.7059652343003342, 0.9506724875630019, 0.8026510466096708, 0.43827737901473673, 0.9167556699971386, 0.25539462811697383, 0.6229633174100655, 0.010216133284400982, 0.12666863238446985, 0.04624126511262183, 0.530636972947741, 0.02458477622902927, 0.614234637601494, 0.0028528558140067987, 0.0021668762171317742, 0.4594835352303087, 0.2030070709617236, 0.8165181892476051, 0.37655757080131513, 0.8271218147253807, 0.2643950597396209, 0.186209982253673, 0.001332513505521741]
APTIDAO: 
42.484475792945716
GEN: 9200
Individuo: 
[2.709427589612937, 3.3563906194365662, 4.70199443173013, 0.40234395306812454, 0.6502993715524236, 0.3599608099550205, 0.9835759320587054, 0.8015235706365275, 0.7059652343003342, 0.9506724875630019, 0.8026510466096708, 0.43827737901473673, 0.9167556699971386, 0.2766383160828655, 0.6229633174100655, 0.010216133284400982, 0.11573006240662183, 0.00377156937583404, 0.530636972947741, 0.0391632701850611, 0.6051905436020052, 0.001238276577391524, 0.00432151804884669, 0.4594835352303087, 0.2030070709617236, 0.8165181892476051, 0.37655757080131513, 0.4418722832388921, 0.08325162382396131, 0.186209982253673, 0.0021697483754687104]
APTIDAO: 
48.43806106045378
GEN: 9300
Individuo: 
[2.709427589612937, 3.105059496011893, 3.7364925883122106, 0.40234395306812454, 0.6297476173941201, 0.3599608099550205, 0.9835759320587054, 0.8015235706365275, 0.7059652343003342, 0.9506724875630019, 0.7473033274717034, 0.43827737901473673, 1.2062666107262012, 0.31670071557117624, 0.6229633174100655, 0.010124207706085553, 0.11573006240662183, 0.0015701783712240586, 0.530636972947741, 0.07157113091621471, 0.6051905436020052, 0.011230487898478945, 0.03333266712953629, 0.4594835352303087, 0.2030070709617236, 0.7764766057861735, 0.37655757080131513, 0.460885448647624, 0.08325162382396131, 0.186209982253673, 0.0021697483754687104]
APTIDAO: 
46.94124412517121
GEN: 9400
Individuo: 
[2.709427589612937, 3.559085302231642, 3.5487211245742776, 0.40234395306812454, 0.6297476173941201, 0.3599608099550205, 0.9835759320587054, 0.8015235706365275, 0.7059652343003342, 0.9506724875630019, 0.7473033274717034, 0.43827737901473673, 1.4144614758005376, 0.3285170762122808, 0.6229633174100655, 0.011901264781875294, 0.06663411723450963, 0.014786148351284188, 0.5055626327640862, 0.10803842620819376, 0.5647874388843811, 0.13229008702275397, 0.041748945989941944, 0.4594835352303087, 0.2030070709617236, 0.5707179543302795, 0.37655757080131513, 0.460885448647624, 0.08325162382396131, 0.18339169280896694, 0.0012677984763659143]
APTIDAO: 
44.309106064541346
GEN: 9500
Individuo: 
[2.709427589612937, 3.559085302231642, 3.8371578266999715, 0.40234395306812454, 0.6297476173941201, 0.3599608099550205, 0.9855534116293225, 0.8015235706365275, 0.7059652343003342, 0.9506724875630019, 0.7473033274717034, 0.43827737901473673, 1.4144614758005376, 0.3149226518975013, 0.6229633174100655, 0.011901264781875294, 0.06663411723450963, 0.017742610641457015, 0.5055626327640862, 0.09114626422626454, 0.5647874388843811, 0.16535567152779473, 0.041748945989941944, 0.4594835352303087, 0.2030070709617236, 0.5707179543302795, 0.37655757080131513, 0.460885448647624, 0.07445078466558433, 0.18339169280896694, 0.0014137991783532238]
APTIDAO: 
43.93407861179808
GEN: 9600
Individuo: 
[2.709427589612937, 3.559085302231642, 3.635254337276223, 0.3387026582819673, 0.6350760602902765, 0.3599608099550205, 0.9943821125109072, 0.8015235706365275, 0.7059652343003342, 0.9506724875630019, 0.7473033274717034, 0.43827737901473673, 1.4144614758005376, 0.3577772526598109, 0.6229633174100655, 0.02353586888810345, 0.050664731099258786, 0.0011606833216087694, 0.4971770317817984, 0.09114626422626454, 0.5595273444213623, 0.2627915751410352, 0.05880120466440999, 0.4594835352303087, 0.2030070709617236, 0.5707179543302795, 0.37655757080131513, 0.5818474056761116, 0.17531265892319617, 0.18339169280896694, 0.0014137991783532238]
APTIDAO: 
45.46140555115301
GEN: 9700
Individuo: 
[2.709427589612937, 3.8316526852897854, 4.25046316946139, 0.3387026582819673, 0.6350760602902765, 0.3599608099550205, 0.9845711872105496, 0.8015235706365275, 0.7059652343003342, 0.9506724875630019, 0.7473033274717034, 0.43827737901473673, 1.0790855984817083, 0.3577772526598109, 0.6229633174100655, 0.02353586888810345, 0.050664731099258786, 0.0010109428789135471, 0.4971770317817984, 0.09114626422626454, 0.5595273444213623, 0.44341664042662693, 0.05880120466440999, 0.4594835352303087, 0.2030070709617236, 0.5707179543302795, 0.37655757080131513, 0.5818474056761116, 0.16995739687639705, 0.18339169280896694, 0.0011085329268319384]
APTIDAO: 
44.08709708488695
GEN: 9800
Individuo: 
[2.4026414417585813, 3.8316526852897854, 4.25046316946139, 0.3387026582819673, 0.6350760602902765, 0.3599608099550205, 0.9845711872105496, 0.8015235706365275, 0.7059652343003342, 0.9506724875630019, 0.7473033274717034, 0.43827737901473673, 1.3466817243156122, 0.3577772526598109, 0.6229633174100655, 0.018067655731523843, 0.050664731099258786, 0.0012536542452316918, 0.4971770317817984, 0.09114626422626454, 0.5758701470063238, 0.4470501592255277, 0.05880120466440999, 0.42708316666628204, 0.2030070709617236, 0.5707179543302795, 0.37655757080131513, 0.5818474056761116, 0.16767947463055913, 0.18339169280896694, 0.0016279920004401845]
APTIDAO: 
43.17611880410765
GEN: 9900
Individuo: 
[2.4026414417585813, 3.8316526852897854, 4.529730460176971, 0.3387026582819673, 0.6350760602902765, 0.370314093502981, 0.9843362297687964, 0.8015235706365275, 0.7059652343003342, 0.9506724875630019, 0.7473033274717034, 0.43827737901473673, 1.4635117712014587, 0.3577772526598109, 0.6229633174100655, 0.017410917699694217, 0.05484974951903432, 0.001527450295603007, 0.4971770317817984, 0.09114626422626454, 0.5758701470063238, 0.7915879364202114, 0.05880120466440999, 0.42708316666628204, 0.2030070709617236, 0.5707179543302795, 0.37655757080131513, 0.5818474056761116, 0.16767947463055913, 0.18339169280896694, 0.004306153177637942]
APTIDAO: 
43.08553866300022
GEN: 10000
Individuo: 
[3.175872589728974, 2.85142989987139, 3.799680203054067, 0.3387026582819673, 0.6350760602902765, 0.370314093502981, 0.9843362297687964, 0.8185564403720142, 0.7059652343003342, 0.9506724875630019, 0.7473033274717034, 0.43827737901473673, 0.8507308458835982, 0.3577772526598109, 0.6229633174100655, 0.058145295790023095, 0.05484974951903432, 0.017096300688446173, 0.4971770317817984, 0.23416189964646936, 0.5199221520890577, 0.856495824847453, 0.0022230114774891897, 0.061903600421606864, 0.2030070709617236, 0.5707179543302795, 0.37655757080131513, 0.5818474056761116, 0.16767947463055913, 0.16026282706393047, 0.013359116246079373]
APTIDAO: 
50.14693726718577

--- RESULTADO FINAL ---
Erro (norma-1): 50.14693726718577
Parâmetros: [3.175872589728974, 2.85142989987139, 3.799680203054067, 0.3387026582819673, 0.6350760602902765, 0.370314093502981, 0.9843362297687964, 0.8185564403720142, 0.7059652343003342, 0.9506724875630019, 0.7473033274717034, 0.43827737901473673, 0.8507308458835982, 0.3577772526598109, 0.6229633174100655, 0.058145295790023095, 0.05484974951903432, 0.017096300688446173, 0.4971770317817984, 0.23416189964646936, 0.5199221520890577, 0.856495824847453, 0.0022230114774891897, 0.061903600421606864, 0.2030070709617236, 0.5707179543302795, 0.37655757080131513, 0.5818474056761116, 0.16767947463055913, 0.16026282706393047, 0.013359116246079373]
Tempo total: 02h 00m 58s
