SEED: 1778434285
METODO: ABCD_GK
IND_SIZE: 31
GEN: 0
Individuo: 
[3.755233378891195, 0.4158342160314077, 3.993960076569575, 0.48850503110682475, 0.5138243527646407, 0.137288502628819, 0.6028240637419188, 1.1551207969808692, 1.24510712778854, 1.2637321015309977, 1.1130166406841244, 0.18815809911592246, 0.24152219320335877, 0.23037782898064135, 0.030587843076535566, 0.8111076110132195, 0.14491324791109325, 0.14286821378706444, 0.4969518233451209, 0.07455798657809799, 0.2416683915918664, 0.4385653375949443, 0.2869192113302001, 0.5308479473022796, 0.5921403695864238, 0.3828490726950153, 0.036271458243058136, 0.37968485031576577, 0.31865945580848504, 0.7059594873144871, 0.5027358168992252]
APTIDAO: 
120.55113171099892
GEN: 100
Individuo: 
[0.14444755743484228, 1.6942143167558812, 1.728347536122902, 0.12623846206760347, 0.5138243527646407, 0.137288502628819, 0.5514513049334387, 1.1551207969808692, 1.2766096785959045, 1.2637321015309977, 0.8129420134305659, 1.2728605553433623, 0.22157582401622672, 0.23037782898064135, 0.07604617022339795, 0.8111076110132195, 0.0012775901980302741, 0.04377483082262642, 0.2918223803609223, 0.21784425427695006, 0.2416683915918664, 0.2537739698808121, 0.1384796455215073, 0.1840386343173836, 0.3719298499384434, 0.4509256091919666, 0.0016971228916056707, 0.6359983676113481, 0.31865945580848504, 0.037202460765717205, 0.22125027568804387]
APTIDAO: 
53.2888399403691
GEN: 200
Individuo: 
[0.14444755743484228, 1.6942143167558812, 1.728347536122902, 0.10358395295484762, 0.5138243527646407, 0.048642429625679114, 0.5514513049334387, 1.1206307089927918, 0.33110382968117424, 1.2637321015309977, 0.8918917128974145, 1.3832620172152974, 0.22157582401622672, 0.22274305656857543, 0.08192360772144484, 0.8111076110132195, 0.0025171588326728, 0.43103838478435114, 0.2918223803609223, 0.46884338076132603, 0.0019201333078169304, 0.25843048894777987, 0.1384796455215073, 0.7228717052892086, 0.3719298499384434, 0.5063926664115166, 0.0016971228916056707, 0.6359983676113481, 0.3230451338652193, 0.013892218534066858, 0.22125027568804387]
APTIDAO: 
50.8422881771454
GEN: 300
Individuo: 
[0.14444755743484228, 1.5806075444355665, 1.728347536122902, 0.28828032262447534, 0.5138243527646407, 0.048642429625679114, 0.5514513049334387, 1.1206307089927918, 0.33110382968117424, 1.2637321015309977, 0.8918917128974145, 1.3832620172152974, 0.22157582401622672, 0.22274305656857543, 0.08192360772144484, 0.8111076110132195, 0.001535750458350937, 0.31599608572126014, 0.2918223803609223, 0.42733152506305266, 0.0011783168939616781, 0.25843048894777987, 0.1384796455215073, 0.9000302100048212, 0.3719298499384434, 0.5063926664115166, 0.0072396343053893345, 0.6299843430215059, 0.3230451338652193, 0.013892218534066858, 0.22125027568804387]
APTIDAO: 
50.51581195622346
GEN: 400
Individuo: 
[0.14444755743484228, 1.5806075444355665, 1.728347536122902, 0.3060220558201982, 0.5138243527646407, 0.04529552895328733, 0.5514513049334387, 1.1206307089927918, 0.33110382968117424, 1.2637321015309977, 0.8918917128974145, 1.3832620172152974, 0.22157582401622672, 0.22274305656857543, 0.08192360772144484, 0.8262999065935656, 0.0015270141326849966, 0.38485784610734175, 0.2918223803609223, 0.42841382769136094, 0.0017569739655529015, 0.26066695955572844, 0.1384796455215073, 0.5330390351130861, 0.3719298499384434, 0.5063926664115166, 0.00817985085840577, 0.6299843430215059, 0.3230451338652193, 0.010872346642492467, 0.22125027568804387]
APTIDAO: 
50.45340890387153
GEN: 500
Individuo: 
[0.14406281997277795, 1.5806075444355665, 1.728347536122902, 0.3357559412808895, 0.5138243527646407, 0.03186324314937552, 0.5514513049334387, 1.1206307089927918, 0.33110382968117424, 1.2637321015309977, 0.8918917128974145, 1.2924849136597112, 0.22157582401622672, 0.22274305656857543, 0.08192360772144484, 0.8262999065935656, 0.001358023804356199, 0.29814254438212723, 0.2918223803609223, 0.42841382769136094, 0.0029780784457902063, 0.26066695955572844, 0.1384796455215073, 0.812246902241995, 0.3719298499384434, 0.5063926664115166, 0.007839180986249318, 0.6299843430215059, 0.3230451338652193, 0.003439273814305049, 0.22125027568804387]
APTIDAO: 
50.367327198136145
GEN: 600
Individuo: 
[0.11560413352441692, 1.5806075444355665, 1.728347536122902, 0.3357559412808895, 0.5138243527646407, 0.03186324314937552, 0.5514513049334387, 1.1206307089927918, 0.33110382968117424, 1.2637321015309977, 0.8918917128974145, 1.4667527920816565, 0.22157582401622672, 0.22274305656857543, 0.08192360772144484, 0.8262999065935656, 0.0010617169247677735, 0.21233814199761175, 0.2952363522481706, 0.42841382769136094, 0.0015782216776185317, 0.26066695955572844, 0.1384796455215073, 0.7765846478217504, 0.3719298499384434, 0.5063926664115166, 0.007521727461498468, 0.6299843430215059, 0.3230451338652193, 0.003439273814305049, 0.22125027568804387]
APTIDAO: 
50.3867765751859
GEN: 700
Individuo: 
[0.10186023867737357, 1.5806075444355665, 1.728347536122902, 0.2806842810914149, 0.5138243527646407, 0.030682390921511142, 0.5514513049334387, 1.1206307089927918, 0.33110382968117424, 1.2637321015309977, 0.8918917128974145, 1.3149878930714114, 0.22157582401622672, 0.22274305656857543, 0.1744865315228162, 0.8262999065935656, 0.0020098210701697105, 0.16402313553273618, 0.2952363522481706, 0.44568392251482225, 0.017311714631455186, 0.2692167607429117, 0.1384796455215073, 0.9873901562965965, 0.3719298499384434, 0.5063926664115166, 0.004624563458493589, 0.6299843430215059, 0.3230451338652193, 0.01936586094392644, 0.22125027568804387]
APTIDAO: 
50.42288654920505
GEN: 800
Individuo: 
[0.10186023867737357, 1.5806075444355665, 1.728347536122902, 0.625808880998, 0.5138243527646407, 0.027887200392811333, 0.5514513049334387, 1.1206307089927918, 0.33110382968117424, 1.2637321015309977, 0.8918917128974145, 1.3149878930714114, 0.22157582401622672, 0.22274305656857543, 0.1744865315228162, 0.8262999065935656, 0.002059303565410511, 0.16402313553273618, 0.2952363522481706, 0.44568392251482225, 0.002137231615678897, 0.2692167607429117, 0.14044562792548596, 0.8415334448346175, 0.3719298499384434, 0.5063926664115166, 0.004624563458493589, 0.6299843430215059, 0.3230451338652193, 0.01936586094392644, 0.22125027568804387]
APTIDAO: 
50.47624095543047
GEN: 900
Individuo: 
[0.10186023867737357, 1.5806075444355665, 1.728347536122902, 0.3311146597650706, 0.5138243527646407, 0.027887200392811333, 0.5514513049334387, 1.1206307089927918, 0.33110382968117424, 1.2637321015309977, 0.8918917128974145, 1.3149878930714114, 0.22157582401622672, 0.22274305656857543, 0.1744865315228162, 0.8262999065935656, 0.0010261665585269315, 0.16402313553273618, 0.2952363522481706, 0.4272570690551829, 0.0026269646543833278, 0.2692167607429117, 0.14044562792548596, 0.8415334448346175, 0.3719298499384434, 0.5063926664115166, 0.006190899462734757, 0.6299843430215059, 0.3230451338652193, 0.01936586094392644, 0.22125027568804387]
APTIDAO: 
50.451934597522936
GEN: 1000
Individuo: 
[0.10946993020781992, 1.528359790205757, 1.728347536122902, 0.148072849347128, 0.5138243527646407, 0.027887200392811333, 0.5514513049334387, 1.1206307089927918, 0.4337862841554468, 1.2637321015309977, 0.8918917128974145, 1.3219744530700004, 0.22157582401622672, 0.22274305656857543, 0.1744865315228162, 0.8262999065935656, 0.0024243033466661147, 0.10468552928168214, 0.2952363522481706, 0.39946409857622334, 0.006932711889754875, 0.2692167607429117, 0.14044562792548596, 0.9637828591040715, 0.3719298499384434, 0.5063926664115166, 0.008255068658516464, 0.6299843430215059, 0.3048322718420793, 0.01936586094392644, 0.22125027568804387]
APTIDAO: 
50.45851566738165
GEN: 1100
Individuo: 
[0.10390514895093354, 1.6952513840437047, 1.728347536122902, 0.3139254493533664, 0.5138243527646407, 0.027887200392811333, 0.5514513049334387, 1.1206307089927918, 0.4337862841554468, 1.2637321015309977, 0.8918917128974145, 1.381199722659465, 0.22157582401622672, 0.22274305656857543, 0.1744865315228162, 0.8262999065935656, 0.0024243033466661147, 0.13713270712671394, 0.2952363522481706, 0.39946409857622334, 0.00425006292316765, 0.26765296080399004, 0.14044562792548596, 0.9637828591040715, 0.3719298499384434, 0.5063926664115166, 0.010136990950015528, 0.6299843430215059, 0.3048322718420793, 0.01936586094392644, 0.22125027568804387]
APTIDAO: 
50.45506702110347
GEN: 1200
Individuo: 
[0.10648888196538533, 1.372091691285637, 1.728347536122902, 0.3908839430346722, 0.5138243527646407, 0.021385810648353928, 0.5514513049334387, 1.1206307089927918, 0.4337862841554468, 1.2637321015309977, 0.8918917128974145, 1.4027068220577448, 0.22157582401622672, 0.22274305656857543, 0.1744865315228162, 0.8262999065935656, 0.001410645174992802, 0.07969831578790511, 0.2952363522481706, 0.39946409857622334, 0.0026038719637183575, 0.26765296080399004, 0.14044562792548596, 0.9593969493406046, 0.3719298499384434, 0.5063926664115166, 0.009138587108944838, 0.6299843430215059, 0.3048322718420793, 0.01936586094392644, 0.22125027568804387]
APTIDAO: 
50.423941474485446
GEN: 1300
Individuo: 
[0.10052186855192723, 1.5715522390186507, 1.728347536122902, 0.3908839430346722, 0.5138243527646407, 0.021385810648353928, 0.5514513049334387, 1.1206307089927918, 0.4337862841554468, 1.2637321015309977, 0.8918917128974145, 1.4027068220577448, 0.22157582401622672, 0.22274305656857543, 0.1744865315228162, 0.8262999065935656, 0.0010990992166560252, 0.07129783860488323, 0.2952363522481706, 0.39946409857622334, 0.0021323146021673296, 0.26565926978135534, 0.14044562792548596, 0.3970836308806836, 0.3719298499384434, 0.5063926664115166, 0.009138587108944838, 0.6299843430215059, 0.3048322718420793, 0.01936586094392644, 0.22125027568804387]
APTIDAO: 
50.44379676894837
GEN: 1400
Individuo: 
[0.10963433058054532, 1.5715522390186507, 1.728347536122902, 0.24893704505424696, 0.5138243527646407, 0.01657382640337542, 0.5514513049334387, 1.1206307089927918, 0.4337862841554468, 1.2637321015309977, 0.8918917128974145, 1.4623515431764018, 0.22157582401622672, 0.22274305656857543, 0.1744865315228162, 0.8262999065935656, 0.001032103325350104, 0.05383630983144534, 0.2952363522481706, 0.39946409857622334, 0.021610652436675187, 0.26565926978135534, 0.14044562792548596, 0.3376103584761163, 0.3719298499384434, 0.5063926664115166, 0.009138587108944838, 0.6299843430215059, 0.3048322718420793, 0.01936586094392644, 0.22125027568804387]
APTIDAO: 
50.40419123145426
GEN: 1500
Individuo: 
[0.10122723756118371, 1.5715522390186507, 1.728347536122902, 0.3773846363429446, 0.5138243527646407, 0.01657382640337542, 0.5514513049334387, 1.1209136523866645, 0.4337862841554468, 1.2637321015309977, 0.8918917128974145, 1.4623515431764018, 0.22157582401622672, 0.22274305656857543, 0.1744865315228162, 0.8262999065935656, 0.001032103325350104, 0.06335802498877459, 0.2952363522481706, 0.39946409857622334, 0.03318821578024436, 0.26565926978135534, 0.14044562792548596, 0.4449102157326407, 0.3719298499384434, 0.5063926664115166, 0.009138587108944838, 0.6299843430215059, 0.3048322718420793, 0.01936586094392644, 0.22125027568804387]
APTIDAO: 
50.38218375593351
GEN: 1600
Individuo: 
[0.13765277056533698, 1.5715522390186507, 1.728347536122902, 0.3773846363429446, 0.5138243527646407, 0.01657382640337542, 0.5514513049334387, 1.1209136523866645, 0.44666035836222673, 1.2637321015309977, 0.8918917128974145, 1.4623515431764018, 0.22157582401622672, 0.22274305656857543, 0.1640137125780024, 0.8262999065935656, 0.0014285210985210569, 0.007746895305274608, 0.2952363522481706, 0.39946409857622334, 0.028901105524306765, 0.26565926978135534, 0.14044562792548596, 0.4590442120354198, 0.3719298499384434, 0.5063926664115166, 0.010325359266920155, 0.6299843430215059, 0.30929172428835505, 0.01936586094392644, 0.22125027568804387]
APTIDAO: 
50.42971630313126
GEN: 1700
Individuo: 
[0.10405781583128107, 1.5715522390186507, 1.728347536122902, 0.26106951106813175, 0.5138243527646407, 0.01657382640337542, 0.5514513049334387, 1.1209136523866645, 0.44666035836222673, 1.2637321015309977, 0.8918917128974145, 1.4623515431764018, 0.22157582401622672, 0.22274305656857543, 0.1640137125780024, 0.8262999065935656, 0.0010962852970853227, 0.021174531402605102, 0.2952363522481706, 0.39946409857622334, 0.02258668816739533, 0.26565926978135534, 0.14044562792548596, 0.5370932935067868, 0.3719298499384434, 0.5063926664115166, 0.009620637328913828, 0.6299843430215059, 0.30929172428835505, 0.01936586094392644, 0.22125027568804387]
APTIDAO: 
50.38727014745302
GEN: 1800
Individuo: 
[0.10405781583128107, 1.5715522390186507, 1.728347536122902, 0.26106951106813175, 0.5138243527646407, 0.01657382640337542, 0.5514513049334387, 1.1209136523866645, 0.44666035836222673, 1.2637321015309977, 0.8527069929641719, 1.4623515431764018, 0.22157582401622672, 0.22274305656857543, 0.1640137125780024, 0.8262999065935656, 0.0010962852970853227, 0.015322964397070576, 0.2952363522481706, 0.39946409857622334, 0.048046610657357956, 0.26565926978135534, 0.14044562792548596, 0.607988089686221, 0.3719298499384434, 0.5063926664115166, 0.010197246561399803, 0.6299843430215059, 0.30929172428835505, 0.01936586094392644, 0.22125027568804387]
APTIDAO: 
50.64317461223105
GEN: 1900
Individuo: 
[0.10284308069627617, 1.5715522390186507, 1.728347536122902, 0.28637719583128374, 0.5138243527646407, 0.013368090511844214, 0.5514513049334387, 1.1209136523866645, 0.44666035836222673, 1.2637321015309977, 0.8527069929641719, 1.4623515431764018, 0.22157582401622672, 0.22274305656857543, 0.1640137125780024, 0.8262999065935656, 0.0024238651210560626, 0.011319385455006365, 0.28683612276534903, 0.39946409857622334, 0.05062021318825943, 0.26565926978135534, 0.14044562792548596, 0.607988089686221, 0.3719298499384434, 0.5063926664115166, 0.007866042090487675, 0.6299843430215059, 0.30929172428835505, 0.01936586094392644, 0.22125027568804387]
APTIDAO: 
50.39153777948139
GEN: 2000
Individuo: 
[0.1045071412959835, 1.5715522390186507, 1.728347536122902, 0.28637719583128374, 0.5138243527646407, 0.010274559429502828, 0.5514513049334387, 1.1209136523866645, 0.44666035836222673, 1.2637321015309977, 0.8527069929641719, 1.4623515431764018, 0.22157582401622672, 0.22274305656857543, 0.1640137125780024, 0.8262999065935656, 0.0024238651210560626, 0.025582653274322468, 0.28683612276534903, 0.39946409857622334, 0.04776633155169531, 0.26565926978135534, 0.14044562792548596, 0.02318994150173089, 0.3719298499384434, 0.5063926664115166, 0.007866042090487675, 0.6299843430215059, 0.3087164845912153, 0.01936586094392644, 0.22125027568804387]
APTIDAO: 
50.37720261355329
GEN: 2100
Individuo: 
[0.10860032100436692, 1.5715522390186507, 1.728347536122902, 0.43430707719854467, 0.5138243527646407, 0.05073010092621016, 0.5492410055904915, 1.1209136523866645, 0.44666035836222673, 1.2637321015309977, 0.8527069929641719, 1.4623515431764018, 0.22157582401622672, 0.22274305656857543, 0.1667337073984333, 0.9021869768927412, 0.0024238651210560626, 0.2817847573204438, 0.28683612276534903, 0.3704687267680109, 0.04776633155169531, 0.26127000415926244, 0.14044562792548596, 0.0188487552124986, 0.3719298499384434, 0.5063926664115166, 0.021638318495655184, 0.6299843430215059, 0.3087164845912153, 0.015722493067538687, 0.22125027568804387]
APTIDAO: 
50.646992226734106
GEN: 2200
Individuo: 
[0.10860032100436692, 1.5715522390186507, 1.728347536122902, 0.2518580769259358, 0.5138243527646407, 0.016787433938063288, 0.5492410055904915, 1.1209136523866645, 0.44666035836222673, 1.2637321015309977, 0.7788841571490434, 1.4623515431764018, 0.22157582401622672, 0.22274305656857543, 0.3067558645476004, 0.9021869768927412, 0.0012609384025528394, 0.49379032854957705, 0.28683612276534903, 0.5254498450683789, 0.001588419331606627, 0.2685618880605798, 0.1717766188966218, 0.4825178244745896, 0.3719298499384434, 0.5005469285561774, 0.021638318495655184, 0.6299843430215059, 0.3087164845912153, 0.01936586094392644, 0.2140542498661229]
APTIDAO: 
50.58525422736772
GEN: 2300
Individuo: 
[0.10250218175621763, 1.5715522390186507, 1.728347536122902, 0.29845074247812764, 0.5138243527646407, 0.016787433938063288, 0.8654955909281449, 1.1209136523866645, 0.44666035836222673, 1.2637321015309977, 0.7846033520590557, 1.4623515431764018, 0.22157582401622672, 0.22274305656857543, 0.3067558645476004, 0.9021869768927412, 0.006157803357248218, 0.5799881797655035, 0.28683612276534903, 0.5254498450683789, 0.0020662351885803423, 0.2685618880605798, 0.1717766188966218, 0.9358901874224139, 0.656076723817844, 0.5005469285561774, 0.00674440742452047, 0.6299843430215059, 0.3087164845912153, 0.008454187872019216, 0.22555056517799588]
APTIDAO: 
50.401040653806724
GEN: 2400
Individuo: 
[0.10133000575408989, 1.5715522390186507, 1.728347536122902, 0.3197673242288683, 0.5138243527646407, 0.018643102055155472, 0.8654955909281449, 1.1209136523866645, 0.32507887527765966, 1.2637321015309977, 0.7846033520590557, 1.459250813064649, 0.22157582401622672, 0.22274305656857543, 0.3067558645476004, 0.9021869768927412, 0.006341884446156668, 0.9830317427122722, 0.28683612276534903, 0.5254498450683789, 0.0015627832795440286, 0.2685618880605798, 0.1717766188966218, 0.9369492427251724, 0.656076723817844, 0.5005469285561774, 0.00674440742452047, 0.6299843430215059, 0.3087164845912153, 0.008661771792539309, 0.22555056517799588]
APTIDAO: 
50.380652624156205
GEN: 2500
Individuo: 
[0.10281785948554482, 1.5102852366746706, 1.728347536122902, 0.207508538817688, 0.5138243527646407, 0.018643102055155472, 0.8654955909281449, 1.1209136523866645, 0.3979271188087847, 1.2637321015309977, 0.7846033520590557, 1.34923481941791, 0.22157582401622672, 0.22274305656857543, 0.36289873918899, 0.9021869768927412, 0.006341884446156668, 0.7394588446782671, 0.28683612276534903, 0.5254498450683789, 0.0026325968290245314, 0.2685618880605798, 0.1717766188966218, 0.9369492427251724, 0.656076723817844, 0.5005469285561774, 0.00674440742452047, 0.6299843430215059, 0.3087164845912153, 0.008661771792539309, 0.22555056517799588]
APTIDAO: 
50.41338023462189
GEN: 2600
Individuo: 
[0.10281785948554482, 1.4690978681219997, 1.728347536122902, 0.3949121363408619, 0.5138243527646407, 0.017484056468546283, 0.8654955909281449, 1.1209136523866645, 0.3410750365916587, 1.2637321015309977, 0.7846033520590557, 1.34923481941791, 0.22157582401622672, 0.22274305656857543, 0.2007252139370662, 0.9021869768927412, 0.00597199980576753, 0.08553372206728237, 0.28683612276534903, 0.5254498450683789, 0.004154299996642144, 0.2685618880605798, 0.1717766188966218, 0.7306033596392054, 0.6629034597945406, 0.5005469285561774, 0.001194589540374115, 0.6299843430215059, 0.3087164845912153, 0.008661771792539309, 0.22327739852471462]
APTIDAO: 
50.379846208229175
GEN: 2700
Individuo: 
[0.10281785948554482, 1.5197209751493141, 1.728347536122902, 0.2820185829201464, 0.5138243527646407, 0.017484056468546283, 0.8654955909281449, 1.1209136523866645, 0.3410750365916587, 1.2637321015309977, 0.7846033520590557, 1.34923481941791, 0.22157582401622672, 0.22274305656857543, 0.2007252139370662, 0.9021869768927412, 0.001903397938503889, 0.07764054906707175, 0.28683612276534903, 0.5336624061648481, 0.0016124130600573198, 0.2685618880605798, 0.1717766188966218, 0.8086134082686477, 0.6629034597945406, 0.5005469285561774, 0.0019318638243098025, 0.6299843430215059, 0.3087164845912153, 0.008661771792539309, 0.22327739852471462]
APTIDAO: 
50.35198082992607
GEN: 2800
Individuo: 
[0.1009084707599348, 1.5197209751493141, 1.728347536122902, 0.24308855597146212, 0.5138243527646407, 0.017484056468546283, 0.8654955909281449, 1.1209136523866645, 0.6647135579797182, 1.2637321015309977, 0.7846033520590557, 1.3861500112237717, 0.22157582401622672, 0.22274305656857543, 0.2007252139370662, 0.9021869768927412, 0.005963134685648262, 0.07764054906707175, 0.28683612276534903, 0.5336624061648481, 0.0011134466525967947, 0.2685618880605798, 0.1717766188966218, 0.8097911784117882, 0.6629034597945406, 0.4976965677395312, 0.0019318638243098025, 0.6299843430215059, 0.3087164845912153, 0.008661771792539309, 0.22264514724985748]
APTIDAO: 
50.393739271557116
GEN: 2900
Individuo: 
[0.1009084707599348, 1.5197209751493141, 1.728347536122902, 0.36550840354084646, 0.5138243527646407, 0.015842673925551064, 0.8654955909281449, 1.1209136523866645, 0.5450612824898864, 1.2637321015309977, 0.7846033520590557, 1.386757228476563, 0.22157582401622672, 0.22274305656857543, 0.13620052568675833, 0.9021869768927412, 0.004734354232051654, 0.07764054906707175, 0.28683612276534903, 0.5336624061648481, 0.008521400503422556, 0.2685618880605798, 0.1717766188966218, 0.39107746735032484, 0.6629034597945406, 0.4976965677395312, 0.004090734343815151, 0.6299843430215059, 0.3110002494104888, 0.008661771792539309, 0.22264514724985748]
APTIDAO: 
50.37237473730811
GEN: 3000
Individuo: 
[0.10213214379833067, 1.5197209751493141, 1.728347536122902, 0.3235416938637847, 0.5138243527646407, 0.015842673925551064, 0.8654955909281449, 1.1209136523866645, 0.5088570651218224, 1.2637321015309977, 0.7846033520590557, 1.386757228476563, 0.22157582401622672, 0.22274305656857543, 0.13620052568675833, 0.9021869768927412, 0.004469199035542012, 0.01555579622412653, 0.28683612276534903, 0.5336624061648481, 0.10094887705780548, 0.2685618880605798, 0.1717766188966218, 0.32298070261359696, 0.6629034597945406, 0.4976965677395312, 0.0031674113217644412, 0.9341500793599158, 0.6714333995992254, 0.008661771792539309, 0.22264514724985748]
APTIDAO: 
50.34018318652175
GEN: 3100
Individuo: 
[0.25049693878928875, 1.5197209751493141, 1.728347536122902, 0.45141347569815443, 0.5138243527646407, 0.021439177528000276, 0.8654955909281449, 1.1209136523866645, 1.3108486804204327, 1.2637321015309977, 0.7846033520590557, 1.4216647595151692, 0.22157582401622672, 0.22274305656857543, 0.13620052568675833, 0.9021869768927412, 0.009149557977469223, 0.11189954464625683, 0.28683612276534903, 0.5336624061648481, 0.025107620553307678, 0.2685618880605798, 0.1717766188966218, 0.9493446289508481, 0.6629034597945406, 0.4976965677395312, 0.0025322581263124877, 0.6299843430215059, 0.3110002494104888, 0.008661771792539309, 0.22264514724985748]
APTIDAO: 
50.50206026094885
GEN: 3200
Individuo: 
[0.1035942267165045, 1.5197209751493141, 1.728347536122902, 0.19360237148821072, 0.5138243527646407, 0.018848968577812215, 0.8654955909281449, 1.1209136523866645, 1.3108486804204327, 1.2637321015309977, 0.7846033520590557, 1.2000656268552385, 0.22157582401622672, 0.22274305656857543, 0.12551903890159855, 0.8815829555044848, 0.001845917575358514, 0.8047392744597378, 0.28641939504042746, 0.5336624061648481, 0.03403306238922536, 0.2685618880605798, 0.1717766188966218, 0.8375816320627679, 0.6629034597945406, 0.4976965677395312, 0.04188875453191722, 0.6299843430215059, 0.3110002494104888, 0.008661771792539309, 0.22264514724985748]
APTIDAO: 
50.431906433762904
GEN: 3300
Individuo: 
[0.1035942267165045, 1.6233600505456773, 1.728347536122902, 0.30214154071181953, 0.5138243527646407, 0.017743717081175243, 0.8654955909281449, 1.1209136523866645, 1.4043644871691494, 1.2637321015309977, 0.7846033520590557, 1.2191699175596205, 0.22157582401622672, 0.22274305656857543, 0.08497205618145807, 0.8815829555044848, 0.0015859645393419598, 0.3377184525211818, 0.28641939504042746, 0.5336624061648481, 0.03403306238922536, 0.2685618880605798, 0.1717766188966218, 0.9298402366838768, 0.6629034597945406, 0.4976965677395312, 0.04188875453191722, 0.6299843430215059, 0.3110002494104888, 0.008661771792539309, 0.22264514724985748]
APTIDAO: 
50.36909506090523
GEN: 3400
Individuo: 
[0.11031624233541297, 1.6233600505456773, 1.728347536122902, 0.22670877774432371, 0.5138243527646407, 0.017743717081175243, 0.8654955909281449, 1.1209136523866645, 1.1335509555439895, 1.2637321015309977, 0.7846033520590557, 1.2191699175596205, 0.22157582401622672, 0.22274305656857543, 0.035584920013178846, 0.8815829555044848, 0.001500435017807848, 0.33571020228664633, 0.28641939504042746, 0.5336624061648481, 0.5865977423095109, 0.2685618880605798, 0.1674196352837158, 0.8394458037470867, 0.6629034597945406, 0.4976965677395312, 0.04188875453191722, 0.6299843430215059, 0.3110002494104888, 0.008661771792539309, 0.22264514724985748]
APTIDAO: 
50.343978576913095
GEN: 3500
Individuo: 
[0.11031624233541297, 1.6233600505456773, 1.728347536122902, 0.3619588799735202, 0.5138243527646407, 0.01170154291790961, 0.8654955909281449, 1.1209136523866645, 1.3743988135081397, 1.2637321015309977, 0.7846033520590557, 1.2191699175596205, 0.22157582401622672, 0.22274305656857543, 0.05242025267186509, 0.8815829555044848, 0.0010619988108768906, 0.08709772137556439, 0.28641939504042746, 0.5336624061648481, 0.37848588161294966, 0.2685618880605798, 0.1674196352837158, 0.5311734395303425, 0.6629034597945406, 0.4976965677395312, 0.04188875453191722, 0.6299843430215059, 0.3110002494104888, 0.008661771792539309, 0.22264514724985748]
APTIDAO: 
50.32556991666856
GEN: 3600
Individuo: 
[0.10655262063290592, 1.6233600505456773, 1.728347536122902, 0.3619588799735202, 0.5138243527646407, 0.012822740573256929, 0.8654955909281449, 1.1209136523866645, 1.4167208831711484, 1.2637321015309977, 0.7846033520590557, 1.2191699175596205, 0.22157582401622672, 0.22274305656857543, 0.05242025267186509, 0.8815829555044848, 0.0010195289005693537, 0.08442880401548811, 0.28641939504042746, 0.5336624061648481, 0.37848588161294966, 0.2685618880605798, 0.1674196352837158, 0.6040717728879038, 0.6629034597945406, 0.4976965677395312, 0.04188875453191722, 0.6299843430215059, 0.3110002494104888, 0.008661771792539309, 0.22264514724985748]
APTIDAO: 
50.32421821647621
GEN: 3700
Individuo: 
[0.10655262063290592, 1.3501129617801102, 1.728347536122902, 0.34912716594694715, 0.5138243527646407, 0.017857225257332868, 0.8654955909281449, 1.035186155857082, 1.4167208831711484, 1.2637321015309977, 0.7846033520590557, 0.8592188251942953, 0.22157582401622672, 0.22274305656857543, 0.029672283364451484, 0.8815829555044848, 0.001304739127863602, 0.03341122721242904, 0.28641939504042746, 0.5336624061648481, 0.9824450644146691, 0.2685618880605798, 0.1674196352837158, 0.4949763635324406, 0.6629034597945406, 0.4976965677395312, 0.31788209258557576, 0.6299843430215059, 0.3110002494104888, 0.008661771792539309, 0.22264514724985748]
APTIDAO: 
50.18628073057938
GEN: 3800
Individuo: 
[0.10655262063290592, 1.5535604503780143, 1.728347536122902, 0.3566258778588507, 0.5138243527646407, 0.015086368269246263, 0.8654955909281449, 1.035186155857082, 1.4167208831711484, 1.2637321015309977, 0.7846033520590557, 1.0573837100984012, 0.22157582401622672, 0.22274305656857543, 0.044088170604022696, 0.8815829555044848, 0.001304739127863602, 0.03341122721242904, 0.28641939504042746, 0.5336624061648481, 0.8875485180826672, 0.2685618880605798, 0.1674196352837158, 0.23140954999583863, 0.6629034597945406, 0.4976965677395312, 0.31788209258557576, 0.6299843430215059, 0.3110002494104888, 0.015831864346124644, 0.22264514724985748]
APTIDAO: 
50.06825539133391
GEN: 3900
Individuo: 
[0.10293057730471794, 1.5535604503780143, 1.728347536122902, 0.3527098948953448, 0.5138243527646407, 0.036215157727931664, 0.8654955909281449, 1.035186155857082, 1.4167208831711484, 1.2637321015309977, 0.7846033520590557, 1.1401811458012712, 0.22157582401622672, 0.22274305656857543, 0.008842458334103983, 0.8815829555044848, 0.0013352955050089743, 0.03341122721242904, 0.28641939504042746, 0.5336624061648481, 0.8875485180826672, 0.2685618880605798, 0.1674196352837158, 0.6360557738997805, 0.6629034597945406, 0.4976965677395312, 0.31788209258557576, 0.6299843430215059, 0.3110002494104888, 0.015831864346124644, 0.22264514724985748]
APTIDAO: 
50.091965769674516
GEN: 4000
Individuo: 
[0.10036041801270183, 1.5535604503780143, 1.728347536122902, 0.43060431974546726, 0.5138243527646407, 0.010729940705245447, 0.8654955909281449, 1.035186155857082, 1.4167208831711484, 1.2637321015309977, 0.7846033520590557, 1.1401811458012712, 0.22157582401622672, 0.22274305656857543, 0.00675171120784523, 0.8739728839904699, 0.0028691560595994463, 0.03341122721242904, 0.28641939504042746, 0.5336624061648481, 0.9054018341395421, 0.2670801919566374, 0.1674196352837158, 0.8094920232270919, 0.6629034597945406, 0.4976965677395312, 0.30539810102648046, 0.6299843430215059, 0.3110002494104888, 0.015831864346124644, 0.22264514724985748]
APTIDAO: 
50.062553733379
GEN: 4100
Individuo: 
[0.1002731683277831, 1.5535604503780143, 1.728347536122902, 0.3880158217562666, 0.5138243527646407, 0.012377709799617736, 0.8654955909281449, 1.035186155857082, 1.4167208831711484, 1.2637321015309977, 0.7846033520590557, 1.1401811458012712, 0.22157582401622672, 0.22274305656857543, 0.010661436287788558, 0.8739728839904699, 0.002749751982374793, 0.03341122721242904, 0.28641939504042746, 0.5336624061648481, 0.8937688871375826, 0.2670801919566374, 0.1674196352837158, 0.978677180247359, 0.6629034597945406, 0.4976965677395312, 0.30539810102648046, 0.6299843430215059, 0.3110002494104888, 0.015831864346124644, 0.22264514724985748]
APTIDAO: 
50.06036160382838
GEN: 4200
Individuo: 
[0.1002731683277831, 1.5535604503780143, 1.728347536122902, 0.16520704704028416, 0.5138243527646407, 0.01008817036431871, 0.8654955909281449, 1.035186155857082, 1.4167208831711484, 1.2645404406799836, 0.7846033520590557, 0.28105020542084963, 1.105221586870287, 0.22274305656857543, 0.010999305144856964, 0.8739728839904699, 0.0026961374529461315, 0.16420769187282375, 0.28641939504042746, 0.5336624061648481, 0.8776909722383077, 0.29634658114380324, 0.1674196352837158, 0.5793825673955278, 0.6629034597945406, 0.4976965677395312, 0.30539810102648046, 0.6479654908172395, 0.3110002494104888, 0.015831864346124644, 0.22264514724985748]
APTIDAO: 
50.39251888103211
GEN: 4300
Individuo: 
[0.11110464631119547, 1.5068355248350966, 1.728347536122902, 0.15594510593007196, 0.5138243527646407, 0.01008817036431871, 0.8654955909281449, 1.035186155857082, 1.3058233308982499, 1.2645404406799836, 0.7846033520590557, 0.28105020542084963, 1.105221586870287, 0.22274305656857543, 0.03355617656874943, 0.8739728839904699, 0.005487165139154743, 0.16932829531006877, 0.28641939504042746, 0.5336624061648481, 0.8776909722383077, 0.17334624024149933, 0.1674196352837158, 0.6536219920592312, 0.6629034597945406, 0.4976965677395312, 0.30539810102648046, 0.6299843430215059, 0.3110002494104888, 0.015831864346124644, 0.22264514724985748]
APTIDAO: 
50.12133877203278
GEN: 4400
Individuo: 
[0.11385949053525622, 1.5068355248350966, 1.728347536122902, 0.37079686625626107, 0.5138243527646407, 0.029662106251362747, 0.8654955909281449, 1.035186155857082, 1.3058233308982499, 1.2645404406799836, 0.7846033520590557, 0.28105020542084963, 1.114056371455243, 0.22274305656857543, 0.012470476632474147, 0.8739728839904699, 0.005487165139154743, 0.16932829531006877, 0.28641939504042746, 0.5336624061648481, 0.8776909722383077, 0.07018334452468822, 0.1674196352837158, 0.1521078419841956, 0.6629034597945406, 0.4980906418191237, 0.30539810102648046, 0.6299843430215059, 0.3110002494104888, 0.015831864346124644, 0.19444922690659203]
APTIDAO: 
50.336751464527495
GEN: 4500
Individuo: 
[0.13852186034117167, 1.5068355248350966, 1.728347536122902, 0.14833214458841573, 0.5138243527646407, 0.020282342458009583, 0.8654955909281449, 1.035186155857082, 1.3058233308982499, 1.2645404406799836, 0.7846033520590557, 0.281564500266436, 0.9831655267593015, 0.22274305656857543, 0.003506679467778795, 0.8739728839904699, 0.007696838937012811, 0.16932829531006877, 0.28641939504042746, 0.5336624061648481, 0.8776909722383077, 0.1774438844623618, 0.1674196352837158, 0.8474078621839236, 0.6629034597945406, 0.4980906418191237, 0.2911055773331681, 0.6299843430215059, 0.3110002494104888, 0.015831864346124644, 0.19444922690659203]
APTIDAO: 
50.15471985213658
GEN: 4600
Individuo: 
[0.6761746872849869, 1.893012485215271, 1.728347536122902, 0.2856217699530729, 0.5138243527646407, 0.012900336995078242, 0.8654955909281449, 1.035186155857082, 1.357799822812493, 1.2645404406799836, 0.7846033520590557, 0.281564500266436, 0.9831655267593015, 0.22274305656857543, 0.0034595087810084055, 0.8739728839904699, 0.0062138235200435935, 0.1518295684739847, 0.28641939504042746, 0.5336624061648481, 0.8776909722383077, 0.1774438844623618, 0.1674196352837158, 0.09860423927612823, 0.6629034597945406, 0.4980906418191237, 0.2911055773331681, 0.6299843430215059, 0.3110002494104888, 0.01534434196937984, 0.19444922690659203]
APTIDAO: 
50.15176428141812
GEN: 4700
Individuo: 
[0.6761746872849869, 1.7623008690153477, 1.8920809310573623, 0.33919838252547313, 0.5138243527646407, 0.17320772903981418, 0.8654955909281449, 1.035186155857082, 1.357799822812493, 1.2645404406799836, 0.7846033520590557, 0.281564500266436, 0.9231915019958352, 0.22274305656857543, 0.0016438845590079625, 0.8739728839904699, 0.002677433312195486, 0.05488859317603985, 0.28641939504042746, 0.5336624061648481, 0.8776909722383077, 0.29509817201319904, 0.1674196352837158, 0.007421722256794566, 0.6629034597945406, 0.4980906418191237, 0.30369941078593743, 0.6299843430215059, 0.3110002494104888, 0.047514092969725856, 0.037449152597819196]
APTIDAO: 
49.5693244984577
GEN: 4800
Individuo: 
[2.748424540595542, 1.7623008690153477, 3.1954350054681506, 0.5486004580914291, 0.5138243527646407, 0.23261935342216616, 0.8654955909281449, 1.035186155857082, 1.357799822812493, 1.2645404406799836, 0.7846033520590557, 0.281564500266436, 0.7336070179833943, 0.22274305656857543, 0.0020967094732091645, 0.8739728839904699, 0.0010152641801789242, 0.001101206061168697, 0.28641939504042746, 0.5336624061648481, 0.8689119099844439, 0.7690742604691976, 0.1674196352837158, 0.03088954489701892, 0.6629034597945406, 0.4980906418191237, 0.30369941078593743, 0.6299843430215059, 0.3110002494104888, 0.05114587050230069, 0.012697304306431567]
APTIDAO: 
47.376070255123125
GEN: 4900
Individuo: 
[3.214680204808247, 2.539148490278699, 4.248323779203012, 0.44481643585420133, 0.5138243527646407, 0.3322863577165855, 0.8654955909281449, 1.035186155857082, 1.357799822812493, 1.2645404406799836, 0.7846033520590557, 0.281564500266436, 1.3683425241520093, 0.22274305656857543, 0.0018793084791538898, 0.8739728839904699, 0.0011666222571014668, 0.004877460659687655, 0.28641939504042746, 0.5336624061648481, 0.8689119099844439, 0.4326890234359066, 0.15874741839004466, 0.04216275893838446, 0.6629034597945406, 0.4980906418191237, 0.25287824158614, 0.6299843430215059, 0.3110002494104888, 0.05114587050230069, 0.006313885077243341]
APTIDAO: 
46.63962715745608
GEN: 5000
Individuo: 
[3.214680204808247, 2.539148490278699, 4.027450415188754, 0.44481643585420133, 0.5138243527646407, 0.3322863577165855, 1.21305351221537, 1.035186155857082, 1.1543175345939716, 1.2645404406799836, 0.7846033520590557, 0.281564500266436, 1.3683425241520093, 0.23225973108111744, 0.003254762583002518, 0.4629907043871932, 0.0011084139496085022, 0.005425810799614716, 0.28641939504042746, 0.5336624061648481, 0.8689119099844439, 0.01516585630749872, 0.19594972176384812, 0.006361315081259367, 0.6813908215252801, 0.4980906418191237, 0.25287824158614, 0.6299843430215059, 0.3110002494104888, 0.04303376233616185, 0.003810506682349115]
APTIDAO: 
45.197829607184666
GEN: 5100
Individuo: 
[3.214680204808247, 3.050763727557681, 4.488084928650552, 0.4515448679341061, 0.5138243527646407, 0.3322863577165855, 1.21305351221537, 1.035186155857082, 1.1543175345939716, 1.2645404406799836, 0.7846033520590557, 0.281564500266436, 1.3683425241520093, 0.23225973108111744, 0.004064464044605938, 0.2841332599778129, 0.0015124262009469534, 0.0024325341170844325, 0.28641939504042746, 0.5336624061648481, 0.8689119099844439, 0.002604204908569491, 0.08971183682346069, 0.0014016277530931507, 0.6813908215252801, 0.4980906418191237, 0.25287824158614, 0.6299843430215059, 0.3110002494104888, 0.0402651500528796, 0.0015857991213208307]
APTIDAO: 
44.616696803622325
GEN: 5200
Individuo: 
[3.214680204808247, 3.0650958081294895, 4.191007839678525, 0.4515448679341061, 0.5138243527646407, 0.3322863577165855, 1.21305351221537, 1.035186155857082, 1.1543175345939716, 1.2645404406799836, 0.7846033520590557, 0.281564500266436, 1.4849336228677166, 0.23225973108111744, 0.002869973595719766, 0.2841332599778129, 0.001637617291397326, 0.0024325341170844325, 0.28638468336556505, 0.5336624061648481, 0.864457923633557, 0.8337745153811703, 0.08971183682346069, 0.0023320003485094716, 0.6813908215252801, 0.4980906418191237, 0.25287824158614, 0.6299843430215059, 0.3110002494104888, 0.0402651500528796, 0.0011685427110438118]
APTIDAO: 
44.338709906943045
GEN: 5300
Individuo: 
[3.214680204808247, 3.0650958081294895, 4.191007839678525, 0.4515448679341061, 0.5138243527646407, 0.3322863577165855, 1.21305351221537, 1.035186155857082, 0.8484308850305812, 1.2645404406799836, 0.7846033520590557, 0.281564500266436, 1.4599702537075212, 0.23225973108111744, 0.002321744345431719, 0.2841332599778129, 0.001249375885207783, 0.046480272334667366, 0.28638468336556505, 0.46636171523313347, 0.864457923633557, 0.2876117499084992, 0.09297310052915711, 0.0012938509341520019, 0.6813908215252801, 0.4980906418191237, 0.19378485444939297, 0.6299843430215059, 0.29456424990907104, 0.0402651500528796, 0.0012287352026716996]
APTIDAO: 
43.87902494370284
GEN: 5400
Individuo: 
[3.214680204808247, 3.0650958081294895, 4.191007839678525, 0.4355728285203887, 0.5138243527646407, 0.3322863577165855, 1.21185547586314, 1.035186155857082, 0.8484308850305812, 1.2645404406799836, 0.7846033520590557, 0.281564500266436, 1.4694016019774474, 0.23225973108111744, 0.0017309787747793394, 0.2841332599778129, 0.0014057552269733631, 0.02908465641311276, 0.28638468336556505, 0.46636171523313347, 0.864457923633557, 0.1121024403331756, 0.09297310052915711, 0.0012133723800632444, 0.6813908215252801, 0.4980906418191237, 0.19378485444939297, 0.6299843430215059, 0.3110002494104888, 0.0402651500528796, 0.0011190887143984424]
APTIDAO: 
43.716226718390985
GEN: 5500
Individuo: 
[3.6309066651878505, 3.0650958081294895, 4.191007839678525, 0.49747942092440744, 0.5138243527646407, 0.3322863577165855, 1.21185547586314, 1.035186155857082, 0.8484308850305812, 1.2645404406799836, 0.8304386909484831, 0.281564500266436, 1.4694016019774474, 0.23225973108111744, 0.005522190870651126, 0.2807554072670125, 0.0015842468014406058, 0.02905876681904623, 0.28900654877963633, 0.46636171523313347, 0.864457923633557, 0.3071688699729238, 0.05808193684294548, 0.0030403139044092526, 0.6813908215252801, 0.4980906418191237, 0.19378485444939297, 0.6299843430215059, 0.3110002494104888, 0.03126396554146444, 0.0011190887143984424]
APTIDAO: 
43.80096013699386
GEN: 5600
Individuo: 
[3.6309066651878505, 3.2637997638756877, 4.191007839678525, 0.48432410493647204, 0.5138243527646407, 0.36820586668089317, 1.21185547586314, 1.035186155857082, 0.81434771755162, 1.2645404406799836, 0.7846033520590557, 0.281564500266436, 1.4694016019774474, 0.23225973108111744, 0.007896510000721038, 0.2807554072670125, 0.0010712188436248534, 0.03481429052769333, 0.28900654877963633, 0.46636171523313347, 0.864457923633557, 0.4321857040227504, 0.052373678717556174, 0.08077524158423399, 0.6813908215252801, 0.4980906418191237, 0.19378485444939297, 0.6374065049505991, 0.3110002494104888, 0.03126396554146444, 0.0010618595503436622]
APTIDAO: 
43.72571072928036
GEN: 5700
Individuo: 
[3.6309066651878505, 3.2637997638756877, 4.3360822879136265, 0.48432410493647204, 0.5182280374287115, 0.36820586668089317, 1.2612579399989214, 1.035186155857082, 0.81434771755162, 1.2645404406799836, 0.7846033520590557, 0.281564500266436, 1.030783882300638, 0.23225973108111744, 0.007896510000721038, 0.2807554072670125, 0.0010712188436248534, 0.03962155722925763, 0.28900654877963633, 0.46636171523313347, 0.864457923633557, 0.9282128813966266, 0.04272199970404346, 0.005338831511094931, 0.6813908215252801, 0.5077530697874719, 0.19378485444939297, 0.6374065049505991, 0.3110002494104888, 0.0206033510042767, 0.0012606888879076095]
APTIDAO: 
43.54352354268124
GEN: 5800
Individuo: 
[3.6309066651878505, 3.2637997638756877, 4.3360822879136265, 0.48432410493647204, 0.5179835554925519, 0.36820586668089317, 1.2612579399989214, 1.035186155857082, 0.81434771755162, 1.2645404406799836, 0.7846033520590557, 0.281564500266436, 1.1168056036655893, 0.23225973108111744, 0.014446359275443917, 0.2666065226829252, 0.0012264636458423738, 0.036262872784767, 0.28900654877963633, 0.46636171523313347, 0.864457923633557, 0.9282128813966266, 0.04272199970404346, 0.01202733381756554, 0.6813908215252801, 0.5077530697874719, 0.18802668824574048, 0.6374065049505991, 0.3110002494104888, 0.035646876604912905, 0.0015853787944528335]
APTIDAO: 
43.44362461666599
GEN: 5900
Individuo: 
[3.6309066651878505, 3.2637997638756877, 4.3360822879136265, 0.48432410493647204, 0.5179835554925519, 0.36820586668089317, 1.2612579399989214, 1.035186155857082, 0.81434771755162, 1.2645404406799836, 0.7846033520590557, 0.281564500266436, 1.4774216766786041, 0.23225973108111744, 0.014446359275443917, 0.27074486786821855, 0.0010290544796701532, 0.027185888110455098, 0.28900654877963633, 0.46636171523313347, 0.864457923633557, 0.7146276539311096, 0.044350336123670744, 0.01202733381756554, 0.6813908215252801, 0.5077530697874719, 0.18802668824574048, 0.6374065049505991, 0.3135648306611448, 0.035646876604912905, 0.0056971582977274]
APTIDAO: 
43.405810860194116
GEN: 6000
Individuo: 
[3.6309066651878505, 3.5130123582236203, 4.3360822879136265, 0.44879343725210014, 0.5179835554925519, 0.36820586668089317, 1.2612579399989214, 1.035186155857082, 0.81434771755162, 1.2645404406799836, 0.7846033520590557, 0.281564500266436, 1.1635895014215278, 0.23225973108111744, 0.014446359275443917, 0.2704350275105172, 0.0010290544796701532, 0.01994487603734214, 0.28900654877963633, 0.46636171523313347, 0.864457923633557, 0.7658290338971421, 0.044350336123670744, 0.01202733381756554, 0.6813908215252801, 0.5077530697874719, 0.18802668824574048, 0.6374065049505991, 0.3135648306611448, 0.035646876604912905, 0.0026372784842931614]
APTIDAO: 
43.34807181699303
GEN: 6100
Individuo: 
[3.6309066651878505, 3.5130123582236203, 4.3360822879136265, 0.44879343725210014, 0.5179835554925519, 0.36820586668089317, 1.2612579399989214, 1.035186155857082, 0.81434771755162, 1.2645404406799836, 0.7846033520590557, 0.281564500266436, 1.4596840134610667, 0.23225973108111744, 0.012926497451160701, 0.2704350275105172, 0.0010154243188563708, 0.005952616820730848, 0.28900654877963633, 0.46636171523313347, 0.864457923633557, 0.09640633521572745, 0.044350336123670744, 0.0037781212643389307, 0.6813908215252801, 0.5077530697874719, 0.17814877480690464, 0.6374065049505991, 0.3135648306611448, 0.035646876604912905, 0.0016481608502668076]
APTIDAO: 
43.17049871173964
GEN: 6200
Individuo: 
[3.6309066651878505, 3.5130123582236203, 4.3360822879136265, 0.44879343725210014, 0.5403728302665805, 0.36820586668089317, 1.2915732363753263, 1.035186155857082, 0.81434771755162, 1.2645404406799836, 0.7846033520590557, 0.28833151752615344, 0.9386257582710804, 0.1999211060176885, 0.0025038491017221284, 0.2704350275105172, 0.0010154243188563708, 0.008222918438560633, 0.28900654877963633, 0.46636171523313347, 0.864457923633557, 0.5260078786151682, 0.029059688254405885, 0.01930747815601461, 0.6813908215252801, 0.5077530697874719, 0.17814877480690464, 0.6374065049505991, 0.33363164086004443, 0.03764061653768772, 0.0012407822612921853]
APTIDAO: 
44.427881774800696
GEN: 6300
Individuo: 
[3.6309066651878505, 3.6166370351171477, 4.3360822879136265, 0.4606806245116861, 0.5403728302665805, 0.36820586668089317, 1.3157244329452873, 1.035186155857082, 0.8238028388942896, 1.2645404406799836, 0.7846033520590557, 0.281564500266436, 1.475532460998817, 0.1999211060176885, 0.01155094386912717, 0.2704350275105172, 0.005054284444337943, 0.0012880652983619195, 0.28900654877963633, 0.47236564781604135, 0.7955849378333596, 0.8969954144754642, 0.044350336123670744, 0.10742472154244875, 0.6813908215252801, 0.5077530697874719, 0.1598141311220996, 0.6374065049505991, 0.33363164086004443, 0.0010722895896398505, 0.0027377897576403676]
APTIDAO: 
42.30989229118025
GEN: 6400
Individuo: 
[3.6309066651878505, 3.6166370351171477, 4.189301199854574, 0.46753054036499275, 0.5403728302665805, 0.36820586668089317, 1.3157244329452873, 1.035186155857082, 0.8238028388942896, 1.2645404406799836, 0.7846033520590557, 0.281564500266436, 1.475532460998817, 0.1999211060176885, 0.01155094386912717, 0.2704350275105172, 0.005245413665487061, 0.0014053237984350349, 0.28900654877963633, 0.47236564781604135, 0.7955849378333596, 0.7423093210847808, 0.044350336123670744, 0.10742472154244875, 0.6813908215252801, 0.5032395290794648, 0.1598141311220996, 0.6374065049505991, 0.33363164086004443, 0.0010722895896398505, 0.001045685669759916]
APTIDAO: 
42.09976156920441
GEN: 6500
Individuo: 
[3.6309066651878505, 3.6166370351171477, 4.292991239297943, 0.46753054036499275, 0.5403728302665805, 0.3935376209379953, 1.3157244329452873, 1.035186155857082, 0.8238028388942896, 1.2645404406799836, 0.7846033520590557, 0.281564500266436, 1.489022627930038, 0.1999211060176885, 0.010403200818804711, 0.2704350275105172, 0.005245413665487061, 0.0013288208443958678, 0.28900654877963633, 0.47236564781604135, 0.7955849378333596, 0.7311472601338198, 0.044350336123670744, 0.10742472154244875, 0.6813908215252801, 0.5032395290794648, 0.1598141311220996, 0.6374065049505991, 0.3316163152212464, 0.0010722895896398505, 0.0010240002256544285]
APTIDAO: 
42.05442593836172
GEN: 6600
Individuo: 
[3.711154390493141, 3.6166370351171477, 4.292991239297943, 0.46753054036499275, 0.5403728302665805, 0.3935376209379953, 1.3157244329452873, 1.035186155857082, 0.8238028388942896, 1.2645404406799836, 0.7846033520590557, 0.281564500266436, 1.2995422226485154, 0.1999211060176885, 0.012402637554470968, 0.2704350275105172, 0.010632801918275045, 0.0027418772264729404, 0.28900654877963633, 0.47236564781604135, 0.7955849378333596, 0.7518865233809945, 0.044350336123670744, 0.10742472154244875, 0.6813908215252801, 0.5032395290794648, 0.1598141311220996, 0.6382823289483759, 0.3316163152212464, 0.0010722895896398505, 0.0010208084216273808]
APTIDAO: 
42.59879997958858
GEN: 6700
Individuo: 
[3.711154390493141, 3.6166370351171477, 4.292991239297943, 0.46753054036499275, 0.5409007853893644, 0.3935376209379953, 1.3329646960071349, 1.035186155857082, 0.8238028388942896, 1.2645404406799836, 0.7846033520590557, 0.28263277265278874, 1.1446708472915526, 0.1999211060176885, 0.016285227980400538, 0.2704350275105172, 0.004321828254828202, 0.002048738925279485, 0.2744583848858906, 0.47236564781604135, 0.7955849378333596, 0.043534422571651674, 0.044350336123670744, 0.058558005018290164, 0.6813908215252801, 0.5032395290794648, 0.1598141311220996, 0.6382823289483759, 0.3316163152212464, 0.0010722895896398505, 0.0025004020493538098]
APTIDAO: 
42.08872570422991
GEN: 6800
Individuo: 
[3.660222517338561, 3.6166370351171477, 4.292991239297943, 0.46753054036499275, 0.5409007853893644, 0.3935376209379953, 1.3329646960071349, 1.035186155857082, 0.8238028388942896, 1.2645404406799836, 0.7846033520590557, 0.28263277265278874, 1.2227766310127157, 0.1999211060176885, 0.013158128664395308, 0.2704350275105172, 0.004321828254828202, 0.0016555656291222976, 0.2744583848858906, 0.47236564781604135, 0.7955849378333596, 0.2717256668656459, 0.044350336123670744, 0.028777094802348413, 0.6813908215252801, 0.5032395290794648, 0.1598141311220996, 0.6382823289483759, 0.33731481670107477, 0.0010722895896398505, 0.005022794482978056]
APTIDAO: 
42.09444111024638
GEN: 6900
Individuo: 
[3.660222517338561, 3.6166370351171477, 4.292991239297943, 0.46753054036499275, 0.5409007853893644, 0.3935376209379953, 1.3329646960071349, 1.035186155857082, 0.8238028388942896, 1.2645404406799836, 0.7846033520590557, 0.28263277265278874, 1.3734449840848797, 0.1999211060176885, 0.013158128664395308, 0.2704350275105172, 0.00871891690698472, 0.001537705540334071, 0.2744583848858906, 0.47236564781604135, 0.7955849378333596, 0.3435390651386688, 0.05166928783068267, 0.0965201508634309, 0.6834787748735877, 0.5032395290794648, 0.12932188935676298, 0.6382823289483759, 0.3355002415085306, 0.0010722895896398505, 0.005022794482978056]
APTIDAO: 
41.882278471815184
GEN: 7000
Individuo: 
[3.531811952957144, 3.606920050664598, 4.292991239297943, 0.46753054036499275, 0.5409007853893644, 0.3935376209379953, 1.3329646960071349, 1.035186155857082, 0.8238028388942896, 1.2645404406799836, 0.7846033520590557, 0.28263277265278874, 1.4906167041221638, 0.1999211060176885, 0.013158128664395308, 0.2704350275105172, 0.006036267703701042, 0.006327028217170762, 0.2744583848858906, 0.47236564781604135, 0.7955849378333596, 0.5937588518051929, 0.06896112048583734, 0.10772243532709984, 0.6845765039834681, 0.5032395290794648, 0.1520792808553704, 0.6382823289483759, 0.3355002415085306, 0.002844963522807253, 0.0011213050618165627]
APTIDAO: 
41.98306535354754
GEN: 7100
Individuo: 
[3.531811952957144, 3.606920050664598, 4.292991239297943, 0.46753054036499275, 0.5409007853893644, 0.3935376209379953, 1.3329646960071349, 1.035186155857082, 0.8238028388942896, 1.2645404406799836, 0.7846033520590557, 0.28263277265278874, 0.7546489866931253, 0.1999211060176885, 0.01029460645218491, 0.2704350275105172, 0.00444783258598319, 0.002241003487444893, 0.2744583848858906, 0.47236564781604135, 0.7955849378333596, 0.9825903191352459, 0.06896112048583734, 0.10772243532709984, 0.6845765039834681, 0.5032395290794648, 0.1520792808553704, 0.6382823289483759, 0.3355002415085306, 0.0014423524492185882, 0.001636668567835996]
APTIDAO: 
41.79921101815163
GEN: 7200
Individuo: 
[3.531811952957144, 3.606920050664598, 4.2243104810141885, 0.46753054036499275, 0.5409007853893644, 0.3935376209379953, 1.4704116689872406, 1.035186155857082, 0.8238028388942896, 1.2645404406799836, 0.7846033520590557, 0.28263277265278874, 1.3887185100008486, 0.1999211060176885, 0.0022703728354785007, 0.2704350275105172, 0.00696627561613599, 0.0028796066483231793, 0.2744583848858906, 0.47236564781604135, 0.7955849378333596, 0.030064084889644287, 0.06896112048583734, 0.11171460808770164, 0.8458318954004304, 0.5032395290794648, 0.1520792808553704, 0.6382823289483759, 0.3355002415085306, 0.0028154947316631875, 0.0014020470793418946]
APTIDAO: 
41.7589019426152
GEN: 7300
Individuo: 
[3.512209751129115, 3.606920050664598, 4.2243104810141885, 0.46753054036499275, 0.5409007853893644, 0.3935376209379953, 1.4704116689872406, 1.035186155857082, 0.8238028388942896, 1.2645404406799836, 0.7846033520590557, 0.28263277265278874, 0.8514038216875022, 0.1999211060176885, 0.0013367745950692606, 0.2704350275105172, 0.00696627561613599, 0.003215209859403428, 0.2744583848858906, 0.46287055023776685, 0.7955849378333596, 0.632681121627686, 0.06896112048583734, 0.0428054646186124, 0.8458318954004304, 0.5032395290794648, 0.1520792808553704, 0.6382823289483759, 0.3355002415085306, 0.0021581162350093885, 0.0023681415665818438]
APTIDAO: 
41.73424320513245
GEN: 7400
Individuo: 
[3.512209751129115, 3.606920050664598, 4.2243104810141885, 0.46753054036499275, 0.5409007853893644, 0.3935376209379953, 1.4704116689872406, 1.0329907517845125, 0.8238028388942896, 1.2645404406799836, 0.7846033520590557, 0.28263277265278874, 0.8514038216875022, 0.1999211060176885, 0.0011118140730359011, 0.2704350275105172, 0.00696627561613599, 0.0017393603684777799, 0.2744583848858906, 0.46287055023776685, 0.7955849378333596, 0.8472282747613993, 0.06896112048583734, 0.14334300660117874, 0.8458318954004304, 0.5032395290794648, 0.1520792808553704, 0.6382823289483759, 0.3355002415085306, 0.0013986815740556146, 0.0027346214750832406]
APTIDAO: 
41.630048261866044
GEN: 7500
Individuo: 
[3.512209751129115, 3.606920050664598, 4.2243104810141885, 0.46753054036499275, 0.5409007853893644, 0.3935376209379953, 1.4704116689872406, 1.0329907517845125, 0.8238028388942896, 1.2645404406799836, 0.7846033520590557, 0.2818324131923364, 0.8514038216875022, 0.1999211060176885, 0.0018531685351023276, 0.25756199970777494, 0.006584076028407921, 0.0017393603684777799, 0.2744583848858906, 0.46287055023776685, 0.7955849378333596, 0.9103414902157615, 0.06079093844183605, 0.14334300660117874, 0.8458318954004304, 0.5032395290794648, 0.1520792808553704, 0.6382823289483759, 0.3355002415085306, 0.0010698696146070302, 0.0027087676239047082]
APTIDAO: 
41.54454328901127
GEN: 7600
Individuo: 
[3.512209751129115, 3.606920050664598, 4.2243104810141885, 0.46753054036499275, 0.5409007853893644, 0.3935376209379953, 1.4704116689872406, 1.0329907517845125, 0.8238028388942896, 1.2645404406799836, 0.7846033520590557, 0.2818324131923364, 0.7049242129484659, 0.1999211060176885, 0.0016066604194260791, 0.25756199970777494, 0.006671706890522307, 0.0023660886831930075, 0.2744583848858906, 0.46287055023776685, 0.7955849378333596, 0.9488277951424127, 0.056966907979646195, 0.14334300660117874, 0.8458318954004304, 0.5032395290794648, 0.1520792808553704, 0.6382823289483759, 0.3355002415085306, 0.0010406420170086263, 0.001028915660228847]
APTIDAO: 
41.556827420929814
GEN: 7700
Individuo: 
[3.512209751129115, 3.606920050664598, 4.2243104810141885, 0.46753054036499275, 0.5409007853893644, 0.3935376209379953, 1.4704116689872406, 1.0329907517845125, 0.8238028388942896, 1.2645404406799836, 0.7846033520590557, 0.2818324131923364, 0.7049242129484659, 0.1999211060176885, 0.004339954324030732, 0.25756199970777494, 0.006671706890522307, 0.0017090510796022127, 0.2744583848858906, 0.46287055023776685, 0.7955849378333596, 0.9488277951424127, 0.056966907979646195, 0.14334300660117874, 0.8458318954004304, 0.5032395290794648, 0.1520792808553704, 0.6382823289483759, 0.3355002415085306, 0.0014556988402523409, 0.0010113247614200423]
APTIDAO: 
41.62414279826627
GEN: 7800
Individuo: 
[3.2447324894505143, 3.606920050664598, 4.2243104810141885, 0.32634374071815736, 0.5409007853893644, 0.3935376209379953, 1.4704116689872406, 1.0329907517845125, 0.8238028388942896, 1.2645404406799836, 0.7846033520590557, 0.2818324131923364, 1.3816964695045773, 0.1999211060176885, 0.007086472862745989, 0.25756199970777494, 0.006671706890522307, 0.0010194074837539615, 0.2744583848858906, 0.46287055023776685, 0.7955849378333596, 0.481217632484944, 0.056966907979646195, 0.2341080300348504, 0.8458318954004304, 0.5032395290794648, 0.1520792808553704, 0.6424783829898391, 0.3355002415085306, 0.0012303812219357758, 0.001031139375846488]
APTIDAO: 
42.169537858370006
GEN: 7900
Individuo: 
[3.2447324894505143, 3.372944761735419, 4.2243104810141885, 0.47895977646800114, 0.5409007853893644, 0.3935376209379953, 1.4704116689872406, 1.0329907517845125, 0.8238028388942896, 1.2645404406799836, 0.7846033520590557, 0.2818324131923364, 1.1145821257724857, 0.1999211060176885, 0.0021399945670526137, 0.25756199970777494, 0.005044453657633254, 0.0040085952443819715, 0.2744583848858906, 0.45448398885278685, 0.7955849378333596, 0.7540707983711401, 0.056966907979646195, 0.10321988223591871, 0.8458318954004304, 0.5032395290794648, 0.1520792808553704, 0.6424783829898391, 0.3355002415085306, 0.0010900043498332057, 0.0011554639467985758]
APTIDAO: 
41.445644465936404
GEN: 8000
Individuo: 
[3.3100144738695643, 3.372944761735419, 4.2243104810141885, 0.47895977646800114, 0.5409007853893644, 0.3935376209379953, 1.4704116689872406, 1.0323836821436583, 0.8238028388942896, 1.2645404406799836, 0.7846033520590557, 0.2818324131923364, 1.2447158344966263, 0.1999211060176885, 0.0023868559120167106, 0.25756199970777494, 0.005044453657633254, 0.002692828486278401, 0.2744583848858906, 0.45448398885278685, 0.7955849378333596, 0.584274181543243, 0.056966907979646195, 0.07782909589766099, 0.8458318954004304, 0.5032395290794648, 0.1520792808553704, 0.6424783829898391, 0.3355002415085306, 0.0010900043498332057, 0.0012430651953299948]
APTIDAO: 
41.428449493354314
GEN: 8100
Individuo: 
[3.204789210138724, 3.372944761735419, 4.2243104810141885, 0.47895977646800114, 0.5409007853893644, 0.3935376209379953, 1.4704116689872406, 1.0323836821436583, 0.8238028388942896, 1.2645404406799836, 0.779778883342878, 0.2818324131923364, 1.4852724341511054, 0.1999211060176885, 0.002489696697457066, 0.25756199970777494, 0.005044453657633254, 0.003506797072794437, 0.2744583848858906, 0.4737539954072252, 0.7955849378333596, 0.6984281135848391, 0.056966907979646195, 0.05375845081125463, 0.8458318954004304, 0.5032395290794648, 0.1520792808553704, 0.6424783829898391, 0.3355002415085306, 0.0010900043498332057, 0.0012108689443691989]
APTIDAO: 
41.36071297297923
GEN: 8200
Individuo: 
[3.204789210138724, 3.372944761735419, 4.2243104810141885, 0.47895977646800114, 0.5409007853893644, 0.3935376209379953, 1.4704116689872406, 1.0323836821436583, 0.8238028388942896, 1.2645404406799836, 0.779778883342878, 0.2818324131923364, 1.4852724341511054, 0.1999211060176885, 0.002489696697457066, 0.25756199970777494, 0.0035560687496981112, 0.001974552319814626, 0.2744583848858906, 0.473244978772538, 0.7955849378333596, 0.21207838679776292, 0.056966907979646195, 0.022995412391533784, 0.8458318954004304, 0.5032395290794648, 0.1520792808553704, 0.6424783829898391, 0.3355002415085306, 0.003019794418067231, 0.0010241677397465915]
APTIDAO: 
41.508694029036015
GEN: 8300
Individuo: 
[3.204789210138724, 3.372944761735419, 4.2243104810141885, 0.4733895096804411, 0.5409007853893644, 0.3935376209379953, 1.4704116689872406, 1.0323836821436583, 0.8238028388942896, 1.2645404406799836, 0.779778883342878, 0.2818324131923364, 1.4852724341511054, 0.19993740341170457, 0.002489696697457066, 0.25756199970777494, 0.0044532914314749554, 0.0033383892710685224, 0.2744583848858906, 0.473244978772538, 0.7955849378333596, 0.00230528868870083, 0.056966907979646195, 0.028833458769832288, 0.8458318954004304, 0.5087544621743894, 0.15306418519577725, 0.6424783829898391, 0.3355002415085306, 0.0015576297446809914, 0.0014004487462828687]
APTIDAO: 
41.56512461746691
GEN: 8400
Individuo: 
[3.387134529363881, 3.7164919965830703, 4.2243104810141885, 0.4733895096804411, 0.5409007853893644, 0.3935376209379953, 1.4704116689872406, 1.0323836821436583, 0.8238028388942896, 1.2645404406799836, 0.779778883342878, 0.2818324131923364, 1.4852724341511054, 0.19993740341170457, 0.002489696697457066, 0.25756199970777494, 0.007203621374144814, 0.002244351988069134, 0.2744583848858906, 0.4611578319710364, 0.7955849378333596, 0.0017778886358152085, 0.056966907979646195, 0.031107416855021098, 0.8458318954004304, 0.5087544621743894, 0.15306418519577725, 0.6605867243880007, 0.3355002415085306, 0.0012614593586479771, 0.00208636944039572]
APTIDAO: 
41.80783719005741
GEN: 8500
Individuo: 
[2.899856642766531, 3.7164919965830703, 4.2243104810141885, 0.4733895096804411, 0.5409007853893644, 0.3935376209379953, 1.4704116689872406, 1.0323836821436583, 0.8182699870967848, 1.2645404406799836, 0.779778883342878, 0.2818324131923364, 1.4226874549567348, 0.19993740341170457, 0.002489696697457066, 0.25756199970777494, 0.007620418873260659, 0.002372072344571788, 0.2744583848858906, 0.39949748191279505, 0.7955849378333596, 0.0022822965484202732, 0.056966907979646195, 0.010416220842669474, 0.8458318954004304, 0.5087544621743894, 0.15306418519577725, 0.6605867243880007, 0.3355002415085306, 0.0010520044974971644, 0.001562876764186788]
APTIDAO: 
41.37284326825261
GEN: 8600
Individuo: 
[2.899856642766531, 3.7164919965830703, 4.2243104810141885, 0.4812899665152904, 0.5409007853893644, 0.3935376209379953, 1.4704116689872406, 1.0323836821436583, 0.8182699870967848, 1.2645404406799836, 0.779778883342878, 0.2818324131923364, 1.4226874549567348, 0.19993740341170457, 0.002489696697457066, 0.25756199970777494, 0.007620418873260659, 0.0012241458900666732, 0.2744583848858906, 0.39949748191279505, 0.7955849378333596, 0.001116357683897029, 0.056966907979646195, 0.0012949105772232768, 0.8458318954004304, 0.5087544621743894, 0.15306418519577725, 0.6605867243880007, 0.3355002415085306, 0.0010520044974971644, 0.0010219945665051273]
APTIDAO: 
41.292197463633705
GEN: 8700
Individuo: 
[2.899856642766531, 3.4517250850995906, 4.2243104810141885, 0.4812899665152904, 0.5409007853893644, 0.3935376209379953, 1.4704116689872406, 1.0323836821436583, 0.8182699870967848, 1.2645404406799836, 0.779778883342878, 0.2818324131923364, 1.1000014297385923, 0.20550687550569063, 0.002489696697457066, 0.25756199970777494, 0.007620418873260659, 0.002211115490592739, 0.2744583848858906, 0.39949748191279505, 0.7955849378333596, 0.5779636509942774, 0.05299657757796691, 0.0010489668770162872, 0.871010737572673, 0.4978075744707386, 0.15306418519577725, 0.6605867243880007, 0.35238128421701204, 0.0018466174800896577, 0.0011121171082162735]
APTIDAO: 
41.48748582269462
GEN: 8800
Individuo: 
[3.0510340934006894, 3.4517250850995906, 4.2243104810141885, 0.4812899665152904, 0.5409007853893644, 0.3935376209379953, 1.4704116689872406, 1.0323836821436583, 0.8182699870967848, 1.2645404406799836, 0.779778883342878, 0.2818324131923364, 1.1000014297385923, 0.20550687550569063, 0.0020267671176291946, 0.25756199970777494, 0.007524061923026009, 0.0011618916999785063, 0.2744583848858906, 0.419839656138041, 0.7955849378333596, 0.7625477956300774, 0.05299657757796691, 0.0017872784951191991, 0.871010737572673, 0.4978075744707386, 0.15306418519577725, 0.6605867243880007, 0.35238128421701204, 0.0012335247565783056, 0.0010195024263822622]
APTIDAO: 
41.342046909636736
GEN: 8900
Individuo: 
[2.987560266030802, 3.4517250850995906, 4.2243104810141885, 0.4812899665152904, 0.5409007853893644, 0.3935376209379953, 1.4704116689872406, 1.0323836821436583, 0.8182699870967848, 1.274539045992381, 0.779778883342878, 0.2818324131923364, 1.077116787628985, 0.2091237790046009, 0.0020267671176291946, 0.25756199970777494, 0.00997843116297152, 0.0011618916999785063, 0.2614720043848218, 0.419839656138041, 0.7955849378333596, 0.945500331284257, 0.05626568347496694, 0.003022155158888882, 0.871010737572673, 0.4978075744707386, 0.11818444703066565, 0.6605867243880007, 0.35238128421701204, 0.0010366685679226173, 0.0014811959328130005]
APTIDAO: 
41.41096591591641
GEN: 9000
Individuo: 
[2.987560266030802, 3.4517250850995906, 4.2243104810141885, 0.4812899665152904, 0.5409007853893644, 0.2831086155261576, 1.4524377007484663, 1.0323836821436583, 0.8182699870967848, 1.274539045992381, 0.779778883342878, 0.2818324131923364, 0.5421814556252202, 0.2091237790046009, 0.011064763794949042, 0.25756199970777494, 0.00997843116297152, 0.0011618916999785063, 0.2614720043848218, 0.4339822672586617, 0.7955849378333596, 0.945500331284257, 0.05626568347496694, 0.0015538791828694385, 0.871010737572673, 0.4978075744707386, 0.11818444703066565, 0.6605867243880007, 0.35238128421701204, 0.0011139951795080107, 0.0011087199728461014]
APTIDAO: 
41.599554501791225
GEN: 9100
Individuo: 
[2.987560266030802, 3.4517250850995906, 4.2243104810141885, 0.4812899665152904, 0.5409007853893644, 0.2831086155261576, 1.4524377007484663, 1.0323836821436583, 0.8182699870967848, 1.274539045992381, 0.779778883342878, 0.2818324131923364, 0.9162680275982864, 0.2091237790046009, 0.003726289052247181, 0.2344291484411181, 0.00997843116297152, 0.0011618916999785063, 0.2614720043848218, 0.4339822672586617, 0.7955849378333596, 0.945500331284257, 0.05626568347496694, 0.0011069218658249572, 0.871010737572673, 0.4978075744707386, 0.11818444703066565, 0.6605867243880007, 0.35238128421701204, 0.0013296788439345606, 0.0010454842522166045]
APTIDAO: 
41.29643484926313
GEN: 9200
Individuo: 
[2.987560266030802, 3.4517250850995906, 4.2243104810141885, 0.4700059076777668, 0.5438578147682928, 0.2831086155261576, 1.4524377007484663, 1.0323836821436583, 0.8182699870967848, 1.274539045992381, 0.779778883342878, 0.2818324131923364, 1.043099992293078, 0.2091237790046009, 0.0036278509323523847, 0.2344291484411181, 0.012531610328962332, 0.0010168048159672257, 0.2679920439841713, 0.4339822672586617, 0.7955849378333596, 0.8873628150449666, 0.05626568347496694, 0.001023263634551527, 0.871010737572673, 0.4978075744707386, 0.11818444703066565, 0.6605867243880007, 0.35238128421701204, 0.0012774538633132978, 0.0010663384559091017]
APTIDAO: 
41.26486336535684
GEN: 9300
Individuo: 
[2.987560266030802, 3.4517250850995906, 4.2243104810141885, 0.4700059076777668, 0.5438578147682928, 0.2831086155261576, 1.4524377007484663, 1.0323836821436583, 0.8182699870967848, 1.274539045992381, 0.779778883342878, 0.2818324131923364, 1.19417803692945, 0.2091237790046009, 0.0036278509323523847, 0.2344291484411181, 0.01159223055100953, 0.001009545777277153, 0.2679920439841713, 0.4339822672586617, 0.7955849378333596, 0.8764798656011706, 0.05626568347496694, 0.0023086637409293715, 0.871010737572673, 0.4978075744707386, 0.11818444703066565, 0.6605867243880007, 0.35238128421701204, 0.0012774538633132978, 0.0010663384559091017]
APTIDAO: 
41.34461896339816
GEN: 9400
Individuo: 
[2.987560266030802, 3.4517250850995906, 4.2243104810141885, 0.3516945455933208, 0.5438578147682928, 0.28747756279092856, 1.4524377007484663, 1.0323836821436583, 0.8182699870967848, 1.274539045992381, 0.779778883342878, 0.2818324131923364, 1.3458518373320252, 0.2091237790046009, 0.003837074677735153, 0.2344291484411181, 0.01159223055100953, 0.0011887129497919488, 0.2679920439841713, 0.4339822672586617, 0.7955849378333596, 0.8058026244507239, 0.05626568347496694, 0.0013888449591618847, 0.8566426489301314, 0.4978075744707386, 0.11818444703066565, 0.6605867243880007, 0.35238128421701204, 0.002108690521059255, 0.0010582880631154034]
APTIDAO: 
41.86097855245036
GEN: 9500
Individuo: 
[3.2589405831492795, 3.62683746528911, 4.2243104810141885, 0.5269675562597663, 0.5438578147682928, 0.28747756279092856, 1.4524377007484663, 1.0323836821436583, 0.7849394682122025, 1.274539045992381, 0.7714346038109057, 0.2818324131923364, 0.9600434875474672, 0.2091237790046009, 0.007668814482050515, 0.2302630898871482, 0.01159223055100953, 0.001057960253173335, 0.2679920439841713, 0.4339822672586617, 0.7955849378333596, 0.4133673056682423, 0.05626568347496694, 0.0022997025473927087, 0.8566426489301314, 0.4978075744707386, 0.11818444703066565, 0.6605867243880007, 0.35238128421701204, 0.00576801269584125, 0.0010852730177036225]
APTIDAO: 
41.72207734546549
GEN: 9600
Individuo: 
[2.987560266030802, 3.62683746528911, 4.2243104810141885, 0.4871063421271151, 0.5438578147682928, 0.2987317378404081, 1.4524377007484663, 1.0323836821436583, 0.7849394682122025, 1.274539045992381, 0.7714346038109057, 0.2818324131923364, 1.309777863015253, 0.2091237790046009, 0.008956387631849853, 0.24319800382118686, 0.01159223055100953, 0.0010178575121807295, 0.2679920439841713, 0.4339822672586617, 0.7955849378333596, 0.12709660175322485, 0.051656559255685526, 0.001003306635213915, 0.8566426489301314, 0.4978075744707386, 0.11818444703066565, 0.6605867243880007, 0.35238128421701204, 0.0018647753889066401, 0.0010852730177036225]
APTIDAO: 
41.31637589400425
GEN: 9700
Individuo: 
[2.987560266030802, 3.50100777074592, 4.2243104810141885, 0.4871063421271151, 0.5438578147682928, 0.2987317378404081, 1.4524377007484663, 1.0323836821436583, 0.7849394682122025, 1.274539045992381, 0.7714346038109057, 0.2818324131923364, 1.3272743996505836, 0.2037839698466343, 0.001916808426827226, 0.242897607493622, 0.01159223055100953, 0.0011994921830797533, 0.2679920439841713, 0.4339822672586617, 0.7955849378333596, 0.06010454092056812, 0.051656559255685526, 0.0011296072862099916, 0.8566426489301314, 0.4978075744707386, 0.11818444703066565, 0.6605867243880007, 0.35238128421701204, 0.0015648158174018374, 0.001500267855989085]
APTIDAO: 
41.36478626524212
GEN: 9800
Individuo: 
[3.129623578757867, 3.50100777074592, 4.2243104810141885, 0.4871063421271151, 0.5438578147682928, 0.28810607998079796, 1.4524377007484663, 1.0323836821436583, 0.7849394682122025, 1.274539045992381, 0.7714346038109057, 0.2818324131923364, 1.3272743996505836, 0.2037839698466343, 0.004327066899762429, 0.24319800382118686, 0.004232214252598322, 0.0011960229770100834, 0.2679920439841713, 0.4339822672586617, 0.7955849378333596, 0.012139651660105598, 0.051656559255685526, 0.0027366285978545667, 0.8566426489301314, 0.471604254570145, 0.11818444703066565, 0.6480223314382374, 0.35238128421701204, 0.0015648158174018374, 0.0010326600527130784]
APTIDAO: 
41.509820993680314
GEN: 9900
Individuo: 
[3.129623578757867, 3.50100777074592, 4.2243104810141885, 0.4871063421271151, 0.5425249485639883, 0.28810607998079796, 1.4524377007484663, 1.0323836821436583, 0.7747779235641665, 1.274539045992381, 0.7733100856629418, 0.2818324131923364, 1.3272743996505836, 0.2037839698466343, 0.004327066899762429, 0.24319800382118686, 0.00400878072476043, 0.0019062111665247598, 0.2679920439841713, 0.4339822672586617, 0.7955849378333596, 0.001864547212492862, 0.051656559255685526, 0.002260208103567953, 0.8566426489301314, 0.471604254570145, 0.11818444703066565, 0.6480223314382374, 0.35238128421701204, 0.001271128977687879, 0.0011045779983145248]
APTIDAO: 
41.4914063572533
GEN: 10000
Individuo: 
[3.129623578757867, 3.50100777074592, 4.2243104810141885, 0.4871063421271151, 0.5425249485639883, 0.3254151304794796, 1.4524377007484663, 1.0323836821436583, 0.7747779235641665, 1.274539045992381, 0.7733100856629418, 0.2818324131923364, 1.3272743996505836, 0.2037839698466343, 0.009672722814694947, 0.24319800382118686, 0.0032926839326546764, 0.0011190143734787785, 0.2679920439841713, 0.4339822672586617, 0.7955849378333596, 0.001864547212492862, 0.0331000529043121, 0.0012799061280832564, 0.8566426489301314, 0.47948366997024955, 0.11818444703066565, 0.658936198214872, 0.35238128421701204, 0.0010949857154749032, 0.0014138844096454194]
APTIDAO: 
41.233040223309665

--- RESULTADO FINAL ---
Erro (norma-1): 41.233040223309665
Parâmetros: [3.129623578757867, 3.50100777074592, 4.2243104810141885, 0.4871063421271151, 0.5425249485639883, 0.3254151304794796, 1.4524377007484663, 1.0323836821436583, 0.7747779235641665, 1.274539045992381, 0.7733100856629418, 0.2818324131923364, 1.3272743996505836, 0.2037839698466343, 0.009672722814694947, 0.24319800382118686, 0.0032926839326546764, 0.0011190143734787785, 0.2679920439841713, 0.4339822672586617, 0.7955849378333596, 0.001864547212492862, 0.0331000529043121, 0.0012799061280832564, 0.8566426489301314, 0.47948366997024955, 0.11818444703066565, 0.658936198214872, 0.35238128421701204, 0.0010949857154749032, 0.0014138844096454194]
Tempo total: 03h 15m 06s
