SEED: 1778663936
METODO: ABCD_GK
IND_SIZE: 31
GEN: 0
Individuo: 
[3.7593102831471366, 1.4005770376656812, 4.016599936434757, 2.9479807026207925, 0.19015212532570677, 0.6377783314744734, 0.1595202670982497, 0.850845031457321, 0.9776243929840992, 0.11540467963748899, 0.10170686685539579, 0.1482365955940785, 0.229218064768611, 0.8873089339951477, 0.70732562553353, 0.8943642005255138, 0.145951977169468, 0.7759101754434499, 0.23936056714472617, 0.5437765993415409, 0.8293784626867977, 0.9898893005713861, 0.11341129460790243, 0.7482087257881885, 0.20120434394931846, 0.35110108538487766, 0.8493066603022956, 0.21712313827791524, 0.50537493470631, 0.6071657283118672, 0.6697037459732016]
APTIDAO: 
129.26266215835366
GEN: 100
Individuo: 
[0.25891293554031414, 2.724307162050885, 1.851971023300934, 0.12023476283821627, 1.0962014616827624, 1.1354822682193377, 1.037342890602632, 0.48465854099084693, 0.963691611688008, 0.9364259389955117, 1.0644454361561704, 1.4647640163981397, 0.22216396458310125, 0.3584439839543192, 0.09532769210791096, 0.02408904324850928, 0.8865144731555581, 0.39940065424466287, 0.49207155286184956, 0.9528919454123751, 0.34451897917072827, 0.3392543309160346, 0.6208041889609409, 0.8524114810291206, 0.01087272791938455, 0.6057108053326067, 0.134494621589234, 0.36108706306503346, 0.09708751893403703, 0.34719165533720686, 0.1657877442916851]
APTIDAO: 
54.057450285643284
GEN: 200
Individuo: 
[0.6777096788897956, 2.286445767190007, 1.851971023300934, 0.22460275195941148, 1.0962014616827624, 1.1354822682193377, 0.5344854440041515, 0.48465854099084693, 1.121568956654353, 0.9364259389955117, 1.1639107697951674, 1.4647640163981397, 0.38188024284788713, 0.3584439839543192, 0.09532769210791096, 0.02408904324850928, 0.8865144731555581, 0.39940065424466287, 0.49207155286184956, 0.7854363359624944, 0.025629411519741255, 0.5265238072718729, 0.6208041889609409, 0.8524114810291206, 0.0038982420859561555, 0.6057108053326067, 0.134494621589234, 0.37253018126419174, 0.09026985848383168, 0.3587736163007597, 0.1657877442916851]
APTIDAO: 
51.664362327500186
GEN: 300
Individuo: 
[1.4569192325019737, 2.0716297340183445, 2.0966844082724343, 0.17675398124876995, 1.0962014616827624, 1.1354822682193377, 0.5344854440041515, 0.4660572935406657, 1.2762161181184861, 0.9364259389955117, 1.4307667458735271, 1.4463490216451362, 0.3673417133593154, 0.3584439839543192, 0.09532769210791096, 0.37641428367800656, 0.8655088497104797, 0.24732083181458686, 0.49207155286184956, 0.7854363359624944, 0.025629411519741255, 0.7707287152822077, 0.5821547886655399, 0.8524114810291206, 0.004982467364136701, 0.6057108053326067, 0.134494621589234, 0.37253018126419174, 0.03630909440132562, 0.3587736163007597, 0.16005202503857793]
APTIDAO: 
50.43821591742505
GEN: 400
Individuo: 
[2.307634909872906, 1.8280250286690158, 2.2943595746647314, 0.45815729117487036, 1.0962014616827624, 1.1354822682193377, 0.46632003115346604, 0.4660572935406657, 1.2762161181184861, 0.9364259389955117, 1.4307667458735271, 1.4463490216451362, 1.4801429560721278, 0.3584439839543192, 0.09532769210791096, 0.37641428367800656, 0.8655088497104797, 0.24732083181458686, 0.49207155286184956, 0.8175501654217051, 0.025629411519741255, 0.9883293391481396, 0.5821547886655399, 0.8524114810291206, 0.004982467364136701, 0.6057108053326067, 0.134494621589234, 0.37253018126419174, 0.03183633271743283, 0.40234779493578904, 0.16005202503857793]
APTIDAO: 
48.27895813377367
GEN: 500
Individuo: 
[2.441212036780007, 1.8280250286690158, 3.2502538957650757, 0.3306480103192987, 1.0962014616827624, 1.1354822682193377, 0.46632003115346604, 0.4606845295681539, 1.211144640405875, 0.9364259389955117, 0.7337150003876621, 1.4463490216451362, 1.3357742785369697, 0.3478195345366381, 0.09532769210791096, 0.37641428367800656, 0.8655088497104797, 0.030099699880697613, 0.49207155286184956, 0.62188811048513, 0.025629411519741255, 0.7604063944300875, 0.5821547886655399, 0.8524114810291206, 0.007253695592992269, 0.6057108053326067, 0.134494621589234, 0.37253018126419174, 0.004136308872441719, 0.40234779493578904, 0.003363226926171552]
APTIDAO: 
46.020586492118674
GEN: 600
Individuo: 
[2.441212036780007, 1.8280250286690158, 3.2502538957650757, 0.34550364490654795, 1.0962014616827624, 1.1354822682193377, 0.46632003115346604, 0.4606845295681539, 1.211144640405875, 0.9364259389955117, 0.8549577412769509, 1.474639171966621, 1.4948943526309308, 0.3478195345366381, 0.09532769210791096, 0.37641428367800656, 0.864341114084848, 0.0031119838159220942, 0.49207155286184956, 0.0374985598248897, 0.022494875579290353, 0.8929949699465555, 0.5821547886655399, 0.8524114810291206, 0.007253695592992269, 0.6154819877360276, 0.134494621589234, 0.37253018126419174, 0.004136308872441719, 0.40234779493578904, 0.002807435587127548]
APTIDAO: 
45.3726160067209
GEN: 700
Individuo: 
[2.441212036780007, 1.8863350432454784, 4.0073107814405144, 0.34550364490654795, 1.0962014616827624, 1.1354822682193377, 0.46632003115346604, 0.4606845295681539, 1.211144640405875, 0.9364259389955117, 0.7145204050360213, 1.474639171966621, 1.2049468770724192, 0.3478195345366381, 0.09532769210791096, 0.37641428367800656, 0.864341114084848, 0.0015539194761769618, 0.49207155286184956, 0.08419994142985546, 0.022494875579290353, 0.5863772269271047, 0.5821547886655399, 0.8524114810291206, 0.007253695592992269, 0.6154819877360276, 0.134494621589234, 0.37253018126419174, 0.004104801215327967, 0.40234779493578904, 0.004974607391868106]
APTIDAO: 
45.48243346618699
GEN: 800
Individuo: 
[2.4165201461145767, 1.8863350432454784, 3.3229226772461766, 0.37089598555766945, 1.0962014616827624, 1.1354822682193377, 0.46632003115346604, 0.4606845295681539, 1.211144640405875, 0.9364259389955117, 0.9941800864652632, 1.474639171966621, 1.3781864920225257, 0.3478195345366381, 0.09532769210791096, 0.37641428367800656, 0.864341114084848, 0.0024716353272787113, 0.49207155286184956, 0.019550911694088232, 0.022494875579290353, 0.7260315150521347, 0.5821547886655399, 0.8524114810291206, 0.009288779660358081, 0.6154819877360276, 0.134494621589234, 0.37253018126419174, 0.004104801215327967, 0.40234779493578904, 0.0011957999661745468]
APTIDAO: 
45.35003211793757
GEN: 900
Individuo: 
[2.4165201461145767, 1.8863350432454784, 3.3229226772461766, 0.3540429043085214, 1.0962014616827624, 1.1354822682193377, 0.46632003115346604, 0.4606845295681539, 1.211144640405875, 0.9364259389955117, 1.2846203936758953, 1.474639171966621, 1.4953769517691864, 0.3478195345366381, 0.09532769210791096, 0.37641428367800656, 0.8556866272035025, 0.0036084379517914876, 0.49207155286184956, 0.0021937854170767756, 0.02154020738825029, 0.7907460790485001, 0.5821547886655399, 0.8524114810291206, 0.009288779660358081, 0.6154819877360276, 0.134494621589234, 0.37253018126419174, 0.002663119192426683, 0.40234779493578904, 0.0010974675706791502]
APTIDAO: 
45.29117912247265
GEN: 1000
Individuo: 
[2.648934412103823, 1.8863350432454784, 3.3229226772461766, 0.47922742579258043, 1.0962014616827624, 1.1354822682193377, 0.46632003115346604, 0.4606845295681539, 1.211144640405875, 0.9364259389955117, 0.8697753636761857, 1.474639171966621, 1.4908499667686774, 0.3478195345366381, 0.09532769210791096, 0.37641428367800656, 0.8556866272035025, 0.001068288347501511, 0.49207155286184956, 0.0010371327195833444, 0.02154020738825029, 0.7715028760572871, 0.5821547886655399, 0.8524114810291206, 0.006975600185139878, 0.6154819877360276, 0.134494621589234, 0.37253018126419174, 0.001775227919496582, 0.40234779493578904, 0.0010138670938393086]
APTIDAO: 
45.602126699417994
GEN: 1100
Individuo: 
[2.648934412103823, 1.8863350432454784, 3.3229226772461766, 0.4336752332421623, 1.0962014616827624, 1.1354822682193377, 0.46632003115346604, 0.4606845295681539, 1.211144640405875, 0.9364259389955117, 0.8697753636761857, 1.474639171966621, 1.4908499667686774, 0.3478195345366381, 0.09532769210791096, 0.37641428367800656, 0.8556866272035025, 0.0016289631366193987, 0.49207155286184956, 0.004048609539338291, 0.02154020738825029, 0.6968338487048007, 0.5821547886655399, 0.8524114810291206, 0.00561972060280082, 0.6154819877360276, 0.1360392851113543, 0.37253018126419174, 0.0034657793256949406, 0.40234779493578904, 0.0011123014407777004]
APTIDAO: 
45.353892835187224
GEN: 1200
Individuo: 
[2.648934412103823, 1.8863350432454784, 3.3229226772461766, 0.36947398944118603, 1.0962014616827624, 1.1354822682193377, 0.46632003115346604, 0.4606845295681539, 1.211144640405875, 0.9364259389955117, 0.9256127074963755, 1.474639171966621, 1.093481587340788, 0.3478195345366381, 0.09532769210791096, 0.37641428367800656, 0.8556866272035025, 0.0012333360795623376, 0.49185220723417694, 0.002701395578347585, 0.02154020738825029, 0.6968338487048007, 0.5821547886655399, 0.8524114810291206, 0.00561972060280082, 0.6154819877360276, 0.1360392851113543, 0.37253018126419174, 0.004015206400608535, 0.40234779493578904, 0.0010119065032892268]
APTIDAO: 
45.24327718361734
GEN: 1300
Individuo: 
[2.648934412103823, 1.8863350432454784, 3.3229226772461766, 0.36947398944118603, 1.0962014616827624, 1.1354822682193377, 0.46632003115346604, 0.4606845295681539, 1.1740350542016917, 0.9364259389955117, 0.9256127074963755, 1.474639171966621, 1.3210030754945103, 0.34521173125198185, 0.09532769210791096, 0.37641428367800656, 0.8556866272035025, 0.001790732791479134, 0.49185220723417694, 0.013236285016605223, 0.02154020738825029, 0.09358176561575801, 0.5821547886655399, 0.8524114810291206, 0.0031027961400205014, 0.6154819877360276, 0.1360392851113543, 0.37253018126419174, 0.008109378924359707, 0.40234779493578904, 0.0014850599411841484]
APTIDAO: 
45.12991991022403
GEN: 1400
Individuo: 
[2.648934412103823, 1.967419268890607, 3.3229226772461766, 0.36947398944118603, 1.0962014616827624, 1.1354822682193377, 0.4669421684375215, 0.4606845295681539, 1.1740350542016917, 0.9364259389955117, 0.9256127074963755, 1.474639171966621, 1.453632290463369, 0.34521173125198185, 0.09532769210791096, 0.37641428367800656, 0.8556866272035025, 0.0013223955569363584, 0.49185220723417694, 0.004615755144593136, 0.02154020738825029, 0.001422742352974032, 0.5821547886655399, 0.8524114810291206, 0.0031027961400205014, 0.6154819877360276, 0.1360392851113543, 0.37253018126419174, 0.007179483753350065, 0.40234779493578904, 0.0010557640193408345]
APTIDAO: 
45.09400355664686
GEN: 1500
Individuo: 
[2.648934412103823, 1.967419268890607, 3.3229226772461766, 0.36947398944118603, 1.0962014616827624, 1.1354822682193377, 0.4669421684375215, 0.4606845295681539, 1.1740350542016917, 0.9364259389955117, 0.9256127074963755, 1.474639171966621, 1.4418369147138574, 0.34521173125198185, 0.09532769210791096, 0.37641428367800656, 0.8556866272035025, 0.001039914164810434, 0.49087985206710066, 0.09109086790603287, 0.02154020738825029, 0.0016315795045865828, 0.5821547886655399, 0.8524114810291206, 0.0031027961400205014, 0.6154819877360276, 0.1360392851113543, 0.37253018126419174, 0.007144675068299045, 0.40234779493578904, 0.0010478794508257437]
APTIDAO: 
45.11078917644661
GEN: 1600
Individuo: 
[2.881797740859415, 2.5941134525010927, 3.0842562493812964, 0.36947398944118603, 1.0962014616827624, 1.1354822682193377, 0.4669421684375215, 0.4606845295681539, 1.1740350542016917, 0.9364259389955117, 1.404763272916702, 1.474639171966621, 1.4418369147138574, 0.34521173125198185, 0.09532769210791096, 0.37641428367800656, 0.6684066453861175, 0.0012007362196506015, 0.49087985206710066, 0.004090721278937804, 0.02154020738825029, 0.0024392432587738828, 0.5679191247287835, 0.8524114810291206, 0.0031027961400205014, 0.6154819877360276, 0.298564331927593, 0.37253018126419174, 0.0011687120483499609, 0.40234779493578904, 0.0010478794508257437]
APTIDAO: 
43.60968797725868
GEN: 1700
Individuo: 
[3.02981442392845, 2.5941134525010927, 3.0842562493812964, 0.36947398944118603, 1.0962014616827624, 1.1354822682193377, 0.4669421684375215, 0.4606845295681539, 1.1108242826246921, 0.9364259389955117, 0.8065111705904681, 1.474639171966621, 1.49562563627613, 0.34521173125198185, 0.09532769210791096, 0.37641428367800656, 0.6684066453861175, 0.0012007362196506015, 0.49087985206710066, 0.023359093271114854, 0.02104777490368094, 0.0346002633330018, 0.5679191247287835, 0.8524114810291206, 0.003382738944400802, 0.6154819877360276, 0.2859766999713244, 0.37253018126419174, 0.003183514072654201, 0.40234779493578904, 0.0010088460921987622]
APTIDAO: 
43.32244487834571
GEN: 1800
Individuo: 
[3.02981442392845, 2.5941134525010927, 3.0842562493812964, 0.36947398944118603, 1.0962014616827624, 1.1354822682193377, 0.4669421684375215, 0.4606845295681539, 1.1108242826246921, 0.9364259389955117, 0.8065111705904681, 1.474639171966621, 1.49562563627613, 0.34521173125198185, 0.09532769210791096, 0.37641428367800656, 0.6684066453861175, 0.0013211072743851938, 0.49087985206710066, 0.04222482243789075, 0.02104777490368094, 0.007301529147298504, 0.5679191247287835, 0.8524114810291206, 0.002690452781664815, 0.6154819877360276, 0.2859766999713244, 0.37253018126419174, 0.008861040191477132, 0.40234779493578904, 0.0010088460921987622]
APTIDAO: 
43.326492904337506
GEN: 1900
Individuo: 
[3.02981442392845, 2.5941134525010927, 3.0842562493812964, 0.4062085275352603, 1.0962014616827624, 1.1354822682193377, 0.4669421684375215, 0.4606845295681539, 1.1108242826246921, 0.9364259389955117, 0.8065111705904681, 1.474639171966621, 1.4540104421456714, 0.34521173125198185, 0.09532769210791096, 0.37641428367800656, 0.6684066453861175, 0.0011648647202978858, 0.49087985206710066, 0.03830946967226354, 0.02104777490368094, 0.001599762553577637, 0.5679191247287835, 0.8524114810291206, 0.0040453944905299456, 0.6154819877360276, 0.2859766999713244, 0.37253018126419174, 0.007158840505546957, 0.40234779493578904, 0.0014355954516561502]
APTIDAO: 
43.29870234312172
GEN: 2000
Individuo: 
[3.02981442392845, 2.5941134525010927, 3.0842562493812964, 0.4062085275352603, 1.0962014616827624, 1.1354822682193377, 0.4669421684375215, 0.4606845295681539, 1.1108242826246921, 0.9364259389955117, 0.8065111705904681, 1.474639171966621, 1.4540104421456714, 0.34521173125198185, 0.09532769210791096, 0.37641428367800656, 0.6684066453861175, 0.001061251337522583, 0.49087985206710066, 0.04809534527167058, 0.02104777490368094, 0.002645409628861193, 0.5679191247287835, 0.8524114810291206, 0.0020763705827415574, 0.6154819877360276, 0.2859766999713244, 0.37253018126419174, 0.007973533973826503, 0.40234779493578904, 0.001126180285411103]
APTIDAO: 
43.266886240382696
GEN: 2100
Individuo: 
[2.947198227534315, 2.5941134525010927, 3.0842562493812964, 0.4062085275352603, 1.0962014616827624, 1.1354822682193377, 0.4669421684375215, 0.4606845295681539, 1.099741794479067, 0.9364259389955117, 0.8065111705904681, 1.474639171966621, 0.9678720943564467, 0.34521173125198185, 0.09532769210791096, 0.36016337329454406, 0.6684066453861175, 0.001061251337522583, 0.49087985206710066, 0.04809534527167058, 0.02104777490368094, 0.014426910912488593, 0.5679191247287835, 0.8524114810291206, 0.0011915565753478023, 0.6154819877360276, 0.2859766999713244, 0.37253018126419174, 0.012965203157282413, 0.40234779493578904, 0.0010179380747445503]
APTIDAO: 
43.26435282837176
GEN: 2200
Individuo: 
[2.947198227534315, 2.7225578192476143, 3.578916541716618, 0.4077254075306783, 1.0962014616827624, 1.1354822682193377, 0.4669421684375215, 0.4606845295681539, 1.099741794479067, 0.9364259389955117, 0.7466549710722954, 1.474639171966621, 1.4109374501993082, 0.34521173125198185, 0.09532769210791096, 0.36016337329454406, 0.6684066453861175, 0.001061251337522583, 0.49087985206710066, 0.0495348717284555, 0.02104777490368094, 0.0028859401548699346, 0.5679191247287835, 0.8524114810291206, 0.0011915565753478023, 0.6154819877360276, 0.2859766999713244, 0.3794006660511618, 0.012965203157282413, 0.40234779493578904, 0.0017276358831136204]
APTIDAO: 
42.74764639352051
GEN: 2300
Individuo: 
[2.947198227534315, 2.7225578192476143, 3.578916541716618, 0.4077254075306783, 1.0962014616827624, 1.1354822682193377, 0.4669421684375215, 0.4606845295681539, 1.082825913352485, 0.9364259389955117, 0.7179714595758583, 1.474639171966621, 1.3453664470598505, 0.34521173125198185, 0.09532769210791096, 0.36016337329454406, 0.6684066453861175, 0.0012143866790441812, 0.49087985206710066, 0.10187851286718401, 0.02104777490368094, 0.007590497029977787, 0.5679191247287835, 0.8628803534085561, 0.0011915565753478023, 0.6154819877360276, 0.2859766999713244, 0.3794006660511618, 0.02277554051295896, 0.40234779493578904, 0.0011834235431299914]
APTIDAO: 
42.711501500397745
GEN: 2400
Individuo: 
[2.95221513756552, 2.7225578192476143, 3.5976255923796665, 0.4077254075306783, 1.0962014616827624, 1.1354822682193377, 0.4669421684375215, 0.4606845295681539, 1.082825913352485, 0.9364259389955117, 0.7179714595758583, 1.474639171966621, 1.453576106579161, 0.34521173125198185, 0.09532769210791096, 0.36016337329454406, 0.6684066453861175, 0.0010282448017958138, 0.49087985206710066, 0.10187851286718401, 0.02104777490368094, 0.002361646887819404, 0.5679191247287835, 0.8628803534085561, 0.0014649853952224182, 0.6154819877360276, 0.2859766999713244, 0.3794006660511618, 0.02277554051295896, 0.40234779493578904, 0.0011834235431299914]
APTIDAO: 
42.682339454044524
GEN: 2500
Individuo: 
[2.947198227534315, 2.7225578192476143, 3.578916541716618, 0.4077254075306783, 1.0962014616827624, 1.1354822682193377, 0.4669421684375215, 0.4606845295681539, 1.093871026036928, 0.9364259389955117, 0.6660720894738533, 1.474639171966621, 1.3906930636088708, 0.34521173125198185, 0.09532769210791096, 0.36016337329454406, 0.6684066453861175, 0.001831861688689538, 0.49087985206710066, 0.1590745678247377, 0.02104777490368094, 0.7424898370564614, 0.5679191247287835, 0.8936954090979495, 0.0028222987831824807, 0.6154819877360276, 0.2859766999713244, 0.3794006660511618, 0.02492658863982558, 0.40234779493578904, 0.0011834235431299914]
APTIDAO: 
43.41253817516893
GEN: 2600
Individuo: 
[3.206520006344079, 2.93680223233909, 3.578916541716618, 0.4077254075306783, 1.0861423130750492, 1.1354822682193377, 0.4669421684375215, 0.4606845295681539, 1.093871026036928, 0.9364259389955117, 0.6660720894738533, 1.474639171966621, 1.3906930636088708, 0.34521173125198185, 0.09532769210791096, 0.359440524622878, 0.6684066453861175, 0.0011203362115471095, 0.49087985206710066, 0.12243812733907412, 0.023865504320305705, 0.20862801984534554, 0.5679191247287835, 0.8936954090979495, 0.0018545589769305415, 0.6616188259656934, 0.3209780268810211, 0.3794006660511618, 0.020992469645180253, 0.40234779493578904, 0.001407395383020099]
APTIDAO: 
42.632370230019355
GEN: 2700
Individuo: 
[2.997976655790735, 2.93680223233909, 4.43264080250787, 0.4077254075306783, 1.0595013770885822, 1.1354822682193377, 0.4669421684375215, 0.4606845295681539, 1.093871026036928, 0.9364259389955117, 0.5639195310088334, 1.474639171966621, 1.3906930636088708, 0.34521173125198185, 0.09532769210791096, 0.359440524622878, 0.6684066453861175, 0.0010530990097349622, 0.49087985206710066, 0.15670933314563626, 0.014587759492406293, 0.04322894483375116, 0.5679191247287835, 0.8936954090979495, 0.0017292585887520413, 0.6616188259656934, 0.3209780268810211, 0.3794006660511618, 0.006914995538216421, 0.36951217897214755, 0.002096941023442001]
APTIDAO: 
41.356145940175935
GEN: 2800
Individuo: 
[2.997976655790735, 2.93680223233909, 4.897841120369206, 0.4077254075306783, 1.0595013770885822, 1.1354822682193377, 0.4669421684375215, 0.4606845295681539, 1.093871026036928, 0.9364259389955117, 0.5639195310088334, 1.474639171966621, 1.4214896370294248, 0.34521173125198185, 0.09532769210791096, 0.359440524622878, 0.6684066453861175, 0.0011020584259484579, 0.49087985206710066, 0.07329003879366297, 0.021911053865312398, 0.13662234684292576, 0.5386851443188492, 0.8803291174592478, 0.005700051667534082, 0.6608932241464576, 0.3209780268810211, 0.3794006660511618, 0.0017936973947395027, 0.40234779493578904, 0.0012490836641247888]
APTIDAO: 
40.896168720464
GEN: 2900
Individuo: 
[3.0320202093946516, 2.93680223233909, 4.897841120369206, 0.4077254075306783, 1.0595013770885822, 1.1354822682193377, 0.4669421684375215, 0.4606845295681539, 1.0762383723809699, 0.9364259389955117, 0.5524713786785151, 1.474639171966621, 1.2002923079392074, 0.34521173125198185, 0.09532769210791096, 0.359440524622878, 0.6684066453861175, 0.0013106461830528706, 0.49087985206710066, 0.07329003879366297, 0.021911053865312398, 0.23867258020259682, 0.5386851443188492, 0.8803291174592478, 0.005700051667534082, 0.6680399539328464, 0.3209780268810211, 0.3794006660511618, 0.0012012845477008876, 0.40234779493578904, 0.0010975195878335652]
APTIDAO: 
40.72001575164007
GEN: 3000
Individuo: 
[3.0320202093946516, 2.93680223233909, 4.897841120369206, 0.4077254075306783, 1.0595013770885822, 1.1354822682193377, 0.4669421684375215, 0.4606845295681539, 1.0762383723809699, 0.9364259389955117, 0.455022135582559, 1.474639171966621, 1.2002923079392074, 0.34521173125198185, 0.09532769210791096, 0.359440524622878, 0.6684066453861175, 0.0010342933849053586, 0.49087985206710066, 0.10315857463520159, 0.021911053865312398, 0.5199864607117517, 0.5386851443188492, 0.8803291174592478, 0.008145694725113856, 0.6680399539328464, 0.3209780268810211, 0.3794006660511618, 0.0010273690232513566, 0.40234779493578904, 0.0010781528994714296]
APTIDAO: 
40.444861990107654
GEN: 3100
Individuo: 
[3.0320202093946516, 3.244722847808447, 4.897841120369206, 0.4077254075306783, 1.0595013770885822, 1.1354822682193377, 0.4669421684375215, 0.4606845295681539, 1.054323085673312, 0.9364259389955117, 0.455022135582559, 1.474639171966621, 1.3944663134432425, 0.34521173125198185, 0.09532769210791096, 0.359440524622878, 0.6684066453861175, 0.0010094332577970442, 0.49087985206710066, 0.10315857463520159, 0.021911053865312398, 0.13797595532495868, 0.5386851443188492, 0.8803291174592478, 0.0037932362193830336, 0.6755007101023558, 0.3209780268810211, 0.3794006660511618, 0.0011212160086000009, 0.40234779493578904, 0.0015706762566096233]
APTIDAO: 
40.11452394160978
GEN: 3200
Individuo: 
[3.0320202093946516, 3.244722847808447, 4.897841120369206, 0.4077254075306783, 1.0595013770885822, 1.1354822682193377, 0.4669421684375215, 0.4606845295681539, 1.054323085673312, 0.9364259389955117, 0.430572256112794, 1.474639171966621, 1.3944663134432425, 0.34521173125198185, 0.09532769210791096, 0.359440524622878, 0.6684066453861175, 0.001150170696142187, 0.49087985206710066, 0.10315857463520159, 0.021911053865312398, 0.06139400845123023, 0.5386851443188492, 0.8803291174592478, 0.0027489240253456243, 0.6755007101023558, 0.3209780268810211, 0.3794006660511618, 0.0011996435254314, 0.40234779493578904, 0.0010521536668656158]
APTIDAO: 
40.08402521017936
GEN: 3300
Individuo: 
[3.0320202093946516, 3.244722847808447, 4.897841120369206, 0.4077254075306783, 1.0595013770885822, 1.1354822682193377, 0.4669421684375215, 0.4606845295681539, 1.054323085673312, 0.9364259389955117, 0.430572256112794, 1.474639171966621, 1.3944663134432425, 0.34521173125198185, 0.09532769210791096, 0.359440524622878, 0.6684066453861175, 0.0011275907547479036, 0.49087985206710066, 0.11207731982654061, 0.021911053865312398, 0.05274500866180976, 0.5386851443188492, 0.8701984130659239, 0.0034027549376445436, 0.6755007101023558, 0.3209780268810211, 0.3794006660511618, 0.0010085966694225394, 0.40234779493578904, 0.0010029517557936852]
APTIDAO: 
40.02365976591359
GEN: 3400
Individuo: 
[3.0320202093946516, 3.244722847808447, 4.897841120369206, 0.4077254075306783, 1.0595013770885822, 1.1354822682193377, 0.4669421684375215, 0.4606845295681539, 1.0325203068355493, 0.9364259389955117, 0.430572256112794, 1.474639171966621, 1.0245572469835118, 0.34521173125198185, 0.09532769210791096, 0.359440524622878, 0.6684066453861175, 0.0015322410262590153, 0.49087985206710066, 0.11207731982654061, 0.020967694633128153, 0.0015962128117591047, 0.5386851443188492, 0.8701984130659239, 0.0034027549376445436, 0.6755007101023558, 0.3209780268810211, 0.3794006660511618, 0.0011999270054325543, 0.40234779493578904, 0.0016766043904683436]
APTIDAO: 
40.00786708069922
GEN: 3500
Individuo: 
[3.0320202093946516, 3.244722847808447, 4.897841120369206, 0.43182430254379933, 1.0595013770885822, 1.1354822682193377, 0.4669421684375215, 0.4606845295681539, 1.0325203068355493, 0.9364259389955117, 0.430572256112794, 1.474639171966621, 1.3118640922213423, 0.34521173125198185, 0.09532769210791096, 0.359440524622878, 0.6684066453861175, 0.001092184407709687, 0.49087985206710066, 0.11207731982654061, 0.020967694633128153, 0.0015962128117591047, 0.5478735886134801, 0.8701984130659239, 0.0011644641776103661, 0.6755007101023558, 0.3209780268810211, 0.3794006660511618, 0.00133689254692813, 0.40234779493578904, 0.0017095475911306794]
APTIDAO: 
39.9303615860308
GEN: 3600
Individuo: 
[3.0320202093946516, 3.244722847808447, 4.897841120369206, 0.33021444016928414, 1.0595013770885822, 1.1354822682193377, 0.4669421684375215, 0.4606845295681539, 1.0325203068355493, 0.9364259389955117, 0.47975272180701223, 1.474639171966621, 1.3118640922213423, 0.34521173125198185, 0.09532769210791096, 0.359440524622878, 0.6684066453861175, 0.0010479598595246001, 0.49087985206710066, 0.08042207129971286, 0.020967694633128153, 0.0015962128117591047, 0.5478735886134801, 0.8701984130659239, 0.0010623772933958798, 0.6755007101023558, 0.3209780268810211, 0.3794006660511618, 0.00229684008521616, 0.40234779493578904, 0.0010350512093526333]
APTIDAO: 
40.38642660284215
GEN: 3700
Individuo: 
[3.0320202093946516, 3.244722847808447, 4.897841120369206, 0.3718510144870109, 1.0595013770885822, 1.1354822682193377, 0.4669421684375215, 0.4606845295681539, 1.0325203068355493, 0.9364259389955117, 0.43710422320625786, 1.4814828712921395, 1.3118640922213423, 0.34521173125198185, 0.09532769210791096, 0.359440524622878, 0.6684066453861175, 0.0010479598595246001, 0.49087985206710066, 0.08198306419398597, 0.01918281030230215, 0.0010822977149010297, 0.5478735886134801, 0.8701984130659239, 0.0013085688984438867, 0.6755007101023558, 0.3209780268810211, 0.3794006660511618, 0.001107131106441723, 0.40234779493578904, 0.0010350512093526333]
APTIDAO: 
40.01063567013886
GEN: 3800
Individuo: 
[3.0320202093946516, 3.244722847808447, 4.897841120369206, 0.422325681005041, 1.0595013770885822, 1.1354822682193377, 0.4669421684375215, 0.4606845295681539, 1.0325203068355493, 0.9255863915844934, 0.39651403951012987, 1.4814828712921395, 1.3118640922213423, 0.34521173125198185, 0.09532769210791096, 0.359440524622878, 0.6684066453861175, 0.0010479598595246001, 0.49087985206710066, 0.11682103143964295, 0.01918281030230215, 0.0016891271480309433, 0.525897569053948, 0.8701984130659239, 0.004685369113430052, 0.696163149351112, 0.32680201349593835, 0.3794006660511618, 0.002334780991598998, 0.40234779493578904, 0.0017152203241232108]
APTIDAO: 
39.77430791859787
GEN: 3900
Individuo: 
[3.1915990780816452, 3.2390065993384924, 3.508244357072384, 0.45639530004890827, 1.0595013770885822, 1.1354822682193377, 0.47900402919357793, 0.4606845295681539, 1.0325203068355493, 0.9255863915844934, 0.39651403951012987, 1.4814828712921395, 1.3118640922213423, 0.34521173125198185, 0.09532769210791096, 0.359440524622878, 0.6442699416835891, 0.0010216692828991089, 0.49087985206710066, 0.38327681359948856, 0.01918281030230215, 0.0020049316265399334, 0.525897569053948, 0.8701984130659239, 0.007672128139709172, 0.696163149351112, 0.32680201349593835, 0.3794006660511618, 0.016398585896862994, 0.40234779493578904, 0.001454709466047337]
APTIDAO: 
43.089213009572724
GEN: 4000
Individuo: 
[3.6229391991503683, 3.2390065993384924, 3.508244357072384, 0.39969819065286943, 1.0595013770885822, 1.140933257761447, 0.47900402919357793, 0.4606845295681539, 1.0418344879812516, 0.9255863915844934, 0.4033829074346849, 1.4814828712921395, 1.0392842421599326, 0.34521173125198185, 0.09532769210791096, 0.41775384504850505, 0.6442699416835891, 0.0010871694804348118, 0.49087985206710066, 0.44275883120282944, 0.020341308070192136, 0.0014514963380474698, 0.525897569053948, 0.8701984130659239, 0.013140669167895178, 0.696163149351112, 0.33059779947246193, 0.4081852596972501, 0.02108278958088007, 0.40234779493578904, 0.0011060509208451693]
APTIDAO: 
41.52983516611498
GEN: 4100
Individuo: 
[3.327717185980982, 3.2390065993384924, 3.508244357072384, 0.4768080037397618, 1.0595013770885822, 1.140933257761447, 0.47900402919357793, 0.4606845295681539, 1.0275535113310792, 0.9255863915844934, 0.4033829074346849, 1.4814828712921395, 1.3120312046043987, 0.34521173125198185, 0.09532769210791096, 0.39709844367637903, 0.6442699416835891, 0.001026845703223478, 0.49087985206710066, 0.44275883120282944, 0.020341308070192136, 0.0018154576469318234, 0.525897569053948, 0.8730985521921505, 0.013140669167895178, 0.696163149351112, 0.33059779947246193, 0.4081852596972501, 0.02108278958088007, 0.40234779493578904, 0.0013515170952235077]
APTIDAO: 
41.20352502183887
GEN: 4200
Individuo: 
[2.165887338295654, 3.2390065993384924, 3.508244357072384, 0.3481272971518207, 1.0595013770885822, 1.140933257761447, 0.47900402919357793, 0.4606845295681539, 1.031062684639707, 0.9255863915844934, 0.405313307038632, 1.4814828712921395, 1.3120312046043987, 0.34521173125198185, 0.09532769210791096, 0.3363906278511739, 0.6442699416835891, 0.001026845703223478, 0.49087985206710066, 0.42277399848100955, 0.020341308070192136, 0.0023426059534912926, 0.525897569053948, 0.8730985521921505, 0.013140669167895178, 0.696163149351112, 0.33059779947246193, 0.4081852596972501, 0.02108278958088007, 0.40234779493578904, 0.0011875266057508134]
APTIDAO: 
41.86246787334899
GEN: 4300
Individuo: 
[2.34431589894436, 3.2390065993384924, 3.508244357072384, 0.4678066769141122, 1.0595013770885822, 1.140933257761447, 0.47900402919357793, 0.4606845295681539, 1.031062684639707, 0.9255863915844934, 0.405313307038632, 1.4814828712921395, 1.3120312046043987, 0.34521173125198185, 0.09532769210791096, 0.3363906278511739, 0.6442699416835891, 0.001026845703223478, 0.49087985206710066, 0.47532343355485435, 0.020341308070192136, 0.004086388294139755, 0.5688519304825724, 0.8928870499867727, 0.013140669167895178, 0.696163149351112, 0.34445267371882454, 0.4081852596972501, 0.02108278958088007, 0.40234779493578904, 0.0014209816427723937]
APTIDAO: 
41.87381472510738
GEN: 4400
Individuo: 
[2.34431589894436, 3.261427550957754, 3.8205073369312785, 0.41804962669404805, 1.0595013770885822, 1.140933257761447, 0.47900402919357793, 0.4606845295681539, 1.031062684639707, 0.9255863915844934, 0.405313307038632, 1.4814828712921395, 0.9883142332921271, 0.34521173125198185, 0.09532769210791096, 0.3363906278511739, 0.6442699416835891, 0.0010531223668071832, 0.49087985206710066, 0.4273821684955918, 0.019682207861647157, 0.09524986941575711, 0.5688519304825724, 0.8928870499867727, 0.016028825905495373, 0.696163149351112, 0.34445267371882454, 0.4081852596972501, 0.02108278958088007, 0.4031341329932773, 0.0014862816501484068]
APTIDAO: 
41.345527449170454
GEN: 4500
Individuo: 
[2.3236261433510275, 3.2811330989808107, 4.560478462762913, 0.37822257021721006, 1.0595013770885822, 1.140933257761447, 0.47900402919357793, 0.4606845295681539, 1.0317329204230166, 0.9255863915844934, 0.405313307038632, 1.4814828712921395, 0.9883142332921271, 0.34521173125198185, 0.09532769210791096, 0.3363906278511739, 0.6442699416835891, 0.0013239683779353634, 0.4175527174894839, 0.4273821684955918, 0.02889829049489594, 0.16406226953762038, 0.5688519304825724, 0.8928870499867727, 0.016028825905495373, 0.696163149351112, 0.34445267371882454, 0.4081852596972501, 0.05469496657868004, 0.4031341329932773, 0.0014862816501484068]
APTIDAO: 
43.490381777867505
GEN: 4600
Individuo: 
[2.3236261433510275, 3.3768456406260285, 4.99075497559228, 0.37822257021721006, 1.0634494203872107, 1.140933257761447, 0.47900402919357793, 0.4606845295681539, 1.0317329204230166, 0.9255863915844934, 0.405313307038632, 1.4814828712921395, 0.9883142332921271, 0.33551934027997726, 0.09532769210791096, 0.3363906278511739, 0.6442699416835891, 0.0013239683779353634, 0.4175527174894839, 0.4273821684955918, 0.0223768396722859, 0.16406226953762038, 0.5688519304825724, 0.8928870499867727, 0.009370164634704081, 0.7251577362445765, 0.34445267371882454, 0.4081852596972501, 0.054879055449665884, 0.4031341329932773, 0.0030796310179564703]
APTIDAO: 
41.6642405876105
GEN: 4700
Individuo: 
[2.3236261433510275, 3.3768456406260285, 4.9240735524556465, 0.37822257021721006, 1.0634494203872107, 1.140933257761447, 0.47900402919357793, 0.4606845295681539, 1.0317329204230166, 0.9255863915844934, 0.405313307038632, 1.4814828712921395, 1.0411731426901676, 0.33551934027997726, 0.09532769210791096, 0.3363906278511739, 0.6442699416835891, 0.001371704230167982, 0.4175527174894839, 0.4273821684955918, 0.01945137016234682, 0.0028252591029851804, 0.5298090356232128, 0.8928870499867727, 0.016028825905495373, 0.7251577362445765, 0.34445267371882454, 0.4081852596972501, 0.060866685269792616, 0.4031341329932773, 0.0011516579389792242]
APTIDAO: 
40.737715143107515
GEN: 4800
Individuo: 
[2.670100293503093, 3.3768456406260285, 4.9240735524556465, 0.39077321662069364, 1.0634494203872107, 1.140933257761447, 0.44637378647768594, 0.4606845295681539, 1.0317329204230166, 0.9255863915844934, 0.405313307038632, 1.4814828712921395, 1.0411731426901676, 0.4760020630207253, 0.09532769210791096, 0.5619342863708052, 0.6442699416835891, 0.0019134960095430103, 0.4175527174894839, 0.49132840442673176, 0.01882413390721567, 0.01645854795111916, 0.7220907960964169, 0.8928870499867727, 0.04025254510636082, 0.7251577362445765, 0.3534938572832364, 0.4081852596972501, 0.06910036573153794, 0.4031341329932773, 0.0015161663925860205]
APTIDAO: 
41.87124382527293
GEN: 4900
Individuo: 
[3.3755161602279973, 3.3768456406260285, 4.9240735524556465, 0.39077321662069364, 1.0634494203872107, 1.140933257761447, 0.44637378647768594, 0.4606845295681539, 1.0317329204230166, 0.9255863915844934, 0.405313307038632, 1.4814828712921395, 1.3780927434714478, 0.3739417147213711, 0.09532769210791096, 0.5619342863708052, 0.6442699416835891, 0.007038355723422642, 0.4175527174894839, 0.47654284332938385, 0.01882413390721567, 0.004182659078314541, 0.5475424552634147, 0.9267488960981153, 0.04025254510636082, 0.7251577362445765, 0.3534938572832364, 0.4081852596972501, 0.07316695997762815, 0.4031341329932773, 0.001559540158236805]
APTIDAO: 
41.9339534363535
GEN: 5000
Individuo: 
[3.266271887419847, 3.190813110825048, 4.485774299475678, 0.39077321662069364, 1.0634494203872107, 1.140933257761447, 0.44637378647768594, 0.4606845295681539, 1.0317329204230166, 0.9255863915844934, 0.405313307038632, 1.4814828712921395, 1.497938371420051, 0.3739417147213711, 0.09532769210791096, 0.5580802717643858, 0.6442699416835891, 0.004085496435462946, 0.4175527174894839, 0.47654284332938385, 0.01882413390721567, 0.0012350118175391493, 0.5665692924843477, 0.9267488960981153, 0.04025254510636082, 0.7251577362445765, 0.3534938572832364, 0.4081852596972501, 0.07316695997762815, 0.4031341329932773, 0.0032398340427283764]
APTIDAO: 
41.11069297579604
GEN: 5100
Individuo: 
[3.266271887419847, 3.037604126434175, 4.838558368169336, 0.39077321662069364, 1.0634494203872107, 1.140933257761447, 0.44637378647768594, 0.4606845295681539, 1.0317329204230166, 0.9255863915844934, 0.405313307038632, 1.4814828712921395, 1.497938371420051, 0.3739417147213711, 0.09532769210791096, 0.5580802717643858, 0.6442699416835891, 0.004302014454840156, 0.4175527174894839, 0.47654284332938385, 0.01882413390721567, 0.017814654723343114, 0.5665692924843477, 0.9267488960981153, 0.04025254510636082, 0.7251577362445765, 0.3534938572832364, 0.4081852596972501, 0.07316695997762815, 0.4031341329932773, 0.001848146238112972]
APTIDAO: 
41.12670862566451
GEN: 5200
Individuo: 
[3.266271887419847, 3.037604126434175, 4.838558368169336, 0.39077321662069364, 1.0634494203872107, 1.140933257761447, 0.44637378647768594, 0.4606845295681539, 1.0317329204230166, 0.9255863915844934, 0.405313307038632, 1.4814828712921395, 1.1830433465078778, 0.3739417147213711, 0.09532769210791096, 0.5580802717643858, 0.6442699416835891, 0.0026939499633135537, 0.4175527174894839, 0.4706886137535812, 0.01882413390721567, 0.4557060884931964, 0.5665692924843477, 0.9267488960981153, 0.04025254510636082, 0.7251577362445765, 0.3534938572832364, 0.4081852596972501, 0.07316695997762815, 0.4031341329932773, 0.005968298726002741]
APTIDAO: 
41.14645613784294
GEN: 5300
Individuo: 
[3.0422434022390314, 4.428633537884091, 4.838558368169336, 0.39077321662069364, 1.0634494203872107, 1.140933257761447, 0.44637378647768594, 0.4606845295681539, 1.0317329204230166, 0.9255863915844934, 0.405313307038632, 1.4814828712921395, 1.4017575565716427, 0.3739417147213711, 0.09532769210791096, 0.5580802717643858, 0.6442699416835891, 0.0011837593267757028, 0.4175527174894839, 0.4706886137535812, 0.01882413390721567, 0.8935182390951255, 0.5136805191714321, 0.8670564848359509, 0.04025254510636082, 0.7251577362445765, 0.3534938572832364, 0.4081852596972501, 0.07316695997762815, 0.4031341329932773, 0.02235892390361037]
APTIDAO: 
42.246543196425456
GEN: 5400
Individuo: 
[3.0722151443070915, 3.3123222494590547, 4.475926885421155, 0.39077321662069364, 1.0634494203872107, 1.140933257761447, 0.44637378647768594, 0.4606845295681539, 1.0317329204230166, 0.9255863915844934, 0.405313307038632, 1.4814828712921395, 1.4017575565716427, 0.3739417147213711, 0.09532769210791096, 0.5580802717643858, 0.6496063846642411, 0.0010138090285313679, 0.4175527174894839, 0.46364230918458166, 0.017864822239240245, 0.7145726353116992, 0.5136805191714321, 0.8670564848359509, 0.04025254510636082, 0.7251577362445765, 0.3534938572832364, 0.4081852596972501, 0.07316695997762815, 0.4031341329932773, 0.002862533441070247]
APTIDAO: 
41.050316549977516
GEN: 5500
Individuo: 
[3.076761773734222, 3.3123222494590547, 3.6741123064918573, 0.40154451207191366, 1.0634494203872107, 1.140933257761447, 0.44637378647768594, 0.4606845295681539, 1.0317329204230166, 0.9255863915844934, 0.405313307038632, 1.4814828712921395, 1.4017575565716427, 0.3739417147213711, 0.09532769210791096, 0.5580802717643858, 0.6496063846642411, 0.0011802956993747487, 0.4175527174894839, 0.46364230918458166, 0.01892633482568266, 0.8310859671615386, 0.5136805191714321, 0.8670564848359509, 0.04025254510636082, 0.7251577362445765, 0.3534938572832364, 0.4081852596972501, 0.07316695997762815, 0.4031341329932773, 0.004248017747378477]
APTIDAO: 
41.55883308754557
GEN: 5600
Individuo: 
[3.076761773734222, 3.3123222494590547, 4.471154451757104, 0.40154451207191366, 1.0634494203872107, 1.140933257761447, 0.44637378647768594, 0.4606845295681539, 1.0317329204230166, 0.9255863915844934, 0.405313307038632, 1.4814828712921395, 1.4017575565716427, 0.3739417147213711, 0.09532769210791096, 0.5104188778024439, 0.6496063846642411, 0.001167514831526702, 0.4175527174894839, 0.47002843415954143, 0.0184576512436316, 0.41468276026352996, 0.5136805191714321, 0.8670564848359509, 0.04025254510636082, 0.7190492604244847, 0.3534938572832364, 0.4081852596972501, 0.07316695997762815, 0.4031341329932773, 0.004248017747378477]
APTIDAO: 
40.94889947942344
GEN: 5700
Individuo: 
[3.076761773734222, 3.3123222494590547, 4.471154451757104, 0.40154451207191366, 1.0634494203872107, 1.140933257761447, 0.44637378647768594, 0.4606845295681539, 1.0317329204230166, 0.9255863915844934, 0.405313307038632, 1.4814828712921395, 1.4017575565716427, 0.3739417147213711, 0.09532769210791096, 0.5496297378090328, 0.5471605656963743, 0.002476464704415124, 0.4175527174894839, 0.47002843415954143, 0.0184576512436316, 0.6716372289678856, 0.5136805191714321, 0.8670564848359509, 0.04025254510636082, 0.5955342444735495, 0.3534938572832364, 0.4081852596972501, 0.07316695997762815, 0.4031341329932773, 0.002874691340272524]
APTIDAO: 
40.96754925616966
GEN: 5800
Individuo: 
[4.293277880299879, 3.1718802225136593, 4.471154451757104, 0.4873399282711711, 1.0634494203872107, 1.140933257761447, 0.44637378647768594, 0.4606845295681539, 1.0317329204230166, 0.9255863915844934, 0.405313307038632, 1.4814828712921395, 1.26907669624221, 0.3739417147213711, 0.09532769210791096, 0.5496297378090328, 0.5471605656963743, 0.002476464704415124, 0.1179226811478075, 0.43772110911074213, 0.020926722274730067, 0.1735321949783501, 0.5136805191714321, 0.8670564848359509, 0.029552405893712403, 0.5955342444735495, 0.3534938572832364, 0.08974690265198718, 0.07316695997762815, 0.4031341329932773, 0.0382049877979239]
APTIDAO: 
41.60531983909704
GEN: 5900
Individuo: 
[4.293277880299879, 3.053018883113726, 4.715300919383231, 0.45804944908677253, 1.0634494203872107, 1.140933257761447, 0.44637378647768594, 0.4606845295681539, 1.0317329204230166, 0.9255863915844934, 0.405313307038632, 1.4814828712921395, 0.9872376797710596, 0.3739417147213711, 0.09532769210791096, 0.5496297378090328, 0.5428222818746873, 0.0014627601658933934, 0.1179226811478075, 0.4762429126888772, 0.02130620999192981, 0.9556424571379104, 0.5136805191714321, 0.8378949563313515, 0.020755109737588786, 0.5955342444735495, 0.3534938572832364, 0.08974690265198718, 0.07316695997762815, 0.4031341329932773, 0.0382049877979239]
APTIDAO: 
40.852725171504524
GEN: 6000
Individuo: 
[4.293277880299879, 3.64404071813417, 4.715300919383231, 0.45546199222490624, 1.0634494203872107, 1.140933257761447, 0.44637378647768594, 0.4606845295681539, 1.0778522078293253, 0.9255863915844934, 0.39656865999693164, 1.4814828712921395, 1.1274784802268252, 0.3739417147213711, 0.09532769210791096, 0.5456812944341368, 0.5397309393282361, 0.001109286774377145, 0.11160659145984357, 0.4762429126888772, 0.014711872238885251, 0.6486737800041791, 0.5136805191714321, 0.8378949563313515, 0.020755109737588786, 0.5955342444735495, 0.3534938572832364, 0.08974690265198718, 0.07316695997762815, 0.3857970714052562, 0.0382049877979239]
APTIDAO: 
42.59427381863167
GEN: 6100
Individuo: 
[4.293277880299879, 3.172410301101811, 4.715300919383231, 0.45546199222490624, 1.0513633877376, 1.140933257761447, 0.44637378647768594, 0.4606845295681539, 1.0778522078293253, 0.9255863915844934, 0.39656865999693164, 1.4368176361590936, 1.1414574045504748, 0.3739417147213711, 0.09532769210791096, 0.5202502342751185, 0.5424175873321605, 0.0033764998945411025, 0.13862686819749617, 0.4249558500783672, 0.020285071422689278, 0.7226531333320961, 0.5136805191714321, 0.8378949563313515, 0.0171611831264049, 0.5955342444735495, 0.3534938572832364, 0.1296264048632396, 0.07316695997762815, 0.3646250569445469, 0.0382049877979239]
APTIDAO: 
41.666691686454065
GEN: 6200
Individuo: 
[4.293277880299879, 3.172410301101811, 4.986525534950899, 0.802768520318811, 1.0513633877376, 1.140933257761447, 0.5068199428263033, 0.4606845295681539, 1.0778522078293253, 0.9255863915844934, 0.36402346209057446, 1.4368176361590936, 1.4948670073540167, 0.3739417147213711, 0.09532769210791096, 0.5202502342751185, 0.5424175873321605, 0.001327730694855324, 0.13221880453428583, 0.4249558500783672, 0.020285071422689278, 0.7226531333320961, 0.5136805191714321, 0.8378949563313515, 0.0171611831264049, 0.5955342444735495, 0.3534938572832364, 0.1296264048632396, 0.07339784343004853, 0.3646250569445469, 0.0382049877979239]
APTIDAO: 
43.9827651540822
GEN: 6300
Individuo: 
[4.293277880299879, 2.8879538859692824, 4.598177500735047, 0.6416975326579967, 1.0513633877376, 1.140933257761447, 0.5068199428263033, 0.4606845295681539, 1.0778522078293253, 0.9255863915844934, 0.36402346209057446, 1.4368176361590936, 1.4948670073540167, 0.3739417147213711, 0.09532769210791096, 0.5202502342751185, 0.5424175873321605, 0.001518108159171427, 0.13221880453428583, 0.44609856225348465, 0.02106886873325085, 0.7226531333320961, 0.5136805191714321, 0.834691722215273, 0.02474320233788616, 0.5955342444735495, 0.3534938572832364, 0.1296264048632396, 0.07229317817976261, 0.3646250569445469, 0.09638926510894048]
APTIDAO: 
43.231560079143094
GEN: 6400
Individuo: 
[4.111134957728895, 3.3727742148947226, 4.406234748068019, 0.4419005380632271, 1.0513633877376, 1.140933257761447, 0.5068199428263033, 0.4606845295681539, 1.0778522078293253, 0.9255863915844934, 0.36402346209057446, 1.4368176361590936, 1.4948670073540167, 0.3739417147213711, 0.09532769210791096, 0.5202502342751185, 0.5424175873321605, 0.0012677540094856792, 0.13221880453428583, 0.44609856225348465, 0.02106886873325085, 0.9205307218990948, 0.5136805191714321, 0.834691722215273, 0.02624561157531044, 0.5955342444735495, 0.3534938572832364, 0.1296264048632396, 0.07229317817976261, 0.3646250569445469, 0.02907880648187764]
APTIDAO: 
42.00229414265766
GEN: 6500
Individuo: 
[4.111134957728895, 3.3727742148947226, 4.406234748068019, 0.4574340179222633, 1.0513633877376, 1.140933257761447, 0.5351782064234857, 0.4606845295681539, 1.0778522078293253, 0.9255863915844934, 0.36402346209057446, 1.4368176361590936, 1.261748217282861, 0.3739417147213711, 0.09532769210791096, 0.5202502342751185, 0.5424175873321605, 0.0010844174898563457, 0.13221880453428583, 0.44609856225348465, 0.020808405829531265, 0.9205307218990948, 0.5136805191714321, 0.834691722215273, 0.02624561157531044, 0.5955342444735495, 0.4314463567119661, 0.1296264048632396, 0.10606642128777559, 0.3646250569445469, 0.012988013372576199]
APTIDAO: 
41.79978547915164
GEN: 6600
Individuo: 
[4.111134957728895, 3.481290575805158, 4.406234748068019, 0.4574340179222633, 1.0531610517922203, 1.140933257761447, 0.5351782064234857, 0.4606845295681539, 1.0778522078293253, 0.9255863915844934, 0.36402346209057446, 1.4368176361590936, 1.1970551745757707, 0.3739417147213711, 0.09532769210791096, 0.5202502342751185, 0.5424175873321605, 0.0011155948380021639, 0.13221880453428583, 0.44609856225348465, 0.020808405829531265, 0.9205307218990948, 0.5136805191714321, 0.834691722215273, 0.02624561157531044, 0.5955342444735495, 0.4314463567119661, 0.1296264048632396, 0.10606642128777559, 0.3646250569445469, 0.012988013372576199]
APTIDAO: 
41.75885608578021
GEN: 6700
Individuo: 
[4.20879447929973, 3.3727742148947226, 4.815210463971581, 0.5214994104348017, 1.0531610517922203, 1.140933257761447, 0.5351782064234857, 0.4606845295681539, 1.0778522078293253, 0.9255863915844934, 0.36402346209057446, 1.4368176361590936, 1.1263478053782587, 0.3739417147213711, 0.09532769210791096, 0.5202502342751185, 0.5675571388585441, 0.0022031953832722384, 0.12833569828679336, 0.44609856225348465, 0.020808405829531265, 0.43288609783398224, 0.44032095267759314, 0.8255568536799438, 0.04277004062696214, 0.7163902723827869, 0.4314463567119661, 0.1296264048632396, 0.10332398589689391, 0.3646250569445469, 0.012988013372576199]
APTIDAO: 
41.2348105647435
GEN: 6800
Individuo: 
[4.581982363952772, 3.3727742148947226, 4.815210463971581, 0.4691988125574917, 1.0531610517922203, 1.0366951153202695, 0.7300522695947959, 0.4606845295681539, 1.0778522078293253, 0.9255863915844934, 0.36402346209057446, 1.4368176361590936, 1.1591378113370643, 0.3739417147213711, 0.09532769210791096, 0.3716470212640139, 0.5675571388585441, 0.0027346840780614373, 0.12760256693121783, 0.3804090176681793, 0.020808405829531265, 0.38665915785592764, 0.44032095267759314, 0.6482048117019694, 0.01558491569083284, 0.7163902723827869, 0.4314463567119661, 0.1296264048632396, 0.08860597460429255, 0.3646250569445469, 0.0037990928095430277]
APTIDAO: 
41.65889784299061
GEN: 6900
Individuo: 
[4.581982363952772, 3.97349393581645, 4.964394946607429, 0.46591585882746117, 1.0531610517922203, 1.156630086582915, 0.8125448872322558, 0.4606845295681539, 0.8748476625840481, 0.9255863915844934, 0.36402346209057446, 1.444384912712808, 1.1591378113370643, 0.3739417147213711, 0.09532769210791096, 0.06368587230169197, 0.5306707787536731, 0.0017163364780793321, 0.13718697914125827, 0.3986820943858767, 0.019048379689276394, 0.01182717319405146, 0.44032095267759314, 0.713566976273796, 0.010293222872539996, 0.7163902723827869, 0.4314463567119661, 0.1296264048632396, 0.08860597460429255, 0.3771809227870902, 0.005998149751941192]
APTIDAO: 
41.91315007446498
GEN: 7000
Individuo: 
[4.581982363952772, 3.731993016448416, 4.964394946607429, 0.46591585882746117, 1.0531610517922203, 1.156630086582915, 0.8125448872322558, 0.4606845295681539, 0.8562327960828479, 0.9255863915844934, 0.36402346209057446, 1.444384912712808, 1.4520412404437963, 0.3739417147213711, 0.09532769210791096, 0.029617373970305293, 0.5306707787536731, 0.0015646094747607468, 0.13718697914125827, 0.3986820943858767, 0.015547714647827338, 0.024887121524411623, 0.44032095267759314, 0.713566976273796, 0.010293222872539996, 0.7163902723827869, 0.4314463567119661, 0.1296264048632396, 0.08860597460429255, 0.3771809227870902, 0.005998149751941192]
APTIDAO: 
41.62985170258818
GEN: 7100
Individuo: 
[4.935939629346572, 3.5199006163404496, 4.964394946607429, 0.46591585882746117, 1.0531610517922203, 1.156630086582915, 0.8125448872322558, 0.4606845295681539, 0.8562327960828479, 0.9255863915844934, 0.36402346209057446, 1.444384912712808, 1.432970874912575, 0.3739417147213711, 0.09532769210791096, 0.029617373970305293, 0.5306707787536731, 0.0014194486866170061, 0.13718697914125827, 0.3986820943858767, 0.015547714647827338, 0.002332019283991345, 0.44032095267759314, 0.713566976273796, 0.010293222872539996, 0.7163902723827869, 0.4128950836523198, 0.1296264048632396, 0.08860597460429255, 0.3771809227870902, 0.028201048026138296]
APTIDAO: 
41.8745251433825
GEN: 7200
Individuo: 
[4.935939629346572, 3.5199006163404496, 4.461759529209094, 0.8129181266538775, 1.0531610517922203, 1.1324771394818418, 0.7158079521973126, 0.4606845295681539, 0.8562327960828479, 0.9255863915844934, 0.36402346209057446, 1.444384912712808, 1.0831225779853146, 0.3739417147213711, 0.09532769210791096, 0.018826945482753696, 0.5306707787536731, 0.003443596012192378, 0.13718697914125827, 0.3986820943858767, 0.007848348658955975, 0.001995269348708998, 0.44032095267759314, 0.713566976273796, 0.002553205078675167, 0.7163902723827869, 0.4128950836523198, 0.1296264048632396, 0.08860597460429255, 0.3497648494145671, 0.028201048026138296]
APTIDAO: 
42.09059655629326
GEN: 7300
Individuo: 
[4.935939629346572, 3.5199006163404496, 4.796074304773067, 0.7764256977651207, 1.0531610517922203, 1.1324771394818418, 0.7158079521973126, 0.4606845295681539, 0.8562327960828479, 0.9255863915844934, 0.36402346209057446, 1.444384912712808, 0.9086152792267422, 0.3739417147213711, 0.09532769210791096, 0.005867549645642258, 0.5306707787536731, 0.006377906179259321, 0.13718697914125827, 0.3986820943858767, 0.007848348658955975, 0.0012620837270306085, 0.44032095267759314, 0.713566976273796, 0.0013811440181178021, 0.7163902723827869, 0.4072903394737886, 0.1296264048632396, 0.08860597460429255, 0.3497648494145671, 0.026546633435697596]
APTIDAO: 
42.14882715311506
GEN: 7400
Individuo: 
[4.935939629346572, 3.2128318800469136, 4.501330412965629, 0.7764256977651207, 1.0531610517922203, 1.1324771394818418, 0.7158079521973126, 0.4606845295681539, 0.8562327960828479, 0.9255863915844934, 0.36402346209057446, 1.444384912712808, 0.9086152792267422, 0.3739417147213711, 0.09532769210791096, 0.0013146129726169652, 0.5306707787536731, 0.0011075458897157667, 0.13718697914125827, 0.3986820943858767, 0.002923205063205336, 0.015214572064670532, 0.44032095267759314, 0.713566976273796, 0.008345937582288607, 0.7163902723827869, 0.4072903394737886, 0.1284739264754745, 0.08860597460429255, 0.3286976999451793, 0.08476718136641297]
APTIDAO: 
42.57768039902419
GEN: 7500
Individuo: 
[4.935939629346572, 3.2128318800469136, 4.501330412965629, 0.7190976985731531, 1.0531610517922203, 1.1324771394818418, 1.4550398160172646, 0.4606845295681539, 0.8562327960828479, 0.9255863915844934, 0.36402346209057446, 1.444384912712808, 1.0316119693394625, 0.3739417147213711, 0.09532769210791096, 0.002574666167488508, 0.5306707787536731, 0.0011249948529227622, 0.13718697914125827, 0.3986820943858767, 0.0031002105325781595, 0.6041887501014249, 0.44032095267759314, 0.713566976273796, 0.003199035320432177, 0.7163902723827869, 0.4072903394737886, 0.1284739264754745, 0.09150208873515234, 0.3286976999451793, 0.03321747544641448]
APTIDAO: 
40.54658741901062
GEN: 7600
Individuo: 
[4.935939629346572, 3.2128318800469136, 4.501330412965629, 0.6679722324528651, 1.0531610517922203, 1.1324771394818418, 1.4550398160172646, 0.4606845295681539, 0.8562327960828479, 0.9255863915844934, 0.36695751690836237, 1.444384912712808, 1.4636479749506188, 0.3739417147213711, 0.09532769210791096, 0.007993425246737183, 0.5306707787536731, 0.0016958166197790436, 0.13718697914125827, 0.3986820943858767, 0.0031002105325781595, 0.4474809672931472, 0.44032095267759314, 0.713566976273796, 0.0012739279115071822, 0.7163902723827869, 0.4072903394737886, 0.1284739264754745, 0.09316046658593488, 0.32860668481599375, 0.0037219808690354067]
APTIDAO: 
40.19896710100068
GEN: 7700
Individuo: 
[4.935939629346572, 3.2128318800469136, 4.6019580085976575, 0.6679722324528651, 1.0531610517922203, 1.1324771394818418, 1.2363649104922625, 0.4606845295681539, 0.8562327960828479, 0.9255863915844934, 0.36695751690836237, 1.444384912712808, 1.4636479749506188, 0.3739417147213711, 0.09532769210791096, 0.10273739252178203, 0.5306707787536731, 0.0037854048720198726, 0.13718697914125827, 0.3986820943858767, 0.0031002105325781595, 0.4474809672931472, 0.44032095267759314, 0.713566976273796, 0.001925902156271106, 0.7163902723827869, 0.4072903394737886, 0.1284739264754745, 0.09316046658593488, 0.32860668481599375, 0.001128896992201685]
APTIDAO: 
40.137841046292756
GEN: 7800
Individuo: 
[4.935939629346572, 3.589888061391624, 4.788699656469512, 0.6235570524274388, 1.0531610517922203, 1.1324771394818418, 1.2363649104922625, 0.4606845295681539, 0.8562327960828479, 0.9255863915844934, 0.36695751690836237, 1.444384912712808, 1.0820841217028627, 0.3739417147213711, 0.09532769210791096, 0.5738504038276347, 0.5313335735546041, 0.0025759995035005206, 0.13718697914125827, 0.3986820943858767, 0.003577692461565384, 0.015551343663998119, 0.44032095267759314, 0.713566976273796, 0.0010098524712475012, 0.7168054097244931, 0.40188443691241515, 0.1284739264754745, 0.09316046658593488, 0.32860668481599375, 0.001128896992201685]
APTIDAO: 
39.8292858688253
GEN: 7900
Individuo: 
[4.935939629346572, 3.589888061391624, 4.9135265314128675, 0.6235570524274388, 1.0531610517922203, 1.1324771394818418, 0.5084199906407854, 0.4606845295681539, 0.8562327960828479, 0.9255863915844934, 0.36695751690836237, 1.444384912712808, 1.17019315864654, 0.3739417147213711, 0.09532769210791096, 0.6874186495265457, 0.5313335735546041, 0.0013250706612290756, 0.13718697914125827, 0.3986820943858767, 0.0028185587060496546, 0.008378700647655965, 0.44032095267759314, 0.713566976273796, 0.0038711836959367833, 0.7168054097244931, 0.40188443691241515, 0.1284739264754745, 0.09089632158370407, 0.32860668481599375, 0.001128896992201685]
APTIDAO: 
39.671095109645414
GEN: 8000
Individuo: 
[4.935939629346572, 3.589888061391624, 4.9135265314128675, 0.4874393439372882, 1.0531610517922203, 1.1324771394818418, 0.5084199906407854, 0.4606845295681539, 0.8562327960828479, 0.9255863915844934, 0.36695751690836237, 1.444384912712808, 1.1760711736336957, 0.3739417147213711, 0.09532769210791096, 0.5642230541674165, 0.5313335735546041, 0.0012423738388468723, 0.13718697914125827, 0.3986820943858767, 0.0018851634447314262, 0.05204555898952525, 0.44032095267759314, 0.713566976273796, 0.0032422813146205415, 0.7168054097244931, 0.40188443691241515, 0.1284739264754745, 0.09089632158370407, 0.32860668481599375, 0.001566648663201274]
APTIDAO: 
39.41670327618673
GEN: 8100
Individuo: 
[4.935939629346572, 3.589888061391624, 4.783614103861523, 0.4710912609213886, 1.0531610517922203, 1.1324771394818418, 0.5084199906407854, 0.4606845295681539, 0.8562327960828479, 0.9255863915844934, 0.36695751690836237, 1.444384912712808, 1.2407480976144947, 0.3739417147213711, 0.09532769210791096, 0.5332277092279608, 0.5313335735546041, 0.003013420913051215, 0.13718697914125827, 0.3986820943858767, 0.003230939819740939, 0.8720639788822823, 0.44032095267759314, 0.713566976273796, 0.001053006123862787, 0.7168054097244931, 0.40188443691241515, 0.134375045305705, 0.09666185265123914, 0.32860668481599375, 0.0018735260782100152]
APTIDAO: 
39.2812783571794
GEN: 8200
Individuo: 
[4.935939629346572, 3.589888061391624, 4.783614103861523, 0.4710912609213886, 1.0531610517922203, 1.1324771394818418, 0.5062709136590123, 0.4606845295681539, 0.8562327960828479, 0.9255863915844934, 0.36695751690836237, 1.4575193000626423, 1.4225937441962846, 0.3739417147213711, 0.09532769210791096, 0.5332277092279608, 0.5313335735546041, 0.006398782468286333, 0.13718697914125827, 0.3986820943858767, 0.0012003968410305916, 0.8955432578002399, 0.44032095267759314, 0.713566976273796, 0.001265766421743102, 0.7168054097244931, 0.40188443691241515, 0.134375045305705, 0.09666185265123914, 0.32860668481599375, 0.0013091621954473955]
APTIDAO: 
38.98026469161139
GEN: 8300
Individuo: 
[4.935939629346572, 3.589888061391624, 4.783614103861523, 0.4710912609213886, 1.0531610517922203, 1.1324771394818418, 0.5062709136590123, 0.4606845295681539, 0.8597999191637214, 0.9255863915844934, 0.36695751690836237, 1.4575193000626423, 1.4225937441962846, 0.3739417147213711, 0.09532769210791096, 0.5580153922593495, 0.5313335735546041, 0.004796912949471634, 0.13718697914125827, 0.3986820943858767, 0.0012003968410305916, 0.8727805404200969, 0.44032095267759314, 0.713566976273796, 0.001403357377610586, 0.7168054097244931, 0.40188443691241515, 0.134375045305705, 0.09666185265123914, 0.32860668481599375, 0.0012768764503949136]
APTIDAO: 
38.94902361219516
GEN: 8400
Individuo: 
[4.935939629346572, 3.5400377428453784, 4.783614103861523, 0.4710912609213886, 1.0531610517922203, 1.1324771394818418, 0.5062709136590123, 0.4606845295681539, 0.8597999191637214, 0.9255863915844934, 0.36695751690836237, 1.4575193000626423, 1.4225937441962846, 0.3739417147213711, 0.09532769210791096, 0.5580153922593495, 0.5313335735546041, 0.013751656354065835, 0.13718697914125827, 0.4249910649526083, 0.0010091203106806625, 0.5898822599078639, 0.44032095267759314, 0.713566976273796, 0.002625428262074101, 0.7168054097244931, 0.40188443691241515, 0.134375045305705, 0.09666185265123914, 0.32860668481599375, 0.0012768764503949136]
APTIDAO: 
38.98924506690083
GEN: 8500
Individuo: 
[4.935939629346572, 3.6328592670331816, 4.783614103861523, 0.4710912609213886, 1.0531610517922203, 1.1324771394818418, 0.5062709136590123, 0.4606845295681539, 0.8597999191637214, 0.9255863915844934, 0.3671033795665673, 1.4575193000626423, 1.4225937441962846, 0.3739417147213711, 0.09532769210791096, 0.5580153922593495, 0.5807819745159924, 0.013751656354065835, 0.13718697914125827, 0.3305342580068867, 0.003509515777571196, 0.5875725325924739, 0.44032095267759314, 0.713566976273796, 0.0011841168740321889, 0.7168054097244931, 0.40188443691241515, 0.134375045305705, 0.09666185265123914, 0.32860668481599375, 0.00991832723982673]
APTIDAO: 
40.97526398693402
GEN: 8600
Individuo: 
[4.935939629346572, 3.8468750985969393, 4.783614103861523, 0.4756702479154452, 1.0531610517922203, 1.1324771394818418, 0.5062709136590123, 0.4606845295681539, 0.8597999191637214, 0.9255863915844934, 0.3671033795665673, 1.4575193000626423, 1.0500220875778474, 0.3739417147213711, 0.09532769210791096, 0.5580153922593495, 0.5807819745159924, 0.013751656354065835, 0.13718697914125827, 0.3305342580068867, 0.0011719877183565392, 0.7984833809190118, 0.44032095267759314, 0.713566976273796, 0.0013254544262712488, 0.7168054097244931, 0.40188443691241515, 0.134375045305705, 0.09666185265123914, 0.32860668481599375, 0.00991832723982673]
APTIDAO: 
40.333986218133525
GEN: 8700
Individuo: 
[4.935939629346572, 3.8468750985969393, 4.7427821134096675, 0.4756702479154452, 1.0531610517922203, 1.1324771394818418, 0.5274884481962815, 0.4606845295681539, 0.8597999191637214, 0.9255863915844934, 0.3671033795665673, 1.4575193000626423, 1.4247090723491012, 0.695564336986024, 0.09532769210791096, 0.5580153922593495, 0.5807819745159924, 0.022455251542128154, 0.13718697914125827, 0.3305342580068867, 0.001194158266378839, 0.05544557695563566, 0.7805378786864349, 0.713566976273796, 0.001511258792484216, 0.7168054097244931, 0.40188443691241515, 0.134375045305705, 0.09666185265123914, 0.32860668481599375, 0.003212581139428982]
APTIDAO: 
40.27032111770859
GEN: 8800
Individuo: 
[4.935939629346572, 3.77255969557944, 4.801677320757003, 0.4756702479154452, 1.0531610517922203, 1.1324771394818418, 0.5274884481962815, 0.4606845295681539, 0.8597999191637214, 0.9255863915844934, 0.3671033795665673, 1.4575193000626423, 1.3565957576853236, 0.695564336986024, 0.09532769210791096, 0.6653240204245858, 0.5807819745159924, 0.018917833525627877, 0.13718697914125827, 0.3305342580068867, 0.001004177985993954, 0.14561613358112482, 0.7805378786864349, 0.713566976273796, 0.005017572714787391, 0.725425618841619, 0.40188443691241515, 0.134375045305705, 0.09666185265123914, 0.32860668481599375, 0.003212581139428982]
APTIDAO: 
39.95742321907794
GEN: 8900
Individuo: 
[4.935939629346572, 3.7053110091644608, 4.801677320757003, 0.4756702479154452, 1.0531610517922203, 1.1324771394818418, 0.5274884481962815, 0.4606845295681539, 0.886260677895982, 0.9255863915844934, 0.3671033795665673, 1.4575193000626423, 0.9195218803882549, 0.695564336986024, 0.09532769210791096, 0.6653240204245858, 0.5807819745159924, 0.00841597420149421, 0.13718697914125827, 0.3305342580068867, 0.0015009990142414633, 0.8291923298525194, 0.7805378786864349, 0.713566976273796, 0.004051725075729964, 0.725425618841619, 0.40188443691241515, 0.134375045305705, 0.09666185265123914, 0.32860668481599375, 0.002064806154524486]
APTIDAO: 
39.76906685305693
GEN: 9000
Individuo: 
[4.935939629346572, 3.7053110091644608, 4.801677320757003, 0.576635456930643, 1.0531610517922203, 1.1324771394818418, 0.5274884481962815, 0.4606845295681539, 0.886260677895982, 0.9255863915844934, 0.3671033795665673, 1.4575193000626423, 1.2247772597193496, 0.695564336986024, 0.09532769210791096, 0.6653240204245858, 0.5807819745159924, 0.0010703516628467647, 0.13718697914125827, 0.3305342580068867, 0.0011562402010738568, 0.8270907429112785, 0.7805378786864349, 0.713566976273796, 0.004474881330250807, 0.725425618841619, 0.40188443691241515, 0.134375045305705, 0.09666185265123914, 0.32860668481599375, 0.002064806154524486]
APTIDAO: 
39.42264204616859
GEN: 9100
Individuo: 
[4.935939629346572, 3.791665765534055, 4.962177131909257, 0.5030838760881777, 1.0531610517922203, 1.1324771394818418, 1.2441144829322173, 0.4606845295681539, 0.886260677895982, 0.9255863915844934, 0.3671033795665673, 1.4575193000626423, 1.3272700982858416, 0.695564336986024, 0.09532769210791096, 0.15685592931860734, 0.5807819745159924, 0.0012022920023059423, 0.13718697914125827, 0.3305342580068867, 0.0012221438511823288, 0.3627032192012209, 0.7805378786864349, 0.713566976273796, 0.019387848441683293, 0.725425618841619, 0.40188443691241515, 0.134375045305705, 0.09666185265123914, 0.32860668481599375, 0.001355215251002509]
APTIDAO: 
39.288323041487246
GEN: 9200
Individuo: 
[4.935939629346572, 3.68319864030643, 4.962177131909257, 0.5030838760881777, 1.0531610517922203, 1.1324771394818418, 1.482910285987209, 0.4606845295681539, 0.886260677895982, 0.9255863915844934, 0.3671033795665673, 1.4575193000626423, 1.449356724239558, 0.695564336986024, 0.09532769210791096, 0.0023224689302860824, 0.5807819745159924, 0.0014112317619666798, 0.13718697914125827, 0.3628316158086989, 0.0010336216609496624, 0.003020072463102943, 0.7805378786864349, 0.713566976273796, 0.024183999551512708, 0.725425618841619, 0.40188443691241515, 0.134375045305705, 0.09666185265123914, 0.32860668481599375, 0.001091731902612708]
APTIDAO: 
39.79997346457328
GEN: 9300
Individuo: 
[4.8916000628198795, 3.5823607430294926, 4.962177131909257, 0.5030838760881777, 1.0531610517922203, 1.1324771394818418, 1.482910285987209, 0.4606845295681539, 0.9586653293186723, 0.9255863915844934, 0.3671033795665673, 1.4660888146399471, 1.0728449459314484, 0.695564336986024, 0.09532769210791096, 0.017351675241016714, 0.5807819745159924, 0.0010410856363506286, 0.13718697914125827, 0.3628316158086989, 0.0010336216609496624, 0.0017078865968502917, 0.7805378786864349, 0.776547509205259, 0.08997858688894156, 0.725425618841619, 0.40188443691241515, 0.134375045305705, 0.09666185265123914, 0.32860668481599375, 0.0036130523250067262]
APTIDAO: 
38.63133810664846
GEN: 9400
Individuo: 
[4.8916000628198795, 3.501404405784532, 4.347514692322663, 0.5030838760881777, 1.0531610517922203, 1.1324771394818418, 1.482910285987209, 0.4606845295681539, 0.9586653293186723, 0.9255863915844934, 0.3671033795665673, 1.4660888146399471, 1.3618411241818562, 0.7276482751801323, 0.09532769210791096, 0.030903914289872707, 0.5807819745159924, 0.0011442034762685301, 0.13718697914125827, 0.3719465190267131, 0.0010830493722150565, 0.004178710128375598, 0.7805378786864349, 0.776547509205259, 0.15187532349167676, 0.725425618841619, 0.40188443691241515, 0.13780234402275526, 0.09666185265123914, 0.32860668481599375, 0.0019267427857006633]
APTIDAO: 
39.08361535045947
GEN: 9500
Individuo: 
[4.8916000628198795, 3.501404405784532, 4.845160319769921, 0.4861697750747224, 1.0531610517922203, 1.1324771394818418, 1.482910285987209, 0.4606845295681539, 0.9586653293186723, 0.9255863915844934, 0.3671033795665673, 1.4660888146399471, 1.3618411241818562, 0.7276482751801323, 0.09532769210791096, 0.018416613877739248, 0.5807819745159924, 0.002381086058164761, 0.13718697914125827, 0.3719465190267131, 0.0010237681453039121, 0.0010476634884545896, 0.7805378786864349, 0.776547509205259, 0.15187532349167676, 0.725425618841619, 0.40188443691241515, 0.13780234402275526, 0.09666185265123914, 0.3274466529182682, 0.001442117950295604]
APTIDAO: 
38.55081495787437
GEN: 9600
Individuo: 
[4.689040895924355, 3.501404405784532, 4.845160319769921, 0.4861697750747224, 1.0531610517922203, 1.1324771394818418, 1.482910285987209, 0.4606845295681539, 0.9586653293186723, 0.9255863915844934, 0.3671033795665673, 1.4660888146399471, 1.3170422445242351, 0.7276482751801323, 0.09532769210791096, 0.00398388334218017, 0.5807819745159924, 0.0012514788747468805, 0.13718697914125827, 0.3719465190267131, 0.0011084626753424048, 0.0027131585879763653, 0.7805378786864349, 0.776547509205259, 0.15187532349167676, 0.726626357553663, 0.40188443691241515, 0.13780234402275526, 0.09666185265123914, 0.3274466529182682, 0.0013074423992922148]
APTIDAO: 
38.488487053705285
GEN: 9700
Individuo: 
[4.689040895924355, 3.501404405784532, 4.845160319769921, 0.4861697750747224, 1.0531610517922203, 1.1324771394818418, 1.482910285987209, 0.4606845295681539, 0.9586653293186723, 0.9255863915844934, 0.3671033795665673, 1.4660888146399471, 1.3170422445242351, 0.7276482751801323, 0.09532769210791096, 0.0012814899053204068, 0.5807819745159924, 0.0016280753931564346, 0.13718697914125827, 0.3719465190267131, 0.001070087968923461, 0.029032551214208214, 0.7805378786864349, 0.776547509205259, 0.15467193411664834, 0.726626357553663, 0.40188443691241515, 0.13780234402275526, 0.09666185265123914, 0.3274466529182682, 0.0011610642634765896]
APTIDAO: 
38.40847592741709
GEN: 9800
Individuo: 
[4.711804054611275, 3.501404405784532, 4.845160319769921, 0.6478457742564455, 1.0531610517922203, 1.1324771394818418, 1.482910285987209, 0.4606845295681539, 0.9586653293186723, 0.9255863915844934, 0.3671033795665673, 1.4660888146399471, 1.3170422445242351, 0.7276482751801323, 0.09532769210791096, 0.008329208259032444, 0.5807819745159924, 0.0021499638167841663, 0.13718697914125827, 0.3719465190267131, 0.0011730117011353694, 0.5251631721246532, 0.7805378786864349, 0.776547509205259, 0.15467193411664834, 0.726626357553663, 0.40188443691241515, 0.13780234402275526, 0.09666185265123914, 0.3274466529182682, 0.001070431754593492]
APTIDAO: 
38.83738493104042
GEN: 9900
Individuo: 
[4.5432086555745155, 3.501404405784532, 4.845160319769921, 0.6478457742564455, 1.0531610517922203, 1.1324771394818418, 1.482910285987209, 0.4606845295681539, 0.9586653293186723, 0.9255863915844934, 0.3671033795665673, 1.4660888146399471, 1.4975904571339298, 0.7276482751801323, 0.09532769210791096, 0.006251383491964862, 0.577573587382616, 0.0016116172441713106, 0.13718697914125827, 0.3719465190267131, 0.0010331750557599126, 0.00819532141845898, 0.7805378786864349, 0.776547509205259, 0.15467193411664834, 0.726626357553663, 0.40188443691241515, 0.13780234402275526, 0.09666185265123914, 0.3274466529182682, 0.0010618899761482017]
APTIDAO: 
38.64115435119601
GEN: 10000
Individuo: 
[4.5432086555745155, 3.501404405784532, 4.845160319769921, 0.5566732507202984, 1.0531610517922203, 1.1324771394818418, 1.4733442018560354, 0.4606845295681539, 0.9586653293186723, 0.9255863915844934, 0.3671033795665673, 1.4660888146399471, 1.4975904571339298, 0.7276482751801323, 0.09532769210791096, 0.006258689415609283, 0.577573587382616, 0.0013458937414114192, 0.13718697914125827, 0.3719465190267131, 0.001104833887138331, 0.8833952690011263, 0.7805378786864349, 0.776547509205259, 0.15467193411664834, 0.726626357553663, 0.40188443691241515, 0.13780234402275526, 0.09666185265123914, 0.3274466529182682, 0.0010214070668965365]
APTIDAO: 
38.40790299817799

--- RESULTADO FINAL ---
Erro (norma-1): 38.40790299817799
Parâmetros: [4.5432086555745155, 3.501404405784532, 4.845160319769921, 0.5566732507202984, 1.0531610517922203, 1.1324771394818418, 1.4733442018560354, 0.4606845295681539, 0.9586653293186723, 0.9255863915844934, 0.3671033795665673, 1.4660888146399471, 1.4975904571339298, 0.7276482751801323, 0.09532769210791096, 0.006258689415609283, 0.577573587382616, 0.0013458937414114192, 0.13718697914125827, 0.3719465190267131, 0.001104833887138331, 0.8833952690011263, 0.7805378786864349, 0.776547509205259, 0.15467193411664834, 0.726626357553663, 0.40188443691241515, 0.13780234402275526, 0.09666185265123914, 0.3274466529182682, 0.0010214070668965365]
Tempo total: 02h 50m 05s
