SEED: 1778981565
METODO: ABCD_GK
IND_SIZE: 31
GEN: 0
Individuo: 
[4.913943985255644, 4.186705564575301, 1.0185217390229657, 3.83473228173854, 1.1728027943387909, 0.17678964828830013, 0.5367737836950829, 0.9485864069530329, 0.49166958705125, 1.0293289433822623, 0.3702658069046634, 0.6573689333604277, 0.1074153380303486, 0.37040148909134685, 0.09613933663418792, 0.43552796266365784, 0.1204450399638733, 0.9377165307177208, 0.872437992975133, 0.10838634446465774, 0.8735431100643868, 0.9416621731462441, 0.8328566590014689, 0.8017620847264713, 0.5053973910296211, 0.8700858974306901, 0.8419708268414635, 0.6721785378312595, 0.017043824743938802, 0.29711622654654185, 0.8900929239664719]
APTIDAO: 
87.32085147675511
GEN: 100
Individuo: 
[1.2982282278446864, 2.03560328579453, 1.941860283710545, 1.1794423580300417, 1.1631914724258952, 0.17678964828830013, 0.5367737836950829, 1.3402091551468394, 0.5182538838751374, 1.0293289433822623, 0.28298417735377757, 0.8787790179483795, 0.18839941874126825, 0.37040148909134685, 0.14379263789297578, 0.41533447657752515, 0.1204450399638733, 0.031495912555473356, 0.6813475445936971, 0.4667947315542312, 0.8735431100643868, 0.974009987414854, 0.7609791481323741, 0.9145171494304294, 0.5053973910296211, 0.9845240431210538, 0.05822066890186738, 0.6486874617981521, 0.009519866505880183, 0.7252501401865791, 0.2842140614132121]
APTIDAO: 
53.701110528766804
GEN: 200
Individuo: 
[1.2982282278446864, 2.03560328579453, 2.328569455001452, 0.44057888310878907, 1.1631914724258952, 0.06095879225050456, 0.5367737836950829, 1.3402091551468394, 0.6689692622407913, 1.259182255552236, 0.28298417735377757, 0.8787790179483795, 0.18839941874126825, 0.37040148909134685, 0.14379263789297578, 0.43170496237503503, 0.1204450399638733, 0.1667741712243705, 0.6813475445936971, 0.46901291043200033, 0.8735431100643868, 0.974009987414854, 0.8328566590014689, 0.9746753154713298, 0.5053973910296211, 0.9845240431210538, 0.05822066890186738, 0.8946714536063783, 0.003183816007879427, 0.7252501401865791, 0.2842140614132121]
APTIDAO: 
51.27890090965239
GEN: 300
Individuo: 
[1.4427983298305382, 2.027178704035714, 2.328569455001452, 0.29315699455660976, 1.1631914724258952, 0.12042485524786857, 0.5367737836950829, 1.3402091551468394, 0.6785391014535125, 1.259182255552236, 1.2396287003114714, 0.9113645816415801, 0.18839941874126825, 0.37040148909134685, 0.14379263789297578, 0.43170496237503503, 0.11742052690097203, 0.06698688272107291, 0.6813475445936971, 0.416400075134143, 0.8735431100643868, 0.974009987414854, 0.8328566590014689, 0.9746753154713298, 0.5053973910296211, 0.9845240431210538, 0.05822066890186738, 0.8797112259857479, 0.015255905015903608, 0.7252501401865791, 0.2842140614132121]
APTIDAO: 
51.73396462682687
GEN: 400
Individuo: 
[1.4427983298305382, 1.4742281848555956, 2.328569455001452, 0.5226110640265822, 1.1631914724258952, 0.09759172230310109, 0.5367737836950829, 1.3402091551468394, 0.6363841518554333, 1.259182255552236, 0.9840835044695809, 0.9113645816415801, 0.18839941874126825, 0.37040148909134685, 0.17052747266341398, 0.43170496237503503, 0.11742052690097203, 0.17453665339988594, 0.6813475445936971, 0.22174026728915658, 0.8735431100643868, 0.974009987414854, 0.7945392428970155, 0.9746753154713298, 0.5053973910296211, 0.9848576782632609, 0.05822066890186738, 0.8797112259857479, 0.015255905015903608, 0.7252501401865791, 0.2842140614132121]
APTIDAO: 
50.560561356952036
GEN: 500
Individuo: 
[1.3552729920252093, 1.4742281848555956, 2.4469263853648116, 0.5226110640265822, 1.1631914724258952, 0.09759172230310109, 0.5367737836950829, 1.3402091551468394, 0.6363841518554333, 1.259182255552236, 1.0133785239005604, 0.9113645816415801, 0.18839941874126825, 0.37040148909134685, 0.17052747266341398, 0.43170496237503503, 0.11742052690097203, 0.21726368175637326, 0.6813475445936971, 0.6435383097848868, 0.8735431100643868, 0.974009987414854, 0.7945392428970155, 0.9746753154713298, 0.5053973910296211, 0.9848576782632609, 0.05822066890186738, 0.8797112259857479, 0.015255905015903608, 0.7252501401865791, 0.2842140614132121]
APTIDAO: 
50.486776359870845
GEN: 600
Individuo: 
[1.1540339501535593, 1.596785816709527, 2.049525615199903, 0.19031277713910255, 1.1631914724258952, 0.1039961430133434, 0.5367737836950829, 1.3119646947917416, 0.6898411302404294, 1.259182255552236, 0.7435253405666125, 0.9113645816415801, 0.18839941874126825, 0.37040148909134685, 0.17052747266341398, 0.43170496237503503, 0.11742052690097203, 0.056104521308408636, 0.6813475445936971, 0.6938212880238314, 0.8735431100643868, 0.974009987414854, 0.7945392428970155, 0.9746753154713298, 0.5053973910296211, 0.9659409438199349, 0.05822066890186738, 0.8797112259857479, 0.004823178360839161, 0.7252501401865791, 0.2842140614132121]
APTIDAO: 
50.41627232182677
GEN: 700
Individuo: 
[1.1540339501535593, 1.5470557494184747, 2.263659071103452, 0.19031277713910255, 1.1631914724258952, 0.07943405919283474, 0.5367737836950829, 1.3119646947917416, 0.6898411302404294, 1.259182255552236, 0.36184434743668736, 0.9113645816415801, 0.18839941874126825, 0.37040148909134685, 0.7481365471469246, 0.43170496237503503, 0.11742052690097203, 0.07387943098911674, 0.6813475445936971, 0.3926413936490094, 0.8735431100643868, 0.974009987414854, 0.7822409587745605, 0.6340783635266516, 0.40801146236036806, 0.9659409438199349, 0.05822066890186738, 0.8797112259857479, 0.0027259019590056845, 0.5308409191668988, 0.2842140614132121]
APTIDAO: 
50.40014717580546
GEN: 800
Individuo: 
[1.1540339501535593, 1.5470557494184747, 2.263659071103452, 0.33337740040269637, 1.1631914724258952, 0.07943405919283474, 0.5367737836950829, 1.3119646947917416, 0.8566494292528244, 1.259182255552236, 0.36184434743668736, 0.7560620379245582, 0.18839941874126825, 0.37040148909134685, 0.7557536946265946, 0.43170496237503503, 0.11742052690097203, 0.08923778957220159, 0.6813475445936971, 0.534444403489041, 0.9312566008510037, 0.974009987414854, 0.7822409587745605, 0.6495567757846162, 0.4497231981534917, 0.9659409438199349, 0.0852513773965992, 0.8797112259857479, 0.001936364009957556, 0.5308409191668988, 0.2842140614132121]
APTIDAO: 
50.26580158683094
GEN: 900
Individuo: 
[1.1540339501535593, 1.5470557494184747, 2.263659071103452, 0.499532345807267, 1.1631914724258952, 0.07943405919283474, 0.5367737836950829, 1.3119646947917416, 0.8566494292528244, 1.259182255552236, 0.36184434743668736, 0.7560620379245582, 0.18839941874126825, 0.37040148909134685, 0.7533520123796263, 0.43170496237503503, 0.11742052690097203, 0.04110213636062865, 0.6813475445936971, 0.022989585719135695, 0.9312566008510037, 0.974009987414854, 0.7822409587745605, 0.6495567757846162, 0.4497231981534917, 0.9659409438199349, 0.08159708531808205, 0.8797112259857479, 0.0010881285492073565, 0.5308409191668988, 0.2842140614132121]
APTIDAO: 
50.40599984960085
GEN: 1000
Individuo: 
[1.2253334928634687, 1.5470557494184747, 2.263659071103452, 0.4761833291549139, 1.1631914724258952, 0.07943405919283474, 0.5367737836950829, 1.3119646947917416, 0.7252155255938372, 1.259182255552236, 0.37561037624033095, 0.7560620379245582, 0.18839941874126825, 0.37040148909134685, 0.7533520123796263, 0.43170496237503503, 0.11742052690097203, 0.22543635276171736, 0.6813475445936971, 0.2776636886493132, 0.9312566008510037, 0.974009987414854, 0.7822409587745605, 0.6495567757846162, 0.4497231981534917, 0.9659409438199349, 0.08159708531808205, 0.8797112259857479, 0.0010450760544039742, 0.5308409191668988, 0.2842140614132121]
APTIDAO: 
50.3275735106332
GEN: 1100
Individuo: 
[1.2253334928634687, 1.8758665862496193, 2.521151879732831, 0.6063938586582042, 1.1631914724258952, 0.07943405919283474, 0.5367737836950829, 1.3119646947917416, 0.6631810639164208, 1.259182255552236, 0.4474863446263517, 0.7560620379245582, 0.18839941874126825, 0.37040148909134685, 0.6758686837762582, 0.42980576638295465, 0.09947857702304894, 0.3421527439701747, 0.6813475445936971, 0.12540340491995194, 0.9312566008510037, 0.974009987414854, 0.7822409587745605, 0.6495567757846162, 0.4497231981534917, 0.9659409438199349, 0.11504324497309243, 0.8797112259857479, 0.0020520627435092744, 0.5308409191668988, 0.2842140614132121]
APTIDAO: 
50.78791314133216
GEN: 1200
Individuo: 
[1.1812140561054325, 1.6144660488610554, 2.5712286727446303, 0.31430313356591194, 1.1631914724258952, 0.07943405919283474, 0.5367737836950829, 1.3119646947917416, 0.6631810639164208, 1.259182255552236, 1.2335306533947095, 0.7560620379245582, 0.18839941874126825, 0.37040148909134685, 0.7533520123796263, 0.42980576638295465, 0.09947857702304894, 0.3421527439701747, 0.6813475445936971, 0.1410661358275505, 0.9312566008510037, 0.974009987414854, 0.7822409587745605, 0.6495567757846162, 0.4497231981534917, 0.9659409438199349, 0.11504324497309243, 0.8917335566307528, 0.021477567862317658, 0.5308409191668988, 0.2842140614132121]
APTIDAO: 
50.34832501734252
GEN: 1300
Individuo: 
[1.1812140561054325, 1.6144660488610554, 2.116569737310209, 0.4732580820969383, 1.1631914724258952, 0.07943405919283474, 0.5367737836950829, 1.3119646947917416, 0.6631810639164208, 1.259182255552236, 1.0650829197828955, 0.7560620379245582, 0.18839941874126825, 0.37040148909134685, 0.7533520123796263, 0.42980576638295465, 0.09947857702304894, 0.335162658368794, 0.6813475445936971, 0.7950629752282345, 0.9312566008510037, 0.974009987414854, 0.7822409587745605, 0.6495567757846162, 0.4497231981534917, 0.9659409438199349, 0.11504324497309243, 0.8803499654450122, 0.007414091524663779, 0.5308409191668988, 0.2842140614132121]
APTIDAO: 
50.28838316318775
GEN: 1400
Individuo: 
[1.3219551343852614, 1.6144660488610554, 2.116569737310209, 0.3977847154920879, 1.1631914724258952, 0.024007010050977176, 0.5367737836950829, 1.3119646947917416, 0.8151530434282714, 1.259182255552236, 0.8845923633526027, 0.7560620379245582, 0.18442470152437343, 0.21364114695767525, 0.8067604456094143, 0.42980576638295465, 0.09947857702304894, 0.3421527439701747, 0.6813475445936971, 0.232081687507773, 0.9312566008510037, 0.974009987414854, 0.585662092177952, 0.9055802043446559, 0.4497231981534917, 0.9218301661991188, 0.11504324497309243, 0.8917335566307528, 0.021003389739292173, 0.5308409191668988, 0.2842140614132121]
APTIDAO: 
50.38073898064436
GEN: 1500
Individuo: 
[1.3219551343852614, 1.6144660488610554, 2.116569737310209, 0.24422031139326383, 1.1631914724258952, 0.024007010050977176, 0.5367737836950829, 1.3119646947917416, 0.8151530434282714, 1.259182255552236, 0.3869357920406128, 0.7560620379245582, 0.18442470152437343, 0.21364114695767525, 0.8067604456094143, 0.42980576638295465, 0.09947857702304894, 0.5388212775733423, 0.6813475445936971, 0.5576365855326695, 0.9312566008510037, 0.974009987414854, 0.585662092177952, 0.9369790295681034, 0.4497231981534917, 0.9218301661991188, 0.12044984020717403, 0.8917335566307528, 0.005124189072160715, 0.5308409191668988, 0.2842140614132121]
APTIDAO: 
50.321214689137506
GEN: 1600
Individuo: 
[1.3219551343852614, 1.6144660488610554, 2.3695259513855933, 0.21458686756753118, 1.1631914724258952, 0.024007010050977176, 0.5367737836950829, 1.3119646947917416, 0.8151530434282714, 1.259182255552236, 0.379551174856023, 0.7560620379245582, 0.18442470152437343, 0.21364114695767525, 0.8057874207578312, 0.42980576638295465, 0.09947857702304894, 0.4734404646698705, 0.6813475445936971, 0.6535847152320885, 0.9312566008510037, 0.974009987414854, 0.585662092177952, 0.8531958990387472, 0.4497231981534917, 0.9218301661991188, 0.12044984020717403, 0.8917335566307528, 0.0036905459051511723, 0.5308409191668988, 0.2842140614132121]
APTIDAO: 
50.314670695582926
GEN: 1700
Individuo: 
[1.3219551343852614, 1.543525076538456, 2.3695259513855933, 0.24642337126391997, 1.1631914724258952, 0.024007010050977176, 0.5367737836950829, 1.3119646947917416, 0.7969568587556083, 1.259182255552236, 0.379551174856023, 0.7560620379245582, 0.18442470152437343, 0.21364114695767525, 0.8057874207578312, 0.42980576638295465, 0.09947857702304894, 0.6429744160990031, 0.6813475445936971, 0.38457759281822007, 0.9312566008510037, 0.974009987414854, 0.585662092177952, 0.8935231619263196, 0.4497231981534917, 0.9191534662091562, 0.1264006617216714, 0.8917335566307528, 0.002868243524759542, 0.5308409191668988, 0.2842140614132121]
APTIDAO: 
50.2707505405596
GEN: 1800
Individuo: 
[1.3219551343852614, 1.484556401893042, 2.3695259513855933, 0.2057743168894897, 1.1631914724258952, 0.024007010050977176, 0.5367737836950829, 1.3119646947917416, 1.1262095252502224, 1.259182255552236, 0.379551174856023, 0.7560620379245582, 0.18442470152437343, 0.21364114695767525, 0.8057874207578312, 0.42980576638295465, 0.09947857702304894, 0.17625469455361212, 0.6813475445936971, 0.2094193086738693, 0.9312566008510037, 0.974009987414854, 0.585662092177952, 0.8935231619263196, 0.4497231981534917, 0.9191534662091562, 0.1144795246061033, 0.8917335566307528, 0.002157909554039696, 0.5308409191668988, 0.2842140614132121]
APTIDAO: 
50.308839270517595
GEN: 1900
Individuo: 
[1.3219551343852614, 1.484556401893042, 2.3695259513855933, 0.15829795798639837, 1.1631914724258952, 0.03823104850664322, 0.5367737836950829, 1.305028443886472, 1.1262095252502224, 1.259182255552236, 0.4098087821910814, 0.7560620379245582, 0.18442470152437343, 0.21364114695767525, 0.04422953441457928, 0.42980576638295465, 0.09947857702304894, 0.07854800542825562, 0.6813475445936971, 0.4299463556909609, 0.9312566008510037, 0.974009987414854, 0.585662092177952, 0.35058891899759465, 0.4497231981534917, 0.9191534662091562, 0.1144795246061033, 0.8917335566307528, 0.003576564429541513, 0.5308409191668988, 0.2520450043932864]
APTIDAO: 
49.98163789022564
GEN: 2000
Individuo: 
[1.3219551343852614, 1.484556401893042, 2.3695259513855933, 0.15297764629145358, 1.1631914724258952, 0.03823104850664322, 0.5367737836950829, 1.305028443886472, 1.1262095252502224, 1.259182255552236, 0.4098087821910814, 0.7560620379245582, 0.18442470152437343, 0.21364114695767525, 0.003093254359139527, 0.42980576638295465, 0.09947857702304894, 0.04025270469602033, 0.6813475445936971, 0.3007885419927597, 0.9312566008510037, 0.984740701696238, 0.585662092177952, 0.4056195567812294, 0.4497231981534917, 0.9191534662091562, 0.1144795246061033, 0.8917335566307528, 0.003182826201494881, 0.5308409191668988, 0.2520450043932864]
APTIDAO: 
49.94577341401719
GEN: 2100
Individuo: 
[1.3219551343852614, 1.484556401893042, 2.3695259513855933, 0.1812235063462994, 1.1631914724258952, 0.03823104850664322, 0.5367737836950829, 1.305028443886472, 1.1262095252502224, 1.2621590032641796, 0.4754704802879335, 0.7560620379245582, 0.18442470152437343, 0.21364114695767525, 0.003107201291818585, 0.42980576638295465, 0.09947857702304894, 0.04025270469602033, 0.6908933015572367, 0.42289671438097787, 0.9312566008510037, 0.984740701696238, 0.585662092177952, 0.9186721571594016, 0.4497231981534917, 0.9191534662091562, 0.1144795246061033, 0.8917335566307528, 0.0027443102539348296, 0.5308409191668988, 0.2520450043932864]
APTIDAO: 
49.94966783974064
GEN: 2200
Individuo: 
[1.3219551343852614, 1.484556401893042, 2.3695259513855933, 0.1812235063462994, 1.1631914724258952, 0.03823104850664322, 0.5367737836950829, 1.305028443886472, 1.1262095252502224, 1.2621590032641796, 0.5394296154350477, 0.7560620379245582, 0.18442470152437343, 0.21364114695767525, 0.0014156040835021525, 0.42980576638295465, 0.09947857702304894, 0.04025270469602033, 0.6908933015572367, 0.42289671438097787, 0.9312566008510037, 0.984740701696238, 0.585662092177952, 0.8685517286701759, 0.4497231981534917, 0.9191534662091562, 0.1144795246061033, 0.8917335566307528, 0.0012091924376454424, 0.5308409191668988, 0.2520450043932864]
APTIDAO: 
49.916007735212055
GEN: 2300
Individuo: 
[1.3219551343852614, 1.484556401893042, 2.3695259513855933, 0.1812235063462994, 1.1631914724258952, 0.03498833807498241, 0.5367737836950829, 1.305028443886472, 1.1262095252502224, 1.2621590032641796, 0.5394296154350477, 0.7560620379245582, 0.18442470152437343, 0.21364114695767525, 0.0024468007225272536, 0.42980576638295465, 0.09947857702304894, 0.0262352256747768, 0.6908933015572367, 0.2296889664635697, 0.9312566008510037, 0.984740701696238, 0.585662092177952, 0.20235162661593192, 0.4497231981534917, 0.9191534662091562, 0.1144795246061033, 0.8917335566307528, 0.0012398311245848067, 0.5308409191668988, 0.2520450043932864]
APTIDAO: 
49.925093045148536
GEN: 2400
Individuo: 
[1.3219551343852614, 1.484556401893042, 2.3695259513855933, 0.1812235063462994, 1.1631914724258952, 0.030759099024111527, 0.5367737836950829, 1.305028443886472, 1.1262095252502224, 1.2621590032641796, 0.5394296154350477, 0.7560620379245582, 0.18442470152437343, 0.21364114695767525, 0.0010526153305447006, 0.42980576638295465, 0.09947857702304894, 0.0262352256747768, 0.6908933015572367, 0.5337920711575028, 0.9312566008510037, 0.984740701696238, 0.585662092177952, 0.6644434079415131, 0.4497231981534917, 0.9191534662091562, 0.1144795246061033, 0.8917335566307528, 0.0013907015324190492, 0.5308409191668988, 0.2520450043932864]
APTIDAO: 
49.91522599841641
GEN: 2500
Individuo: 
[1.3219551343852614, 1.484556401893042, 2.3695259513855933, 0.1812235063462994, 1.1631914724258952, 0.030759099024111527, 0.5367737836950829, 1.305028443886472, 1.1262095252502224, 1.2621590032641796, 0.5394296154350477, 0.7560620379245582, 0.18442470152437343, 0.21364114695767525, 0.0010328864416228975, 0.42980576638295465, 0.09947857702304894, 0.02424234749250502, 0.6908933015572367, 0.726874553057222, 0.9312566008510037, 0.984740701696238, 0.585662092177952, 0.5164188463605653, 0.4497231981534917, 0.9191534662091562, 0.1144795246061033, 0.8917335566307528, 0.0015922188893189892, 0.5308409191668988, 0.2520450043932864]
APTIDAO: 
49.91525355035181
GEN: 2600
Individuo: 
[1.3219551343852614, 1.7417663447351457, 2.3695259513855933, 0.16817911034796668, 1.1631914724258952, 0.030759099024111527, 0.5367737836950829, 1.305028443886472, 1.1262095252502224, 1.2621590032641796, 1.1036873497812547, 0.7560620379245582, 0.18442470152437343, 0.21364114695767525, 0.0010386954918668572, 0.42980576638295465, 0.09947857702304894, 0.02424234749250502, 0.6908933015572367, 0.070303191154918, 0.9312566008510037, 0.984740701696238, 0.585662092177952, 0.8015251636590711, 0.4497231981534917, 0.9191534662091562, 0.11082479466679582, 0.8917335566307528, 0.002343860406339767, 0.5308409191668988, 0.2520450043932864]
APTIDAO: 
49.95351067544925
GEN: 2700
Individuo: 
[1.3219551343852614, 1.5648834826770481, 2.3695259513855933, 0.21399581815754892, 1.1631914724258952, 0.05406759071199528, 0.5367737836950829, 1.305028443886472, 1.1262095252502224, 1.2621590032641796, 1.171473630745377, 0.7560620379245582, 0.18442470152437343, 0.21364114695767525, 0.0014199273365888628, 0.42980576638295465, 0.09947857702304894, 0.017607683474102364, 0.6908933015572367, 0.07724640843604952, 0.9312566008510037, 0.984740701696238, 0.585662092177952, 0.7479702105641645, 0.4497231981534917, 0.9191534662091562, 0.11082479466679582, 0.8917335566307528, 0.002343860406339767, 0.5308409191668988, 0.2520450043932864]
APTIDAO: 
49.92128186632531
GEN: 2800
Individuo: 
[1.3155670776763775, 1.5648834826770481, 2.3695259513855933, 0.21399581815754892, 1.1631914724258952, 0.058938227830290235, 0.5367737836950829, 1.305028443886472, 1.1262095252502224, 1.2621590032641796, 1.171473630745377, 0.7560620379245582, 0.18442470152437343, 0.21364114695767525, 0.0011965055449769148, 0.42980576638295465, 0.09947857702304894, 0.00867903015238722, 0.6908933015572367, 0.06420938555228951, 0.9312566008510037, 0.984740701696238, 0.585662092177952, 0.7479702105641645, 0.4497231981534917, 0.9191534662091562, 0.11082479466679582, 0.8917335566307528, 0.002809396681310829, 0.5308409191668988, 0.2520450043932864]
APTIDAO: 
49.92003854284337
GEN: 2900
Individuo: 
[1.3155670776763775, 1.5648834826770481, 2.3695259513855933, 0.21399581815754892, 1.1631914724258952, 0.04137337730971439, 0.5356194228145529, 1.305028443886472, 1.1262095252502224, 1.2621590032641796, 1.171473630745377, 0.7560620379245582, 0.18442470152437343, 0.21364114695767525, 0.0015216629490045434, 0.3590051006866077, 0.09947857702304894, 0.0010286316949747812, 0.6908933015572367, 0.49020293438476187, 0.9418546519600521, 0.984740701696238, 0.585662092177952, 0.13116487193073637, 0.401139146537294, 0.9191534662091562, 0.11082479466679582, 0.8917335566307528, 0.01259004070355327, 0.5308409191668988, 0.2520450043932864]
APTIDAO: 
50.02265239438554
GEN: 3000
Individuo: 
[1.2343478084160455, 1.5648834826770481, 2.3695259513855933, 0.16775409390657417, 1.1631914724258952, 0.06405963226911783, 0.5367737836950829, 1.305028443886472, 1.1262095252502224, 1.2621590032641796, 1.3911157904392493, 0.7640943524052454, 0.18442470152437343, 0.21364114695767525, 0.001128487385390522, 0.3590051006866077, 0.09947857702304894, 0.01815060143992464, 0.6908933015572367, 0.04149481438280293, 0.9432237468476389, 0.984740701696238, 0.585662092177952, 0.06092344827153876, 0.401139146537294, 0.9191534662091562, 0.11082479466679582, 0.8917335566307528, 0.00409213761413505, 0.528189287059149, 0.2520450043932864]
APTIDAO: 
49.84754965066144
GEN: 3100
Individuo: 
[1.2343478084160455, 1.5648834826770481, 2.3695259513855933, 0.159376452115033, 1.1631914724258952, 0.06405963226911783, 0.5367737836950829, 1.3075163351904897, 1.1262095252502224, 1.2621590032641796, 1.3911157904392493, 0.7640943524052454, 0.18442470152437343, 0.21364114695767525, 0.0011021830444869814, 0.3590051006866077, 0.09947857702304894, 0.022427429756731485, 0.6908933015572367, 0.0010687734438173816, 0.9432237468476389, 0.9836785189489827, 0.585662092177952, 0.06092344827153876, 0.401139146537294, 0.9191534662091562, 0.11082479466679582, 0.8917335566307528, 0.00409213761413505, 0.528189287059149, 0.2520450043932864]
APTIDAO: 
49.84007969592196
GEN: 3200
Individuo: 
[1.2343478084160455, 1.4971287485060023, 2.3695259513855933, 0.14139104786923093, 1.1631914724258952, 0.054914820288715804, 0.5367737836950829, 1.3075163351904897, 1.1262095252502224, 1.2621590032641796, 1.3911157904392493, 0.7640943524052454, 0.18442470152437343, 0.21364114695767525, 0.0013242462568526581, 0.3590051006866077, 0.09947857702304894, 0.03383924381171485, 0.6908933015572367, 0.001103053119130458, 0.9432237468476389, 0.9836785189489827, 0.5855600959250263, 0.01843445645864375, 0.401139146537294, 0.9191534662091562, 0.11082479466679582, 0.8917335566307528, 0.0045264836450881005, 0.528189287059149, 0.2520450043932864]
APTIDAO: 
49.83697504094795
GEN: 3300
Individuo: 
[1.2239758160393293, 1.4971287485060023, 2.3695259513855933, 0.14139104786923093, 1.1631914724258952, 0.05512519591543785, 0.5367737836950829, 1.3075163351904897, 1.1262095252502224, 1.2621590032641796, 1.3675948004162677, 0.7640943524052454, 0.18442470152437343, 0.21364114695767525, 0.0013151504555913639, 0.3590051006866077, 0.09947857702304894, 0.031073118672576415, 0.6908933015572367, 0.001103053119130458, 0.9432237468476389, 0.9836785189489827, 0.5855600959250263, 0.0013009675911817922, 0.401139146537294, 0.9191534662091562, 0.11082479466679582, 0.8917335566307528, 0.002844453948049287, 0.528189287059149, 0.2520450043932864]
APTIDAO: 
49.83372396673723
GEN: 3400
Individuo: 
[1.2239758160393293, 1.4971287485060023, 2.3695259513855933, 0.14139104786923093, 1.1631914724258952, 0.05512519591543785, 0.5367737836950829, 1.3075163351904897, 1.1262095252502224, 1.2621590032641796, 1.4536540214744353, 0.7640943524052454, 0.18442470152437343, 0.21364114695767525, 0.0010851269982386784, 0.3590051006866077, 0.09947857702304894, 0.04721877298588097, 0.6908933015572367, 0.0010010410852787492, 0.9432237468476389, 0.9836785189489827, 0.5855600959250263, 0.0011766445714627518, 0.401139146537294, 0.9191534662091562, 0.11082479466679582, 0.8917335566307528, 0.0031515274674364336, 0.528189287059149, 0.2520450043932864]
APTIDAO: 
49.83288665228491
GEN: 3500
Individuo: 
[1.2239758160393293, 1.4971287485060023, 2.3695259513855933, 0.14139104786923093, 1.1631914724258952, 0.05512519591543785, 0.5367737836950829, 1.3223284028724807, 1.1262095252502224, 1.2621590032641796, 1.3672768233512709, 0.7640943524052454, 0.18442470152437343, 0.21364114695767525, 0.0010546591162316763, 0.3590051006866077, 0.09947857702304894, 0.146266549568159, 0.6908933015572367, 0.0010010410852787492, 0.9432237468476389, 0.9836785189489827, 0.5855600959250263, 0.0012782969035230905, 0.401139146537294, 0.9191534662091562, 0.107890535303782, 0.8917335566307528, 0.003406423728755261, 0.528189287059149, 0.2520450043932864]
APTIDAO: 
49.84553776633116
GEN: 3600
Individuo: 
[1.2239758160393293, 1.4971287485060023, 2.3695259513855933, 0.14139104786923093, 1.1631914724258952, 0.043561075948724305, 0.5367737836950829, 1.3223284028724807, 1.1262095252502224, 1.2621590032641796, 1.3672768233512709, 0.7640943524052454, 0.18442470152437343, 0.21364114695767525, 0.0012218247043911242, 0.3590051006866077, 0.09947857702304894, 0.17096648167491982, 0.6908933015572367, 0.004185922832870631, 0.9432237468476389, 0.9836785189489827, 0.5855600959250263, 0.0015613211999306088, 0.401139146537294, 0.9191534662091562, 0.107890535303782, 0.8917335566307528, 0.003406423728755261, 0.528189287059149, 0.2520450043932864]
APTIDAO: 
49.852840042214666
GEN: 3700
Individuo: 
[1.2239758160393293, 1.4971287485060023, 2.3695259513855933, 0.17897425199063885, 1.1631914724258952, 0.0626503428381872, 0.5367737836950829, 1.3223284028724807, 1.102633609565431, 1.2621590032641796, 1.3672768233512709, 0.7640943524052454, 0.18442470152437343, 0.21364114695767525, 0.001010040806627906, 0.3590051006866077, 0.09947857702304894, 0.17096648167491982, 0.6908933015572367, 0.008163609437741694, 0.9432237468476389, 0.9836785189489827, 0.5855600959250263, 0.0012273543479017627, 0.401139146537294, 0.9191534662091562, 0.107890535303782, 0.8917335566307528, 0.003785788281480699, 0.528189287059149, 0.2520450043932864]
APTIDAO: 
49.84603513124269
GEN: 3800
Individuo: 
[1.2239758160393293, 1.4971287485060023, 2.3695259513855933, 0.17897425199063885, 1.1631914724258952, 0.0626503428381872, 0.5367737836950829, 1.3223284028724807, 1.102633609565431, 1.2621590032641796, 1.1643100215232083, 0.7640943524052454, 0.18442470152437343, 0.21364114695767525, 0.001010040806627906, 0.3590051006866077, 0.09947857702304894, 0.17096648167491982, 0.6908933015572367, 0.28035318017015404, 0.9432237468476389, 0.9836785189489827, 0.5855600959250263, 0.0010577843198676582, 0.401139146537294, 0.9191534662091562, 0.107890535303782, 0.8917335566307528, 0.003911087670894886, 0.528189287059149, 0.2520450043932864]
APTIDAO: 
49.84573257955131
GEN: 3900
Individuo: 
[1.2239758160393293, 1.4971287485060023, 2.3695259513855933, 0.17897425199063885, 1.1631914724258952, 0.0626503428381872, 0.5367737836950829, 1.2797484503687104, 1.102633609565431, 1.2621590032641796, 1.3028218822226594, 0.7640943524052454, 0.18442470152437343, 0.21364114695767525, 0.0010987897545708756, 0.3590051006866077, 0.09947857702304894, 0.2109393139730173, 0.6908933015572367, 0.17358554012388153, 0.9432237468476389, 0.9836785189489827, 0.5855600959250263, 0.0010577843198676582, 0.401139146537294, 0.9191534662091562, 0.1727736062088113, 0.8917335566307528, 0.003069146525853952, 0.528189287059149, 0.2520450043932864]
APTIDAO: 
49.810426447938084
GEN: 4000
Individuo: 
[1.2239758160393293, 1.4971287485060023, 2.3695259513855933, 0.1664292839692892, 1.1631914724258952, 0.0626503428381872, 0.5367737836950829, 1.2797484503687104, 1.102633609565431, 1.2621590032641796, 1.268599922740957, 0.7640943524052454, 0.18442470152437343, 0.21364114695767525, 0.0010380729195311788, 0.3590051006866077, 0.09947857702304894, 0.2109393139730173, 0.6908933015572367, 0.2599964321600102, 0.9432237468476389, 0.9836785189489827, 0.5855600959250263, 0.0010577843198676582, 0.401139146537294, 0.9191534662091562, 0.1727736062088113, 0.8917335566307528, 0.003226373789590995, 0.528189287059149, 0.2520450043932864]
APTIDAO: 
49.808934090659335
GEN: 4100
Individuo: 
[1.2239758160393293, 1.680749369626195, 2.3695259513855933, 0.13738378809053178, 1.1631914724258952, 0.04797709677257002, 0.5367737836950829, 1.2797484503687104, 1.102633609565431, 1.2621590032641796, 0.7521969548864618, 0.7640943524052454, 0.18442470152437343, 0.21364114695767525, 0.0014699637685239991, 0.3590051006866077, 0.09947857702304894, 0.051999659000643766, 0.6908933015572367, 0.18208617965149507, 0.9432237468476389, 0.9836785189489827, 0.5855600959250263, 0.0030697938083137917, 0.401139146537294, 0.9191534662091562, 0.14327976164028014, 0.8917335566307528, 0.00155442557073805, 0.528189287059149, 0.2520450043932864]
APTIDAO: 
49.83450794228027
GEN: 4200
Individuo: 
[1.2239758160393293, 1.680749369626195, 2.287425192682135, 0.12744532928504307, 1.1631914724258952, 0.04797709677257002, 0.5367737836950829, 1.2797484503687104, 1.102633609565431, 1.2621590032641796, 0.7521969548864618, 0.7640943524052454, 0.18442470152437343, 0.21364114695767525, 0.0010477876701254964, 0.3590051006866077, 0.09947857702304894, 0.05043074054271521, 0.6908933015572367, 0.08740554453536932, 0.9432237468476389, 0.9836785189489827, 0.5855600959250263, 0.0025275350350862555, 0.401139146537294, 0.9191534662091562, 0.14327976164028014, 0.8917335566307528, 0.001543082370738933, 0.528189287059149, 0.2520450043932864]
APTIDAO: 
49.83339404764515
GEN: 4300
Individuo: 
[1.2239758160393293, 1.680749369626195, 2.287425192682135, 0.14311366960120275, 1.1631914724258952, 0.04530213965217127, 0.5367737836950829, 1.2797484503687104, 1.102633609565431, 1.2621590032641796, 1.3963476013808782, 0.7640943524052454, 0.18442470152437343, 0.21364114695767525, 0.0012843439201207214, 0.3590051006866077, 0.09947857702304894, 0.034493387135099966, 0.6908933015572367, 0.1326311656191039, 0.9432237468476389, 0.9836785189489827, 0.5855600959250263, 0.001134589319170113, 0.401139146537294, 0.9191534662091562, 0.14327976164028014, 0.8917335566307528, 0.007241823228977932, 0.528189287059149, 0.2520450043932864]
APTIDAO: 
49.839000535136066
GEN: 4400
Individuo: 
[1.2239758160393293, 1.3841777211333561, 2.287425192682135, 0.14311366960120275, 1.1631914724258952, 0.05049705380118905, 0.5367737836950829, 1.2797484503687104, 1.102633609565431, 1.2621590032641796, 1.3106522703457464, 0.7640943524052454, 0.18442470152437343, 0.21364114695767525, 0.0011236310732997174, 0.3590051006866077, 0.09947857702304894, 0.03409869035177297, 0.6908933015572367, 0.1696290161735643, 0.9432237468476389, 0.9836785189489827, 0.5855600959250263, 0.001798057240344551, 0.401139146537294, 0.9191534662091562, 0.14327976164028014, 0.8917335566307528, 0.0036582499659728843, 0.528189287059149, 0.2520450043932864]
APTIDAO: 
49.83789432894042
GEN: 4500
Individuo: 
[1.2239758160393293, 1.582169590445499, 2.287425192682135, 0.19352336027479977, 1.1631914724258952, 0.05049705380118905, 0.5367737836950829, 1.2797484503687104, 1.102633609565431, 1.2621590032641796, 1.4607310277075805, 0.7640943524052454, 0.18442470152437343, 0.21364114695767525, 0.0010130358661496323, 0.3590051006866077, 0.09947857702304894, 0.03298707471799586, 0.6908933015572367, 0.5561058867826363, 0.9432237468476389, 0.9836785189489827, 0.5855600959250263, 0.001586362185451674, 0.401139146537294, 0.9191534662091562, 0.1423616613421485, 0.8917335566307528, 0.005713920381414546, 0.528189287059149, 0.2520450043932864]
APTIDAO: 
49.82100272208333
GEN: 4600
Individuo: 
[1.2239758160393293, 1.534112754352221, 2.287425192682135, 0.1563210349322926, 1.1631914724258952, 0.05628731757282374, 0.5367737836950829, 1.2797484503687104, 1.102633609565431, 1.2621590032641796, 1.3156688632839972, 0.7640943524052454, 0.18442470152437343, 0.21364114695767525, 0.0010130358661496323, 0.3590051006866077, 0.09947857702304894, 0.03380414097566461, 0.6908933015572367, 0.6352776748668026, 0.9432237468476389, 0.9836785189489827, 0.5855600959250263, 0.001586362185451674, 0.401139146537294, 0.9191534662091562, 0.1423616613421485, 0.8917335566307528, 0.005713920381414546, 0.528189287059149, 0.2520450043932864]
APTIDAO: 
49.811493926962434
GEN: 4700
Individuo: 
[1.2239758160393293, 1.534112754352221, 2.287425192682135, 0.1563210349322926, 1.1631914724258952, 0.05628731757282374, 0.5367737836950829, 1.2797484503687104, 1.102633609565431, 1.2621590032641796, 1.2799022096961084, 0.7640943524052454, 0.18442470152437343, 0.21364114695767525, 0.00218972554642362, 0.3590051006866077, 0.09947857702304894, 0.03380414097566461, 0.6908933015572367, 0.6352776748668026, 0.9432237468476389, 0.9836785189489827, 0.5855600959250263, 0.0010574895560880946, 0.401139146537294, 0.9191534662091562, 0.1423616613421485, 0.8917335566307528, 0.005263091812600332, 0.528189287059149, 0.2520450043932864]
APTIDAO: 
49.81706225022377
GEN: 4800
Individuo: 
[1.2239758160393293, 1.534112754352221, 2.287425192682135, 0.1563210349322926, 1.1631914724258952, 0.05628731757282374, 0.5367737836950829, 1.2797484503687104, 1.102633609565431, 1.2621590032641796, 0.9948033265885073, 0.7640943524052454, 0.18442470152437343, 0.21364114695767525, 0.0011964281790298613, 0.3590051006866077, 0.09947857702304894, 0.03201860468471683, 0.6908933015572367, 0.7572577832061841, 0.9432237468476389, 0.9836785189489827, 0.5855600959250263, 0.0011647094159555076, 0.401139146537294, 0.9191534662091562, 0.1423616613421485, 0.8917335566307528, 0.0035516505998238177, 0.528189287059149, 0.2520450043932864]
APTIDAO: 
49.81295267057319
GEN: 4900
Individuo: 
[1.2239758160393293, 1.534112754352221, 2.287425192682135, 0.1563210349322926, 1.1631914724258952, 0.012254596558462994, 0.5367737836950829, 1.2797484503687104, 1.102633609565431, 1.2621590032641796, 0.9948033265885073, 0.7640943524052454, 0.18442470152437343, 0.21364114695767525, 0.002119372432914506, 0.3590051006866077, 0.09947857702304894, 0.03201860468471683, 0.6908933015572367, 0.0944887643300255, 0.9432237468476389, 0.9836785189489827, 0.5855600959250263, 0.0010284753755784846, 0.401139146537294, 0.9191534662091562, 0.1423616613421485, 0.8917335566307528, 0.0030419513193852316, 0.528189287059149, 0.2520450043932864]
APTIDAO: 
49.85034130024618
GEN: 5000
Individuo: 
[1.2239758160393293, 1.534112754352221, 3.040625112364396, 0.24384589973886475, 1.1631914724258952, 0.07518642485141061, 0.5367737836950829, 1.2797484503687104, 1.102633609565431, 1.2621590032641796, 0.9948033265885073, 1.205850160601426, 0.18442470152437343, 0.21364114695767525, 0.0010681549058692609, 0.3590051006866077, 0.09947857702304894, 0.11135277774773339, 0.6908933015572367, 0.2967490249501102, 0.9432237468476389, 0.9836785189489827, 0.5855600959250263, 0.0013881360228635603, 0.401139146537294, 0.9191534662091562, 0.1423616613421485, 0.8917335566307528, 0.0035740639388707356, 0.528189287059149, 0.5317985729746869]
APTIDAO: 
50.55161382444676
GEN: 5100
Individuo: 
[1.239143998871248, 1.534112754352221, 2.065068335175922, 0.29138820783112407, 1.1631914724258952, 0.010681574616261633, 0.5367737836950829, 1.2797484503687104, 1.102633609565431, 1.2621590032641796, 0.6382773302817556, 1.205850160601426, 0.18442470152437343, 0.21364114695767525, 0.0013296482010584961, 0.3590051006866077, 0.09947857702304894, 0.02944950410110441, 0.6908933015572367, 0.016677387154304515, 0.9432237468476389, 0.9836785189489827, 0.5855600959250263, 0.029862304301179417, 0.401139146537294, 0.9191534662091562, 0.1423616613421485, 0.8917335566307528, 0.002130132515093017, 0.528189287059149, 0.5317985729746869]
APTIDAO: 
50.16761998966348
GEN: 5200
Individuo: 
[1.239143998871248, 1.534112754352221, 2.0987365890611924, 0.19511849744337925, 1.1631914724258952, 0.024561479013037534, 0.5367737836950829, 1.2797484503687104, 1.102633609565431, 1.2621590032641796, 0.7821640174814847, 1.2072416841385232, 0.18442470152437343, 0.21364114695767525, 0.003974657212472112, 0.15473026819970498, 0.09947857702304894, 0.002339721385943374, 0.6908933015572367, 0.012541503856767984, 0.9432237468476389, 0.9836785189489827, 0.29067797469148754, 0.022372827425278907, 0.401139146537294, 0.9191534662091562, 0.1423616613421485, 0.8917335566307528, 0.00376366238536459, 0.528189287059149, 0.5317985729746869]
APTIDAO: 
50.02564067521584
GEN: 5300
Individuo: 
[1.4279532926339598, 1.534112754352221, 2.0987365890611924, 0.29851268611572945, 1.1631914724258952, 0.01642123098719416, 0.5367737836950829, 1.2797484503687104, 1.102633609565431, 1.2621590032641796, 0.6754012817586214, 1.2072416841385232, 0.18442470152437343, 0.21364114695767525, 0.0013686981673109327, 0.15473026819970498, 0.09947857702304894, 0.010440065710754821, 0.6908933015572367, 0.0011836979827476173, 0.9432237468476389, 0.9836785189489827, 0.29067797469148754, 0.032612730823396094, 0.401139146537294, 0.9191534662091562, 0.1423616613421485, 0.8915320905256473, 0.001696335458937897, 0.528189287059149, 0.5317985729746869]
APTIDAO: 
50.1227633351133
GEN: 5400
Individuo: 
[1.3119509853342028, 1.5022375330874473, 2.4376834600164763, 0.29851268611572945, 1.1631914724258952, 0.01146940954424775, 0.5367737836950829, 1.2797484503687104, 1.102633609565431, 1.2621590032641796, 1.4771715302734654, 1.2072416841385232, 0.18442470152437343, 0.21364114695767525, 0.010839255961614629, 0.15473026819970498, 0.09947857702304894, 0.017691502705760337, 0.6908933015572367, 0.0016598277399873934, 0.9432237468476389, 0.9836785189489827, 0.29067797469148754, 0.015813927840171545, 0.401139146537294, 0.9223495317953841, 0.1423616613421485, 0.8915320905256473, 0.003346522488084577, 0.528189287059149, 0.5317985729746869]
APTIDAO: 
50.02078070109522
GEN: 5500
Individuo: 
[1.3119509853342028, 1.5022375330874473, 2.2288125457609445, 0.29851268611572945, 1.1631914724258952, 0.016028211152916003, 0.5367737836950829, 1.2797484503687104, 1.102633609565431, 1.2621590032641796, 1.3974237371970082, 1.2072416841385232, 0.18442470152437343, 0.21364114695767525, 0.008502746083551673, 0.15473026819970498, 0.09947857702304894, 0.028599264793144074, 0.6908933015572367, 0.0012934435160125077, 0.9432237468476389, 0.9836785189489827, 0.29067797469148754, 0.022618749953959707, 0.401139146537294, 0.9223495317953841, 0.1423616613421485, 0.8915320905256473, 0.0010621429361979266, 0.528189287059149, 0.5317985729746869]
APTIDAO: 
50.01102078955886
GEN: 5600
Individuo: 
[1.3119509853342028, 1.5022375330874473, 2.313570653832565, 0.22154775998669254, 1.1631914724258952, 0.010403231151106982, 0.5367737836950829, 1.2797484503687104, 1.102633609565431, 1.2621590032641796, 1.2722390002257968, 1.2072416841385232, 0.18442470152437343, 0.21364114695767525, 0.00549239229934333, 0.15473026819970498, 0.09947857702304894, 0.02009166171472393, 0.6908933015572367, 0.0012630312337836166, 0.9432237468476389, 0.9836785189489827, 0.29067797469148754, 0.0023055519684489437, 0.401139146537294, 0.9223495317953841, 0.1423616613421485, 0.8915320905256473, 0.0024407092510538844, 0.528189287059149, 0.5317985729746869]
APTIDAO: 
49.97300136546093
GEN: 5700
Individuo: 
[1.3119509853342028, 1.5022375330874473, 2.313570653832565, 0.22154775998669254, 1.1631914724258952, 0.010329305347212728, 0.5367737836950829, 1.2797484503687104, 1.102633609565431, 1.2621590032641796, 1.3371778606716593, 1.2072416841385232, 0.18442470152437343, 0.21364114695767525, 0.001967293014149678, 0.15473026819970498, 0.09947857702304894, 0.020654604279384335, 0.6908933015572367, 0.004774736357923716, 0.9432237468476389, 0.9836785189489827, 0.29067797469148754, 0.0029092360333751845, 0.401139146537294, 0.9223495317953841, 0.14389705705292927, 0.8915320905256473, 0.0024407092510538844, 0.5267221783937448, 0.5317985729746869]
APTIDAO: 
49.98489566899756
GEN: 5800
Individuo: 
[1.3119509853342028, 1.5022375330874473, 2.313570653832565, 0.22154775998669254, 1.1631914724258952, 0.010329305347212728, 0.5367737836950829, 1.2797484503687104, 1.102633609565431, 1.2621590032641796, 1.2990987786655193, 1.2072416841385232, 0.18442470152437343, 0.21364114695767525, 0.0015346217304142696, 0.15473026819970498, 0.09947857702304894, 0.0247015418146894, 0.6908933015572367, 0.014243855398472194, 0.9432237468476389, 0.9836785189489827, 0.29067797469148754, 0.010384529277360008, 0.401139146537294, 0.9223495317953841, 0.14389705705292927, 0.8915320905256473, 0.00268503901617538, 0.5267221783937448, 0.5317985729746869]
APTIDAO: 
49.984284583563145
GEN: 5900
Individuo: 
[1.2890483278898879, 1.5022375330874473, 2.313570653832565, 0.22154775998669254, 1.1631914724258952, 0.013754887039427014, 0.5367737836950829, 1.2783159409675142, 1.057342020274915, 1.2621590032641796, 1.2990987786655193, 1.2072416841385232, 0.18442470152437343, 0.21364114695767525, 0.0018251728732829962, 0.15473026819970498, 0.09947857702304894, 0.04370444379447236, 0.6908933015572367, 0.01666645968625681, 0.9432237468476389, 0.9836785189489827, 0.29067797469148754, 0.0019713207851077986, 0.401139146537294, 0.9223495317953841, 0.14389705705292927, 0.8915320905256473, 0.005253882185603723, 0.5267221783937448, 0.5317985729746869]
APTIDAO: 
49.98673629395152
GEN: 6000
Individuo: 
[1.2890483278898879, 1.5022375330874473, 2.313570653832565, 0.22154775998669254, 1.1631914724258952, 0.011076073278892803, 0.5367737836950829, 1.2783159409675142, 1.057342020274915, 1.2621590032641796, 1.3753334538502602, 1.2072416841385232, 0.18442470152437343, 0.21364114695767525, 0.01263652713854406, 0.15473026819970498, 0.09947857702304894, 0.03658946387630078, 0.6908933015572367, 0.010295475488085971, 0.9432237468476389, 0.9836785189489827, 0.29067797469148754, 0.0019713207851077986, 0.401139146537294, 0.9223495317953841, 0.13934972563015322, 0.8915320905256473, 0.0025977771867991342, 0.5267221783937448, 0.5317985729746869]
APTIDAO: 
49.986218484603555
GEN: 6100
Individuo: 
[1.2890483278898879, 1.5022375330874473, 2.313570653832565, 0.289278602020387, 1.1631914724258952, 0.010419967617905658, 0.5367737836950829, 1.2783159409675142, 1.2611638634746152, 1.2621590032641796, 1.4047487007586725, 1.2072416841385232, 0.18442470152437343, 0.21364114695767525, 0.01263652713854406, 0.15473026819970498, 0.09947857702304894, 0.02294615721728691, 0.6908933015572367, 0.9039421081835348, 0.9432237468476389, 0.9836785189489827, 0.2924394324485275, 0.018593243333069547, 0.401139146537294, 0.8995295261694464, 0.13934972563015322, 0.8915320905256473, 0.0019465031775600143, 0.5267221783937448, 0.5317985729746869]
APTIDAO: 
50.117997894104704
GEN: 6200
Individuo: 
[1.2890483278898879, 1.5022375330874473, 2.4527861998404195, 0.15475199913021712, 1.1671565234423238, 0.016018662028276037, 0.5367737836950829, 1.2783159409675142, 1.0781846513156046, 1.2621590032641796, 0.9698100864472082, 1.2072416841385232, 0.18442470152437343, 0.21364114695767525, 0.061335740515452264, 0.15473026819970498, 0.09947857702304894, 0.03174150686661149, 0.6908933015572367, 0.01168448024961189, 0.9432237468476389, 0.9820771716694294, 0.2924394324485275, 0.17615176755499856, 0.401139146537294, 0.9223495317953841, 0.13934972563015322, 0.8915320905256473, 0.0015763097956404668, 0.5267221783937448, 0.5317985729746869]
APTIDAO: 
49.99457122518102
GEN: 6300
Individuo: 
[1.2890483278898879, 1.5022375330874473, 2.335120651855581, 0.1918887812670478, 1.1671565234423238, 0.016018662028276037, 0.5367737836950829, 1.2783159409675142, 1.0781846513156046, 1.2621590032641796, 1.2609882298300823, 1.2072416841385232, 0.18442470152437343, 0.21364114695767525, 0.061335740515452264, 0.15473026819970498, 0.09947857702304894, 0.02222945103333423, 0.6908933015572367, 0.5146129327357274, 0.9432237468476389, 0.9820771716694294, 0.2924394324485275, 0.17615176755499856, 0.401139146537294, 0.9223495317953841, 0.13934972563015322, 0.8915320905256473, 0.0015763097956404668, 0.5267221783937448, 0.5317985729746869]
APTIDAO: 
49.96761706662124
GEN: 6400
Individuo: 
[1.2890483278898879, 1.5022375330874473, 2.335120651855581, 0.22396041471509182, 1.1671565234423238, 0.016018662028276037, 0.5367737836950829, 1.2783159409675142, 1.0781846513156046, 1.2621590032641796, 1.3785828759577208, 1.2072416841385232, 0.18442470152437343, 0.21364114695767525, 0.061335740515452264, 0.15473026819970498, 0.09947857702304894, 0.00705747815254186, 0.6908933015572367, 0.4335333902031579, 0.9432237468476389, 0.9820771716694294, 0.2924394324485275, 0.03735163913868513, 0.401139146537294, 0.9223495317953841, 0.13934972563015322, 0.888608245030877, 0.002881801604070549, 0.5267221783937448, 0.5317985729746869]
APTIDAO: 
49.97232545136301
GEN: 6500
Individuo: 
[1.2890483278898879, 1.5022375330874473, 2.335120651855581, 0.2097111440203896, 1.1671565234423238, 0.016018662028276037, 0.5367737836950829, 1.2783159409675142, 1.0781846513156046, 1.2621590032641796, 1.2217804875775704, 1.2072416841385232, 0.18442470152437343, 0.21364114695767525, 0.061753574541671345, 0.15473026819970498, 0.09947857702304894, 0.004006199670615116, 0.6908933015572367, 0.4335333902031579, 0.9432237468476389, 0.9820771716694294, 0.2924394324485275, 0.2123142283767079, 0.401139146537294, 0.9223495317953841, 0.13934972563015322, 0.888608245030877, 0.0012923242498977872, 0.5267221783937448, 0.5317985729746869]
APTIDAO: 
49.96049023646517
GEN: 6600
Individuo: 
[1.2890483278898879, 1.5022375330874473, 2.335120651855581, 0.22395124514512008, 1.1671565234423238, 0.016018662028276037, 0.5367737836950829, 1.2783159409675142, 1.0781846513156046, 1.2621590032641796, 1.2217804875775704, 1.2072416841385232, 0.18442470152437343, 0.21364114695767525, 0.061753574541671345, 0.15473026819970498, 0.09947857702304894, 0.0036321036883117572, 0.6908933015572367, 0.6729332306962273, 0.9432237468476389, 0.9820771716694294, 0.2924394324485275, 0.16834976698795714, 0.401139146537294, 0.9223495317953841, 0.13934972563015322, 0.888608245030877, 0.003224769936117543, 0.5267221783937448, 0.5317985729746869]
APTIDAO: 
49.96690776732929
GEN: 6700
Individuo: 
[1.2890483278898879, 1.5022375330874473, 2.1622612844903015, 0.22611093188424694, 1.1671565234423238, 0.016018662028276037, 0.5367737836950829, 1.2783159409675142, 1.0781846513156046, 1.2621590032641796, 0.9793638893505499, 1.2072416841385232, 0.18442470152437343, 0.21364114695767525, 0.06893750243317055, 0.15473026819970498, 0.09947857702304894, 0.003972798024967245, 0.6908933015572367, 0.3993801724791311, 0.9432237468476389, 0.9820771716694294, 0.2924394324485275, 0.3903538513515358, 0.401139146537294, 0.9223495317953841, 0.13934972563015322, 0.888608245030877, 0.0014093490421454341, 0.5267221783937448, 0.5317985729746869]
APTIDAO: 
49.99734592136126
GEN: 6800
Individuo: 
[1.2787170220903756, 1.5022375330874473, 2.21678569309081, 0.20704996820982643, 1.1671565234423238, 0.018717372101399694, 0.5367737836950829, 1.075018403310651, 1.0781846513156046, 1.2621590032641796, 1.0836159931775249, 1.2072416841385232, 0.18442470152437343, 0.21364114695767525, 0.08494835079863147, 0.15473026819970498, 0.09947857702304894, 0.001024772588168938, 0.6908933015572367, 0.7696860148197404, 0.9432237468476389, 0.9820771716694294, 0.2924394324485275, 0.7911921267130154, 0.401139146537294, 0.6988156716754895, 0.13934972563015322, 0.888608245030877, 0.0011282508761568586, 0.5267221783937448, 0.5317985729746869]
APTIDAO: 
49.89802905704903
GEN: 6900
Individuo: 
[1.2787170220903756, 1.5560624054000944, 2.21678569309081, 0.17949462988181258, 1.1671565234423238, 0.01934926930243125, 0.5367737836950829, 1.075018403310651, 1.0781846513156046, 1.2621590032641796, 0.8159756353397315, 1.2072416841385232, 0.18442470152437343, 0.21364114695767525, 0.06893750243317055, 0.15473026819970498, 0.09947857702304894, 0.0015097065994941169, 0.6908933015572367, 0.9722248753804632, 0.9432237468476389, 0.9820771716694294, 0.2924394324485275, 0.6314898431784962, 0.401139146537294, 0.6988156716754895, 0.13934972563015322, 0.888608245030877, 0.0012399428188697294, 0.5267221783937448, 0.5317985729746869]
APTIDAO: 
49.897733050639786
GEN: 7000
Individuo: 
[1.0327652649990222, 1.5560624054000944, 2.21678569309081, 0.10826662685333333, 1.1671565234423238, 0.018880095026189727, 0.5367737836950829, 1.075018403310651, 1.0781846513156046, 1.2621590032641796, 1.3739366899009764, 1.2072416841385232, 0.18442470152437343, 0.21364114695767525, 0.033763697998228974, 0.15473026819970498, 0.09947857702304894, 0.0015856584630087477, 0.6908933015572367, 0.0716261643998, 0.9432237468476389, 0.9820771716694294, 0.2924394324485275, 0.09914010815630268, 0.401139146537294, 0.6988156716754895, 0.13934972563015322, 0.888608245030877, 0.002538897309737196, 0.5267221783937448, 0.5317985729746869]
APTIDAO: 
50.05145538603765
GEN: 7100
Individuo: 
[1.0327652649990222, 1.5560624054000944, 2.21678569309081, 0.11513170526262202, 1.1671565234423238, 0.0649105997105378, 0.5367737836950829, 1.075018403310651, 1.0781846513156046, 1.2621590032641796, 1.3739366899009764, 1.2072416841385232, 0.18442470152437343, 0.21364114695767525, 0.009533077412478634, 0.15473026819970498, 0.09947857702304894, 0.0013975501661447497, 0.6908933015572367, 0.3024347813588049, 0.9432237468476389, 0.9820771716694294, 0.2924394324485275, 0.0014682463996531386, 0.401139146537294, 0.6988156716754895, 0.13934972563015322, 0.888608245030877, 0.0011202137910889878, 0.5267221783937448, 0.5317985729746869]
APTIDAO: 
49.99919048995424
GEN: 7200
Individuo: 
[1.1675252500140363, 1.666874501271915, 2.2356187923288746, 0.1734719346131373, 1.1671565234423238, 0.0649105997105378, 0.5367737836950829, 1.075018403310651, 1.20152485863573, 1.2621590032641796, 1.2457904829344604, 1.2072416841385232, 0.18442470152437343, 0.21364114695767525, 0.009904728038406642, 0.15473026819970498, 0.09947857702304894, 0.0011330528726784435, 0.6908933015572367, 0.37010495244056063, 0.9432237468476389, 0.9820771716694294, 0.2924394324485275, 0.12135715270563688, 0.401139146537294, 0.6988156716754895, 0.15769345076730476, 0.888608245030877, 0.0011898732900782621, 0.5267221783937448, 0.5317985729746869]
APTIDAO: 
49.933848688024455
GEN: 7300
Individuo: 
[1.1675252500140363, 1.666874501271915, 2.2356187923288746, 0.15253730371145366, 1.1671565234423238, 0.06517217462608854, 0.5367737836950829, 1.075018403310651, 1.20152485863573, 1.2621590032641796, 1.1600564878264779, 1.2072416841385232, 0.18442470152437343, 0.21364114695767525, 0.009904728038406642, 0.15473026819970498, 0.09947857702304894, 0.0011073347736002004, 0.6908933015572367, 0.44744526109048777, 0.9432237468476389, 0.9820771716694294, 0.2924394324485275, 0.12135715270563688, 0.401139146537294, 0.6988156716754895, 0.15769345076730476, 0.888608245030877, 0.001652459774853617, 0.5267221783937448, 0.5317985729746869]
APTIDAO: 
49.927240992897566
GEN: 7400
Individuo: 
[1.1675252500140363, 1.3750276872674008, 2.2356187923288746, 0.2842294521322736, 1.1583963359898288, 0.06517217462608854, 0.533620166201107, 1.075018403310651, 1.253659636017515, 1.2621590032641796, 1.1600564878264779, 1.2593518634229637, 0.18442470152437343, 0.21364114695767525, 0.20360218320276985, 0.15473026819970498, 0.09947857702304894, 0.002001998679297415, 0.6908933015572367, 0.6666750157041277, 0.9432237468476389, 0.9820771716694294, 0.2924394324485275, 0.4394334438192923, 0.401139146537294, 0.6988156716754895, 0.1750720416079026, 0.888608245030877, 0.0016304447298405172, 0.6337458909720817, 0.5317985729746869]
APTIDAO: 
50.172871078795566
GEN: 7500
Individuo: 
[1.1675252500140363, 1.3750276872674008, 2.3805320175484423, 0.14601248163274855, 1.1583963359898288, 0.06517217462608854, 0.533620166201107, 1.075018403310651, 1.2865901412289575, 1.2621590032641796, 1.2278950684165963, 1.2593518634229637, 0.18442470152437343, 0.21364114695767525, 0.20360218320276985, 0.15473026819970498, 0.09947857702304894, 0.0011036308865125673, 0.6908933015572367, 0.6210888300147771, 0.9432237468476389, 0.9820771716694294, 0.2924394324485275, 0.4394334438192923, 0.401139146537294, 0.6988156716754895, 0.1750720416079026, 0.888608245030877, 0.0015051148666686627, 0.6337458909720817, 0.5317985729746869]
APTIDAO: 
50.13614155146156
GEN: 7600
Individuo: 
[1.1675252500140363, 1.404889867200871, 2.3805320175484423, 0.1820921077988766, 1.1583963359898288, 0.06430757722745119, 0.533620166201107, 1.075018403310651, 1.3682252037792932, 1.2621590032641796, 1.4272027835171974, 1.2593518634229637, 0.18442470152437343, 0.21364114695767525, 0.20360218320276985, 0.15473026819970498, 0.09947857702304894, 0.003496569176527986, 0.6908933015572367, 0.5384194902007995, 0.9432237468476389, 0.9820771716694294, 0.2924394324485275, 0.5414509751505864, 0.401139146537294, 0.6988156716754895, 0.1965451191235898, 0.888608245030877, 0.0015051148666686627, 0.6337458909720817, 0.5317985729746869]
APTIDAO: 
50.14255181713501
GEN: 7700
Individuo: 
[1.1675252500140363, 1.404889867200871, 2.3166727545208636, 0.1820921077988766, 1.1583963359898288, 0.06430757722745119, 0.533620166201107, 1.075018403310651, 1.418068158059526, 1.2621590032641796, 0.90043749067368, 1.2593518634229637, 0.18442470152437343, 0.21364114695767525, 0.17612151508805435, 0.15473026819970498, 0.09947857702304894, 0.01358410790532133, 0.6908933015572367, 0.15846539756683323, 0.9432237468476389, 0.9820771716694294, 0.2924394324485275, 0.26923382798508183, 0.401139146537294, 0.692526042639743, 0.1965451191235898, 0.888608245030877, 0.0010845842425912364, 0.6337458909720817, 0.5317985729746869]
APTIDAO: 
50.095053080385725
GEN: 7800
Individuo: 
[1.1675252500140363, 1.404889867200871, 2.3166727545208636, 0.11383183876453211, 1.1583963359898288, 0.01074829105036227, 0.533620166201107, 1.075018403310651, 1.418068158059526, 1.2621590032641796, 1.2889720197042094, 1.2593518634229637, 0.18442470152437343, 0.21364114695767525, 0.5743976450882707, 0.15473026819970498, 0.09947857702304894, 0.02042138491841347, 0.6908933015572367, 0.09026041896934546, 0.9393137078150027, 0.9820771716694294, 0.2924394324485275, 0.20408627355598524, 0.401139146537294, 0.692526042639743, 0.1965451191235898, 0.888608245030877, 0.0010845842425912364, 0.6337458909720817, 0.5193088567824375]
APTIDAO: 
50.03665192039863
GEN: 7900
Individuo: 
[1.1675252500140363, 1.5355153683015546, 2.3166727545208636, 0.10726630786990236, 1.1583963359898288, 0.01074829105036227, 0.533620166201107, 1.075018403310651, 1.418068158059526, 1.2621590032641796, 1.2889720197042094, 1.2593518634229637, 0.18442470152437343, 0.21364114695767525, 0.5743976450882707, 0.15473026819970498, 0.09766921012269936, 0.0010452961264484698, 0.6908933015572367, 0.8646880037745763, 0.9393137078150027, 0.9820771716694294, 0.2924394324485275, 0.20408627355598524, 0.401139146537294, 0.692526042639743, 0.1965451191235898, 0.888608245030877, 0.003138274045880048, 0.6337458909720817, 0.5193088567824375]
APTIDAO: 
50.02418681929899
GEN: 8000
Individuo: 
[1.1675252500140363, 1.4842305248039738, 2.3166727545208636, 0.10726630786990236, 1.1583963359898288, 0.010500725705958782, 0.533620166201107, 1.075018403310651, 1.418068158059526, 1.2621590032641796, 1.2889720197042094, 1.2593518634229637, 0.18442470152437343, 0.21364114695767525, 0.5743976450882707, 0.15473026819970498, 0.09766921012269936, 0.0013363121784172624, 0.6908933015572367, 0.9439072274368365, 0.9393137078150027, 0.9820771716694294, 0.2924394324485275, 0.20408627355598524, 0.401139146537294, 0.692526042639743, 0.1965451191235898, 0.888608245030877, 0.0012029625773878742, 0.6337458909720817, 0.5193088567824375]
APTIDAO: 
50.020054393955206
GEN: 8100
Individuo: 
[1.1675252500140363, 1.4842305248039738, 2.3166727545208636, 0.10146954110417664, 1.1583963359898288, 0.010500725705958782, 0.533620166201107, 1.075018403310651, 1.418068158059526, 1.2621590032641796, 1.2889720197042094, 1.2593518634229637, 0.18442470152437343, 0.21364114695767525, 0.5743976450882707, 0.15473026819970498, 0.09766921012269936, 0.003350515227325502, 0.6908933015572367, 0.9229646910195808, 0.9393137078150027, 0.9820771716694294, 0.2924394324485275, 0.2025956418236478, 0.401139146537294, 0.692526042639743, 0.1965451191235898, 0.888608245030877, 0.0012029625773878742, 0.6337458909720817, 0.5193088567824375]
APTIDAO: 
50.01807817688689
GEN: 8200
Individuo: 
[1.1675252500140363, 1.4842305248039738, 2.3166727545208636, 0.10119025483888228, 1.1583963359898288, 0.010500725705958782, 0.533620166201107, 1.075018403310651, 1.418068158059526, 1.2621590032641796, 1.0297140749679388, 1.2593518634229637, 0.18442470152437343, 0.21364114695767525, 0.5743976450882707, 0.15473026819970498, 0.09766921012269936, 0.003350515227325502, 0.6908933015572367, 0.6582671077402505, 0.9393137078150027, 0.9820771716694294, 0.2924394324485275, 0.12633429669198068, 0.401139146537294, 0.692526042639743, 0.1965451191235898, 0.888608245030877, 0.0021154276708203437, 0.6337458909720817, 0.5193088567824375]
APTIDAO: 
50.03656834164581
GEN: 8300
Individuo: 
[1.1675252500140363, 1.4842305248039738, 2.1658325269719088, 0.12033113887648635, 1.1583963359898288, 0.040833674936545813, 0.533620166201107, 1.075018403310651, 1.418068158059526, 1.2621590032641796, 1.4145789963706787, 1.2593518634229637, 0.18442470152437343, 0.21364114695767525, 0.20331143942253996, 0.15473026819970498, 0.09766921012269936, 0.006328828681312232, 0.6908933015572367, 0.2916642500098104, 0.9451713185609039, 0.9820771716694294, 0.2924394324485275, 0.9180140115224403, 0.401139146537294, 0.692526042639743, 0.20274030515962382, 0.888608245030877, 0.0015492611661811731, 0.6337458909720817, 0.5193088567824375]
APTIDAO: 
50.03512859910609
GEN: 8400
Individuo: 
[1.1675252500140363, 1.4892935553173787, 2.295539662948929, 0.10695614995486023, 1.1583963359898288, 0.040833674936545813, 0.533620166201107, 1.075018403310651, 1.418068158059526, 1.2621590032641796, 1.4145789963706787, 1.2593518634229637, 0.18442470152437343, 0.21364114695767525, 0.17555562417084095, 0.15473026819970498, 0.09766921012269936, 0.0032387358718305725, 0.6908933015572367, 0.022587409507304805, 0.9451713185609039, 0.9820771716694294, 0.2924394324485275, 0.7585724967752964, 0.401139146537294, 0.692526042639743, 0.20274030515962382, 0.888608245030877, 0.001486493009321079, 0.6337458909720817, 0.5193088567824375]
APTIDAO: 
50.0090516937679
GEN: 8500
Individuo: 
[1.1675252500140363, 1.6183180875974426, 2.295539662948929, 0.13717452568599386, 1.1583963359898288, 0.04299455572366658, 0.533620166201107, 1.075018403310651, 1.418068158059526, 1.2621590032641796, 1.312221866884562, 1.2593518634229637, 0.18442470152437343, 0.21677258127279161, 0.28834903619591856, 0.15473026819970498, 0.09766921012269936, 0.014677056100942847, 0.6908933015572367, 0.07905438555313885, 0.9451713185609039, 0.9820771716694294, 0.2924394324485275, 0.967690706196955, 0.401139146537294, 0.692526042639743, 0.20274030515962382, 0.888608245030877, 0.0010296483668693825, 0.6337458909720817, 0.5193088567824375]
APTIDAO: 
50.01851867643748
GEN: 8600
Individuo: 
[1.1675252500140363, 1.5179417710076455, 2.295539662948929, 0.13717452568599386, 1.1583963359898288, 0.04299455572366658, 0.533620166201107, 1.075018403310651, 1.418068158059526, 1.2621590032641796, 1.3009770367412574, 1.2593518634229637, 0.18442470152437343, 0.21677258127279161, 0.28834903619591856, 0.15473026819970498, 0.09766921012269936, 0.004235427587640779, 0.6908933015572367, 0.32161318934955563, 0.9451713185609039, 0.9820771716694294, 0.2924394324485275, 0.967690706196955, 0.401139146537294, 0.692526042639743, 0.20274030515962382, 0.888608245030877, 0.002039317797901915, 0.6337458909720817, 0.5193088567824375]
APTIDAO: 
50.01512411736944
GEN: 8700
Individuo: 
[1.1818343109055947, 1.5179417710076455, 2.295539662948929, 0.13717452568599386, 1.1583963359898288, 0.04299455572366658, 0.533620166201107, 1.075018403310651, 1.4372686418945553, 1.2621590032641796, 1.3009770367412574, 1.2593518634229637, 0.18442470152437343, 0.21677258127279161, 0.28834903619591856, 0.15473026819970498, 0.09766921012269936, 0.0026084314085545856, 0.6908933015572367, 0.8182297839400303, 0.9451713185609039, 0.9820771716694294, 0.2924394324485275, 0.967690706196955, 0.401139146537294, 0.692526042639743, 0.20274030515962382, 0.888608245030877, 0.002039317797901915, 0.6337458909720817, 0.5193088567824375]
APTIDAO: 
50.00089839619401
GEN: 8800
Individuo: 
[1.1818343109055947, 1.6952096630107998, 2.295539662948929, 0.13717452568599386, 1.1583963359898288, 0.04299455572366658, 0.533620166201107, 1.075018403310651, 1.4372686418945553, 1.2621590032641796, 1.0545088601941581, 1.2593518634229637, 0.18442470152437343, 0.21677258127279161, 0.3480907230267466, 0.15473026819970498, 0.09766921012269936, 0.01139352143790932, 0.6908933015572367, 0.764847677478498, 0.9451713185609039, 0.9820771716694294, 0.2924394324485275, 0.967690706196955, 0.401139146537294, 0.692526042639743, 0.20274030515962382, 0.888608245030877, 0.0011219163714828216, 0.6337458909720817, 0.5193088567824375]
APTIDAO: 
50.10230514177033
GEN: 8900
Individuo: 
[1.1818343109055947, 1.4643364691995187, 2.295539662948929, 0.16474875918971865, 1.1583963359898288, 0.04299455572366658, 0.533620166201107, 1.075018403310651, 1.4372686418945553, 1.2621590032641796, 1.0545088601941581, 1.2593518634229637, 0.18442470152437343, 0.21677258127279161, 0.3480907230267466, 0.15473026819970498, 0.09766921012269936, 0.004392220594925729, 0.6908933015572367, 0.8944940027795978, 0.9465609955178389, 0.9820771716694294, 0.2924394324485275, 0.967690706196955, 0.401139146537294, 0.692526042639743, 0.20274030515962382, 0.888608245030877, 0.0024499999787273986, 0.6337458909720817, 0.5232029969006959]
APTIDAO: 
50.03252405539232
GEN: 9000
Individuo: 
[1.1818343109055947, 1.4643364691995187, 2.295539662948929, 0.12851245192866378, 1.1583963359898288, 0.043410041275667215, 0.533620166201107, 1.075018403310651, 1.4372686418945553, 1.2621590032641796, 0.7325939340309857, 1.2593518634229637, 0.18442470152437343, 0.21677258127279161, 0.3480907230267466, 0.15473026819970498, 0.09766921012269936, 0.004581780278913502, 0.6908933015572367, 0.8944940027795978, 0.9465609955178389, 0.9820771716694294, 0.2924394324485275, 0.8866338453811683, 0.401139146537294, 0.692526042639743, 0.20274030515962382, 0.888608245030877, 0.0013046937471829201, 0.6337458909720817, 0.5232029969006959]
APTIDAO: 
50.04654662778019
GEN: 9100
Individuo: 
[1.1818343109055947, 1.4643364691995187, 2.295539662948929, 0.13260756875976804, 1.1583963359898288, 0.043410041275667215, 0.533620166201107, 1.075018403310651, 1.4372686418945553, 1.2621590032641796, 0.7325939340309857, 1.2593518634229637, 0.18442470152437343, 0.21677258127279161, 0.3480907230267466, 0.15473026819970498, 0.09766921012269936, 0.004581780278913502, 0.6908933015572367, 0.3735212437374567, 0.9465609955178389, 0.9820771716694294, 0.2924394324485275, 0.8866338453811683, 0.401139146537294, 0.692526042639743, 0.20274030515962382, 0.888608245030877, 0.0011701618747313545, 0.6337458909720817, 0.5232029969006959]
APTIDAO: 
50.04434305442537
GEN: 9200
Individuo: 
[1.1818343109055947, 1.4643364691995187, 2.0793034029524655, 0.20212646625668287, 1.1583963359898288, 0.043410041275667215, 0.533620166201107, 1.075018403310651, 1.4372686418945553, 1.2621590032641796, 0.8184203032794833, 1.2593518634229637, 0.18442470152437343, 0.21677258127279161, 0.3480907230267466, 0.15473026819970498, 0.09766921012269936, 0.003101496183111012, 0.6908933015572367, 0.41416523779245834, 0.9465609955178389, 0.9820771716694294, 0.2924394324485275, 0.8866338453811683, 0.401139146537294, 0.692526042639743, 0.20274030515962382, 0.888608245030877, 0.0013529776406499322, 0.6337458909720817, 0.5232029969006959]
APTIDAO: 
50.110712506457354
GEN: 9300
Individuo: 
[1.2490446846781387, 1.4643364691995187, 2.216146570095397, 0.28883952096095894, 1.1672190663527837, 0.03548583231945794, 0.533620166201107, 1.075018403310651, 1.4372686418945553, 1.2621590032641796, 0.46661365610547184, 1.2744278772912692, 0.18442470152437343, 0.21649712463089377, 0.3337023799071083, 0.15473026819970498, 0.09766921012269936, 0.0033714658862005423, 0.6908933015572367, 0.0034567479680301942, 0.7992565295935476, 0.9820771716694294, 0.29357081127391127, 0.8173725161561114, 0.401139146537294, 0.692526042639743, 0.20274030515962382, 0.888608245030877, 0.0011780004469263848, 0.6337458909720817, 0.462258191533756]
APTIDAO: 
50.05943899059939
GEN: 9400
Individuo: 
[1.2490446846781387, 1.5381782953796599, 2.216146570095397, 0.28883952096095894, 1.1672190663527837, 0.03548583231945794, 0.533620166201107, 1.075018403310651, 1.4372686418945553, 1.2621590032641796, 0.5112339730972832, 1.2744278772912692, 0.18442470152437343, 0.21649712463089377, 0.2662654706854899, 0.15473026819970498, 0.09766921012269936, 0.005283239190349391, 0.6908933015572367, 0.0020874117791496683, 0.7992565295935476, 0.9820771716694294, 0.29357081127391127, 0.5913093734237962, 0.401139146537294, 0.692526042639743, 0.20274030515962382, 0.888608245030877, 0.0010665668664446655, 0.6337458909720817, 0.462258191533756]
APTIDAO: 
50.00576485497896
GEN: 9500
Individuo: 
[1.2490446846781387, 1.6188831116445916, 2.216146570095397, 0.28883952096095894, 1.1672190663527837, 0.05320430267633404, 0.533620166201107, 1.075018403310651, 0.827643207782623, 1.2621590032641796, 0.5112339730972832, 1.2744278772912692, 0.18442470152437343, 0.21649712463089377, 0.2615032605795887, 0.15473026819970498, 0.09766921012269936, 0.007829484524316564, 0.6690582473723219, 0.0023779720005276095, 0.7992565295935476, 0.9861155885531142, 0.29357081127391127, 0.8671805991523087, 0.401139146537294, 0.940497206546013, 0.35679954906477723, 0.7925406879687037, 0.0010003939405610915, 0.6337458909720817, 0.462258191533756]
APTIDAO: 
51.2792571544256
GEN: 9600
Individuo: 
[1.2490446846781387, 1.6188831116445916, 2.2898795381081207, 0.3645568983148358, 1.1672190663527837, 0.05320430267633404, 0.533620166201107, 1.075018403310651, 0.827643207782623, 1.2386087382346709, 0.5112339730972832, 1.269066327583483, 0.18442470152437343, 0.21649712463089377, 0.00452541666227088, 0.15473026819970498, 0.100134056052311, 0.004526057314260691, 0.6690582473723219, 0.024531537148164743, 0.7992565295935476, 0.9861155885531142, 0.29357081127391127, 0.6637007170920627, 0.401139146537294, 0.9605548925712537, 0.29522158564349243, 0.8619484827819857, 0.0016189781843005428, 0.6145574371732602, 0.462258191533756]
APTIDAO: 
49.9859938783818
GEN: 9700
Individuo: 
[1.1324896228847767, 1.6218282662766788, 2.3000326994079576, 0.3645568983148358, 1.1672190663527837, 0.20761365405255416, 0.533620166201107, 1.0767716168855488, 0.827643207782623, 1.2386087382346709, 0.5112339730972832, 1.269066327583483, 0.18442470152437343, 0.21649712463089377, 0.003500873448891176, 0.15473026819970498, 0.100134056052311, 0.022302319420613666, 0.6690582473723219, 0.04492863415999837, 0.7992565295935476, 0.9861155885531142, 0.29357081127391127, 0.40690420991018245, 0.401139146537294, 0.9605548925712537, 0.3000109436538197, 0.8619484827819857, 0.0030761214790476013, 0.6145574371732602, 0.462258191533756]
APTIDAO: 
49.96132739412811
GEN: 9800
Individuo: 
[1.1324896228847767, 1.6218282662766788, 2.3000326994079576, 0.3449789327039892, 1.1672190663527837, 0.22963098202234225, 0.533620166201107, 1.0767716168855488, 0.827643207782623, 1.2386087382346709, 0.5112339730972832, 1.269066327583483, 0.18442470152437343, 0.21649712463089377, 0.0016005234481285215, 0.15473026819970498, 0.100134056052311, 0.007847646268031735, 0.6690582473723219, 0.06467747295492791, 0.7992565295935476, 0.9861155885531142, 0.29357081127391127, 0.3272843036205346, 0.401139146537294, 0.9605548925712537, 0.3000109436538197, 0.8619484827819857, 0.003913083682361869, 0.6145574371732602, 0.462258191533756]
APTIDAO: 
49.831263515933806
GEN: 9900
Individuo: 
[1.1324896228847767, 1.6218282662766788, 2.3000326994079576, 0.3449789327039892, 1.1672190663527837, 0.22963098202234225, 0.533620166201107, 1.0767716168855488, 0.827643207782623, 1.2386087382346709, 0.6528022844680075, 1.269066327583483, 0.18442470152437343, 0.21649712463089377, 0.0015904581524200157, 0.15473026819970498, 0.100134056052311, 0.014501504523851742, 0.6555697474873197, 0.15318507387553326, 0.7992565295935476, 0.9861155885531142, 0.29357081127391127, 0.3272843036205346, 0.401139146537294, 0.9605548925712537, 0.3000109436538197, 0.8619484827819857, 0.011964737619477018, 0.6145574371732602, 0.462258191533756]
APTIDAO: 
49.887051233803966
GEN: 10000
Individuo: 
[1.1324896228847767, 1.6218282662766788, 2.3000326994079576, 0.3449789327039892, 1.1672190663527837, 0.22963098202234225, 0.533620166201107, 1.0767716168855488, 0.827643207782623, 1.2386087382346709, 0.6528022844680075, 1.269066327583483, 0.18442470152437343, 0.21649712463089377, 0.0020615608318938273, 0.15473026819970498, 0.100134056052311, 0.002885474554170503, 0.6555697474873197, 0.04171532988791042, 0.7992565295935476, 0.9861155885531142, 0.29357081127391127, 0.4104779637603395, 0.401139146537294, 0.9605548925712537, 0.3000109436538197, 0.8619484827819857, 0.011964737619477018, 0.6145574371732602, 0.462258191533756]
APTIDAO: 
49.82002911347384

--- RESULTADO FINAL ---
Erro (norma-1): 49.82002911347384
Parâmetros: [1.1324896228847767, 1.6218282662766788, 2.3000326994079576, 0.3449789327039892, 1.1672190663527837, 0.22963098202234225, 0.533620166201107, 1.0767716168855488, 0.827643207782623, 1.2386087382346709, 0.6528022844680075, 1.269066327583483, 0.18442470152437343, 0.21649712463089377, 0.0020615608318938273, 0.15473026819970498, 0.100134056052311, 0.002885474554170503, 0.6555697474873197, 0.04171532988791042, 0.7992565295935476, 0.9861155885531142, 0.29357081127391127, 0.4104779637603395, 0.401139146537294, 0.9605548925712537, 0.3000109436538197, 0.8619484827819857, 0.011964737619477018, 0.6145574371732602, 0.462258191533756]
Tempo total: 02h 50m 52s
