SEED: 1778749666
METODO: ABCD_GK
IND_SIZE: 31
GEN: 0
Individuo: 
[4.256662104130286, 4.050126933917807, 0.6671433666077379, 0.5210972763918572, 1.1121849138354234, 1.00434045985077, 1.3669550717375356, 0.2770988344741742, 0.5984049369056248, 0.4745994021044339, 1.0873527235541187, 0.03379772998030188, 0.30032325848413655, 0.8391153524669156, 0.6544539072719833, 0.3874456722973432, 0.7815554097176919, 0.5851698859420565, 0.8688581523757644, 0.19406522974306062, 0.7175642056264403, 0.31385268434597785, 0.3982301584768507, 0.37974475501782884, 0.9217874643742214, 0.16071686638264393, 0.9897178396295971, 0.21649301339410848, 0.23295129215900137, 0.7675836190481155, 0.7628513064560172]
APTIDAO: 
113.22546010657969
GEN: 100
Individuo: 
[0.4925396632503409, 1.181118033195434, 1.8890987847438294, 0.5329660589873837, 0.5255999750903105, 0.3969876918530195, 1.3147329177431082, 0.5849456969128758, 1.4518698021505416, 0.5349875142427823, 1.1046463331272807, 0.9582073832943404, 0.6034630138174162, 0.6902200279489545, 0.6241458176765653, 0.14042419840440445, 0.4163735938786357, 0.1746685586031428, 0.4122028810576377, 0.2064864876050049, 0.7565039770063569, 0.09299581908817448, 0.06729903266187477, 0.8754523886669934, 0.9520957799518059, 0.7410391271449602, 0.6591246173571718, 0.20549401875851853, 0.769985733483928, 0.44144234189122417, 0.5640434892708519]
APTIDAO: 
52.46739492303353
GEN: 200
Individuo: 
[0.9567654005687629, 2.135589578458636, 2.371378951293417, 0.5329660589873837, 0.5247258935247965, 0.3969876918530195, 1.440346196691219, 0.5849456969128758, 1.4518698021505416, 0.5349875142427823, 1.1046463331272807, 0.9053741731866196, 0.6034630138174162, 0.5038007712377646, 0.25513740268759716, 0.02754388072555787, 0.42375583797661276, 0.15717323373983225, 0.4122028810576377, 0.2064864876050049, 0.7565039770063569, 0.09299581908817448, 0.04691099215427073, 0.7544574444500822, 0.9520957799518059, 0.7132217020958214, 0.6591246173571718, 0.20549401875851853, 0.8269640874908969, 0.44144234189122417, 0.5640434892708519]
APTIDAO: 
51.172555489936094
GEN: 300
Individuo: 
[1.3032024677414658, 1.1429437032072292, 2.5523435089586592, 0.5329660589873837, 0.5247258935247965, 0.3969876918530195, 1.4144533774668913, 0.5849456969128758, 1.4340494518293334, 0.5349875142427823, 1.1046463331272807, 0.9053741731866196, 0.6034630138174162, 0.5038007712377646, 0.28338605782988857, 0.017387209596210255, 0.42375583797661276, 0.15717323373983225, 0.4122028810576377, 0.20669051790272414, 0.7565039770063569, 0.09299581908817448, 0.038638215633649, 0.9581727888336038, 0.9520957799518059, 0.7132217020958214, 0.6591246173571718, 0.20549401875851853, 0.8269640874908969, 0.44144234189122417, 0.5640434892708519]
APTIDAO: 
51.33403473731819
GEN: 400
Individuo: 
[1.276335080604014, 1.292992679017782, 2.2819846277421307, 0.5329660589873837, 0.5247258935247965, 0.3969876918530195, 1.433055984386057, 0.5849456969128758, 1.4340494518293334, 0.5349875142427823, 1.1046463331272807, 0.9053741731866196, 0.6034630138174162, 0.5038007712377646, 0.28338605782988857, 0.005350552703509092, 0.3788562105523856, 0.06855914575482963, 0.4122028810576377, 0.20669051790272414, 0.7565039770063569, 0.09299581908817448, 0.038638215633649, 0.9753122843127306, 0.9520957799518059, 0.7132217020958214, 0.6591246173571718, 0.20549401875851853, 0.8269640874908969, 0.44144234189122417, 0.5640434892708519]
APTIDAO: 
51.09927369180811
GEN: 500
Individuo: 
[1.153712026799522, 1.6389132496160987, 2.2732886746313543, 1.0216078452320194, 0.5247258935247965, 0.3969876918530195, 1.433055984386057, 0.5849456969128758, 1.3932829369967246, 0.5349875142427823, 1.1046463331272807, 0.9053741731866196, 0.6034630138174162, 0.5038007712377646, 0.28338605782988857, 0.007095174862873639, 0.3788562105523856, 0.09807126505650202, 0.4122028810576377, 0.20669051790272414, 0.7565039770063569, 0.09299581908817448, 0.038638215633649, 0.9753122843127306, 0.9520957799518059, 0.7132217020958214, 0.6591246173571718, 0.20549401875851853, 0.8269640874908969, 0.44144234189122417, 0.5640434892708519]
APTIDAO: 
51.13948759996245
GEN: 600
Individuo: 
[0.7954021640364759, 1.4974940742281835, 2.2732886746313543, 0.746061453089334, 0.5247258935247965, 0.38177134985316585, 1.433055984386057, 0.5859933982354905, 1.3932829369967246, 0.5178239268393876, 1.078782280828888, 0.9053741731866196, 0.6034630138174162, 0.5038007712377646, 0.28338605782988857, 0.01593245140812465, 0.36356811379088616, 0.0513843862175025, 0.4122028810576377, 0.18426379431148268, 0.7258921108035227, 0.09299581908817448, 0.038638215633649, 0.8271066480903579, 0.9520957799518059, 0.7132217020958214, 0.6591246173571718, 0.20549401875851853, 0.8269640874908969, 0.42150649222348874, 0.5640434892708519]
APTIDAO: 
51.17015482234681
GEN: 700
Individuo: 
[1.3943289768017888, 1.6389132496160987, 2.2732886746313543, 0.746061453089334, 0.5247258935247965, 0.38177134985316585, 1.4274576240683798, 0.5859933982354905, 1.3932829369967246, 0.5178239268393876, 1.1046463331272807, 0.9053741731866196, 0.5995350757464496, 0.5038007712377646, 0.28338605782988857, 0.012380000731674171, 0.36356811379088616, 0.0377499696835472, 0.41818900305895035, 0.18426379431148268, 0.7258921108035227, 0.09299581908817448, 0.038638215633649, 0.8271066480903579, 0.9520957799518059, 0.701883098106136, 0.6591246173571718, 0.19151577948160853, 0.8269640874908969, 0.42150649222348874, 0.5640434892708519]
APTIDAO: 
51.05276889415737
GEN: 800
Individuo: 
[1.1613147905835792, 1.6389132496160987, 2.1235961114050768, 0.7919740642696207, 0.5247258935247965, 0.38177134985316585, 1.4274576240683798, 0.5859933982354905, 1.3932829369967246, 0.5178239268393876, 1.1046463331272807, 0.9053741731866196, 0.5995350757464496, 0.5038007712377646, 0.28338605782988857, 0.012380000731674171, 0.36356811379088616, 0.0377499696835472, 0.41818900305895035, 0.18426379431148268, 0.7258921108035227, 0.09299581908817448, 0.038638215633649, 0.8271066480903579, 0.9520957799518059, 0.701883098106136, 0.6591246173571718, 0.19151577948160853, 0.8219430942418318, 0.42150649222348874, 0.5640434892708519]
APTIDAO: 
51.01586134425466
GEN: 900
Individuo: 
[1.218902042668882, 1.6389132496160987, 2.2955630579855493, 0.7919740642696207, 0.5247258935247965, 0.38177134985316585, 1.4274576240683798, 0.5859933982354905, 1.4552149106905246, 0.5178239268393876, 1.1046463331272807, 0.9053741731866196, 0.5995350757464496, 0.5038007712377646, 0.28338605782988857, 0.002830634020966047, 0.36356811379088616, 0.0370530482775884, 0.41818900305895035, 0.18426379431148268, 0.6961182281677899, 0.09727515496369017, 0.038638215633649, 0.8093470602668594, 0.9520957799518059, 0.701883098106136, 0.6591246173571718, 0.19151577948160853, 0.8219430942418318, 0.42150649222348874, 0.5906613152930449]
APTIDAO: 
50.96196318009488
GEN: 1000
Individuo: 
[1.218902042668882, 1.6389132496160987, 2.2955630579855493, 0.7919740642696207, 0.516763645090584, 0.1589000265983196, 1.419146509166024, 0.5985738141511913, 1.4552149106905246, 0.5178239268393876, 1.1046463331272807, 1.1420706771041307, 0.5995350757464496, 0.5038007712377646, 0.28338605782988857, 0.023978296108865454, 0.36356811379088616, 0.009757373399013319, 0.41344166693958384, 0.18426379431148268, 0.49364140882208746, 0.09727515496369017, 0.1236402895079899, 0.9133403174468032, 0.9520957799518059, 0.7069498034135215, 0.6591246173571718, 0.19151577948160853, 0.8513679237064145, 0.4708187282335228, 0.5906613152930449]
APTIDAO: 
50.70336942565881
GEN: 1100
Individuo: 
[1.218902042668882, 1.6389132496160987, 2.2955630579855493, 0.7919740642696207, 0.516763645090584, 0.11444812751878214, 1.4274576240683798, 0.5985738141511913, 1.4552149106905246, 0.5178239268393876, 1.1046463331272807, 0.9412692256105641, 0.5798897663632561, 0.5038007712377646, 0.28338605782988857, 0.009671559240241986, 0.36356811379088616, 0.026478365360926945, 0.41344166693958384, 0.1733310425518962, 0.3903916409913507, 0.18081123159347587, 0.1236402895079899, 0.8516084401198108, 0.9520957799518059, 0.7069498034135215, 0.6591246173571718, 0.19151577948160853, 0.8513679237064145, 0.4708187282335228, 0.3487129307901763]
APTIDAO: 
50.490153960147495
GEN: 1200
Individuo: 
[1.498369895097603, 1.609778982068257, 2.5759132829518596, 0.7919740642696207, 0.516763645090584, 0.07642376038086698, 1.4274576240683798, 0.5985738141511913, 1.4552149106905246, 0.5178239268393876, 1.1046463331272807, 0.9412692256105641, 0.5798897663632561, 0.5038007712377646, 0.21613831238634726, 0.003100180123623613, 0.36356811379088616, 0.002041378634283145, 0.41344166693958384, 0.1733310425518962, 0.3903916409913507, 0.18081123159347587, 0.1236402895079899, 0.07214818920662017, 0.9520957799518059, 0.7069498034135215, 0.6591246173571718, 0.19151577948160853, 0.8513679237064145, 0.4708187282335228, 0.3487129307901763]
APTIDAO: 
50.29872689906225
GEN: 1300
Individuo: 
[1.218902042668882, 1.742238928846602, 2.5759132829518596, 0.452680502047204, 0.516763645090584, 0.11687950452070048, 1.4274576240683798, 0.5985738141511913, 1.4552149106905246, 0.5178239268393876, 1.0900480673777617, 0.9412692256105641, 0.5798897663632561, 0.5038007712377646, 0.21613831238634726, 0.006685577109600418, 0.36356811379088616, 0.012534667542544717, 0.41344166693958384, 0.1733310425518962, 0.3903916409913507, 0.18081123159347587, 0.1236402895079899, 0.4214445649226146, 0.9520957799518059, 0.7069498034135215, 0.6858294514622927, 0.19151577948160853, 0.8513679237064145, 0.4708187282335228, 0.3487129307901763]
APTIDAO: 
50.53556064009344
GEN: 1400
Individuo: 
[1.218902042668882, 1.742238928846602, 2.5759132829518596, 0.43171016685946767, 0.516763645090584, 0.12274721034887578, 1.4274576240683798, 0.5985738141511913, 1.4552149106905246, 0.5178239268393876, 1.0900480673777617, 0.9412692256105641, 0.313413374577167, 0.5038007712377646, 0.21613831238634726, 0.0024956337690405055, 0.36356811379088616, 0.07425093473269787, 0.41344166693958384, 0.20699267795318635, 0.3903916409913507, 0.9556331138562417, 0.11959190316702235, 0.5430616682827674, 0.9520957799518059, 0.7069498034135215, 0.6858294514622927, 0.19151577948160853, 0.8513679237064145, 0.4708187282335228, 0.3487129307901763]
APTIDAO: 
50.112515515909166
GEN: 1500
Individuo: 
[1.218902042668882, 1.742238928846602, 2.5759132829518596, 0.43171016685946767, 0.516763645090584, 0.12274721034887578, 1.4274576240683798, 0.5718207764098209, 1.3954735288706863, 0.5178239268393876, 1.0900480673777617, 0.9412692256105641, 0.313413374577167, 0.5038007712377646, 0.2576179293214041, 0.0024956337690405055, 0.36356811379088616, 0.07425093473269787, 0.7992110150529349, 0.20699267795318635, 0.3903916409913507, 0.9556331138562417, 0.11959190316702235, 0.781355009996179, 0.9520957799518059, 0.7024066313424007, 0.7175199953427561, 0.7304138337543825, 0.8714700854081949, 0.4708187282335228, 0.3487129307901763]
APTIDAO: 
49.94534171813633
GEN: 1600
Individuo: 
[1.218902042668882, 1.6797774480859018, 2.5759132829518596, 0.6794775745223083, 0.516763645090584, 0.12274721034887578, 1.4274576240683798, 0.5718207764098209, 1.3954735288706863, 0.5178239268393876, 1.0900480673777617, 0.9412692256105641, 0.313413374577167, 0.5038007712377646, 0.2576179293214041, 0.009429134169023922, 0.36356811379088616, 0.018945108093380944, 0.8506092020105329, 0.20432520604591595, 0.3903916409913507, 0.9556331138562417, 0.11959190316702235, 0.5191378555935628, 0.9451262994580405, 0.7024066313424007, 0.7175199953427561, 0.7304138337543825, 0.868831083651952, 0.4708187282335228, 0.3487129307901763]
APTIDAO: 
50.297794512226154
GEN: 1700
Individuo: 
[1.4894880228233598, 1.3599874549759496, 1.8696914013907324, 0.8108966348440529, 0.516763645090584, 0.12274721034887578, 1.4274576240683798, 0.5718207764098209, 1.3954735288706863, 0.5178239268393876, 1.0900480673777617, 0.9412692256105641, 0.313413374577167, 0.5038007712377646, 0.2815164931667944, 0.007997455879720321, 0.36356811379088616, 0.03376117031205189, 0.8506092020105329, 0.20432520604591595, 0.3903916409913507, 0.9577144025514382, 0.11959190316702235, 0.7723657890922, 0.9451262994580405, 0.7024066313424007, 0.7175199953427561, 0.7304138337543825, 0.868831083651952, 0.4708187282335228, 0.3548477582226406]
APTIDAO: 
50.79753766337294
GEN: 1800
Individuo: 
[1.4894880228233598, 1.3599874549759496, 2.537095293850915, 0.515882635333594, 0.516763645090584, 0.12274721034887578, 1.4274576240683798, 0.5718207764098209, 1.3954735288706863, 0.5178239268393876, 1.0900480673777617, 0.9412692256105641, 0.30505604711661044, 0.5038007712377646, 0.5268592493727776, 0.045017026204728194, 0.36356811379088616, 0.02998567348894963, 0.8506092020105329, 0.20432520604591595, 0.3903916409913507, 0.9577144025514382, 0.11959190316702235, 0.5039950516747963, 0.9451262994580405, 0.7024066313424007, 0.7175199953427561, 0.7304138337543825, 0.868831083651952, 0.4708187282335228, 0.3548477582226406]
APTIDAO: 
50.45441027582258
GEN: 1900
Individuo: 
[1.3457541404033055, 1.8307387059213556, 2.5050332145451626, 0.515882635333594, 0.516763645090584, 0.12274721034887578, 1.4274576240683798, 0.5810687011011175, 1.437746019936732, 0.5178239268393876, 1.0900480673777617, 0.9412692256105641, 0.30505604711661044, 0.5038007712377646, 0.5268592493727776, 0.04774027513652558, 0.36356811379088616, 0.014096981716501172, 0.8506092020105329, 0.20432520604591595, 0.3903916409913507, 0.9577144025514382, 0.11959190316702235, 0.5039950516747963, 0.9451262994580405, 0.7024066313424007, 0.7175199953427561, 0.7304138337543825, 0.9117801231429953, 0.4708187282335228, 0.3548477582226406]
APTIDAO: 
50.9191215391724
GEN: 2000
Individuo: 
[1.2590184229298778, 1.8307387059213556, 2.488600704778541, 0.515882635333594, 0.516763645090584, 0.12274721034887578, 1.4274576240683798, 0.5810687011011175, 1.437746019936732, 0.5178239268393876, 1.0900480673777617, 0.9412692256105641, 0.30505604711661044, 0.5038007712377646, 0.5199444942645362, 0.04774027513652558, 0.36356811379088616, 0.033231754312765906, 0.7991973029949313, 0.20432520604591595, 0.4326004081948059, 0.7999580196828042, 0.11955272843484231, 0.5039950516747963, 0.9451262994580405, 0.7024066313424007, 0.7175199953427561, 0.7304138337543825, 0.9117801231429953, 0.4708187282335228, 0.3548477582226406]
APTIDAO: 
50.177262403336464
GEN: 2100
Individuo: 
[1.2590184229298778, 1.7084727490192408, 2.488600704778541, 0.3728258174562794, 0.516763645090584, 0.06826948713030327, 1.4274576240683798, 0.5810687011011175, 1.437746019936732, 0.5178239268393876, 1.0900480673777617, 0.9412692256105641, 0.30505604711661044, 0.46171874881318076, 0.5199444942645362, 0.04846169170255422, 0.36356811379088616, 0.07445902257222772, 0.7991973029949313, 0.20432520604591595, 0.4326004081948059, 0.8555380596182781, 0.11955272843484231, 0.5788831257897499, 0.9451262994580405, 0.7247414323753448, 0.7175199953427561, 0.7832624141586885, 0.9117801231429953, 0.4653337408239023, 0.3548477582226406]
APTIDAO: 
50.30676765632915
GEN: 2200
Individuo: 
[1.2590184229298778, 1.7084727490192408, 2.8607976715715058, 0.4010813703622951, 0.516763645090584, 0.12380105979554946, 1.4274576240683798, 0.5810687011011175, 1.437746019936732, 0.5178239268393876, 1.0900480673777617, 0.9412692256105641, 1.139664944173936, 0.46171874881318076, 0.253698770227771, 0.04846169170255422, 0.36169736817199466, 0.04344242739794227, 0.7991973029949313, 0.20432520604591595, 0.4380193741797095, 0.8555380596182781, 0.10307194611628405, 0.44270217156998015, 0.9451262994580405, 0.7247414323753448, 0.7175199953427561, 0.7832624141586885, 0.9117801231429953, 0.7716266814185775, 0.3548477582226406]
APTIDAO: 
49.573401618527384
GEN: 2300
Individuo: 
[2.9520470555509046, 2.253395856895493, 3.7019989077057613, 0.3317248460062484, 0.516763645090584, 0.12380105979554946, 1.4274576240683798, 0.5810687011011175, 1.4303254923327562, 0.5178239268393876, 1.0900480673777617, 0.9412692256105641, 1.4973841773487504, 0.46171874881318076, 0.253698770227771, 0.04846169170255422, 0.36169736817199466, 0.04344242739794227, 0.7991973029949313, 0.20432520604591595, 0.4380193741797095, 0.22461642194168635, 0.11400634274728719, 0.44270217156998015, 0.9451262994580405, 0.7080012791932417, 0.7175199953427561, 0.7832624141586885, 0.9117801231429953, 0.7716266814185775, 0.3548477582226406]
APTIDAO: 
48.84019976072948
GEN: 2400
Individuo: 
[2.9520470555509046, 2.253395856895493, 4.010999645485492, 0.2834268266365854, 0.516763645090584, 0.12380105979554946, 1.4274576240683798, 0.5810687011011175, 1.4303254923327562, 0.5178239268393876, 1.0900480673777617, 0.9412692256105641, 1.4973841773487504, 0.46171874881318076, 0.253698770227771, 0.04992172732709228, 0.36169736817199466, 0.04344242739794227, 0.7991973029949313, 0.20432520604591595, 0.4380193741797095, 0.24008886113407338, 0.11400634274728719, 0.44270217156998015, 0.9451262994580405, 0.7080012791932417, 0.7175199953427561, 0.7832624141586885, 0.9117801231429953, 0.7716266814185775, 0.3548477582226406]
APTIDAO: 
48.855515996921575
GEN: 2500
Individuo: 
[2.9520470555509046, 2.192567812342372, 4.010999645485492, 0.4194518014084912, 0.516763645090584, 0.12380105979554946, 1.4274576240683798, 0.5810687011011175, 1.4303254923327562, 0.5178239268393876, 1.0900480673777617, 0.9444841423306434, 1.3363827270947617, 0.46171874881318076, 0.253698770227771, 0.07710323899856025, 0.36424120890681067, 0.053813897836455654, 0.7991973029949313, 0.20432520604591595, 0.4380193741797095, 0.7391095173492269, 0.08316359429817555, 0.013546783763572405, 0.9451262994580405, 0.7526465243988544, 0.7175199953427561, 0.7832624141586885, 0.8836470739822039, 0.7716266814185775, 0.25820580503176965]
APTIDAO: 
48.55256438626206
GEN: 2600
Individuo: 
[3.2166922463721246, 2.192567812342372, 4.010999645485492, 0.4194518014084912, 0.516763645090584, 0.16038304753682348, 1.4274576240683798, 0.5861015728460123, 1.4303254923327562, 0.5366137455532167, 1.0900480673777617, 0.9444841423306434, 1.3363827270947617, 0.46171874881318076, 0.253698770227771, 0.09324107425295637, 0.36424120890681067, 0.053813897836455654, 0.8159551407483344, 0.20465110995584457, 0.4380193741797095, 0.547709849979611, 0.029254925442027895, 0.0010042751804875522, 0.9451262994580405, 0.7526465243988544, 0.7279202909940192, 0.7832624141586885, 0.8836470739822039, 0.782934262365226, 0.10230988275818764]
APTIDAO: 
48.780696278692254
GEN: 2700
Individuo: 
[3.2166922463721246, 2.192567812342372, 4.010999645485492, 0.4194518014084912, 0.516763645090584, 0.16038304753682348, 1.4274576240683798, 0.6288914612241676, 1.4303254923327562, 0.5366137455532167, 1.1501038547879299, 0.9444841423306434, 1.3363827270947617, 0.46171874881318076, 0.249337553208189, 0.09324107425295637, 0.4312532318179592, 0.07770745752918316, 0.7927445628999428, 0.20465110995584457, 0.4433550989303802, 0.8887919100800268, 0.06961225595190203, 0.00408078118147935, 0.9451262994580405, 0.9878108469212774, 0.7279202909940192, 0.7832624141586885, 0.8836470739822039, 0.8053770453009113, 0.062069385092516166]
APTIDAO: 
48.475635735704635
GEN: 2800
Individuo: 
[3.364129611722039, 2.192567812342372, 3.7035281239189204, 0.4194518014084912, 0.516763645090584, 0.16038304753682348, 1.4274576240683798, 0.6337400481914716, 1.4303254923327562, 0.5969139219648765, 1.1501038547879299, 0.9444841423306434, 1.2665475486772018, 0.46171874881318076, 0.2749062720144986, 0.11217732957682611, 0.4312532318179592, 0.07770745752918316, 0.7873477717972307, 0.20465110995584457, 0.4433550989303802, 0.746685949113915, 0.06961225595190203, 0.002044862581185315, 0.9451262994580405, 0.9878108469212774, 0.7279202909940192, 0.9491718943477238, 0.8836470739822039, 0.8053770453009113, 0.10147734753599226]
APTIDAO: 
48.19007739666038
GEN: 2900
Individuo: 
[3.364129611722039, 2.410954706125454, 4.11013559310861, 0.4194518014084912, 0.516763645090584, 0.2942409438350488, 1.4720243056943996, 0.6337400481914716, 1.4303254923327562, 0.5366137455532167, 1.154716442441609, 0.9444841423306434, 1.379406275276956, 0.46171874881318076, 0.09951406478887034, 0.11217732957682611, 0.4312532318179592, 0.07770745752918316, 0.7913598133735043, 0.20465110995584457, 0.4433550989303802, 0.08564510294576323, 0.06961225595190203, 0.0015736313321649009, 0.9451262994580405, 0.9878108469212774, 0.7279202909940192, 0.7832624141586885, 0.8836470739822039, 0.8053770453009113, 0.0044381085666343086]
APTIDAO: 
47.851943773159206
GEN: 3000
Individuo: 
[3.364129611722039, 2.410954706125454, 4.11013559310861, 0.4194518014084912, 0.516763645090584, 0.2942409438350488, 1.4720243056943996, 0.6337400481914716, 1.4303254923327562, 0.5366137455532167, 1.154716442441609, 0.9444841423306434, 1.379406275276956, 0.46171874881318076, 0.1883061869342525, 0.1602280668774635, 0.4312532318179592, 0.07770745752918316, 0.7913598133735043, 0.20465110995584457, 0.406166133890293, 0.4586347812046675, 0.038870251890167254, 0.005970060675220745, 0.9451262994580405, 0.9878108469212774, 0.7279202909940192, 0.7323862293289668, 0.8836470739822039, 0.8053770453009113, 0.00539547127852638]
APTIDAO: 
46.72691480668413
GEN: 3100
Individuo: 
[4.0978708699975845, 2.410954706125454, 4.11013559310861, 0.5038862174120802, 0.516763645090584, 0.2942409438350488, 1.4720243056943996, 0.6337400481914716, 1.4303254923327562, 0.5366137455532167, 1.1367329521584155, 0.9444841423306434, 1.3110938696628545, 0.46280429324571165, 0.1883061869342525, 0.1602280668774635, 0.4312532318179592, 0.024984596418861377, 0.7913598133735043, 0.185156777218053, 0.406166133890293, 0.44598052667453764, 0.044603228311271795, 0.016258075114357045, 0.9451262994580405, 0.9878108469212774, 0.7279202909940192, 0.7394673816168501, 0.8836470739822039, 0.8053770453009113, 0.0048535537390018944]
APTIDAO: 
46.21247344460012
GEN: 3200
Individuo: 
[3.7680992638034736, 2.581047238418448, 4.11013559310861, 0.5038862174120802, 0.516763645090584, 0.2931210818968432, 1.4720243056943996, 0.5127959709287241, 1.1198158464109818, 0.5366137455532167, 1.1367329521584155, 0.9444841423306434, 1.3432070348831666, 0.46280429324571165, 0.1883061869342525, 0.1602280668774635, 0.4312532318179592, 0.02369722112732865, 0.7586977055998703, 0.185156777218053, 0.406166133890293, 0.04325721906567379, 0.044603228311271795, 0.023376349059562092, 0.9451262994580405, 0.9878108469212774, 0.7279202909940192, 0.7394673816168501, 0.9030944991508097, 0.8053770453009113, 0.007869125705908439]
APTIDAO: 
45.68892848298327
GEN: 3300
Individuo: 
[3.7369588721831684, 2.581047238418448, 4.11013559310861, 0.434217537668945, 0.516763645090584, 0.2931210818968432, 1.4561366094986858, 0.5127959709287241, 1.1198158464109818, 0.5366137455532167, 1.1367329521584155, 0.9444841423306434, 1.3432070348831666, 0.46280429324571165, 0.1883061869342525, 0.15440633931903255, 0.4312532318179592, 0.02369722112732865, 0.7586977055998703, 0.185156777218053, 0.406166133890293, 0.007048266476274704, 0.044603228311271795, 0.023376349059562092, 0.9431763949864819, 0.9878108469212774, 0.7279202909940192, 0.7394673816168501, 0.9030944991508097, 0.8053770453009113, 0.004617383327484345]
APTIDAO: 
45.34889235608756
GEN: 3400
Individuo: 
[3.7369588721831684, 2.581047238418448, 3.8292563266475725, 0.434217537668945, 0.516763645090584, 0.2931210818968432, 1.4561366094986858, 0.5127959709287241, 1.1198158464109818, 0.5366137455532167, 1.1367329521584155, 0.9444841423306434, 1.360065850999182, 0.48741577953033066, 0.1883061869342525, 0.15440633931903255, 0.4312532318179592, 0.02579515506511276, 0.7586977055998703, 0.185156777218053, 0.406166133890293, 0.003375816488514066, 0.044603228311271795, 0.023376349059562092, 0.9431763949864819, 0.9878108469212774, 0.7279202909940192, 0.7394673816168501, 0.9030944991508097, 0.8053770453009113, 0.001035892026493242]
APTIDAO: 
45.999682594242046
GEN: 3500
Individuo: 
[3.7369588721831684, 2.581047238418448, 4.016102007481603, 0.434217537668945, 0.516763645090584, 0.2931210818968432, 1.4561366094986858, 0.5127959709287241, 1.1198158464109818, 0.5366137455532167, 1.1367329521584155, 0.9444841423306434, 1.488605260447425, 0.48741577953033066, 0.1883061869342525, 0.15440633931903255, 0.4312532318179592, 0.02579515506511276, 0.7586977055998703, 0.185156777218053, 0.406166133890293, 0.026240192176410052, 0.05772073762275784, 0.023376349059562092, 0.9431763949864819, 0.9878108469212774, 0.7279202909940192, 0.7394673816168501, 0.9030944991508097, 0.8053770453009113, 0.001035892026493242]
APTIDAO: 
45.347004297514424
GEN: 3600
Individuo: 
[3.3211969382272226, 2.581047238418448, 4.097240744325729, 0.434217537668945, 0.516763645090584, 0.2931210818968432, 1.352056408795991, 0.4807995222658766, 1.117549086209973, 0.5366137455532167, 1.1367329521584155, 0.9444841423306434, 0.9042582931702414, 0.48741577953033066, 0.1897666521972084, 0.15440633931903255, 0.4591609418733641, 0.00968834264081076, 0.7586977055998703, 0.14438509443378356, 0.38545570497599535, 0.12503537183725766, 0.07007267944719268, 0.131634091586963, 0.9431763949864819, 0.9878108469212774, 0.7248997757185389, 0.7394673816168501, 0.9030944991508097, 0.8053770453009113, 0.0012488355457991264]
APTIDAO: 
46.10263929512872
GEN: 3700
Individuo: 
[3.3211969382272226, 2.581047238418448, 4.097240744325729, 0.3497561650738373, 0.516763645090584, 0.2931210818968432, 1.352056408795991, 0.5127959709287241, 1.117549086209973, 0.5366137455532167, 1.1367329521584155, 0.9444841423306434, 1.2900695346051105, 0.48741577953033066, 0.1897666521972084, 0.15440633931903255, 0.4591609418733641, 0.009120121990120583, 0.7586977055998703, 0.14438509443378356, 0.38545570497599535, 0.4311694053292108, 0.07019065233631774, 0.005751696644249804, 0.8389935959804834, 0.9878108469212774, 0.7248997757185389, 0.7209507467868266, 0.9030944991508097, 0.8053770453009113, 0.0015402296894426856]
APTIDAO: 
45.531329688927784
GEN: 3800
Individuo: 
[3.252401061550907, 2.581047238418448, 4.097240744325729, 0.4077320848681383, 0.516763645090584, 0.2931210818968432, 1.352056408795991, 0.5127959709287241, 1.117549086209973, 0.5366137455532167, 1.1367329521584155, 0.9444841423306434, 1.249982626122797, 0.48741577953033066, 0.1897666521972084, 0.1470266523216047, 0.4591609418733641, 0.012280860515094102, 0.7586977055998703, 0.14438509443378356, 0.38545570497599535, 0.6870187302557909, 0.07019065233631774, 0.007132038886592993, 0.8389935959804834, 0.9878108469212774, 0.7248997757185389, 0.7209507467868266, 0.9030944991508097, 0.8053770453009113, 0.0024664867014634923]
APTIDAO: 
45.43243795385105
GEN: 3900
Individuo: 
[3.252401061550907, 2.9571570850066626, 4.022546808307948, 0.4077320848681383, 0.516763645090584, 0.2931210818968432, 1.352056408795991, 0.5127959709287241, 1.117549086209973, 0.5366137455532167, 1.1309678979626228, 0.9444841423306434, 0.9729743825075827, 0.48741577953033066, 0.17492377276450302, 0.11930923269854259, 0.4591609418733641, 0.005486226394961434, 0.7586977055998703, 0.14438509443378356, 0.38545570497599535, 0.9671601649050691, 0.07585671297773629, 0.007132038886592993, 0.8389935959804834, 0.9878108469212774, 0.7248997757185389, 0.7209507467868266, 0.8942007881870404, 0.8053770453009113, 0.0013487613604379793]
APTIDAO: 
45.320774636128434
GEN: 4000
Individuo: 
[3.252401061550907, 2.9571570850066626, 4.352718599594919, 0.4077320848681383, 0.516763645090584, 0.29363119231775764, 1.352056408795991, 0.5127959709287241, 1.2212454206519947, 0.5452478450614968, 1.1309678979626228, 0.9444841423306434, 1.4988808263298803, 0.48741577953033066, 0.17492377276450302, 0.11930923269854259, 0.4591609418733641, 0.0020615458751788215, 0.7586977055998703, 0.13319441516997566, 0.38545570497599535, 0.631162156994066, 0.06274244845246421, 0.007132038886592993, 0.8339899358359567, 0.9878108469212774, 0.7615921042039997, 0.8181037286454511, 0.8942007881870404, 0.7887066956780847, 0.0011917355992091148]
APTIDAO: 
45.09092860515202
GEN: 4100
Individuo: 
[3.252401061550907, 2.9571570850066626, 3.985250082397095, 0.40817099314369387, 0.516763645090584, 0.29363119231775764, 1.352056408795991, 0.5127959709287241, 1.2212383473711679, 0.5452478450614968, 1.1309678979626228, 0.9444841423306434, 1.4988808263298803, 0.48741577953033066, 0.17492377276450302, 0.11930923269854259, 0.4591609418733641, 0.001432234605057269, 0.7586977055998703, 0.13319441516997566, 0.38674117851850537, 0.2953398836674985, 0.0681355671580527, 0.007132038886592993, 0.8339899358359567, 0.9878108469212774, 0.7615921042039997, 0.8181037286454511, 0.8942007881870404, 0.7887066956780847, 0.001764565923166433]
APTIDAO: 
44.91167455877029
GEN: 4200
Individuo: 
[3.252401061550907, 2.9571570850066626, 3.985250082397095, 0.37715924684812074, 0.516763645090584, 0.29363119231775764, 1.3554783374299328, 0.5127959709287241, 1.2212383473711679, 0.5452478450614968, 1.1309678979626228, 0.9444841423306434, 1.4988808263298803, 0.48741577953033066, 0.17492377276450302, 0.11930923269854259, 0.4591609418733641, 0.0014700466102049105, 0.7586977055998703, 0.13319441516997566, 0.38674117851850537, 0.43730480027645957, 0.0681355671580527, 0.007132038886592993, 0.8339899358359567, 0.9878108469212774, 0.7650195646588135, 0.8181037286454511, 0.8942007881870404, 0.7887066956780847, 0.001764565923166433]
APTIDAO: 
44.86876876385665
GEN: 4300
Individuo: 
[3.252401061550907, 2.9571570850066626, 3.985250082397095, 0.4540124161457047, 0.516763645090584, 0.28970815222019186, 1.3554783374299328, 0.5127959709287241, 1.2212383473711679, 0.5452478450614968, 1.1309678979626228, 0.9444841423306434, 1.4988808263298803, 0.48741577953033066, 0.17492377276450302, 0.11930923269854259, 0.4591609418733641, 0.002502543380305796, 0.7533551029926177, 0.13085301649248354, 0.3901599535276535, 0.001687020464014443, 0.0681355671580527, 0.0065283514101734845, 0.8339899358359567, 0.9878108469212774, 0.7650195646588135, 0.8181037286454511, 0.8942007881870404, 0.7887066956780847, 0.00132227087527104]
APTIDAO: 
44.991008128019786
GEN: 4400
Individuo: 
[3.252401061550907, 2.9571570850066626, 3.985250082397095, 0.38273317458143125, 0.516763645090584, 0.28970815222019186, 1.3554783374299328, 0.5127959709287241, 1.2212383473711679, 0.5452478450614968, 1.1309678979626228, 0.9444841423306434, 1.4118527771926208, 0.48741577953033066, 0.17492377276450302, 0.11930923269854259, 0.4591609418733641, 0.0010097861890720093, 0.7533551029926177, 0.13085301649248354, 0.3901599535276535, 0.0031777533263852046, 0.0681355671580527, 0.0011474562118302914, 0.8339899358359567, 0.9878108469212774, 0.7650195646588135, 0.8181037286454511, 0.8942007881870404, 0.7887066956780847, 0.0011372126541864716]
APTIDAO: 
44.83704503559581
GEN: 4500
Individuo: 
[3.252401061550907, 2.9571570850066626, 3.9840248151631212, 0.38273317458143125, 0.516763645090584, 0.28970815222019186, 1.3554783374299328, 0.5127959709287241, 1.2212383473711679, 0.5452478450614968, 1.1309678979626228, 0.9444841423306434, 1.4118527771926208, 0.48741577953033066, 0.17492377276450302, 0.11930923269854259, 0.4591609418733641, 0.0010097861890720093, 0.7533551029926177, 0.13085301649248354, 0.3901599535276535, 0.7646244622309428, 0.0681355671580527, 0.0011474562118302914, 0.8339899358359567, 0.9878108469212774, 0.7650195646588135, 0.8181037286454511, 0.8942007881870404, 0.7887066956780847, 0.0011372126541864716]
APTIDAO: 
44.8284377817725
GEN: 4600
Individuo: 
[3.252401061550907, 2.8215850437921954, 3.985250082397095, 0.38273317458143125, 0.516763645090584, 0.28970815222019186, 1.3554783374299328, 0.5127959709287241, 1.2212383473711679, 0.5452478450614968, 1.1309678979626228, 0.9444841423306434, 1.215561860206723, 0.48741577953033066, 0.17492377276450302, 0.11930923269854259, 0.4591609418733641, 0.0036967868743560217, 0.7544905810612563, 0.13085301649248354, 0.3901599535276535, 0.9218766864825108, 0.0681355671580527, 0.0018659290204863608, 0.8339899358359567, 0.9878108469212774, 0.7650195646588135, 0.8181037286454511, 0.8942007881870404, 0.7887066956780847, 0.0010070213115393049]
APTIDAO: 
44.849572477435416
GEN: 4700
Individuo: 
[3.252401061550907, 2.516327209909066, 3.985250082397095, 0.38273317458143125, 0.516763645090584, 0.28970815222019186, 1.3554783374299328, 0.5127959709287241, 1.2212383473711679, 0.5452478450614968, 1.1309678979626228, 0.9444841423306434, 0.8979519870381278, 0.4872473551109463, 0.19714319252796245, 0.11648630188739252, 0.4591609418733641, 0.001248382024448548, 0.7544905810612563, 0.11163049839780115, 0.3901599535276535, 0.8603636354480806, 0.04084335588379928, 0.0012696813384850012, 0.8416202368059328, 0.9878108469212774, 0.7650195646588135, 0.8181037286454511, 0.8942007881870404, 0.7887066956780847, 0.0011450853161453379]
APTIDAO: 
44.94090799457158
GEN: 4800
Individuo: 
[3.252401061550907, 2.516327209909066, 3.985250082397095, 0.38273317458143125, 0.516763645090584, 0.28970815222019186, 1.3554783374299328, 0.5127959709287241, 1.2212383473711679, 0.5452478450614968, 1.1309678979626228, 0.9444841423306434, 1.4765828505930698, 0.4872473551109463, 0.19714319252796245, 0.1148413310099739, 0.4591609418733641, 0.007394512563770047, 0.7203130252082393, 0.11153650271231717, 0.39520492990342576, 0.04651562270368938, 0.04084335588379928, 0.0012696813384850012, 0.8416202368059328, 0.9847746617120939, 0.7650195646588135, 0.8181037286454511, 0.8942007881870404, 0.7887066956780847, 0.0012137410298739932]
APTIDAO: 
44.677442385435256
GEN: 4900
Individuo: 
[3.252401061550907, 2.7190066636428383, 3.98293567601635, 0.38273317458143125, 0.516763645090584, 0.28970815222019186, 1.3554783374299328, 0.5127959709287241, 1.2212383473711679, 0.5452478450614968, 1.1309678979626228, 0.9444841423306434, 1.4765828505930698, 0.4872473551109463, 0.19714319252796245, 0.1148413310099739, 0.4591609418733641, 0.007394512563770047, 0.7203130252082393, 0.11153650271231717, 0.39520492990342576, 0.0021057002783553065, 0.04084335588379928, 0.0027111349165094023, 0.8416202368059328, 0.9847746617120939, 0.7650195646588135, 0.8181037286454511, 0.8942007881870404, 0.7887066956780847, 0.001091595092000737]
APTIDAO: 
44.61239393132621
GEN: 5000
Individuo: 
[3.136239456774022, 2.448130631957551, 3.98293567601635, 0.38273317458143125, 0.516763645090584, 0.28970815222019186, 1.2843970553512734, 0.5127959709287241, 1.2212383473711679, 0.5452478450614968, 1.1309678979626228, 0.9444841423306434, 1.327408114623223, 0.4872473551109463, 0.19714319252796245, 0.1148413310099739, 0.4591609418733641, 0.016695475821278505, 0.7203130252082393, 0.12583712229653582, 0.39520492990342576, 0.00928431992237951, 0.04084335588379928, 0.0012985068942928685, 0.8026275801959185, 0.9847746617120939, 0.7650195646588135, 0.8181037286454511, 0.8952134036356939, 0.7887066956780847, 0.0011955962020938655]
APTIDAO: 
44.889888602820186
GEN: 5100
Individuo: 
[2.6689829308013424, 2.6458095744692263, 3.98293567601635, 0.38273317458143125, 0.516763645090584, 0.28970815222019186, 1.2075377956553546, 0.5127959709287241, 1.2212383473711679, 0.5452478450614968, 1.1309678979626228, 0.9444841423306434, 1.39127567198042, 0.4872473551109463, 0.19714319252796245, 0.1148413310099739, 0.4591609418733641, 0.016695475821278505, 0.7203130252082393, 0.12583712229653582, 0.39700272710770634, 0.3637004540806951, 0.019573542550629187, 0.004047948849189288, 0.8026275801959185, 0.9847746617120939, 0.7650195646588135, 0.8181037286454511, 0.8952134036356939, 0.7887066956780847, 0.0011955962020938655]
APTIDAO: 
44.5517242116442
GEN: 5200
Individuo: 
[2.6689829308013424, 2.6458095744692263, 3.98293567601635, 0.29704126820149945, 0.516763645090584, 0.2790478102296488, 1.2075377956553546, 0.5127959709287241, 1.3518722645735417, 0.5452478450614968, 1.1309678979626228, 0.9444841423306434, 0.8263657958808214, 0.4714599828014131, 0.19714319252796245, 0.1148413310099739, 0.4591609418733641, 0.006605564728686776, 0.7203130252082393, 0.12583712229653582, 0.39700272710770634, 0.6042072358072638, 0.012121268654072221, 0.006465341238872471, 0.8468426647315319, 0.8896296448223194, 0.8230764417272236, 0.8181037286454511, 0.8952134036356939, 0.7887066956780847, 0.0070183542638955895]
APTIDAO: 
45.36260123888151
GEN: 5300
Individuo: 
[2.6689829308013424, 2.810466741181101, 3.98293567601635, 0.37127310550801035, 0.516763645090584, 0.2790478102296488, 1.2155930950235696, 0.5127959709287241, 1.3518722645735417, 0.5452478450614968, 1.1309678979626228, 0.9444841423306434, 0.7049110071002131, 0.4714599828014131, 0.23722748624065942, 0.1148413310099739, 0.4591609418733641, 0.0020640608211218636, 0.7203130252082393, 0.12583712229653582, 0.35921805764842485, 0.4971704036603272, 0.012121268654072221, 0.006465341238872471, 0.8468426647315319, 0.8896296448223194, 0.7929718001751127, 0.8181037286454511, 0.8952134036356939, 0.7887066956780847, 0.0070183542638955895]
APTIDAO: 
46.57537057110879
GEN: 5400
Individuo: 
[2.6689829308013424, 2.22496933138027, 4.027910702527245, 0.3795184679243101, 0.516763645090584, 0.2790478102296488, 1.2155930950235696, 0.5127959709287241, 1.2930706765526747, 0.5452478450614968, 1.1309678979626228, 0.9444841423306434, 1.476385420377655, 0.4714599828014131, 0.19714319252796245, 0.11231404161267639, 0.4591609418733641, 0.03359979338164162, 0.7203130252082393, 0.12401328161157868, 0.39700272710770634, 0.9710605291851939, 0.012121268654072221, 0.05495154287071866, 0.8468426647315319, 0.8896296448223194, 0.7929718001751127, 0.8132426599502189, 0.9205678753210432, 0.7887066956780847, 0.025762210685139352]
APTIDAO: 
45.21895533086129
GEN: 5500
Individuo: 
[2.6689829308013424, 2.5138649913608333, 4.027910702527245, 0.40406423037272193, 0.516763645090584, 0.2790478102296488, 1.2291042418985987, 0.5127959709287241, 1.2930706765526747, 0.5452478450614968, 1.1309678979626228, 0.9444841423306434, 1.476385420377655, 0.4714599828014131, 0.19714319252796245, 0.11231404161267639, 0.4591609418733641, 0.03359979338164162, 0.7203130252082393, 0.12401328161157868, 0.39700272710770634, 0.4358337260100339, 0.012121268654072221, 0.010406667308109937, 0.8468426647315319, 0.8896296448223194, 0.7929718001751127, 0.8132426599502189, 0.9205678753210432, 0.7887066956780847, 0.020074755189307982]
APTIDAO: 
44.96778997542521
GEN: 5600
Individuo: 
[2.676412083758058, 2.5138649913608333, 4.027910702527245, 0.40406423037272193, 0.5183662685878705, 0.2790478102296488, 1.2291042418985987, 0.5127959709287241, 1.0936252660391266, 0.5452478450614968, 1.1540394795529536, 0.9444841423306434, 1.3651274508057774, 0.4714599828014131, 0.19714319252796245, 0.11362256727698582, 0.4591609418733641, 0.028069518007411885, 0.7203130252082393, 0.12401328161157868, 0.39700272710770634, 0.276852909683021, 0.012121268654072221, 0.008572528412987822, 0.8468426647315319, 0.8896296448223194, 0.6005477084286389, 0.8132426599502189, 0.9205678753210432, 0.7887066956780847, 0.0211668590860957]
APTIDAO: 
44.88668682304522
GEN: 5700
Individuo: 
[2.57397225742585, 2.5138649913608333, 4.027910702527245, 0.40406423037272193, 0.5183662685878705, 0.2790478102296488, 1.2230746019114793, 0.5127959709287241, 1.0936252660391266, 0.5452478450614968, 1.1540394795529536, 0.9444841423306434, 1.384418058936402, 0.4714599828014131, 0.19714319252796245, 0.11362256727698582, 0.4591609418733641, 0.052233370834936434, 0.7203130252082393, 0.12401328161157868, 0.39700272710770634, 0.276852909683021, 0.014987648793241987, 0.023198015250612516, 0.8468426647315319, 0.8896296448223194, 0.620067788010537, 0.8132426599502189, 0.9205678753210432, 0.7887066956780847, 0.006196432891573019]
APTIDAO: 
45.13536335587986
GEN: 5800
Individuo: 
[2.57397225742585, 2.5138649913608333, 4.027910702527245, 0.40406423037272193, 0.5183662685878705, 0.2790478102296488, 1.2230746019114793, 0.5127959709287241, 1.0936252660391266, 0.5452478450614968, 1.1540394795529536, 0.9444841423306434, 1.384418058936402, 0.4714599828014131, 0.1955043627366587, 0.13986584304669528, 0.4591609418733641, 0.049204666741123414, 0.7203130252082393, 0.12401328161157868, 0.39700272710770634, 0.7313176183476452, 0.024002391754269953, 0.020036594076966355, 0.8468426647315319, 0.8896296448223194, 0.620067788010537, 0.8132426599502189, 0.919568440022611, 0.7887066956780847, 0.0014150862800843208]
APTIDAO: 
45.458048673415824
GEN: 5900
Individuo: 
[2.844862884238287, 2.5138649913608333, 4.027910702527245, 0.36136253844028793, 0.5183662685878705, 0.2790478102296488, 1.2230746019114793, 0.5127959709287241, 1.0936252660391266, 0.5452478450614968, 1.1540394795529536, 0.9444841423306434, 1.0174339986566303, 0.4714599828014131, 0.1955043627366587, 0.13986584304669528, 0.4591609418733641, 0.014075132462646054, 0.7203130252082393, 0.12401328161157868, 0.39700272710770634, 0.2805072615619408, 0.015161924244096837, 0.004764703598520424, 0.8468426647315319, 0.9461566112291213, 0.6311288960922258, 0.8132426599502189, 0.919568440022611, 0.7887066956780847, 0.0015799749651911174]
APTIDAO: 
44.910295122955326
GEN: 6000
Individuo: 
[2.6241239199892523, 2.5138649913608333, 4.027910702527245, 0.4216188157462471, 0.5183662685878705, 0.2790478102296488, 1.2230746019114793, 0.5127959709287241, 1.0936252660391266, 0.5452478450614968, 1.1540394795529536, 0.9444841423306434, 1.0174339986566303, 0.4714599828014131, 0.1955043627366587, 0.12459141815749263, 0.4591609418733641, 0.014075132462646054, 0.7203130252082393, 0.12401328161157868, 0.39700272710770634, 0.8864534169417168, 0.015161924244096837, 0.0011417073098405758, 0.8468426647315319, 0.9461566112291213, 0.6311288960922258, 0.8132426599502189, 0.919568440022611, 0.7887066956780847, 0.0025238071208581025]
APTIDAO: 
44.61653151656627
GEN: 6100
Individuo: 
[2.6241239199892523, 2.5138649913608333, 4.027910702527245, 0.3326030468896076, 0.5183662685878705, 0.2790478102296488, 1.2230746019114793, 0.5127959709287241, 1.0936252660391266, 0.5452478450614968, 1.1540394795529536, 0.9444841423306434, 1.0174339986566303, 0.4714599828014131, 0.1955043627366587, 0.1194749589960591, 0.4591609418733641, 0.015556229290749873, 0.7203130252082393, 0.12401328161157868, 0.39700272710770634, 0.6906255470990788, 0.015161924244096837, 0.0025279268089421197, 0.8468426647315319, 0.9461566112291213, 0.6385429377878201, 0.8132426599502189, 0.919568440022611, 0.7887066956780847, 0.0015652955034618763]
APTIDAO: 
44.54742844108858
GEN: 6200
Individuo: 
[2.6241239199892523, 2.594963739258994, 4.027910702527245, 0.37175288618075003, 0.5183662685878705, 0.2790478102296488, 1.2230746019114793, 0.5127959709287241, 1.0936252660391266, 0.5452478450614968, 1.1540394795529536, 0.9444841423306434, 1.0174339986566303, 0.4714599828014131, 0.1955043627366587, 0.1194749589960591, 0.4591609418733641, 0.017486213778003894, 0.7203130252082393, 0.12401328161157868, 0.39700272710770634, 0.6906255470990788, 0.014313632946505924, 0.0018008734492377919, 0.8468426647315319, 0.9444247628019298, 0.6385429377878201, 0.8132426599502189, 0.919568440022611, 0.7887066956780847, 0.0018651728919093003]
APTIDAO: 
44.488437536923755
GEN: 6300
Individuo: 
[2.6241239199892523, 2.634779296666442, 4.3746754658803795, 0.3702330809264173, 0.5183662685878705, 0.2790478102296488, 1.2230746019114793, 0.5127959709287241, 1.0936252660391266, 0.5452478450614968, 1.1540394795529536, 0.9444841423306434, 1.0174339986566303, 0.4714599828014131, 0.1955043627366587, 0.1194749589960591, 0.4591609418733641, 0.03553735459675526, 0.7203130252082393, 0.12401328161157868, 0.3958236619962325, 0.4490752243387758, 0.016205626774389026, 0.0010404748523745375, 0.8468426647315319, 0.9444247628019298, 0.683039694307119, 0.8132426599502189, 0.919568440022611, 0.7887066956780847, 0.0018651728919093003]
APTIDAO: 
44.919172761651396
GEN: 6400
Individuo: 
[2.6241239199892523, 2.7561204134607418, 4.3746754658803795, 0.3473539452626258, 0.5183662685878705, 0.2790478102296488, 1.2230746019114793, 0.5127959709287241, 1.0936252660391266, 0.5452478450614968, 1.1540394795529536, 0.9646774059476825, 1.49753197512941, 0.4714599828014131, 0.1955043627366587, 0.12116927916168811, 0.46000433464109186, 0.0723858672654035, 0.5777406607740267, 0.059136667365423876, 0.3958236619962325, 0.08933704121708913, 0.006168371021989477, 0.0013204515212262482, 0.8468426647315319, 0.9444247628019298, 0.683039694307119, 0.8132426599502189, 0.919568440022611, 0.7887066956780847, 0.006201219019090562]
APTIDAO: 
45.07392007540029
GEN: 6500
Individuo: 
[2.6241239199892523, 2.7561204134607418, 4.3746754658803795, 0.3471212484414804, 0.5183662685878705, 0.2790478102296488, 1.2230746019114793, 0.5127959709287241, 1.0936252660391266, 0.5452478450614968, 1.1439080258300047, 0.9646774059476825, 1.49753197512941, 0.4714599828014131, 0.1955043627366587, 0.11675139934585513, 0.46000433464109186, 0.0723858672654035, 0.5777406607740267, 0.03858004384122141, 0.3958236619962325, 0.002457794571124176, 0.006168371021989477, 0.0026361744077898507, 0.8468426647315319, 0.9444247628019298, 0.683039694307119, 0.8132426599502189, 0.8990724842614667, 0.7887066956780847, 0.008465807228060304]
APTIDAO: 
45.00161993725474
GEN: 6600
Individuo: 
[2.6241239199892523, 2.585720968112372, 4.692494614868212, 0.36483963549850174, 0.5183662685878705, 0.2790478102296488, 1.2230746019114793, 0.5127959709287241, 1.0936252660391266, 0.5452478450614968, 1.1439080258300047, 0.9646774059476825, 1.49753197512941, 0.4714599828014131, 0.1955043627366587, 0.11489434604086105, 0.46000433464109186, 0.0723858672654035, 0.5777406607740267, 0.05459637993855298, 0.3958236619962325, 0.0010527637676176695, 0.003722003535569008, 0.0015097096815249592, 0.8468426647315319, 0.9444247628019298, 0.683039694307119, 0.8132426599502189, 0.919568440022611, 0.7887066956780847, 0.011860068670473952]
APTIDAO: 
44.86033493479969
GEN: 6700
Individuo: 
[2.6241239199892523, 2.3787881310645895, 4.692494614868212, 0.44893451926437294, 0.5957491125304367, 0.2790478102296488, 1.2230746019114793, 0.5127959709287241, 1.0936252660391266, 0.5452478450614968, 1.1439080258300047, 0.9646774059476825, 1.49753197512941, 0.47221140703087616, 0.3647545374581424, 0.11489434604086105, 0.46000433464109186, 0.0723858672654035, 0.5777406607740267, 0.05459637993855298, 0.3958236619962325, 0.0014955224762634757, 0.006168371021989477, 0.0041644526151180085, 0.8468426647315319, 0.9444247628019298, 0.683039694307119, 0.8132426599502189, 0.919568440022611, 0.7887066956780847, 0.010134119296035226]
APTIDAO: 
44.98401024862217
GEN: 6800
Individuo: 
[2.6241239199892523, 2.3787881310645895, 4.692494614868212, 0.44893451926437294, 0.5957491125304367, 0.2790478102296488, 1.2230746019114793, 0.5127959709287241, 1.0936252660391266, 0.5452478450614968, 1.1439080258300047, 0.9646774059476825, 1.49753197512941, 0.44882498791835246, 0.3647545374581424, 0.11489434604086105, 0.46000433464109186, 0.0723858672654035, 0.5777406607740267, 0.04991740011687265, 0.3958236619962325, 0.0020866952493456816, 0.012604566451500182, 0.0125295635062102, 0.8468426647315319, 0.9444247628019298, 0.683039694307119, 0.8132426599502189, 0.919568440022611, 0.815051771554238, 0.010134119296035226]
APTIDAO: 
45.68274949980941
GEN: 6900
Individuo: 
[2.6241239199892523, 2.427597674886795, 4.692494614868212, 0.44893451926437294, 0.6106060443648036, 0.2790478102296488, 1.2230746019114793, 0.5127959709287241, 1.0936252660391266, 0.5452478450614968, 1.1439080258300047, 0.9646774059476825, 1.49753197512941, 0.44882498791835246, 0.3647545374581424, 0.11489434604086105, 0.46000433464109186, 0.04746974873740987, 0.5777406607740267, 0.04991740011687265, 0.3958236619962325, 0.004150361618361864, 0.012909163085570744, 0.011989501218624627, 0.8417419527293778, 0.9444247628019298, 0.683039694307119, 0.7909301070621656, 0.9420131812330051, 0.815051771554238, 0.005869730745676232]
APTIDAO: 
44.53188235528389
GEN: 7000
Individuo: 
[2.6241239199892523, 2.1893082492106575, 3.4871903845316328, 0.44893451926437294, 0.6106060443648036, 0.2790478102296488, 1.2230746019114793, 0.5127959709287241, 1.0936252660391266, 0.5452478450614968, 1.1439080258300047, 0.9646774059476825, 1.4845127280293764, 0.44882498791835246, 0.3647545374581424, 0.11489434604086105, 0.46000433464109186, 0.04746974873740987, 0.5777406607740267, 0.04991740011687265, 0.3958236619962325, 0.6657144931273454, 0.012909163085570744, 0.007331078742938069, 0.8417419527293778, 0.9444247628019298, 0.683039694307119, 0.7909301070621656, 0.9420131812330051, 0.815051771554238, 0.006827359877577282]
APTIDAO: 
44.93360133674459
GEN: 7100
Individuo: 
[2.6241239199892523, 2.5955406571060897, 3.4871903845316328, 0.3741670028848126, 0.6106060443648036, 0.2790478102296488, 1.2230746019114793, 0.5127959709287241, 1.0936252660391266, 0.5452478450614968, 1.0228695258356093, 0.9646774059476825, 1.316629262205629, 0.44882498791835246, 0.3647545374581424, 0.11489434604086105, 0.46000433464109186, 0.04746974873740987, 0.4350423285223494, 0.04991740011687265, 0.3958236619962325, 0.8881921750563255, 0.012909163085570744, 0.02059001723888942, 0.8417419527293778, 0.9444247628019298, 0.683039694307119, 0.7909301070621656, 0.9420131812330051, 0.815051771554238, 0.0205492580707166]
APTIDAO: 
45.20143985237558
GEN: 7200
Individuo: 
[1.8948714374538786, 2.5955406571060897, 3.4871903845316328, 0.3741670028848126, 0.6106060443648036, 0.2790478102296488, 1.2230746019114793, 0.5127959709287241, 1.0936252660391266, 0.5452478450614968, 1.0228695258356093, 0.9646774059476825, 1.2421261370208407, 0.44882498791835246, 0.36766735969599, 0.07357348662903165, 0.4905542902683885, 0.055082864878634334, 0.4350423285223494, 0.04991740011687265, 0.3958236619962325, 0.9445076959088801, 0.012909163085570744, 0.008803560618923593, 0.8417419527293778, 0.9393816678414264, 0.683039694307119, 0.7909301070621656, 0.9420131812330051, 0.815051771554238, 0.10677151826879765]
APTIDAO: 
45.444058229171794
GEN: 7300
Individuo: 
[0.9205610699374565, 2.613726487526826, 3.6730201712160055, 0.31796834549574116, 0.6106060443648036, 0.2790478102296488, 1.2230746019114793, 0.5127959709287241, 1.0936252660391266, 0.5452478450614968, 1.0228695258356093, 0.9646774059476825, 0.5172158247308882, 0.44882498791835246, 0.36766735969599, 0.0184855842517645, 0.4905542902683885, 0.050742014278296214, 0.4350423285223494, 0.04991740011687265, 0.3958236619962325, 0.9445076959088801, 0.012909163085570744, 0.04499494911699035, 0.8499016727522251, 0.9722234632186255, 0.683039694307119, 0.7428426838430315, 0.9420131812330051, 0.815051771554238, 0.10061075624221344]
APTIDAO: 
45.91314704331789
GEN: 7400
Individuo: 
[0.9205610699374565, 2.613726487526826, 3.6730201712160055, 0.31796834549574116, 0.6106060443648036, 0.2790478102296488, 1.2230746019114793, 0.5127959709287241, 1.0936252660391266, 0.5452478450614968, 1.0228695258356093, 0.9646774059476825, 0.5172158247308882, 0.44882498791835246, 0.36766735969599, 0.0184855842517645, 0.4905542902683885, 0.06439732923358453, 0.4350423285223494, 0.055543773990496974, 0.3958236619962325, 0.9445076959088801, 0.012909163085570744, 0.059578077170785844, 0.8499016727522251, 0.9722234632186255, 0.683039694307119, 0.7428426838430315, 0.9420131812330051, 0.815051771554238, 0.10061075624221344]
APTIDAO: 
46.33594633652323
GEN: 7500
Individuo: 
[0.9205610699374565, 2.613726487526826, 4.400468055203263, 0.31796834549574116, 0.6106060443648036, 0.2790478102296488, 1.2230746019114793, 0.5127959709287241, 1.0936252660391266, 0.5452478450614968, 0.7093144148402285, 0.9646774059476825, 0.5172158247308882, 0.44882498791835246, 0.36766735969599, 0.0184855842517645, 0.4905542902683885, 0.005156211109590101, 0.4350423285223494, 0.07700402757391792, 0.3958236619962325, 0.9445076959088801, 0.0011153698957381078, 0.008819430263904745, 0.8499016727522251, 0.9722234632186255, 0.683039694307119, 0.6051682987684541, 0.5620844167225795, 0.815051771554238, 0.10061075624221344]
APTIDAO: 
45.527860102204826
GEN: 7600
Individuo: 
[0.9106860621054189, 2.613726487526826, 4.400468055203263, 0.31796834549574116, 0.6106060443648036, 0.27191256175444395, 1.2230746019114793, 0.5227232554866748, 1.0936252660391266, 0.5452478450614968, 0.7093144148402285, 0.9646774059476825, 0.5172158247308882, 0.44882498791835246, 0.36766735969599, 0.0184855842517645, 0.4510251975355943, 0.0020318965162403756, 0.4350423285223494, 0.07700402757391792, 0.3958236619962325, 0.9445076959088801, 0.0050529757477673415, 0.00419613927742832, 0.8499016727522251, 0.9722234632186255, 0.683039694307119, 0.6051682987684541, 0.5620844167225795, 0.815051771554238, 0.10061075624221344]
APTIDAO: 
44.61834074859531
GEN: 7700
Individuo: 
[0.9106860621054189, 2.1273227786061293, 3.9102394643939515, 0.27287782019300993, 0.6097063850653128, 0.27191256175444395, 1.2230746019114793, 0.5227232554866748, 1.0936252660391266, 0.5452478450614968, 0.7093144148402285, 0.9646774059476825, 0.5172158247308882, 0.44882498791835246, 0.36766735969599, 0.0184855842517645, 0.4510251975355943, 0.00291960693756634, 0.5422416518154016, 0.14366021914148522, 0.3958236619962325, 0.9664450236314495, 0.0050529757477673415, 0.009062297556648, 0.8499016727522251, 0.9722234632186255, 0.7183604004120554, 0.6252208983313645, 0.5620844167225795, 0.815051771554238, 0.10061075624221344]
APTIDAO: 
47.32034337928392
GEN: 7800
Individuo: 
[0.9106860621054189, 2.1273227786061293, 3.632646569284371, 0.26621572789246273, 0.6106060443648036, 0.27191256175444395, 1.2230746019114793, 0.5227232554866748, 1.0836329383818852, 0.5452478450614968, 0.7093144148402285, 0.9646774059476825, 0.5172158247308882, 0.44882498791835246, 0.3632472781170807, 0.0184855842517645, 0.44540270589312614, 0.02403016561799697, 0.6580798733579611, 0.14366021914148522, 0.3958236619962325, 0.9065668116255667, 0.008731803953944378, 0.001442254664454179, 0.8499016727522251, 0.9722234632186255, 0.7183604004120554, 0.6252208983313645, 0.4776570100667128, 0.815051771554238, 0.10061075624221344]
APTIDAO: 
45.84198808880046
GEN: 7900
Individuo: 
[0.9106860621054189, 2.217230824525188, 3.7151995446011097, 0.46435084204100696, 0.6106060443648036, 0.27191256175444395, 1.2230746019114793, 0.5227232554866748, 1.0836329383818852, 0.5452478450614968, 0.7266491973615041, 0.9646774059476825, 0.5172158247308882, 0.44882498791835246, 0.3283727586696536, 0.008214535403713877, 0.44540270589312614, 0.03145466746822595, 0.6580798733579611, 0.1682112673093784, 0.3958236619962325, 0.9065668116255667, 0.010814042103875115, 0.0017729961995125916, 0.8499016727522251, 0.9722234632186255, 0.6582106165397388, 0.6252208983313645, 0.4776570100667128, 0.815051771554238, 0.06990748599044935]
APTIDAO: 
45.94005998487205
GEN: 8000
Individuo: 
[0.9916998086549104, 2.2483569736599103, 4.128968044905334, 0.46435084204100696, 0.6106060443648036, 0.27929162394422447, 1.2230746019114793, 0.5227232554866748, 1.0836329383818852, 0.5452478450614968, 0.7266491973615041, 0.9646774059476825, 0.5172158247308882, 0.45528773106048004, 0.3375152887580736, 0.0053878646051655705, 0.4530869564378564, 0.011856566960372489, 0.6580798733579611, 0.1682112673093784, 0.3958236619962325, 0.92330212573996, 0.02090877715696254, 0.0010167749810012449, 0.8499016727522251, 0.9722234632186255, 0.6582106165397388, 0.6252208983313645, 0.4776570100667128, 0.815051771554238, 0.10075980171293965]
APTIDAO: 
47.16533671670801
GEN: 8100
Individuo: 
[0.9916998086549104, 2.2483569736599103, 3.5751086250302446, 0.46435084204100696, 0.6106060443648036, 0.27929162394422447, 1.2230746019114793, 0.5227232554866748, 1.0836329383818852, 0.5452478450614968, 0.7266491973615041, 0.9646774059476825, 0.5255493427705938, 0.45528773106048004, 0.3375152887580736, 0.006440885205475992, 0.4669579321680737, 0.003452840714497073, 0.6580798733579611, 0.126385738132569, 0.3958236619962325, 0.9339606656436398, 0.010342134007804702, 0.0011517101144765745, 0.8499016727522251, 0.9825246200725941, 0.6582106165397388, 0.6067084173774062, 0.44935037891226814, 0.815051771554238, 0.10075980171293965]
APTIDAO: 
46.041526004154335
GEN: 8200
Individuo: 
[0.9916998086549104, 2.2483569736599103, 3.5488121766336325, 0.6109703079430435, 0.6612388502375725, 0.27929162394422447, 1.2230746019114793, 0.5235489072548338, 1.0836329383818852, 0.5452478450614968, 0.7266491973615041, 0.9646774059476825, 1.0452820324565466, 0.45528773106048004, 0.37609070050381255, 0.006440885205475992, 0.4669579321680737, 0.0011986338846355067, 0.6580798733579611, 0.08572079476271058, 0.3958236619962325, 0.7268363114652528, 0.022361697194530898, 0.001102705660450312, 0.8499016727522251, 0.9825246200725941, 0.6582106165397388, 0.6067084173774062, 0.44935037891226814, 0.815051771554238, 0.10075980171293965]
APTIDAO: 
46.64269256671624
GEN: 8300
Individuo: 
[0.9916998086549104, 2.98219095617169, 3.5737235693327407, 0.7260355516498624, 0.6612388502375725, 0.27929162394422447, 1.1889548683889086, 0.5235489072548338, 1.0836329383818852, 0.5452478450614968, 0.7266491973615041, 0.9646774059476825, 0.8000947657008998, 0.4387797638724298, 0.37609070050381255, 0.005164479056278262, 0.4669579321680737, 0.0010700184910461903, 0.6580798733579611, 0.08572079476271058, 0.3958236619962325, 0.7734165900411092, 0.022361697194530898, 0.0018985742653993226, 0.8499016727522251, 0.9825246200725941, 0.6582106165397388, 0.6067084173774062, 0.44935037891226814, 0.815051771554238, 0.19898412099841822]
APTIDAO: 
49.369712667198804
GEN: 8400
Individuo: 
[0.9071725770346282, 3.1298483521436227, 3.5737235693327407, 0.5917576773107006, 0.6612388502375725, 0.27929162394422447, 1.1889548683889086, 0.5235489072548338, 1.0836329383818852, 0.5452478450614968, 0.7266491973615041, 0.9646774059476825, 0.8000947657008998, 0.4387797638724298, 0.37609070050381255, 0.006594067196108337, 0.4669579321680737, 0.001381381426926054, 0.6580798733579611, 0.09216100851500023, 0.3958236619962325, 0.7546808898878821, 0.019723796830170177, 0.005978102342824078, 0.8499016727522251, 0.9825246200725941, 0.6582106165397388, 0.6065585962138342, 0.44935037891226814, 0.815051771554238, 0.19898412099841822]
APTIDAO: 
47.07174887675744
GEN: 8500
Individuo: 
[0.9071725770346282, 3.1298483521436227, 3.5737235693327407, 0.5917576773107006, 0.6612388502375725, 0.2787642021175519, 1.1889548683889086, 0.5235489072548338, 1.0836329383818852, 0.5452478450614968, 0.7266491973615041, 0.9646774059476825, 0.8000947657008998, 0.4387797638724298, 0.37609070050381255, 0.002906181527470662, 0.4669579321680737, 0.001381381426926054, 0.6580798733579611, 0.0953746770253135, 0.3958236619962325, 0.5972039618298896, 0.019768064834649466, 0.004175368109723607, 0.8499016727522251, 0.9825246200725941, 0.6582106165397388, 0.6065585962138342, 0.44935037891226814, 0.815051771554238, 0.19898412099841822]
APTIDAO: 
47.22859155163111
GEN: 8600
Individuo: 
[1.381014639717879, 1.8746398699962517, 3.5737235693327407, 0.4983430343173396, 0.6612388502375725, 0.2787642021175519, 1.1889548683889086, 0.5235489072548338, 1.0836329383818852, 0.5679515318727232, 0.7266491973615041, 0.9646774059476825, 0.5932359767296626, 0.4387797638724298, 0.37609070050381255, 0.001034257547966772, 0.4669579321680737, 0.0012369292604731668, 0.6580798733579611, 0.10727460965940372, 0.3958236619962325, 0.6644878125389317, 0.019768064834649466, 0.0011454895350740382, 0.8458958455237466, 0.9825246200725941, 0.6582106165397388, 0.6065585962138342, 0.44935037891226814, 0.815051771554238, 0.1763925566626589]
APTIDAO: 
47.497502965218786
GEN: 8700
Individuo: 
[1.381014639717879, 1.8746398699962517, 4.213800567695572, 0.4983430343173396, 0.6612388502375725, 0.2787642021175519, 1.1889548683889086, 0.5235489072548338, 1.0836329383818852, 0.5679515318727232, 0.7266491973615041, 0.9646774059476825, 0.5932359767296626, 0.4387797638724298, 0.37609070050381255, 0.0010220442672768668, 0.4669579321680737, 0.001161561080790467, 0.6506548064265927, 0.1099032476321839, 0.3958236619962325, 0.6644878125389317, 0.019768064834649466, 0.0012614564797830265, 0.8458958455237466, 0.9825246200725941, 0.6582106165397388, 0.6065585962138342, 0.44935037891226814, 0.815051771554238, 0.1763925566626589]
APTIDAO: 
47.04775021538109
GEN: 8800
Individuo: 
[1.381014639717879, 1.8746398699962517, 4.150491718728809, 0.5308680713776626, 0.6612388502375725, 0.2787642021175519, 1.1889548683889086, 0.5235489072548338, 1.0836329383818852, 0.37173679544336236, 0.5648069150666912, 0.9646774059476825, 0.5932359767296626, 0.4387797638724298, 0.37609070050381255, 0.001241913317562636, 0.4669579321680737, 0.001751694061127298, 0.6506548064265927, 0.1099032476321839, 0.3958236619962325, 0.6644878125389317, 0.019768064834649466, 0.005920617130213852, 0.8458958455237466, 0.9825246200725941, 0.6582106165397388, 0.6065585962138342, 0.44935037891226814, 0.815051771554238, 0.16780127969446162]
APTIDAO: 
47.06583121343273
GEN: 8900
Individuo: 
[1.381014639717879, 1.8746398699962517, 3.7201260694646794, 0.5308680713776626, 0.6612388502375725, 0.2787642021175519, 1.1889548683889086, 0.5235489072548338, 1.0836329383818852, 0.37173679544336236, 0.5648069150666912, 0.9646774059476825, 0.5932359767296626, 0.4387797638724298, 0.37609070050381255, 0.001241913317562636, 0.4669579321680737, 0.0012320231583079762, 0.6506548064265927, 0.1099032476321839, 0.3958236619962325, 0.6644878125389317, 0.019705867136763207, 0.003930583364576009, 0.8458958455237466, 0.9825246200725941, 0.6582106165397388, 0.6065585962138342, 0.44935037891226814, 0.815051771554238, 0.16780127969446162]
APTIDAO: 
47.081561891672266
GEN: 9000
Individuo: 
[1.6267677102430533, 1.3280790445862898, 3.4629545286121144, 0.5308680713776626, 0.6612388502375725, 0.2787642021175519, 1.1889548683889086, 0.5337104188373689, 1.0836329383818852, 0.37173679544336236, 0.5648069150666912, 0.9646774059476825, 0.5932359767296626, 0.4387797638724298, 0.41982740551695114, 0.0011713359586883968, 0.4669579321680737, 0.002699526618267167, 0.6506548064265927, 0.1099032476321839, 0.3958236619962325, 0.6644878125389317, 0.012177423750596649, 0.003930583364576009, 0.8458958455237466, 0.9658709109268669, 0.6582106165397388, 0.6065585962138342, 0.44935037891226814, 0.815051771554238, 0.16780127969446162]
APTIDAO: 
48.73950024696766
GEN: 9100
Individuo: 
[1.5373022603749784, 1.6164778177193335, 3.4629545286121144, 0.5308680713776626, 0.6664349430337784, 0.2589253388986334, 1.1889548683889086, 0.5337104188373689, 1.0836329383818852, 0.37907554490930645, 0.5648069150666912, 0.9646774059476825, 0.7570606679331853, 0.36564089959817503, 0.3385061751294008, 0.004469452918618063, 0.4669579321680737, 0.013061289764595927, 0.6506548064265927, 0.1099032476321839, 0.3958236619962325, 0.472913822016426, 0.014707002814820666, 0.004174170076350238, 0.8458958455237466, 0.9658709109268669, 0.6582106165397388, 0.5807060395339303, 0.44935037891226814, 0.8255333829271568, 0.16731906568911226]
APTIDAO: 
47.39853142095026
GEN: 9200
Individuo: 
[2.1898121381703373, 1.786504398386879, 3.4629545286121144, 0.5308680713776626, 0.6612388502375725, 0.25252933369287456, 1.1889548683889086, 0.5337104188373689, 1.0836329383818852, 0.37907554490930645, 0.5648069150666912, 0.9646774059476825, 0.7706492699996965, 0.36564089959817503, 0.3385061751294008, 0.020464783275340175, 0.4669579321680737, 0.006277231721446812, 0.6506548064265927, 0.1099032476321839, 0.3958236619962325, 0.45553990134735606, 0.014707002814820666, 0.002666867296632303, 0.8458958455237466, 0.9658709109268669, 0.6582106165397388, 0.5807060395339303, 0.44935037891226814, 0.8255333829271568, 0.16731906568911226]
APTIDAO: 
47.61297367805008
GEN: 9300
Individuo: 
[2.1898121381703373, 1.786504398386879, 3.889488520911335, 0.5421148945623266, 0.6612388502375725, 0.25252933369287456, 1.1889548683889086, 0.5337104188373689, 1.0836329383818852, 0.37907554490930645, 0.5648069150666912, 0.9646774059476825, 0.8054824875413573, 0.36564089959817503, 0.3385061751294008, 0.020914402688372104, 0.4669579321680737, 0.0058569358893927415, 0.6506548064265927, 0.1099032476321839, 0.3958236619962325, 0.38701427186202236, 0.023051037580798357, 0.001399957532251489, 0.8458958455237466, 0.9658709109268669, 0.6582106165397388, 0.5807060395339303, 0.44935037891226814, 0.8390660526718023, 0.16091624753496592]
APTIDAO: 
47.03952636765017
GEN: 9400
Individuo: 
[2.1898121381703373, 2.193917573489798, 3.996720446704086, 0.4997533016151507, 0.6612388502375725, 0.25252933369287456, 1.122146073232709, 0.5337104188373689, 1.0836329383818852, 0.37907554490930645, 0.5648069150666912, 0.9646774059476825, 0.8054824875413573, 0.3819884475532453, 0.350355041572101, 0.050922847524886246, 0.4669579321680737, 0.006396716979528025, 0.5725299509636189, 0.07812095925531524, 0.3958236619962325, 0.3354217330527215, 0.029941551556143923, 0.001387493484732089, 0.8458958455237466, 0.9658709109268669, 0.6592312520900321, 0.5585534814412093, 0.4233762597285837, 0.8390660526718023, 0.13753739110843521]
APTIDAO: 
46.83381088567538
GEN: 9500
Individuo: 
[1.841635278470851, 2.193917573489798, 3.905100682838214, 0.5257195627054828, 0.6612388502375725, 0.25252933369287456, 1.122146073232709, 0.5337104188373689, 1.0836329383818852, 0.37907554490930645, 0.5619511606965638, 0.9646774059476825, 0.7793675173537113, 0.3819884475532453, 0.34823854732055576, 0.05533286315684158, 0.4669579321680737, 0.006703001588602718, 0.5725299509636189, 0.07812095925531524, 0.3958236619962325, 0.5933411684779768, 0.023051037580798357, 0.0013975679596628316, 0.8458958455237466, 0.9658709109268669, 0.6592312520900321, 0.5585534814412093, 0.4258063007236604, 0.8390660526718023, 0.13753739110843521]
APTIDAO: 
45.740697130368
GEN: 9600
Individuo: 
[1.841635278470851, 1.1255917324324975, 3.905100682838214, 0.35007555838707355, 0.6612388502375725, 0.25252933369287456, 1.1526236739432327, 0.5337104188373689, 1.0836329383818852, 0.37907554490930645, 0.5619511606965638, 0.9646774059476825, 0.7793675173537113, 0.3819884475532453, 0.34823854732055576, 0.05533286315684158, 0.4669579321680737, 0.005848083878699438, 0.5725299509636189, 0.07812095925531524, 0.3958236619962325, 0.6778412221156233, 0.02817247261678977, 0.003992713243691254, 0.8458958455237466, 0.9658709109268669, 0.6592312520900321, 0.5585534814412093, 0.4258063007236604, 0.8390660526718023, 0.13753739110843521]
APTIDAO: 
49.63134726410804
GEN: 9700
Individuo: 
[1.058068186800192, 2.506815242199082, 3.905100682838214, 0.2949292471818375, 0.6612388502375725, 0.25252933369287456, 1.1526236739432327, 0.5337104188373689, 1.0836329383818852, 0.37907554490930645, 0.5619511606965638, 0.9646774059476825, 0.7793675173537113, 0.3819884475532453, 0.3157393363535416, 0.05533286315684158, 0.4257732152310671, 0.014375709231594706, 0.5725299509636189, 0.1155016842700631, 0.3958236619962325, 0.9619675508541972, 0.037286568451868125, 0.0011706786064621874, 0.8458958455237466, 0.9658709109268669, 0.6592312520900321, 0.5585534814412093, 0.4258063007236604, 0.8390660526718023, 0.09467727440236794]
APTIDAO: 
44.60187673397304
GEN: 9800
Individuo: 
[1.058068186800192, 2.506815242199082, 4.509254717371631, 0.33293797578792234, 0.6612388502375725, 0.25252933369287456, 1.1526236739432327, 0.5337104188373689, 1.0836329383818852, 0.37907554490930645, 0.5619511606965638, 0.9646774059476825, 0.8647166003537151, 0.3819884475532453, 0.3157393363535416, 0.05533286315684158, 0.4621669897472293, 0.04418685404932769, 0.5725299509636189, 0.10960690203313633, 0.3958236619962325, 0.9619675508541972, 0.037286568451868125, 0.0015687743896260692, 0.8458958455237466, 0.9658709109268669, 0.6592312520900321, 0.5585534814412093, 0.4258063007236604, 0.8390660526718023, 0.09467727440236794]
APTIDAO: 
44.480902237385116
GEN: 9900
Individuo: 
[1.0240341788987026, 2.506815242199082, 4.509254717371631, 0.33293797578792234, 0.6612388502375725, 0.25252933369287456, 1.1526236739432327, 0.5337104188373689, 1.0836329383818852, 0.37907554490930645, 0.5619511606965638, 0.9646774059476825, 0.9159345451751714, 0.3819884475532453, 0.3157393363535416, 0.05533286315684158, 0.4621669897472293, 0.03601136285806229, 0.5725299509636189, 0.10960690203313633, 0.3958236619962325, 0.8565425051143152, 0.037286568451868125, 0.0027927618152714844, 0.8458958455237466, 0.9783235219228198, 0.6592312520900321, 0.5740341434594955, 0.4258063007236604, 0.8306191616618757, 0.09467727440236794]
APTIDAO: 
44.42284032061679
GEN: 10000
Individuo: 
[1.0184155382867988, 2.8074053042627987, 4.509254717371631, 0.33293797578792234, 0.6612388502375725, 0.24031546510374022, 1.1526236739432327, 0.5337104188373689, 1.0836329383818852, 0.37907554490930645, 0.5619511606965638, 0.9646774059476825, 0.9159345451751714, 0.3813668367053386, 0.3157393363535416, 0.05533286315684158, 0.4621669897472293, 0.04642093707614398, 0.5725299509636189, 0.10960690203313633, 0.3958236619962325, 0.23409898285198175, 0.037286568451868125, 0.0024417531766785876, 0.8458958455237466, 0.9783235219228198, 0.6592312520900321, 0.5740341434594955, 0.4258063007236604, 0.8306191616618757, 0.042797012521224594]
APTIDAO: 
44.67384321411655

--- RESULTADO FINAL ---
Erro (norma-1): 44.67384321411655
Parâmetros: [1.0184155382867988, 2.8074053042627987, 4.509254717371631, 0.33293797578792234, 0.6612388502375725, 0.24031546510374022, 1.1526236739432327, 0.5337104188373689, 1.0836329383818852, 0.37907554490930645, 0.5619511606965638, 0.9646774059476825, 0.9159345451751714, 0.3813668367053386, 0.3157393363535416, 0.05533286315684158, 0.4621669897472293, 0.04642093707614398, 0.5725299509636189, 0.10960690203313633, 0.3958236619962325, 0.23409898285198175, 0.037286568451868125, 0.0024417531766785876, 0.8458958455237466, 0.9783235219228198, 0.6592312520900321, 0.5740341434594955, 0.4258063007236604, 0.8306191616618757, 0.042797012521224594]
Tempo total: 02h 13m 12s
