SEED: 1778719796
METODO: ABCD_GK
IND_SIZE: 31
GEN: 0
Individuo: 
[1.1989131233624937, 3.164277049142183, 1.736327770616619, 3.3986526680888227, 0.4412549139905392, 1.219199957260399, 1.491636007280256, 0.8629239601737484, 1.3745357599051715, 0.8246556833268766, 0.37323202128196303, 0.9393748618595539, 0.5149546277109031, 0.8546625990351914, 0.00985881153401693, 0.7348226045984928, 0.43451516524847483, 0.12183967491910758, 0.5258883830626399, 0.376185539184579, 0.36235448533530457, 0.9035664417643261, 0.16207070519878772, 0.7078071577615123, 0.3125764368408743, 0.5039327736286145, 0.08954732935525286, 0.7437546078667158, 0.6279411381630831, 0.9060272629437783, 0.283550508147474]
APTIDAO: 
82.93963915687463
GEN: 100
Individuo: 
[1.4961534137296428, 3.3335091439478077, 3.589283309669269, 0.4314270888188975, 0.9172449737530537, 0.04026307381144697, 0.7348287181561594, 0.09968940922399795, 0.277871723763074, 1.0311870303170452, 1.0106630050460168, 0.9843717443265975, 0.6732804692670761, 0.19444370402984756, 0.8806310714851064, 0.7366565534175866, 0.8995606618429225, 0.6902439471733325, 0.644697798941278, 0.6993853287746663, 0.048583250824657954, 0.528569681051018, 0.6798091743007474, 0.3218181818132723, 0.3571634597289078, 0.02841652289508303, 0.29760982122196883, 0.7298527306122842, 0.2723918332497779, 0.04209628631325129, 0.7651301736150928]
APTIDAO: 
50.547926394888115
GEN: 200
Individuo: 
[1.4961534137296428, 2.6792023572038195, 2.8776547044033505, 0.23966686004604176, 0.9172449737530537, 0.04026307381144697, 0.7348287181561594, 0.09968940922399795, 0.277871723763074, 1.0311870303170452, 1.0251118855565202, 0.9843717443265975, 0.6732804692670761, 0.19444370402984756, 0.8806310714851064, 0.7366565534175866, 0.8693150868049617, 0.6902439471733325, 0.6378508204575329, 0.7788867335733182, 0.048583250824657954, 0.528569681051018, 0.6798091743007474, 0.2024601532457144, 0.3571634597289078, 0.03047876001206017, 0.29760982122196883, 0.7298527306122842, 0.2723918332497779, 0.04209628631325129, 0.7651301736150928]
APTIDAO: 
49.688463648367645
GEN: 300
Individuo: 
[1.5708347912809795, 2.6792023572038195, 3.426256449082937, 0.3329796081936507, 0.9172449737530537, 0.04026307381144697, 0.7348287181561594, 0.10013777116428903, 0.277871723763074, 1.0311870303170452, 1.0251118855565202, 0.9843717443265975, 0.6732804692670761, 0.19444370402984756, 0.8547635541473166, 0.7366565534175866, 0.8693150868049617, 0.704139796340627, 0.6378508204575329, 0.7788867335733182, 0.048583250824657954, 0.528569681051018, 0.6798091743007474, 0.2024601532457144, 0.3571634597289078, 0.011424661986362711, 0.29760982122196883, 0.7298527306122842, 0.2723918332497779, 0.04209628631325129, 0.7651301736150928]
APTIDAO: 
49.751010943261996
GEN: 400
Individuo: 
[1.5708347912809795, 2.5309118156404207, 2.5107706111934394, 0.3329796081936507, 0.9172449737530537, 0.04026307381144697, 0.7348287181561594, 0.10013777116428903, 0.277871723763074, 1.0311870303170452, 1.0430065516639633, 0.9843717443265975, 0.6732804692670761, 0.19444370402984756, 0.8547635541473166, 0.7366565534175866, 0.8693150868049617, 0.704139796340627, 0.6752791607211819, 0.7788867335733182, 0.048583250824657954, 0.528569681051018, 0.6798091743007474, 0.20611732435977476, 0.3571634597289078, 0.0016411652875139749, 0.29760982122196883, 0.7298527306122842, 0.2723918332497779, 0.04209628631325129, 0.7651301736150928]
APTIDAO: 
49.905936868104426
GEN: 500
Individuo: 
[1.490413025139167, 2.5309118156404207, 2.659284044983838, 0.3260439977974798, 0.9172449737530537, 0.04026307381144697, 0.7348287181561594, 0.10013777116428903, 0.277871723763074, 1.0311870303170452, 1.1952134900286837, 0.9843717443265975, 0.6911234973160051, 0.19444370402984756, 0.8547635541473166, 0.7366565534175866, 0.8263837493198785, 0.704139796340627, 0.6752791607211819, 0.781105639266808, 0.048583250824657954, 0.5379121954237169, 0.6798091743007474, 0.24810254051599498, 0.3571634597289078, 0.0021356182325576894, 0.29760982122196883, 0.7440705981251386, 0.2723918332497779, 0.04209628631325129, 0.7651301736150928]
APTIDAO: 
49.65243131113827
GEN: 600
Individuo: 
[1.4420241496025241, 2.3977025100233322, 2.659284044983838, 0.3071022054375528, 0.9172449737530537, 0.04026307381144697, 0.7348287181561594, 0.10013777116428903, 0.277871723763074, 1.0311870303170452, 1.1180820046242972, 0.9843717443265975, 0.6911234973160051, 0.19444370402984756, 0.8547635541473166, 0.7366565534175866, 0.8288064529454783, 0.6663052207369884, 0.6752791607211819, 0.781105639266808, 0.048583250824657954, 0.5379121954237169, 0.6798091743007474, 0.31775892241480297, 0.3571634597289078, 0.00467786516336176, 0.29760982122196883, 0.7440705981251386, 0.2723918332497779, 0.04209628631325129, 0.7651301736150928]
APTIDAO: 
49.46868005253359
GEN: 700
Individuo: 
[1.3708939860881697, 2.3977025100233322, 2.659284044983838, 0.2711448735070743, 0.9172449737530537, 0.04026307381144697, 0.7348287181561594, 0.10013777116428903, 0.277871723763074, 1.0311870303170452, 1.1439294253115515, 0.9843717443265975, 0.7079133820818986, 0.19444370402984756, 0.8547635541473166, 0.7366565534175866, 0.8288064529454783, 0.6663052207369884, 0.6752791607211819, 0.5915925092478757, 0.048583250824657954, 0.5379121954237169, 0.6798091743007474, 0.3496091621593202, 0.3571634597289078, 0.01770150297839283, 0.29760982122196883, 0.7440705981251386, 0.2504561672690801, 0.04209628631325129, 0.7651301736150928]
APTIDAO: 
49.58371277011103
GEN: 800
Individuo: 
[1.3603131212662005, 2.3977025100233322, 2.782330429448913, 0.36945108678331473, 0.9172449737530537, 0.04026307381144697, 0.7348287181561594, 0.10013777116428903, 0.277871723763074, 1.0311870303170452, 1.1528347462698854, 0.9843717443265975, 0.6997977222555819, 0.19444370402984756, 0.8547635541473166, 0.7366565534175866, 0.8288064529454783, 0.6663052207369884, 0.6752791607211819, 0.7402218174814029, 0.048583250824657954, 0.5379121954237169, 0.6798091743007474, 0.3483119379973048, 0.3571634597289078, 0.004468800068951724, 0.29760982122196883, 0.7440705981251386, 0.2723918332497779, 0.04209628631325129, 0.772606669891473]
APTIDAO: 
49.5269930346681
GEN: 900
Individuo: 
[1.5225289254048489, 1.313792749562224, 2.782330429448913, 0.36945108678331473, 0.9172449737530537, 0.04026307381144697, 0.7348287181561594, 0.10013777116428903, 0.277871723763074, 1.0311870303170452, 1.1528347462698854, 0.9843717443265975, 0.6997977222555819, 0.19444370402984756, 0.8547635541473166, 0.7366565534175866, 0.8288064529454783, 0.6663052207369884, 0.6752791607211819, 0.830159888830306, 0.048583250824657954, 0.5379121954237169, 0.6798091743007474, 0.3428913800793361, 0.36478467941255976, 0.024756979892762442, 0.29760982122196883, 0.7440705981251386, 0.2723918332497779, 0.04209628631325129, 0.78748639462846]
APTIDAO: 
50.511908029929344
GEN: 1000
Individuo: 
[1.5225289254048489, 2.0253737716399294, 2.5236583179693364, 0.49904943575287813, 0.9172449737530537, 0.04026307381144697, 0.736370219292222, 0.10013777116428903, 0.277871723763074, 1.0311870303170452, 1.0756059220510235, 0.9843717443265975, 0.6997977222555819, 0.19444370402984756, 0.8547635541473166, 0.7366565534175866, 0.8288064529454783, 0.6663052207369884, 0.6752791607211819, 0.830159888830306, 0.048583250824657954, 0.5379121954237169, 0.6798091743007474, 0.3428913800793361, 0.36478467941255976, 0.01551537367567971, 0.29760982122196883, 0.7440705981251386, 0.2649284663507074, 0.04209628631325129, 0.78748639462846]
APTIDAO: 
49.46491165855345
GEN: 1100
Individuo: 
[1.5225289254048489, 2.0253737716399294, 2.5236583179693364, 0.3760548950401515, 0.9172449737530537, 0.03697081435944887, 0.736370219292222, 0.10013777116428903, 0.277871723763074, 1.0311870303170452, 1.0756059220510235, 0.9843717443265975, 0.6997977222555819, 0.19444370402984756, 0.7006176546897727, 0.711368393258407, 0.8288064529454783, 0.6663052207369884, 0.6752791607211819, 0.830159888830306, 0.048583250824657954, 0.5379121954237169, 0.6798091743007474, 0.0974317383694509, 0.36478467941255976, 0.015572236782982727, 0.29760982122196883, 0.7440705981251386, 0.2649284663507074, 0.04209628631325129, 0.78748639462846]
APTIDAO: 
49.44806684727678
GEN: 1200
Individuo: 
[1.5225289254048489, 1.9562540842686016, 2.6718242907661836, 0.39343341168082996, 0.9120153567603092, 0.03697081435944887, 0.736370219292222, 0.10013777116428903, 0.277871723763074, 1.0311870303170452, 0.8342545546374331, 0.9843717443265975, 0.6997977222555819, 0.19444370402984756, 0.7006176546897727, 0.711368393258407, 0.8612802615648929, 0.6663052207369884, 0.6752791607211819, 0.830159888830306, 0.04632158279665798, 0.5122334865133797, 0.6798091743007474, 0.001176616185206883, 0.36478467941255976, 0.03559323774032736, 0.29760982122196883, 0.7440705981251386, 0.18289000580189696, 0.04209628631325129, 0.78748639462846]
APTIDAO: 
49.16513947533713
GEN: 1300
Individuo: 
[1.5225289254048489, 1.999375829584077, 2.6718242907661836, 0.37513420766757843, 0.9120153567603092, 0.03697081435944887, 0.736370219292222, 0.10013777116428903, 0.277871723763074, 1.0311870303170452, 0.8342545546374331, 0.9843717443265975, 0.6997977222555819, 0.19444370402984756, 0.7006176546897727, 0.711368393258407, 0.8612802615648929, 0.6663052207369884, 0.6752791607211819, 0.830159888830306, 0.04632158279665798, 0.5122334865133797, 0.6936627073699522, 0.0017724822789626522, 0.36478467941255976, 0.04349978893222421, 0.29760982122196883, 0.7440705981251386, 0.18289000580189696, 0.04209628631325129, 0.78748639462846]
APTIDAO: 
49.025106548375476
GEN: 1400
Individuo: 
[1.5225289254048489, 1.999375829584077, 2.748367242640068, 0.49297222501274773, 0.9120153567603092, 0.03697081435944887, 0.736370219292222, 0.10013777116428903, 0.277871723763074, 1.062818139381633, 1.1687967290666443, 0.9843717443265975, 0.6997977222555819, 0.19444370402984756, 0.7696380197892051, 0.6892771924430932, 0.8612802615648929, 0.6663052207369884, 0.6752791607211819, 0.6949461268978137, 0.04632158279665798, 0.4379824267693322, 0.6936627073699522, 0.002679060564397261, 0.36478467941255976, 0.04349978893222421, 0.29760982122196883, 0.7440705981251386, 0.18289000580189696, 0.04473779604859343, 0.719174515062262]
APTIDAO: 
48.882121747538406
GEN: 1500
Individuo: 
[1.5225289254048489, 2.1663270970151722, 2.748367242640068, 0.31549520513360063, 0.9120153567603092, 0.03697081435944887, 0.7507305244744248, 0.10013777116428903, 0.277871723763074, 1.062818139381633, 1.166908880093813, 0.9843717443265975, 0.6769531059057476, 0.19444370402984756, 0.7696380197892051, 0.6892771924430932, 0.923959390584232, 0.6663052207369884, 0.6752791607211819, 0.6949461268978137, 0.04632158279665798, 0.4379824267693322, 0.7045734739396324, 0.0011691810957757628, 0.36478467941255976, 0.045473409142928585, 0.29760982122196883, 0.7440705981251386, 0.18289000580189696, 0.04473779604859343, 0.719174515062262]
APTIDAO: 
48.78341743332641
GEN: 1600
Individuo: 
[1.460235632947352, 2.060874806955025, 2.748367242640068, 0.3610610309922895, 0.9120153567603092, 0.03697081435944887, 0.7507305244744248, 0.10013777116428903, 0.277871723763074, 1.062818139381633, 1.0830388246445342, 0.9843717443265975, 0.6769531059057476, 0.19444370402984756, 0.8264362422099137, 0.6739527762003584, 0.923959390584232, 0.6663052207369884, 0.6752791607211819, 0.8594991959539281, 0.04632158279665798, 0.44752583864396983, 0.7045734739396324, 0.0010538002521834097, 0.36478467941255976, 0.07379545873206923, 0.29760982122196883, 0.7440705981251386, 0.18289000580189696, 0.04473779604859343, 0.753745291265086]
APTIDAO: 
48.64350750612359
GEN: 1700
Individuo: 
[1.8903065392169591, 1.8477082224232542, 2.748367242640068, 0.23089513600481584, 0.9120153567603092, 0.03697081435944887, 0.7507305244744248, 0.10013777116428903, 0.277871723763074, 1.062818139381633, 1.0928327377358058, 0.9843717443265975, 0.6769531059057476, 0.19444370402984756, 0.885237261050192, 0.6739527762003584, 0.923959390584232, 0.6663052207369884, 0.6752791607211819, 0.7269182531218799, 0.04632158279665798, 0.4359605973651953, 0.7045734739396324, 0.0038979851097899125, 0.36478467941255976, 0.07379545873206923, 0.29760982122196883, 0.7440705981251386, 0.18289000580189696, 0.04473779604859343, 0.753745291265086]
APTIDAO: 
49.10717270200607
GEN: 1800
Individuo: 
[1.5224202190735567, 1.8477082224232542, 2.6427871594461503, 0.4242819442730984, 0.9120153567603092, 0.03697081435944887, 0.7507305244744248, 0.13746483419564004, 0.27347191140627763, 1.062818139381633, 1.0928327377358058, 0.9843717443265975, 0.6769531059057476, 0.19444370402984756, 0.8535940648332566, 0.6739527762003584, 0.923959390584232, 0.6663052207369884, 0.6740223436400083, 0.7269182531218799, 0.04632158279665798, 0.4359605973651953, 0.7045734739396324, 0.0015026717836985975, 0.3502571371814244, 0.32240072301831757, 0.28267803882457576, 0.7440705981251386, 0.18289000580189696, 0.04442476722696133, 0.753745291265086]
APTIDAO: 
48.79780545139139
GEN: 1900
Individuo: 
[1.8903065392169591, 1.8477082224232542, 2.701361089208968, 0.22614602284178784, 0.9120153567603092, 0.03697081435944887, 0.7507305244744248, 0.13746483419564004, 0.27347191140627763, 1.0461377322992855, 0.9348345866647959, 0.9843717443265975, 0.6769531059057476, 0.18461765167768385, 0.8535940648332566, 0.6560831393872406, 0.9030954641487372, 0.6663052207369884, 0.61255291482635, 0.4043128634048857, 0.04632158279665798, 0.4359605973651953, 0.6649713929772277, 0.002990502697827314, 0.3502571371814244, 0.32240072301831757, 0.28267803882457576, 0.7173316413999684, 0.1947789755249142, 0.04442476722696133, 0.753745291265086]
APTIDAO: 
48.849812388109356
GEN: 2000
Individuo: 
[1.8903065392169591, 1.945517344529363, 2.7854472818408853, 0.30691329073474066, 0.9120153567603092, 0.03697081435944887, 0.7507305244744248, 0.13746483419564004, 0.27347191140627763, 1.0461377322992855, 0.9348345866647959, 0.9843717443265975, 0.6769531059057476, 0.18461765167768385, 0.8535940648332566, 0.6560831393872406, 0.9030954641487372, 0.6663052207369884, 0.61255291482635, 0.5245022532894419, 0.04632158279665798, 0.4359605973651953, 0.6649713929772277, 0.0011570918310214978, 0.3502571371814244, 0.32240072301831757, 0.28267803882457576, 0.7173316413999684, 0.1947789755249142, 0.04442476722696133, 0.753745291265086]
APTIDAO: 
48.72883863117625
GEN: 2100
Individuo: 
[1.156068439662486, 1.9454404396346938, 2.207477767956994, 0.380345596879254, 0.9120153567603092, 0.03697081435944887, 0.7465802901171105, 0.13746483419564004, 0.27347191140627763, 1.0461377322992855, 0.9348345866647959, 0.9843717443265975, 0.6769531059057476, 0.18461765167768385, 0.865892139528878, 0.6723939353353601, 0.9030954641487372, 0.7099749703481115, 0.61255291482635, 0.7347286519986506, 0.04632158279665798, 0.4359605973651953, 0.6657766947452959, 0.0011570918310214978, 0.3502571371814244, 0.47918961596815285, 0.29877026947616847, 0.7173316413999684, 0.1947789755249142, 0.04442476722696133, 0.753745291265086]
APTIDAO: 
50.08190331731931
GEN: 2200
Individuo: 
[1.156068439662486, 1.9454404396346938, 2.207477767956994, 0.5328448493585057, 0.9120153567603092, 0.03697081435944887, 0.7465802901171105, 0.13746483419564004, 0.26982174976256085, 1.0461377322992855, 1.055294170534515, 0.9843717443265975, 0.6769531059057476, 0.18461765167768385, 0.8734739141131498, 0.6723939353353601, 0.8422415583293319, 0.7099749703481115, 0.61255291482635, 0.7347286519986506, 0.04632158279665798, 0.4359605973651953, 0.6657766947452959, 0.0010345096838793666, 0.3502571371814244, 0.47918961596815285, 0.3377480504499451, 0.7293775801206221, 0.28495618014685653, 0.04442476722696133, 0.7358357885155784]
APTIDAO: 
49.08050618126552
GEN: 2300
Individuo: 
[1.156068439662486, 1.9454404396346938, 1.4724645742815763, 0.7161513097159447, 0.9120153567603092, 0.0361171007729423, 0.7465802901171105, 0.13746483419564004, 0.26982174976256085, 1.0461377322992855, 1.055294170534515, 0.9843717443265975, 0.6769531059057476, 0.18461765167768385, 0.8734739141131498, 0.6723939353353601, 0.9320872647142256, 0.7099749703481115, 0.61255291482635, 0.7358599691921858, 0.04632158279665798, 0.4359605973651953, 0.6657766947452959, 0.004108652282737058, 0.3502571371814244, 0.5292990683354601, 0.3377480504499451, 0.7293775801206221, 0.28495618014685653, 0.04442476722696133, 0.7358357885155784]
APTIDAO: 
50.242529808142635
GEN: 2400
Individuo: 
[1.156068439662486, 1.9454404396346938, 2.432346483662964, 0.4712870251527893, 0.9120153567603092, 0.0361171007729423, 0.7465802901171105, 0.13746483419564004, 0.26982174976256085, 1.0461377322992855, 1.055294170534515, 0.9843717443265975, 0.7052525094748713, 0.18613776331405352, 0.9095974194337961, 0.6723939353353601, 0.9320872647142256, 0.7099749703481115, 0.61255291482635, 0.7358599691921858, 0.04632158279665798, 0.4008082658080671, 0.6657766947452959, 0.00962258835868948, 0.3502571371814244, 0.576429625440368, 0.3377480504499451, 0.7293775801206221, 0.28495618014685653, 0.04442476722696133, 0.7358357885155784]
APTIDAO: 
49.117650325159914
GEN: 2500
Individuo: 
[1.4085411218218418, 1.8339372603430277, 2.4973501230153388, 0.47652643610261186, 0.9120153567603092, 0.0361171007729423, 0.7465802901171105, 0.13746483419564004, 0.26982174976256085, 1.0461377322992855, 0.9006097529640112, 0.9843717443265975, 0.7052525094748713, 0.18613776331405352, 0.9095974194337961, 0.761707702231558, 0.8486179360931172, 0.7099749703481115, 0.61255291482635, 0.9186256772161295, 0.04632158279665798, 0.44315311991429135, 0.6792895520639193, 0.007009660446471654, 0.3502571371814244, 0.471421011713868, 0.3377480504499451, 0.7293775801206221, 0.28495618014685653, 0.04442476722696133, 0.7358357885155784]
APTIDAO: 
49.05688874449588
GEN: 2600
Individuo: 
[1.5399730274104715, 1.8339372603430277, 2.4973501230153388, 0.4712870251527893, 0.9120153567603092, 0.0361171007729423, 0.7465802901171105, 0.13746483419564004, 0.26982174976256085, 1.2056302798147314, 0.9006097529640112, 0.9843717443265975, 0.7052525094748713, 0.18613776331405352, 0.9095974194337961, 0.761707702231558, 0.8177425494053423, 0.7099749703481115, 0.45444863748947845, 0.9186256772161295, 0.04632158279665798, 0.4759526193175171, 0.6792895520639193, 0.0016903510851385762, 0.3502571371814244, 0.471421011713868, 0.3377480504499451, 0.7293775801206221, 0.28495618014685653, 0.04442476722696133, 0.7358357885155784]
APTIDAO: 
49.13193211360587
GEN: 2700
Individuo: 
[1.4085411218218418, 1.8267515931433111, 3.145007957260408, 0.4712870251527893, 0.9120153567603092, 0.0361171007729423, 0.7465802901171105, 0.13746483419564004, 0.26982174976256085, 1.2056302798147314, 0.9006097529640112, 0.9843717443265975, 0.7052525094748713, 0.18613776331405352, 0.9095974194337961, 0.761707702231558, 0.8177425494053423, 0.7099749703481115, 0.45444863748947845, 0.8482767549845206, 0.04632158279665798, 0.4759526193175171, 0.6792895520639193, 0.0031059823643453505, 0.3502571371814244, 0.4049324300152675, 0.3377480504499451, 0.7293775801206221, 0.28495618014685653, 0.04442476722696133, 0.7358357885155784]
APTIDAO: 
49.49082654940809
GEN: 2800
Individuo: 
[1.5447725481606178, 1.8267515931433111, 3.145007957260408, 0.581595621221258, 0.9120153567603092, 0.0361171007729423, 0.7465802901171105, 0.13234170410918145, 0.26982174976256085, 1.2056302798147314, 0.8850354782462303, 0.9843717443265975, 0.7052525094748713, 0.18613776331405352, 0.9107204238628316, 0.761707702231558, 0.8516112573061576, 0.7099749703481115, 0.46369935132651385, 0.8482767549845206, 0.04632158279665798, 0.4814308515168336, 0.6707938973046137, 0.00206309472095339, 0.3502571371814244, 0.5101516472305787, 0.3377480504499451, 0.7293775801206221, 0.28495618014685653, 0.04442476722696133, 0.7358357885155784]
APTIDAO: 
49.36703343591898
GEN: 2900
Individuo: 
[1.5447725481606178, 1.6968826141360667, 2.5451518742740786, 0.8206050170595992, 0.9120153567603092, 0.0361171007729423, 0.7294426194866841, 0.13234170410918145, 0.26982174976256085, 1.2056302798147314, 0.8850354782462303, 0.9843717443265975, 0.7052525094748713, 0.18613776331405352, 0.8613462217847335, 0.761707702231558, 0.8516112573061576, 0.7099749703481115, 0.46369935132651385, 0.17539894102994627, 0.04632158279665798, 0.4814308515168336, 0.6707938973046137, 0.012890794922043971, 0.3502571371814244, 0.4736497896682054, 0.3377480504499451, 0.9109257053709401, 0.28495618014685653, 0.04442476722696133, 0.7358357885155784]
APTIDAO: 
49.10076119393658
GEN: 3000
Individuo: 
[1.5447725481606178, 1.6968826141360667, 2.6115932989390136, 0.4923001174417361, 0.9120153567603092, 0.03341677812603355, 0.6729360071577044, 0.13234170410918145, 0.26982174976256085, 1.2056302798147314, 0.8850354782462303, 0.9843717443265975, 0.7052525094748713, 0.18613776331405352, 0.8613462217847335, 0.761707702231558, 0.8516112573061576, 0.8482829331372301, 0.46369935132651385, 0.17539894102994627, 0.04632158279665798, 0.3560365609526906, 0.6707938973046137, 0.025684423633131847, 0.3502571371814244, 0.4736497896682054, 0.42532718239979217, 0.9109257053709401, 0.28495618014685653, 0.04442476722696133, 0.7358357885155784]
APTIDAO: 
49.00569908565237
GEN: 3100
Individuo: 
[1.765794461032556, 1.9324366797901409, 2.9970787529762095, 0.5328971758339025, 0.9120153567603092, 0.03341677812603355, 0.6729360071577044, 0.13234170410918145, 0.26982174976256085, 1.2056302798147314, 0.9701094324523498, 0.9843717443265975, 0.7052525094748713, 0.18971066411344406, 0.8743383218535993, 0.761707702231558, 0.8516112573061576, 0.8482829331372301, 0.440679359330526, 0.011231020087580078, 0.04632158279665798, 0.3560365609526906, 0.6707938973046137, 0.030299736258737383, 0.3502571371814244, 0.36354786082901885, 0.42532718239979217, 0.9109257053709401, 0.28495618014685653, 0.04442476722696133, 0.7358357885155784]
APTIDAO: 
49.27624029538327
GEN: 3200
Individuo: 
[1.765794461032556, 1.9324366797901409, 2.4689997437029043, 1.1823008273630722, 0.9120153567603092, 0.03341677812603355, 0.6729360071577044, 0.13234170410918145, 0.26982174976256085, 1.2056302798147314, 0.9701094324523498, 0.9843717443265975, 0.6967091058341575, 0.18971066411344406, 0.8743383218535993, 0.761707702231558, 0.8516112573061576, 0.8482829331372301, 0.440679359330526, 0.0011978606420898893, 0.04632158279665798, 0.3560365609526906, 0.6834301093694255, 0.04154784777056152, 0.3502571371814244, 0.36354786082901885, 0.42532718239979217, 0.9109257053709401, 0.28495618014685653, 0.04442476722696133, 0.7358357885155784]
APTIDAO: 
49.79996793389071
GEN: 3300
Individuo: 
[1.2388571999857299, 2.0373307995310768, 2.4689997437029043, 0.5803625865746738, 0.9120153567603092, 0.03341677812603355, 0.6729360071577044, 0.13234170410918145, 0.26982174976256085, 1.197417714153912, 0.9701094324523498, 0.9843717443265975, 0.6967091058341575, 0.18971066411344406, 0.8743383218535993, 0.761707702231558, 0.8982864283136061, 0.8482829331372301, 0.440679359330526, 0.002513350258584969, 0.04632158279665798, 0.49335682782911006, 0.6834301093694255, 0.22455438446603926, 0.3502571371814244, 0.6154202744950595, 0.42532718239979217, 0.9109257053709401, 0.28495618014685653, 0.04442476722696133, 0.7358357885155784]
APTIDAO: 
49.410069812299206
GEN: 3400
Individuo: 
[1.539596734271171, 1.2218677320963696, 2.776325418749193, 0.5803625865746738, 0.9120153567603092, 0.03341677812603355, 0.6729360071577044, 0.13234170410918145, 0.26982174976256085, 1.197417714153912, 0.9701094324523498, 0.9843717443265975, 0.6967091058341575, 0.18971066411344406, 0.5796955714740583, 0.7461169673473821, 0.8982864283136061, 0.7978667367459364, 0.4193997254833648, 0.0017971259452839725, 0.04632158279665798, 0.49335682782911006, 0.7403769191893087, 0.22455438446603926, 0.3502571371814244, 0.688311046309188, 0.42532718239979217, 0.8906132406184017, 0.28495618014685653, 0.04442476722696133, 0.7358357885155784]
APTIDAO: 
49.36311198506071
GEN: 3500
Individuo: 
[1.539596734271171, 1.6832780026235794, 2.776325418749193, 0.4163529579239241, 0.9120153567603092, 0.03341677812603355, 0.6729360071577044, 0.13234170410918145, 0.26982174976256085, 1.197417714153912, 0.9701094324523498, 0.9843717443265975, 0.6967091058341575, 0.18971066411344406, 0.5796955714740583, 0.7461169673473821, 0.8982864283136061, 0.7658709501431263, 0.434057242221987, 0.0020938538525343575, 0.04632158279665798, 0.49335682782911006, 0.7403769191893087, 0.12937581461225606, 0.3502571371814244, 0.5781234416586033, 0.42532718239979217, 0.8906132406184017, 0.28495618014685653, 0.04442476722696133, 0.7958626646369983]
APTIDAO: 
49.32039679709949
GEN: 3600
Individuo: 
[1.334675716212346, 2.2755965725520593, 3.154623470536467, 0.6195941150070223, 0.9120153567603092, 0.03341677812603355, 0.6758565441223439, 0.13234170410918145, 0.26982174976256085, 1.1778943322777122, 0.9701094324523498, 0.9843717443265975, 0.6967091058341575, 0.18971066411344406, 0.5796955714740583, 0.7461169673473821, 0.8982864283136061, 0.7658709501431263, 0.4298174045096717, 0.002163852687074297, 0.04632158279665798, 0.2539714041451428, 0.884028089762244, 0.06050396243207965, 0.3502571371814244, 0.6408957681158658, 0.42532718239979217, 0.8727779494930802, 0.2858658486203178, 0.04442476722696133, 0.7958626646369983]
APTIDAO: 
50.13195586530311
GEN: 3700
Individuo: 
[1.5154010831284714, 1.7303279978539845, 3.3912554386305254, 0.6195941150070223, 0.9120153567603092, 0.03341677812603355, 0.6729360071577044, 0.13234170410918145, 0.26982174976256085, 1.1778943322777122, 0.9142238970987016, 0.9843717443265975, 0.751414531145045, 0.18971066411344406, 0.5796955714740583, 0.7425854527647099, 0.8882975604099017, 0.7658709501431263, 0.43927262858260485, 0.016179427581744482, 0.04632158279665798, 0.2539714041451428, 0.884028089762244, 0.46671908461110484, 0.3502571371814244, 0.6408957681158658, 0.42532718239979217, 0.8727779494930802, 0.25761035026918017, 0.04442476722696133, 0.7958626646369983]
APTIDAO: 
49.240166841785744
GEN: 3800
Individuo: 
[1.5689866537206392, 1.0310992472971425, 1.8311120673173533, 0.8034608164537415, 0.9120153567603092, 0.03341677812603355, 0.6729360071577044, 0.13234170410918145, 0.26982174976256085, 1.1778943322777122, 0.9142238970987016, 0.9843717443265975, 0.751414531145045, 0.18971066411344406, 0.5796955714740583, 0.7425854527647099, 0.8947380512886401, 0.7658709501431263, 0.43927262858260485, 0.003466497102372504, 0.04632158279665798, 0.2539714041451428, 0.884028089762244, 0.5081015196648702, 0.3502571371814244, 0.6408957681158658, 0.4242481221720278, 0.8727779494930802, 0.25761035026918017, 0.04442476722696133, 0.7958626646369983]
APTIDAO: 
49.824234791531396
GEN: 3900
Individuo: 
[1.5689866537206392, 1.5955747491447494, 2.461821211554678, 0.3644223258635801, 0.9120153567603092, 0.03341677812603355, 0.6729360071577044, 0.13234170410918145, 0.26982174976256085, 1.1778943322777122, 0.9142238970987016, 0.9843717443265975, 0.751414531145045, 0.18971066411344406, 0.5881959138392675, 0.7425854527647099, 0.8783910879819018, 0.7658709501431263, 0.43927262858260485, 0.013803833774859352, 0.047103713885352116, 0.2539714041451428, 0.884028089762244, 0.6800108759264095, 0.3502571371814244, 0.6408957681158658, 0.4242481221720278, 0.8727779494930802, 0.25761035026918017, 0.04442476722696133, 0.7958626646369983]
APTIDAO: 
49.21039939323506
GEN: 4000
Individuo: 
[1.5689866537206392, 1.8137430767783749, 4.173684647674609, 0.3644223258635801, 0.9120153567603092, 0.03341677812603355, 0.6729360071577044, 0.13234170410918145, 0.26982174976256085, 1.1778943322777122, 0.926013762519226, 0.9843717443265975, 0.751414531145045, 0.18971066411344406, 0.3869418731195616, 0.7425854527647099, 0.8783910879819018, 0.7658709501431263, 0.43927262858260485, 0.0032120782052858874, 0.047103713885352116, 0.2539714041451428, 0.884028089762244, 0.5812926921002275, 0.36425166674950393, 0.6408957681158658, 0.4231374458112965, 0.8707190732121406, 0.25761035026918017, 0.04442476722696133, 0.7958626646369983]
APTIDAO: 
50.013938853515775
GEN: 4100
Individuo: 
[1.2822853689136542, 1.5874882711861436, 2.475622001059609, 0.5441712150196572, 0.9120153567603092, 0.03341677812603355, 0.6729360071577044, 0.13234170410918145, 0.26982174976256085, 1.1778943322777122, 0.926013762519226, 0.9843717443265975, 0.751414531145045, 0.18971066411344406, 0.45803628878010166, 0.7425854527647099, 0.8081691397916906, 0.7658709501431263, 0.43927262858260485, 0.012645898637653249, 0.047103713885352116, 0.2539714041451428, 0.8563535751235711, 0.07925694690410641, 0.3527163757945127, 0.5698872370623371, 0.4231374458112965, 0.8707190732121406, 0.25761035026918017, 0.04442476722696133, 0.7958626646369983]
APTIDAO: 
49.139035761018285
GEN: 4200
Individuo: 
[1.2822853689136542, 1.9077285890443543, 3.658522122311854, 0.5808821523806882, 0.9120153567603092, 0.03341677812603355, 0.6729360071577044, 0.12181375522625687, 0.26982174976256085, 1.1778943322777122, 0.926013762519226, 0.9843717443265975, 0.751414531145045, 0.18971066411344406, 0.45803628878010166, 0.7425854527647099, 0.9788009723369101, 0.7811349285456914, 0.43927262858260485, 0.0016776408114120118, 0.047103713885352116, 0.2539714041451428, 0.8563535751235711, 0.1279316944893877, 0.3527163757945127, 0.5887892063993676, 0.4231374458112965, 0.8707190732121406, 0.25761035026918017, 0.04442476722696133, 0.7958626646369983]
APTIDAO: 
49.58365278851324
GEN: 4300
Individuo: 
[2.0405321397688545, 1.9077285890443543, 2.4564318523329463, 0.5808821523806882, 0.9120153567603092, 0.03341677812603355, 0.6729360071577044, 0.12181375522625687, 0.26982174976256085, 1.1778943322777122, 0.926013762519226, 0.9843717443265975, 0.751414531145045, 0.18971066411344406, 0.2876368578703144, 0.8080451650785021, 0.4776578774232573, 0.7811349285456914, 0.43927262858260485, 0.0021826325830793802, 0.047103713885352116, 0.45854444948827106, 0.8563535751235711, 0.020900349816322484, 0.3731517795656473, 0.002831841257862621, 0.4231374458112965, 0.8707190732121406, 0.25761035026918017, 0.04442476722696133, 0.9253685199876235]
APTIDAO: 
49.5372062746352
GEN: 4400
Individuo: 
[1.4068777893074067, 1.9077285890443543, 2.4564318523329463, 0.5808821523806882, 0.9120153567603092, 0.03341677812603355, 0.6729360071577044, 0.12181375522625687, 0.26982174976256085, 1.1778943322777122, 0.926013762519226, 0.9843717443265975, 0.751414531145045, 0.18971066411344406, 0.2876368578703144, 0.8080451650785021, 0.4776578774232573, 0.7811349285456914, 0.43927262858260485, 0.01603553285785254, 0.04696260915853255, 0.45854444948827106, 0.858231202798418, 0.00932491635710364, 0.3731517795656473, 0.003969823175650745, 0.4231374458112965, 0.8707190732121406, 0.25761035026918017, 0.04442476722696133, 0.9253685199876235]
APTIDAO: 
48.98079708379536
GEN: 4500
Individuo: 
[1.4068777893074067, 2.059548839937975, 2.6014959914915563, 0.5808821523806882, 0.9120153567603092, 0.03341677812603355, 0.6729360071577044, 0.12181375522625687, 0.26982174976256085, 1.202694316430235, 0.926013762519226, 0.9843717443265975, 0.751414531145045, 0.18971066411344406, 0.2876368578703144, 0.8080451650785021, 0.4776578774232573, 0.7811349285456914, 0.43927262858260485, 0.042571279135816285, 0.04696260915853255, 0.45854444948827106, 0.858231202798418, 0.012218540339916035, 0.3731517795656473, 0.006599467972922157, 0.4231374458112965, 0.8707190732121406, 0.25761035026918017, 0.04442476722696133, 0.9253685199876235]
APTIDAO: 
49.04228751050612
GEN: 4600
Individuo: 
[1.0315051704082856, 2.059548839937975, 2.6014959914915563, 0.5808821523806882, 0.9120153567603092, 0.03341677812603355, 0.6729360071577044, 0.12181375522625687, 0.26982174976256085, 1.202694316430235, 0.9408624564285756, 0.9843717443265975, 0.751414531145045, 0.18971066411344406, 0.2876368578703144, 0.8080451650785021, 0.4776578774232573, 0.7811349285456914, 0.43927262858260485, 0.04454785867459259, 0.04696260915853255, 0.45854444948827106, 0.858231202798418, 0.0074643761414210155, 0.3731517795656473, 0.01826388524241144, 0.4231374458112965, 0.8707190732121406, 0.25761035026918017, 0.04442476722696133, 0.9253685199876235]
APTIDAO: 
49.32349764166258
GEN: 4700
Individuo: 
[1.9579334626172618, 1.6347512891430092, 2.9687672573807897, 0.28177357471379405, 0.9120153567603092, 0.03341677812603355, 0.6729360071577044, 0.12181375522625687, 0.26982174976256085, 1.202694316430235, 0.9518719098300589, 0.9843717443265975, 0.751414531145045, 0.18971066411344406, 0.301963841913364, 0.8080451650785021, 0.4776578774232573, 0.7811349285456914, 0.43927262858260485, 0.01979853163028487, 0.0469334679587148, 0.45854444948827106, 0.858231202798418, 0.09048123979418687, 0.3731517795656473, 0.01943492561788639, 0.4231374458112965, 0.8707190732121406, 0.25761035026918017, 0.04442476722696133, 0.9253685199876235]
APTIDAO: 
49.41522888102099
GEN: 4800
Individuo: 
[1.4658343230281392, 2.183495886797471, 2.9687672573807897, 0.31207984775147685, 0.9120153567603092, 0.03341677812603355, 0.6729360071577044, 0.12181375522625687, 0.26982174976256085, 1.202694316430235, 0.9727370681573613, 0.9843717443265975, 0.751414531145045, 0.18971066411344406, 0.2876368578703144, 0.8080451650785021, 0.4776578774232573, 0.7811349285456914, 0.43927262858260485, 0.01630262855423998, 0.0469334679587148, 0.45854444948827106, 0.858231202798418, 0.02664969696348944, 0.3731517795656473, 0.002967691618822654, 0.4231374458112965, 0.8707190732121406, 0.25761035026918017, 0.04442476722696133, 0.9253685199876235]
APTIDAO: 
48.89139602817976
GEN: 4900
Individuo: 
[1.4658343230281392, 1.813328869312793, 2.947294652609943, 0.5356370765034231, 0.9120153567603092, 0.03341677812603355, 0.6729360071577044, 0.12181375522625687, 0.26982174976256085, 1.202694316430235, 0.9727370681573613, 0.9843717443265975, 0.751414531145045, 0.18971066411344406, 0.2876368578703144, 0.8080451650785021, 0.4776578774232573, 0.7841142235181747, 0.43927262858260485, 0.020499871839484686, 0.0469334679587148, 0.45854444948827106, 0.858231202798418, 0.06458957926167332, 0.3731517795656473, 0.015033620300600124, 0.4231374458112965, 0.8707190732121406, 0.25761035026918017, 0.04442476722696133, 0.9253685199876235]
APTIDAO: 
49.12643594817393
GEN: 5000
Individuo: 
[1.4658343230281392, 1.813328869312793, 2.947294652609943, 0.5356370765034231, 0.9120153567603092, 0.032367348184732185, 0.6729360071577044, 0.13180323046950843, 0.26982174976256085, 1.202694316430235, 0.9727370681573613, 0.9843717443265975, 0.751414531145045, 0.18971066411344406, 0.3030715900565784, 0.8080451650785021, 0.4776578774232573, 0.7841142235181747, 0.43927262858260485, 0.01755577204768021, 0.048079506747413105, 0.45854444948827106, 0.858231202798418, 0.24962899445298556, 0.3731517795656473, 0.0804386618122354, 0.4231374458112965, 0.8707190732121406, 0.25761035026918017, 0.04442476722696133, 0.9253685199876235]
APTIDAO: 
49.1581614244353
GEN: 5100
Individuo: 
[1.2279252248510109, 1.813328869312793, 2.947294652609943, 0.5356370765034231, 0.9120153567603092, 0.032367348184732185, 0.6729360071577044, 0.13180323046950843, 0.26982174976256085, 1.202694316430235, 0.9727370681573613, 0.9843717443265975, 0.751414531145045, 0.19883308663451046, 0.29140043953932376, 0.8346066226863383, 0.4776578774232573, 0.7663416937780697, 0.4548664955756284, 0.036543694309890025, 0.048079506747413105, 0.45854444948827106, 0.858231202798418, 0.003423805994332334, 0.3731517795656473, 0.0804386618122354, 0.4231374458112965, 0.8707190732121406, 0.25761035026918017, 0.04442476722696133, 0.9253685199876235]
APTIDAO: 
50.36569151537715
GEN: 5200
Individuo: 
[1.4678257367964669, 1.813328869312793, 2.947294652609943, 0.5356370765034231, 0.9120153567603092, 0.03971213659627702, 0.6729360071577044, 0.13180323046950843, 0.26982174976256085, 1.202694316430235, 0.9727370681573613, 0.9843717443265975, 0.751414531145045, 0.19883308663451046, 0.29140043953932376, 0.8346066226863383, 0.5350041670767537, 0.787178050357601, 0.4548664955756284, 0.018482116320308998, 0.048079506747413105, 0.45854444948827106, 0.858231202798418, 0.0013136441522931571, 0.3731517795656473, 0.0804386618122354, 0.4231374458112965, 0.8707190732121406, 0.25761035026918017, 0.04442476722696133, 0.9440508420198654]
APTIDAO: 
49.24386170762808
GEN: 5300
Individuo: 
[1.4678257367964669, 1.6177131046215627, 2.85353718932268, 0.39718740220333837, 0.9120153567603092, 0.03971213659627702, 0.6729360071577044, 0.13180323046950843, 0.26982174976256085, 1.202694316430235, 0.9727370681573613, 0.9843717443265975, 0.751414531145045, 0.19883308663451046, 0.29140043953932376, 0.8346066226863383, 0.5350041670767537, 0.7663416937780697, 0.4548664955756284, 0.00982336878564144, 0.04806633214515434, 0.45854444948827106, 0.8659054420976205, 0.0010610217983982324, 0.3731517795656473, 0.13319329611796243, 0.4231374458112965, 0.8707190732121406, 0.25867453862766615, 0.04442476722696133, 0.9440508420198654]
APTIDAO: 
49.309081727971936
GEN: 5400
Individuo: 
[1.417858362337377, 2.0167945053186793, 2.85353718932268, 0.39718740220333837, 0.9120153567603092, 0.03971213659627702, 0.6729360071577044, 0.13180323046950843, 0.26982174976256085, 1.202694316430235, 0.9727370681573613, 0.9843717443265975, 0.751414531145045, 0.19883308663451046, 0.3534240811535267, 0.8346066226863383, 0.5346366244229727, 0.7663416937780697, 0.4548664955756284, 0.01853948932616655, 0.04806633214515434, 0.4656515431145217, 0.8659054420976205, 0.0017475500881543782, 0.3731517795656473, 0.07711317075873193, 0.39209015126046304, 0.8707190732121406, 0.25867453862766615, 0.04442476722696133, 0.9734849235150465]
APTIDAO: 
49.04543576729286
GEN: 5500
Individuo: 
[1.417858362337377, 1.9728309950284284, 2.85353718932268, 0.4857365875526559, 0.9120153567603092, 0.03971213659627702, 0.6729360071577044, 0.13180323046950843, 0.26982174976256085, 1.202694316430235, 0.9727370681573613, 0.9843717443265975, 0.751414531145045, 0.19883308663451046, 0.3534240811535267, 0.8346066226863383, 0.5346366244229727, 0.8002039009817662, 0.4548664955756284, 0.022423384422795508, 0.04806633214515434, 0.4656515431145217, 0.8659054420976205, 0.007826389555602439, 0.3731517795656473, 0.07711317075873193, 0.39209015126046304, 0.8982051912359066, 0.25867453862766615, 0.04442476722696133, 0.9734849235150465]
APTIDAO: 
48.986121976525865
GEN: 5600
Individuo: 
[1.417858362337377, 1.9134415787813304, 2.778686738198737, 0.45533888584225646, 0.8940685259051422, 0.03971213659627702, 0.67742912162801, 0.09355515084754275, 0.26982174976256085, 1.202694316430235, 0.9727370681573613, 0.9843717443265975, 0.751414531145045, 0.19883308663451046, 0.28946584803547687, 0.8346066226863383, 0.8850282974040887, 0.8002039009817662, 0.4548664955756284, 0.004278912751343896, 0.04806633214515434, 0.4656515431145217, 0.8659054420976205, 0.026795235048717083, 0.3731517795656473, 0.07711317075873193, 0.39209015126046304, 0.8982051912359066, 0.25867453862766615, 0.04442476722696133, 0.9734849235150465]
APTIDAO: 
48.89146008002691
GEN: 5700
Individuo: 
[1.4525761987829489, 1.9134415787813304, 2.778686738198737, 0.3884230572385268, 0.8940685259051422, 0.03971213659627702, 0.67742912162801, 0.09355515084754275, 0.26982174976256085, 1.202694316430235, 0.9727370681573613, 0.9843717443265975, 0.7420024704304619, 0.19883308663451046, 0.3458655549473665, 0.8346066226863383, 0.8850282974040887, 0.591475199805201, 0.4548664955756284, 0.00268260420501092, 0.04806633214515434, 0.4656515431145217, 0.8659054420976205, 0.1388294389401917, 0.3731517795656473, 0.06096873916477351, 0.2752647019905692, 0.8982051912359066, 0.25867453862766615, 0.04442476722696133, 0.9734849235150465]
APTIDAO: 
48.74000104934661
GEN: 5800
Individuo: 
[1.4525761987829489, 1.9134415787813304, 2.7972744925824404, 0.46012700685240243, 0.8940685259051422, 0.03971213659627702, 0.67742912162801, 0.09355515084754275, 0.26982174976256085, 1.202694316430235, 0.9727370681573613, 0.9843717443265975, 0.7420024704304619, 0.19883308663451046, 0.3458655549473665, 0.8346066226863383, 0.8850282974040887, 0.591475199805201, 0.4548664955756284, 0.0014841579473459808, 0.047649770911742724, 0.4656515431145217, 0.8659054420976205, 0.07282466157698761, 0.3731517795656473, 0.06096873916477351, 0.26534140764346975, 0.8982051912359066, 0.25867453862766615, 0.04442476722696133, 0.9734849235150465]
APTIDAO: 
48.67489702402369
GEN: 5900
Individuo: 
[1.901952528880952, 1.4549948555312824, 2.7972744925824404, 0.3941507503761467, 0.8940685259051422, 0.03971213659627702, 0.67742912162801, 0.09355515084754275, 0.26982174976256085, 1.202694316430235, 0.9727370681573613, 0.9843717443265975, 0.7420024704304619, 0.19883308663451046, 0.3458655549473665, 0.8346066226863383, 0.9220011196005904, 0.591475199805201, 0.4548664955756284, 0.001104011562006196, 0.047649770911742724, 0.4656515431145217, 0.8659054420976205, 0.003174016379882509, 0.3731517795656473, 0.0691045717939469, 0.26534140764346975, 0.8982051912359066, 0.25867453862766615, 0.04442476722696133, 0.9734849235150465]
APTIDAO: 
49.192871536152076
GEN: 6000
Individuo: 
[1.7031041282513046, 1.4549948555312824, 2.787604357407856, 0.2823852110393132, 0.8940685259051422, 0.03971213659627702, 0.67742912162801, 0.10281154078350109, 0.26982174976256085, 1.202694316430235, 0.9727370681573613, 0.9843717443265975, 0.7409133842900986, 0.19883308663451046, 0.3458655549473665, 0.8346066226863383, 0.5137809241652381, 0.6809169906362756, 0.4548664955756284, 0.006091862505238278, 0.047649770911742724, 0.44886163331331075, 0.8659054420976205, 0.0012865926592908056, 0.3731517795656473, 0.0691045717939469, 0.4169815862788519, 0.8982051912359066, 0.25867453862766615, 0.04442476722696133, 0.9794807270136662]
APTIDAO: 
49.241139407927726
GEN: 6100
Individuo: 
[1.6392199112807433, 1.7339001284297888, 3.0423607700575466, 0.3443741490812878, 0.8940685259051422, 0.03971213659627702, 0.67742912162801, 0.1056764892985578, 0.26982174976256085, 1.202694316430235, 0.9251079881752649, 0.9843717443265975, 0.7409133842900986, 0.19883308663451046, 0.3458655549473665, 0.8346066226863383, 0.5137809241652381, 0.6809169906362756, 0.4548664955756284, 0.050087462016411205, 0.047649770911742724, 0.44886163331331075, 0.8659054420976205, 0.003492044978190148, 0.3731517795656473, 0.0691045717939469, 0.4169815862788519, 0.8982051912359066, 0.25867453862766615, 0.04442476722696133, 0.9794807270136662]
APTIDAO: 
49.069722798326865
GEN: 6200
Individuo: 
[1.6501923965675311, 1.7339001284297888, 3.0423607700575466, 0.39264483425369107, 0.8940685259051422, 0.03971213659627702, 0.67742912162801, 0.1056764892985578, 0.26982174976256085, 1.202694316430235, 0.9251079881752649, 0.9843717443265975, 0.7409133842900986, 0.19883308663451046, 0.3458655549473665, 0.8346066226863383, 0.5137809241652381, 0.6809169906362756, 0.4548664955756284, 0.050087462016411205, 0.047649770911742724, 0.44886163331331075, 0.8659054420976205, 0.003492044978190148, 0.3731517795656473, 0.09859285620341919, 0.4169815862788519, 0.8982051912359066, 0.25741878467729545, 0.04442476722696133, 0.9794807270136662]
APTIDAO: 
49.05690998088046
GEN: 6300
Individuo: 
[1.6501923965675311, 1.7339001284297888, 2.5853798170743643, 0.2582733515372855, 0.8940685259051422, 0.03971213659627702, 0.67742912162801, 0.17561654861144751, 0.26982174976256085, 1.202694316430235, 1.066192711386701, 0.9843717443265975, 0.7409133842900986, 0.19883308663451046, 0.3458655549473665, 0.8346066226863383, 0.5137809241652381, 0.7991834138689321, 0.4548664955756284, 0.050087462016411205, 0.047649770911742724, 0.44886163331331075, 0.8659054420976205, 0.003224815307130399, 0.3731517795656473, 0.21179366892290824, 0.3605793335477796, 0.8454765128486886, 0.25741878467729545, 0.04442476722696133, 0.9728928324219781]
APTIDAO: 
48.968821962392234
GEN: 6400
Individuo: 
[1.6501923965675311, 1.7339001284297888, 2.5853798170743643, 0.4418078268513893, 0.8940685259051422, 0.03971213659627702, 0.6768772081466236, 0.17561654861144751, 0.26982174976256085, 1.202694316430235, 1.3528160159636518, 0.9843717443265975, 0.7409133842900986, 0.19883308663451046, 0.3458655549473665, 0.8346066226863383, 0.5300180902380472, 0.7991834138689321, 0.4548664955756284, 0.07154836084624268, 0.047649770911742724, 0.44886163331331075, 0.8659054420976205, 0.0016417950469546161, 0.3731517795656473, 0.21179366892290824, 0.3605793335477796, 0.8454765128486886, 0.3744667912062252, 0.04442476722696133, 0.9728928324219781]
APTIDAO: 
48.813547847080734
GEN: 6500
Individuo: 
[1.6501923965675311, 1.7339001284297888, 3.655114529446802, 0.4418078268513893, 0.8940685259051422, 0.03971213659627702, 0.6768772081466236, 0.17561654861144751, 0.26966660533248904, 1.202694316430235, 1.3528160159636518, 0.9843717443265975, 0.7409133842900986, 0.19883308663451046, 0.3458655549473665, 0.8346066226863383, 0.5300180902380472, 0.7991834138689321, 0.4548664955756284, 0.016769906432205897, 0.047649770911742724, 0.44886163331331075, 0.8659054420976205, 0.003887011015947702, 0.3731517795656473, 0.1781730997714383, 0.3605793335477796, 0.8454765128486886, 0.3744667912062252, 0.04442476722696133, 0.9728928324219781]
APTIDAO: 
49.507671750255234
GEN: 6600
Individuo: 
[1.6501923965675311, 1.7339001284297888, 2.64166578886032, 0.575233903501668, 0.8940685259051422, 0.03971213659627702, 0.6768772081466236, 0.17795351997375894, 0.26966660533248904, 1.202694316430235, 1.3528160159636518, 0.9843717443265975, 0.7409133842900986, 0.19883308663451046, 0.3458655549473665, 0.8776235887327885, 0.8412315948621385, 0.7163142435601504, 0.4548664955756284, 0.09675056662455536, 0.047649770911742724, 0.44886163331331075, 0.8659054420976205, 0.005820307470681938, 0.3731517795656473, 0.7586287978776436, 0.3605793335477796, 0.8454765128486886, 0.4364950304328992, 0.04442476722696133, 0.9728928324219781]
APTIDAO: 
49.29470352147259
GEN: 6700
Individuo: 
[1.6501923965675311, 1.7339001284297888, 2.64166578886032, 0.3841879242820568, 0.8940685259051422, 0.03971213659627702, 0.7316699032658871, 0.17795351997375894, 0.26966660533248904, 1.202694316430235, 1.3528160159636518, 0.9843717443265975, 0.512320393363569, 0.19883308663451046, 0.8484305204280047, 0.7996274100066247, 0.7518322115204977, 0.7163142435601504, 0.4548664955756284, 0.08316294811167693, 0.04546972290086875, 0.8269525805597314, 0.8659054420976205, 0.005820307470681938, 0.319019285252689, 0.757586557261593, 0.3605793335477796, 0.8732250508818649, 0.4364950304328992, 0.04442476722696133, 0.9143676397327084]
APTIDAO: 
49.07658128434679
GEN: 6800
Individuo: 
[1.1947952863823954, 1.7339001284297888, 2.7064314835546734, 0.34838931003621976, 0.8679986361419626, 0.03971213659627702, 0.6768772081466236, 0.17795351997375894, 0.26259994967536754, 1.202694316430235, 1.3259343384317441, 0.9843717443265975, 0.512320393363569, 0.19883308663451046, 0.3458655549473665, 0.7996274100066247, 0.7518322115204977, 0.7079079261550126, 0.4548664955756284, 0.3493405464494496, 0.03846973239718927, 0.9227123686819668, 0.8659054420976205, 0.04534302365551212, 0.3731517795656473, 0.7814259360986031, 0.3605793335477796, 0.8413195964380535, 0.5104077525234817, 0.04442476722696133, 0.7969152297079928]
APTIDAO: 
48.28100321862824
GEN: 6900
Individuo: 
[1.2950524077675212, 1.7339001284297888, 2.605804463097498, 0.24364550345447128, 0.8679986361419626, 0.03971213659627702, 0.6768772081466236, 0.17795351997375894, 0.26259994967536754, 1.202694316430235, 1.3259343384317441, 0.9843717443265975, 0.512320393363569, 0.19883308663451046, 0.3458655549473665, 0.7996274100066247, 0.7688362776210597, 0.7079079261550126, 0.45859177661210193, 0.3493405464494496, 0.03846973239718927, 0.9227123686819668, 0.8861407649685765, 0.19150340637624003, 0.3731517795656473, 0.7814259360986031, 0.3605793335477796, 0.8413195964380535, 0.5104077525234817, 0.044106349922709454, 0.7969152297079928]
APTIDAO: 
48.18318336240891
GEN: 7000
Individuo: 
[1.2950524077675212, 1.7339001284297888, 2.605804463097498, 0.22196084483572542, 0.8678348783516143, 0.03971213659627702, 0.6768772081466236, 0.17795351997375894, 0.26259994967536754, 1.1917287347098242, 1.3259343384317441, 0.9843717443265975, 0.512320393363569, 0.19883308663451046, 0.3458655549473665, 0.7996274100066247, 0.7688362776210597, 0.6631078589811992, 0.45859177661210193, 0.3279128989263556, 0.03846973239718927, 0.9227123686819668, 0.8861407649685765, 0.23752801783974023, 0.3731517795656473, 0.9049853867609237, 0.3605793335477796, 0.8413195964380535, 0.5565976097869428, 0.044106349922709454, 0.7969152297079928]
APTIDAO: 
48.348938358759824
GEN: 7100
Individuo: 
[1.2950524077675212, 1.7339001284297888, 2.605804463097498, 0.24260782951957757, 0.8678348783516143, 0.03728315514729757, 0.6768772081466236, 0.17795351997375894, 0.26259994967536754, 1.1917287347098242, 1.3259343384317441, 0.9843717443265975, 0.512320393363569, 0.19883308663451046, 0.3458655549473665, 0.7996274100066247, 0.7688362776210597, 0.6641564198998509, 0.45859177661210193, 0.3279128989263556, 0.03846973239718927, 0.9227123686819668, 0.8861407649685765, 0.14363731194716092, 0.3731517795656473, 0.9049853867609237, 0.3605793335477796, 0.8413195964380535, 0.5565976097869428, 0.044106349922709454, 0.7969152297079928]
APTIDAO: 
48.306325882504815
GEN: 7200
Individuo: 
[1.2271487776565388, 1.7339001284297888, 2.605804463097498, 0.10549099287962548, 0.8678348783516143, 0.03971213659627702, 0.6768772081466236, 0.18037282835025367, 0.26259994967536754, 1.1917287347098242, 1.4084107601414775, 0.9843717443265975, 0.512320393363569, 0.19883308663451046, 0.3458655549473665, 0.7996274100066247, 0.7767177094715438, 0.6641564198998509, 0.45859177661210193, 0.3585017041212448, 0.03846973239718927, 0.9227123686819668, 0.8861407649685765, 0.18201194363643045, 0.3731517795656473, 0.9049853867609237, 0.35503769919588035, 0.8413195964380535, 0.5851282378258598, 0.044106349922709454, 0.7969152297079928]
APTIDAO: 
48.34038036403415
GEN: 7300
Individuo: 
[1.2254273099919133, 1.7339001284297888, 2.605804463097498, 0.14240736282506483, 0.8678348783516143, 0.03971213659627702, 0.6768772081466236, 0.18037282835025367, 0.26688485488671604, 1.1917287347098242, 1.4084107601414775, 0.9843717443265975, 0.512320393363569, 0.19883308663451046, 0.3458655549473665, 0.7996274100066247, 0.7355693114467039, 0.6641564198998509, 0.45859177661210193, 0.28765292139425575, 0.03846973239718927, 0.9227123686819668, 0.8861407649685765, 0.11165407329204337, 0.36904879870699014, 0.8013545956260307, 0.35503769919588035, 0.8413195964380535, 0.5565976097869428, 0.044106349922709454, 0.7969152297079928]
APTIDAO: 
48.28450620722376
GEN: 7400
Individuo: 
[1.8220321662373988, 1.7339001284297888, 2.8042479720509332, 0.13303697315810623, 0.8678348783516143, 0.03971213659627702, 0.6768772081466236, 0.18037282835025367, 0.26688485488671604, 1.1872983478278982, 1.1854926651252098, 0.9843717443265975, 0.512320393363569, 0.19883308663451046, 0.3458655549473665, 0.7996274100066247, 0.7355693114467039, 0.6641564198998509, 0.45859177661210193, 0.6398081761798691, 0.03846973239718927, 0.9227123686819668, 0.8861407649685765, 0.1044391469958432, 0.36904879870699014, 0.8013545956260307, 0.3554084004006074, 0.8413195964380535, 0.6270186641104976, 0.044106349922709454, 0.7969152297079928]
APTIDAO: 
48.83376684574328
GEN: 7500
Individuo: 
[1.2150366198138023, 1.7339001284297888, 2.8042479720509332, 0.25924498339828084, 0.8678348783516143, 0.03971213659627702, 0.6768772081466236, 0.18037282835025367, 0.26688485488671604, 1.2692017258052055, 1.186463783264757, 0.9843717443265975, 0.512320393363569, 0.19883308663451046, 0.3353775477590244, 0.7996274100066247, 0.7289777138705216, 0.6641564198998509, 0.45859177661210193, 0.6176379922880129, 0.03846973239718927, 0.9227123686819668, 0.8861407649685765, 0.09197080014576807, 0.36904879870699014, 0.8013545956260307, 0.3613443888842132, 0.8756570739024152, 0.4849399481194034, 0.044106349922709454, 0.7969152297079928]
APTIDAO: 
48.24269591205187
GEN: 7600
Individuo: 
[1.2150366198138023, 1.7339001284297888, 2.5767777441577056, 0.25924498339828084, 0.8678348783516143, 0.03971213659627702, 0.6768772081466236, 0.2066440977962734, 0.26688485488671604, 1.2692017258052055, 1.186463783264757, 0.9843717443265975, 0.512320393363569, 0.19883308663451046, 0.3353775477590244, 0.7996274100066247, 0.7289777138705216, 0.6641564198998509, 0.45859177661210193, 0.6176379922880129, 0.03846973239718927, 0.9227123686819668, 0.8861407649685765, 0.09197080014576807, 0.36904879870699014, 0.8013545956260307, 0.31912635833976644, 0.8756570739024152, 0.4849399481194034, 0.044106349922709454, 0.7969152297079928]
APTIDAO: 
48.118481826328626
GEN: 7700
Individuo: 
[1.2150366198138023, 1.7339001284297888, 2.7277445722899385, 0.20590139030624185, 0.8678348783516143, 0.03971213659627702, 0.6768772081466236, 0.2066440977962734, 0.26688485488671604, 1.2692017258052055, 1.186463783264757, 0.9843717443265975, 0.512320393363569, 0.19883308663451046, 0.3353775477590244, 0.7996274100066247, 0.4165687674527108, 0.6641564198998509, 0.45859177661210193, 0.6176379922880129, 0.03846973239718927, 0.9227123686819668, 0.8861407649685765, 0.09197080014576807, 0.36904879870699014, 0.20431929790345643, 0.31912635833976644, 0.8683692582805034, 0.4849399481194034, 0.044106349922709454, 0.7969152297079928]
APTIDAO: 
48.30005448051512
GEN: 7800
Individuo: 
[1.2150366198138023, 1.72493459375929, 2.2868691223252413, 0.3784968199624693, 0.8678348783516143, 0.03971213659627702, 0.6768772081466236, 0.2066440977962734, 0.26688485488671604, 1.2692017258052055, 1.0892533991621087, 0.9843717443265975, 0.512320393363569, 0.19883308663451046, 0.3353775477590244, 0.7996274100066247, 0.3941624506439934, 0.6641564198998509, 0.45859177661210193, 0.8347832253972963, 0.03846973239718927, 0.9227123686819668, 0.8861407649685765, 0.08940283555436267, 0.36904879870699014, 0.19570273229509938, 0.31912635833976644, 0.9771012317224211, 0.662872193243416, 0.044106349922709454, 0.7870227010542535]
APTIDAO: 
48.45830762394454
GEN: 7900
Individuo: 
[1.2150366198138023, 1.72493459375929, 2.4131853887884662, 0.3784968199624693, 0.8678348783516143, 0.04962248893182664, 0.6803833112254825, 0.20268396092957733, 0.26688485488671604, 1.2440834701453294, 1.0892533991621087, 0.9843717443265975, 0.512320393363569, 0.19883308663451046, 0.35469499156237405, 0.7996274100066247, 0.3941624506439934, 0.6641564198998509, 0.45859177661210193, 0.6176379922880129, 0.03846973239718927, 0.9314262196868802, 0.8861407649685765, 0.8185074662101703, 0.36904879870699014, 0.09114985600334916, 0.31912635833976644, 0.9771012317224211, 0.7473286682175359, 0.044106349922709454, 0.7545787573134846]
APTIDAO: 
49.28613291264192
GEN: 8000
Individuo: 
[1.2150366198138023, 1.72493459375929, 2.951870568666325, 0.20899822335333154, 0.8678348783516143, 0.04962248893182664, 0.6803833112254825, 0.1844349318632389, 0.26688485488671604, 1.2440834701453294, 1.1509636354401604, 0.9843717443265975, 0.512320393363569, 0.19883308663451046, 0.35469499156237405, 0.7996274100066247, 0.3941624506439934, 0.6641564198998509, 0.45859177661210193, 0.6176379922880129, 0.03846973239718927, 0.9314262196868802, 0.9066422951808781, 0.8726659867977337, 0.36904879870699014, 0.08972111359658841, 0.31912635833976644, 0.9819770684259813, 0.7473286682175359, 0.044106349922709454, 0.7609613948992865]
APTIDAO: 
48.71530841523447
GEN: 8100
Individuo: 
[1.2150366198138023, 1.72493459375929, 2.408165366724288, 0.22557194263675862, 0.8678348783516143, 0.04962248893182664, 0.6803833112254825, 0.1844349318632389, 0.26688485488671604, 1.2440834701453294, 1.0236776720328877, 0.9843717443265975, 0.512320393363569, 0.19883308663451046, 0.35469499156237405, 0.8419340032224903, 0.3941624506439934, 0.6585825607815489, 0.45859177661210193, 0.6768936176440213, 0.03846973239718927, 0.9100760572092159, 0.9066422951808781, 0.604570473478473, 0.36904879870699014, 0.0029534306154073006, 0.3098711271828461, 0.9819770684259813, 0.7263644740970538, 0.044106349922709454, 0.7502814267647392]
APTIDAO: 
49.39255532531468
GEN: 8200
Individuo: 
[1.5771937123801685, 1.72493459375929, 2.408165366724288, 0.3539212951549502, 0.8678348783516143, 0.04962248893182664, 0.6803833112254825, 0.1844349318632389, 0.26688485488671604, 1.2440834701453294, 1.0236776720328877, 0.9843717443265975, 0.512320393363569, 0.19883308663451046, 0.35469499156237405, 0.8419340032224903, 0.3941624506439934, 0.6585825607815489, 0.45859177661210193, 0.7429061169622134, 0.03846973239718927, 0.9100760572092159, 0.9066422951808781, 0.5881238403018073, 0.36904879870699014, 0.0263881860747288, 0.3098711271828461, 0.9819770684259813, 0.7263644740970538, 0.044106349922709454, 0.7502814267647392]
APTIDAO: 
49.00042034465214
GEN: 8300
Individuo: 
[1.78127108281127, 1.72493459375929, 2.3468244454698888, 0.22823906923111245, 0.8678348783516143, 0.04962248893182664, 0.6803833112254825, 0.1844349318632389, 0.26688485488671604, 1.2440834701453294, 1.0236776720328877, 0.9843717443265975, 0.512320393363569, 0.19883308663451046, 0.35469499156237405, 0.8419340032224903, 0.3941624506439934, 0.7596419741282573, 0.45859177661210193, 0.843384179015638, 0.03846973239718927, 0.9100760572092159, 0.9158148139526816, 0.4900808342928429, 0.36904879870699014, 0.0030897176382259956, 0.3098711271828461, 0.9819770684259813, 0.7263644740970538, 0.044106349922709454, 0.7502814267647392]
APTIDAO: 
48.909277766040574
GEN: 8400
Individuo: 
[1.04727409296625, 2.0261330692275736, 2.416973536845768, 0.3717441735541711, 0.8678348783516143, 0.17058863774331148, 0.6803833112254825, 0.2009193782417222, 0.2797920867741643, 1.2440834701453294, 1.2537350165903223, 0.9843717443265975, 0.512320393363569, 0.2113221113964953, 0.11826767185744012, 0.8419340032224903, 0.3941624506439934, 0.7596419741282573, 0.4699002263854753, 0.6646749840646023, 0.03846973239718927, 0.9216569173669771, 0.9158148139526816, 0.45474109581565036, 0.36904879870699014, 0.01375194338193034, 0.3098711271828461, 0.9522193663929055, 0.7263644740970538, 0.044106349922709454, 0.7699412677551074]
APTIDAO: 
48.00800981009283
GEN: 8500
Individuo: 
[1.04727409296625, 2.6518135118064454, 2.8354323094152134, 0.19316714087698875, 0.8678348783516143, 0.17058863774331148, 0.6803833112254825, 0.2009193782417222, 0.26688485488671604, 1.2440834701453294, 1.2537350165903223, 0.9843717443265975, 0.512320393363569, 0.2113221113964953, 0.11826767185744012, 0.8419340032224903, 0.30794697561399403, 0.7596419741282573, 0.4699002263854753, 0.6646749840646023, 0.03846973239718927, 0.9216569173669771, 0.9158148139526816, 0.45474109581565036, 0.37351582922602683, 0.005983322052570377, 0.34480365362828513, 0.9035644131314283, 0.5931416742490058, 0.044106349922709454, 0.7699412677551074]
APTIDAO: 
47.78832025637734
GEN: 8600
Individuo: 
[1.1097877707671953, 2.4568655076296952, 3.242997391429553, 0.3515966990485395, 0.8678348783516143, 0.17058863774331148, 0.6803833112254825, 0.2009193782417222, 0.26688485488671604, 1.2084728175132757, 1.2537350165903223, 0.9843717443265975, 0.512320393363569, 0.2113221113964953, 0.13539027885210278, 0.8419340032224903, 0.30794697561399403, 0.7596419741282573, 0.4699002263854753, 0.5643345739132187, 0.03717040342755506, 0.8411451826019919, 0.9158148139526816, 0.4116369612328765, 0.37351582922602683, 0.024795035359998642, 0.34480365362828513, 0.9035644131314283, 0.6069968092049469, 0.044106349922709454, 0.7211864506154394]
APTIDAO: 
48.0988210095501
GEN: 8700
Individuo: 
[0.3724038220087707, 2.41839871622778, 1.9406099424402028, 0.5090766431749083, 0.8678348783516143, 0.17058863774331148, 0.6803833112254825, 0.10017360968893045, 0.2791999138450884, 1.2084728175132757, 1.4579385954050357, 0.9843717443265975, 0.512320393363569, 0.2113221113964953, 0.11483219211550115, 0.8419340032224903, 0.30794697561399403, 0.40549390141834596, 0.4699002263854753, 0.6695216361115318, 0.03717040342755506, 0.8411451826019919, 0.9158148139526816, 0.49074716243558797, 0.37351582922602683, 0.5011373001342431, 0.34480365362828513, 0.9035644131314283, 0.8155832392967042, 0.044106349922709454, 0.6445782332881449]
APTIDAO: 
49.904061323689604
GEN: 8800
Individuo: 
[0.13542794095085917, 2.4264960206258275, 3.0105207537010856, 0.5090766431749083, 0.8678348783516143, 0.1713642176426589, 0.6803833112254825, 0.11524166977975174, 0.2791999138450884, 1.0927992433430924, 1.4579385954050357, 0.9843717443265975, 0.512320393363569, 0.2113221113964953, 0.11483219211550115, 0.8419340032224903, 0.30794697561399403, 0.39620542011318793, 0.4699002263854753, 0.24444578463926395, 0.03717040342755506, 0.8411451826019919, 0.9158148139526816, 0.49074716243558797, 0.37351582922602683, 0.779503654617466, 0.34480365362828513, 0.9271488632677284, 0.8155832392967042, 0.044106349922709454, 0.6445782332881449]
APTIDAO: 
50.82270198885581
GEN: 8900
Individuo: 
[0.38274798012295125, 1.6708189974824592, 1.9662910823881756, 0.5090766431749083, 0.8678348783516143, 0.1713642176426589, 0.6803833112254825, 0.07337993127586047, 0.2791999138450884, 1.1187765796652562, 1.4790285213797532, 0.9843717443265975, 0.512320393363569, 0.2113221113964953, 0.11483219211550115, 0.5461182918211265, 0.3231313882324537, 0.39620542011318793, 0.4699002263854753, 0.20060964908187384, 0.03717040342755506, 0.9198460282262543, 0.5818767327866093, 0.0027225876654466247, 0.37351582922602683, 0.6354939256213031, 0.34480365362828513, 0.9271488632677284, 0.764159815977211, 0.044106349922709454, 0.636831297359585]
APTIDAO: 
48.34088941101387
GEN: 9000
Individuo: 
[0.5033811890237624, 1.6708189974824592, 2.6390292575271816, 0.39141619679052575, 0.8678348783516143, 0.1713642176426589, 0.6803833112254825, 0.01401937758965767, 0.2791999138450884, 1.1187765796652562, 1.4719616589107738, 0.9843717443265975, 0.512320393363569, 0.2113221113964953, 0.11483219211550115, 0.5461182918211265, 0.3453726278323619, 0.0910685971059581, 0.5929464505382952, 0.2414158997259678, 0.03717040342755506, 0.9198460282262543, 0.5818767327866093, 0.01681402555471164, 0.37351582922602683, 0.7210808214904378, 0.052684574691284757, 0.9271488632677284, 0.5379774312920359, 0.044106349922709454, 0.636831297359585]
APTIDAO: 
45.9471766561607
GEN: 9100
Individuo: 
[0.5018056193500302, 1.5642316428779093, 2.6390292575271816, 0.36938890854030065, 0.8678348783516143, 0.1713642176426589, 0.6803833112254825, 0.014064515739399791, 0.2814664101007979, 1.1187765796652562, 1.2636575346926753, 0.9843717443265975, 0.512320393363569, 0.2113221113964953, 0.11483219211550115, 0.5461182918211265, 0.001321181563738648, 0.0910685971059581, 0.5929464505382952, 0.5642946004365764, 0.03717040342755506, 0.9276234793567726, 0.5818767327866093, 0.00909558297811918, 0.37351582922602683, 0.8080372819095754, 0.052684574691284757, 0.9271488632677284, 0.5379774312920359, 0.044106349922709454, 0.636831297359585]
APTIDAO: 
45.7039522198249
GEN: 9200
Individuo: 
[0.5018056193500302, 1.5642316428779093, 2.6390292575271816, 0.36938890854030065, 0.8678348783516143, 0.16919343927150066, 0.6803833112254825, 0.010140127124682957, 0.2814664101007979, 1.1187765796652562, 1.2636575346926753, 0.9843717443265975, 0.512320393363569, 0.2113221113964953, 0.11483219211550115, 0.5461182918211265, 0.0031818895394347024, 0.0910685971059581, 0.5929464505382952, 0.5642946004365764, 0.03717040342755506, 0.9276234793567726, 0.5818767327866093, 0.001080091629897579, 0.37351582922602683, 0.9215168734389385, 0.052684574691284757, 0.9271488632677284, 0.5379774312920359, 0.044106349922709454, 0.636831297359585]
APTIDAO: 
45.68970024572012
GEN: 9300
Individuo: 
[0.5018056193500302, 1.5642316428779093, 1.8614275762596961, 0.39122022733476214, 0.8678348783516143, 0.16919343927150066, 0.6803833112254825, 0.010155961666402046, 0.2814664101007979, 1.1187765796652562, 1.2636575346926753, 0.9843717443265975, 0.512320393363569, 0.2113221113964953, 0.11333115906641723, 0.5461182918211265, 0.0015245339021431443, 0.08785443503499557, 0.5891971426784476, 0.5642946004365764, 0.03717040342755506, 0.9276234793567726, 0.5818767327866093, 0.0027980648476633304, 0.37351582922602683, 0.9215168734389385, 0.052684574691284757, 0.9271488632677284, 0.5379774312920359, 0.044106349922709454, 0.636831297359585]
APTIDAO: 
45.80995442067672
GEN: 9400
Individuo: 
[0.5018056193500302, 1.5642316428779093, 2.407254194799612, 0.3460896648287342, 0.8678348783516143, 0.16919343927150066, 0.6803833112254825, 0.013283692201384355, 0.2814664101007979, 1.1369269469513958, 1.3345063991189456, 0.9843717443265975, 0.512320393363569, 0.2113221113964953, 0.11333115906641723, 0.5461182918211265, 0.004646374144655168, 0.08785443503499557, 0.5891971426784476, 0.7595326621488516, 0.03717040342755506, 0.9276234793567726, 0.5818767327866093, 0.0017550977198171574, 0.37351582922602683, 0.7177096650975124, 0.052684574691284757, 0.8957612479461275, 0.5578387705299251, 0.044106349922709454, 0.628549984481543]
APTIDAO: 
45.61096498915794
GEN: 9500
Individuo: 
[0.23030061445870395, 1.5642316428779093, 2.407254194799612, 0.5473035568990893, 0.8678348783516143, 0.16919343927150066, 0.6803833112254825, 0.021980098576732353, 0.2814664101007979, 1.1369269469513958, 1.3345063991189456, 0.9843717443265975, 0.512320393363569, 0.2113221113964953, 0.11333115906641723, 0.5461182918211265, 0.005690391461758806, 0.08785443503499557, 0.5891971426784476, 0.7595326621488516, 0.03717040342755506, 0.9276234793567726, 0.5818767327866093, 0.0017550977198171574, 0.37351582922602683, 0.673786469752139, 0.052684574691284757, 0.8957612479461275, 0.5578387705299251, 0.044106349922709454, 0.628549984481543]
APTIDAO: 
45.9602365897223
GEN: 9600
Individuo: 
[0.30824496810728097, 1.5642316428779093, 2.407254194799612, 0.5473035568990893, 0.8678348783516143, 0.16919343927150066, 0.6803833112254825, 0.011693663613767747, 0.2814664101007979, 1.1369269469513958, 1.3345063991189456, 0.9843717443265975, 0.512320393363569, 0.2113221113964953, 0.11333115906641723, 0.5502007278615694, 0.4291396570752962, 0.08751389906487748, 0.5891971426784476, 0.6893160196569379, 0.03717040342755506, 0.9276234793567726, 0.5818767327866093, 0.0016570566148654193, 0.37351582922602683, 0.5586348518347602, 0.052684574691284757, 0.8957612479461275, 0.5578387705299251, 0.044106349922709454, 0.628549984481543]
APTIDAO: 
45.893369083566064
GEN: 9700
Individuo: 
[0.5487443869850007, 1.3561526440425844, 2.125631026072801, 0.42652860151468863, 0.8678348783516143, 0.16919343927150066, 0.6803833112254825, 0.011153748570713348, 0.2814664101007979, 1.1369269469513958, 1.3345063991189456, 0.9843717443265975, 0.512320393363569, 0.2113221113964953, 0.11333115906641723, 0.5502007278615694, 0.08075689139752726, 0.08751389906487748, 0.6085136852592107, 0.8730713411651608, 0.03717040342755506, 0.9276234793567726, 0.5818767327866093, 0.001252221445263002, 0.37351582922602683, 0.5586348518347602, 0.05121390585758752, 0.8957612479461275, 0.6219873209993311, 0.044106349922709454, 0.628549984481543]
APTIDAO: 
45.81837705840019
GEN: 9800
Individuo: 
[0.5487443869850007, 1.3561526440425844, 2.129421251207543, 0.42652860151468863, 0.8678348783516143, 0.16919343927150066, 0.6803833112254825, 0.01715727875953807, 0.2814664101007979, 1.1369269469513958, 1.3928721336294756, 0.9843717443265975, 0.512320393363569, 0.2113221113964953, 0.11333115906641723, 0.5502007278615694, 0.022473999960298946, 0.08751389906487748, 0.6085136852592107, 0.8939135798927508, 0.03717040342755506, 0.9276234793567726, 0.5818767327866093, 0.0041345447572803, 0.37351582922602683, 0.5586348518347602, 0.05121390585758752, 0.9107145381702649, 0.6219873209993311, 0.044106349922709454, 0.628549984481543]
APTIDAO: 
45.635738555499884
GEN: 9900
Individuo: 
[0.5487443869850007, 1.3561526440425844, 2.970495898657188, 0.42652860151468863, 0.8678348783516143, 0.16919343927150066, 0.6803833112254825, 0.01715727875953807, 0.2814664101007979, 1.1369269469513958, 1.3345063991189456, 0.9843717443265975, 0.512320393363569, 0.2113221113964953, 0.11333115906641723, 0.5502007278615694, 0.0969784702786588, 0.08751389906487748, 0.6085136852592107, 0.9608072112266743, 0.03717040342755506, 0.9276234793567726, 0.5818767327866093, 0.0014860556920620726, 0.37351582922602683, 0.5784932459535692, 0.045845253198476266, 0.9107145381702649, 0.621310822373835, 0.044106349922709454, 0.628549984481543]
APTIDAO: 
45.89704215652544
GEN: 10000
Individuo: 
[0.5487443869850007, 1.3561526440425844, 2.3822436019892534, 0.47647700433566387, 0.8678348783516143, 0.16919343927150066, 0.6803833112254825, 0.010750469232501537, 0.2814664101007979, 1.1369269469513958, 1.3345063991189456, 0.9843717443265975, 0.512320393363569, 0.2113221113964953, 0.11333115906641723, 0.5502007278615694, 0.011967534990398522, 0.08751389906487748, 0.6085136852592107, 0.9608072112266743, 0.03717040342755506, 0.9276234793567726, 0.5818767327866093, 0.0013523898377158971, 0.37351582922602683, 0.5784932459535692, 0.048106920721783936, 0.9107145381702649, 0.621310822373835, 0.044106349922709454, 0.628549984481543]
APTIDAO: 
45.734020719380055

--- RESULTADO FINAL ---
Erro (norma-1): 45.734020719380055
Parâmetros: [0.5487443869850007, 1.3561526440425844, 2.3822436019892534, 0.47647700433566387, 0.8678348783516143, 0.16919343927150066, 0.6803833112254825, 0.010750469232501537, 0.2814664101007979, 1.1369269469513958, 1.3345063991189456, 0.9843717443265975, 0.512320393363569, 0.2113221113964953, 0.11333115906641723, 0.5502007278615694, 0.011967534990398522, 0.08751389906487748, 0.6085136852592107, 0.9608072112266743, 0.03717040342755506, 0.9276234793567726, 0.5818767327866093, 0.0013523898377158971, 0.37351582922602683, 0.5784932459535692, 0.048106920721783936, 0.9107145381702649, 0.621310822373835, 0.044106349922709454, 0.628549984481543]
Tempo total: 02h 55m 54s
