SEED: 1778893788
METODO: ABCD_GK
IND_SIZE: 31
GEN: 0
Individuo: 
[0.5106918415688759, 1.5866940523140753, 0.9820994774568322, 2.0531086807004315, 1.4255906042837512, 0.5189998455945616, 1.0785769765256716, 0.7475481789735156, 1.3579254923701882, 0.33492414728087544, 0.2268626296832559, 0.7395544024131238, 1.4836596945548324, 0.5726743413481564, 0.24361404825408883, 0.9522401874028529, 0.4250044269276931, 0.879965760100584, 0.12724267986553617, 0.8759993654105327, 0.7574916259021112, 0.9487349901573943, 0.1636546006440275, 0.8745105022164607, 0.4935820080629071, 0.6317022980564629, 0.9080955996965785, 0.09243790783322195, 0.5307434682061073, 0.4228343795800237, 0.33761911319022375]
APTIDAO: 
110.62942449533946
GEN: 100
Individuo: 
[0.10493372650670037, 2.2536663196377456, 0.9820994774568322, 0.9487292365474901, 1.4255906042837512, 1.1411033119831842, 1.0785769765256716, 0.8147474074093893, 1.3579254923701882, 0.014873092556009689, 0.2268626296832559, 0.6781553973658075, 0.8656129894412513, 0.3476436557091339, 0.1985055588945389, 0.8215078484712435, 0.31800870864570197, 0.879965760100584, 0.5839269600957279, 0.8759993654105327, 0.7574916259021112, 0.7864958992431487, 0.1636546006440275, 0.3891314073316605, 0.4935820080629071, 0.9193089027611028, 0.9080955996965785, 0.4748577145430547, 0.5519190314052898, 0.6623714938634431, 0.646217637932965]
APTIDAO: 
51.640765517252596
GEN: 200
Individuo: 
[0.10493372650670037, 2.2536663196377456, 1.487164699234662, 0.4289091468537902, 1.4255906042837512, 1.1411033119831842, 1.0785769765256716, 0.8147474074093893, 1.3478463175620181, 0.010665491410935651, 0.2268626296832559, 0.7327203515510624, 0.8656129894412513, 0.3476436557091339, 0.1985055588945389, 0.8378427819575115, 0.31800870864570197, 0.960109174696723, 0.010122121130208557, 0.8301306252549145, 0.7574916259021112, 0.29733670235203524, 0.1636546006440275, 0.3891314073316605, 0.4935820080629071, 0.9193089027611028, 0.9080955996965785, 0.12364715741163528, 0.5307434682061073, 0.6623714938634431, 0.646217637932965]
APTIDAO: 
51.1961370442751
GEN: 300
Individuo: 
[0.10493372650670037, 2.2536663196377456, 1.487164699234662, 0.4611782784053986, 1.4316202894133052, 1.1411033119831842, 1.0785769765256716, 0.8147474074093893, 1.3053684069172378, 0.012729060458820876, 0.2268626296832559, 0.7327203515510624, 0.8656129894412513, 0.3476436557091339, 0.1985055588945389, 0.8378427819575115, 0.31800870864570197, 0.960109174696723, 0.0011436158713181424, 0.8301306252549145, 0.7574916259021112, 0.29733670235203524, 0.1636546006440275, 0.38438111603540054, 0.4935820080629071, 0.9193089027611028, 0.9080955996965785, 0.22768518631580636, 0.5307434682061073, 0.6623714938634431, 0.646217637932965]
APTIDAO: 
51.19782003549361
GEN: 400
Individuo: 
[0.10493372650670037, 2.2536663196377456, 1.3942384865137445, 0.40710190053910295, 1.4316202894133052, 1.1411033119831842, 1.123710241013058, 0.8147474074093893, 1.3478463175620181, 0.029324030218657544, 0.2268626296832559, 0.7327203515510624, 0.8656129894412513, 0.32011120061621656, 0.1985055588945389, 0.8378427819575115, 0.31800870864570197, 0.8821888229500133, 0.005398108825578352, 0.8301306252549145, 0.7574916259021112, 0.2993056357586325, 0.1636546006440275, 0.38438111603540054, 0.4935820080629071, 0.9193089027611028, 0.9080955996965785, 0.22768518631580636, 0.5307434682061073, 0.6623714938634431, 0.646217637932965]
APTIDAO: 
51.106160715064846
GEN: 500
Individuo: 
[0.10493372650670037, 2.2536663196377456, 1.3942384865137445, 0.45586707426355144, 1.4316202894133052, 1.1411033119831842, 1.0912709848559268, 0.8147474074093893, 1.3478463175620181, 0.091721515252339, 0.2268626296832559, 0.7327203515510624, 0.8656129894412513, 0.32011120061621656, 0.1985055588945389, 0.8554234623473748, 0.31800870864570197, 0.8821888229500133, 0.0070695614332666945, 0.8301306252549145, 0.7574916259021112, 0.2993056357586325, 0.16109633775221333, 0.38438111603540054, 0.4935820080629071, 0.9193089027611028, 0.9080955996965785, 0.4241592588855499, 0.5307434682061073, 0.6623714938634431, 0.646217637932965]
APTIDAO: 
51.08743059195644
GEN: 600
Individuo: 
[0.10820565573260876, 2.3154802469848597, 1.3942384865137445, 0.48467347659121024, 1.4316202894133052, 1.1411033119831842, 1.0912709848559268, 0.8147474074093893, 1.3478463175620181, 0.13308536612924457, 0.2268626296832559, 0.7327203515510624, 0.8656129894412513, 0.32011120061621656, 0.1972473332044128, 0.8554234623473748, 0.31800870864570197, 0.8454243913889431, 0.025975538458661476, 0.8301306252549145, 0.7612756941895997, 0.311305621484413, 0.16109633775221333, 0.38438111603540054, 0.4935820080629071, 0.9193089027611028, 0.9080955996965785, 0.8811951528452137, 0.5307434682061073, 0.6623714938634431, 0.646217637932965]
APTIDAO: 
51.01465986631106
GEN: 700
Individuo: 
[0.15149505011060227, 2.448565879736593, 1.5047241772568714, 0.3989515148476797, 1.4316202894133052, 1.1411033119831842, 1.0912709848559268, 0.8147474074093893, 1.3478463175620181, 0.09373715903700608, 0.2268626296832559, 0.7327203515510624, 0.8666014947871146, 0.32011120061621656, 0.1972473332044128, 0.8554234623473748, 0.31800870864570197, 0.8454243913889431, 0.020898484813044627, 0.8301306252549145, 0.7612756941895997, 0.311305621484413, 0.16109633775221333, 0.38438111603540054, 0.4935820080629071, 0.9193089027611028, 0.9080955996965785, 0.9494644027360208, 0.5307434682061073, 0.6623714938634431, 0.646217637932965]
APTIDAO: 
51.00274136366136
GEN: 800
Individuo: 
[0.12600307603845506, 2.448565879736593, 1.5047241772568714, 0.26916420898644783, 1.4316202894133052, 1.1549000367117923, 1.0912709848559268, 0.8108039431969303, 1.3478463175620181, 0.3344902902508241, 0.2268626296832559, 0.7327203515510624, 0.8666014947871146, 0.32011120061621656, 0.1972473332044128, 0.8554234623473748, 0.31800870864570197, 0.7667007890841497, 0.010897070648486737, 0.8301306252549145, 0.7612756941895997, 0.276252977427485, 0.16109633775221333, 0.3800803820522018, 0.46423714969125873, 0.9193089027611028, 0.9080955996965785, 0.3018422370162193, 0.5307434682061073, 0.6623714938634431, 0.646217637932965]
APTIDAO: 
51.25052277148408
GEN: 900
Individuo: 
[0.5676374585136293, 2.4102304923308613, 1.5047241772568714, 0.6704496416207286, 1.4316202894133052, 1.1549000367117923, 1.0912709848559268, 0.8108039431969303, 1.3478463175620181, 0.01198410908067869, 0.2268626296832559, 0.7327203515510624, 0.9085479681617767, 0.32011120061621656, 0.1972473332044128, 0.8554234623473748, 0.31800870864570197, 0.7667007890841497, 0.1137570220198878, 0.8301306252549145, 0.7612756941895997, 0.276252977427485, 0.16109633775221333, 0.3800803820522018, 0.46423714969125873, 0.9193089027611028, 0.8993872607097138, 0.48330245507109765, 0.5307434682061073, 0.6623714938634431, 0.645298200697677]
APTIDAO: 
50.57909972576715
GEN: 1000
Individuo: 
[0.8575832209933661, 2.3447735577166626, 1.5047241772568714, 0.6704496416207286, 1.4316202894133052, 1.1549000367117923, 1.0912709848559268, 0.8108039431969303, 1.3478463175620181, 0.01266717753467012, 0.2268626296832559, 0.7327203515510624, 0.9085479681617767, 0.32011120061621656, 0.1972473332044128, 0.8554234623473748, 0.31800870864570197, 0.7224104663496745, 0.38470330564958544, 0.8301306252549145, 0.7612756941895997, 0.276252977427485, 0.16109633775221333, 0.2904322442234007, 0.15572874077677576, 0.9193089027611028, 0.8993872607097138, 0.852561288848719, 0.5307434682061073, 0.6623714938634431, 0.645298200697677]
APTIDAO: 
50.25208426663687
GEN: 1100
Individuo: 
[0.8542682274507013, 1.9957669135437457, 1.5047241772568714, 0.5119810690243971, 1.4316202894133052, 1.1549000367117923, 1.0912709848559268, 0.8108039431969303, 1.3478463175620181, 0.011613591866198897, 0.2268626296832559, 0.7327203515510624, 0.9085479681617767, 0.32011120061621656, 0.1972473332044128, 0.8554234623473748, 0.31800870864570197, 0.7473179881151166, 0.11245211168340423, 0.8301306252549145, 0.7612756941895997, 0.20470482002610532, 0.16109633775221333, 0.3800803820522018, 0.46423714969125873, 0.9193089027611028, 0.8993872607097138, 0.08988345219485554, 0.5307434682061073, 0.6623714938634431, 0.59438007471585]
APTIDAO: 
50.251666084551054
GEN: 1200
Individuo: 
[1.0767931444708887, 1.9957669135437457, 1.5047241772568714, 0.8042051743339185, 1.4316202894133052, 1.1549000367117923, 1.023603394751994, 0.8108039431969303, 1.4125552851146044, 0.056477909400766704, 0.2268626296832559, 0.7327203515510624, 0.9085479681617767, 0.32011120061621656, 0.1972473332044128, 0.9732772229967661, 0.31800870864570197, 0.510850460066468, 0.18383397299890847, 0.8301306252549145, 0.7612756941895997, 0.20470482002610532, 0.16109633775221333, 0.3800803820522018, 0.46423714969125873, 0.9193089027611028, 0.7781130418196998, 0.7262199987181469, 0.5307434682061073, 0.6884309122784302, 0.59438007471585]
APTIDAO: 
50.18393338014098
GEN: 1300
Individuo: 
[0.940322876560588, 1.9957669135437457, 1.5047241772568714, 0.9383383769081423, 1.4316202894133052, 1.1549000367117923, 1.2474779281383643, 0.8108039431969303, 1.39048050378536, 0.056477909400766704, 0.2268626296832559, 0.7327203515510624, 0.9085479681617767, 0.32011120061621656, 0.3488808586055867, 0.9732772229967661, 0.31800870864570197, 0.4233191057704254, 0.047913875582273495, 0.8301306252549145, 0.7612756941895997, 0.2872472707784255, 0.16109633775221333, 0.4489410563303983, 0.46423714969125873, 0.9335420952554775, 0.7334131156621339, 0.7390881433888818, 0.5307434682061073, 0.6884309122784302, 0.59438007471585]
APTIDAO: 
50.116672660677686
GEN: 1400
Individuo: 
[1.0028096756820637, 1.9957669135437457, 1.5047241772568714, 1.1263715606947464, 1.4316202894133052, 1.1549000367117923, 1.2474779281383643, 0.8108039431969303, 1.39048050378536, 0.014656559214821376, 0.2268626296832559, 0.7327203515510624, 0.9085479681617767, 0.32011120061621656, 0.3488808586055867, 0.9732772229967661, 0.31800870864570197, 0.4233191057704254, 0.20913675158662742, 0.8301306252549145, 0.7067351488964504, 0.27608797682759695, 0.16109633775221333, 0.4489410563303983, 0.46423714969125873, 0.9335420952554775, 0.7334131156621339, 0.24326619858793957, 0.5307434682061073, 0.6884309122784302, 0.4593536032452659]
APTIDAO: 
50.14183816923764
GEN: 1500
Individuo: 
[2.39051328344897, 1.9957669135437457, 1.9335275330227968, 1.0151091086575863, 1.4316202894133052, 1.1549000367117923, 1.2474779281383643, 0.8108039431969303, 1.392801737536652, 0.011985108722151049, 0.2268626296832559, 0.7327203515510624, 0.9085479681617767, 0.32011120061621656, 0.3488808586055867, 0.9732772229967661, 0.31800870864570197, 0.4233191057704254, 0.024345595151520953, 0.8301306252549145, 0.7067351488964504, 0.24283256075135345, 0.16109633775221333, 0.42761189106237885, 0.42716481528122396, 0.9335420952554775, 0.7334131156621339, 0.7058568307553809, 0.5307434682061073, 0.6884309122784302, 0.4593536032452659]
APTIDAO: 
49.77080056487479
GEN: 1600
Individuo: 
[2.5308290033525935, 2.1697312848277055, 1.9335275330227968, 1.009535897108864, 1.4316202894133052, 1.1549000367117923, 1.2405429541058648, 0.8108039431969303, 1.392801737536652, 0.011985108722151049, 0.2268626296832559, 0.7327203515510624, 0.9085479681617767, 0.33266086964539243, 0.3488808586055867, 0.9732772229967661, 0.31800870864570197, 0.4233191057704254, 0.06610347014891833, 0.8301306252549145, 0.6814069658413932, 0.24283256075135345, 0.16109633775221333, 0.42761189106237885, 0.4113579477236319, 0.9335420952554775, 0.7334131156621339, 0.31720390918201885, 0.5307434682061073, 0.6537714538240775, 0.4593536032452659]
APTIDAO: 
49.92008409916401
GEN: 1700
Individuo: 
[2.6135006767338806, 1.7856196745099948, 2.0002178294754316, 1.009535897108864, 1.4316202894133052, 1.1549000367117923, 1.2405429541058648, 0.8108039431969303, 1.392801737536652, 0.011985108722151049, 0.2268626296832559, 0.7327203515510624, 0.9085479681617767, 0.33266086964539243, 0.3488808586055867, 0.9732772229967661, 0.31800870864570197, 0.4233191057704254, 0.0016743210684818635, 0.8301306252549145, 0.6814069658413932, 0.24283256075135345, 0.16109633775221333, 0.42761189106237885, 0.4078849538753315, 0.9335420952554775, 0.7018039056351633, 0.917991333391663, 0.5307434682061073, 0.6537714538240775, 0.4593536032452659]
APTIDAO: 
49.69886275065693
GEN: 1800
Individuo: 
[3.4910306416268155, 1.6713201344988604, 2.266200673937945, 0.992281194680534, 1.4316202894133052, 1.1549000367117923, 1.2405429541058648, 0.8108039431969303, 1.392801737536652, 0.01221217559960794, 0.2268626296832559, 0.7327203515510624, 0.9085479681617767, 0.33266086964539243, 0.3488808586055867, 0.9732772229967661, 0.31800870864570197, 0.4233191057704254, 0.024108358646463827, 0.8301306252549145, 0.6814069658413932, 0.24283256075135345, 0.16109633775221333, 0.42761189106237885, 0.4078849538753315, 0.9335420952554775, 0.7018039056351633, 0.846284198792323, 0.5307434682061073, 0.6537714538240775, 0.4593536032452659]
APTIDAO: 
49.6850559181413
GEN: 1900
Individuo: 
[3.4910306416268155, 1.6713201344988604, 2.4877455059552425, 0.76374480853148, 1.4316202894133052, 1.1549000367117923, 1.2308358399160018, 0.8108039431969303, 1.392801737536652, 0.010586067712157912, 0.2268626296832559, 0.7327203515510624, 0.9085479681617767, 0.33266086964539243, 0.3488808586055867, 0.9732772229967661, 0.31800870864570197, 0.4233191057704254, 0.006181812503666293, 0.8301306252549145, 0.6814069658413932, 0.24283256075135345, 0.16109633775221333, 0.42761189106237885, 0.4078849538753315, 0.9335420952554775, 0.7149728325853952, 0.8413522771627853, 0.5307434682061073, 0.6537714538240775, 0.4395714638334699]
APTIDAO: 
49.78953942103333
GEN: 2000
Individuo: 
[3.4910306416268155, 1.6713201344988604, 2.4877455059552425, 0.7751415304123551, 1.4316202894133052, 1.229464917690918, 1.2308358399160018, 0.8108039431969303, 1.392801737536652, 0.04787095581783468, 0.2268626296832559, 0.4382632830573571, 0.9085479681617767, 0.42657942869128734, 0.3488808586055867, 0.9732772229967661, 0.31800870864570197, 0.4233191057704254, 0.005272850288333174, 0.8301306252549145, 0.6814069658413932, 0.3712527055330346, 0.16109633775221333, 0.42761189106237885, 0.4078849538753315, 0.9335420952554775, 0.7342543439439517, 0.8413522771627853, 0.5307434682061073, 0.15540862550031573, 0.4395714638334699]
APTIDAO: 
48.95276556378475
GEN: 2100
Individuo: 
[3.5837441597242186, 1.8272016383710021, 2.5149209789679765, 0.6662346715779499, 1.4316202894133052, 1.229464917690918, 1.15325448309992, 0.8108039431969303, 1.392801737536652, 0.014379924775545906, 0.2268626296832559, 0.4382632830573571, 0.9085479681617767, 0.42657942869128734, 0.3488808586055867, 0.9732772229967661, 0.31800870864570197, 0.4233191057704254, 0.01682066142330526, 0.8301306252549145, 0.6814069658413932, 0.35556345510682974, 0.16109633775221333, 0.42761189106237885, 0.4078849538753315, 0.9335420952554775, 0.7465634954433669, 0.49623763971330276, 0.5307434682061073, 0.15540862550031573, 0.4395714638334699]
APTIDAO: 
48.7049487660493
GEN: 2200
Individuo: 
[3.5837441597242186, 1.8272016383710021, 2.5149209789679765, 0.7791381961860564, 1.4316202894133052, 1.229464917690918, 1.15325448309992, 0.8108039431969303, 1.392801737536652, 0.013433352210241358, 0.2268626296832559, 0.4382632830573571, 0.9085479681617767, 0.42657942869128734, 0.3488808586055867, 0.9732772229967661, 0.31800870864570197, 0.4233191057704254, 0.018849221682767738, 0.8301306252549145, 0.6814069658413932, 0.35556345510682974, 0.16109633775221333, 0.42761189106237885, 0.4078849538753315, 0.9335420952554775, 0.7465634954433669, 0.9245149961761818, 0.5307434682061073, 0.15540862550031573, 0.4395714638334699]
APTIDAO: 
48.694853047113554
GEN: 2300
Individuo: 
[3.5837441597242186, 1.889812079304603, 2.628056219478197, 0.5250822093397645, 1.4316202894133052, 1.229464917690918, 1.15325448309992, 0.8108039431969303, 1.392801737536652, 0.010781160804618066, 0.2268626296832559, 0.4382632830573571, 0.9085479681617767, 0.42657942869128734, 0.3488808586055867, 0.9732772229967661, 0.31800870864570197, 0.4233191057704254, 0.018849221682767738, 0.8301306252549145, 0.6771155232622842, 0.3709478034830733, 0.16109633775221333, 0.42386553587508946, 0.4078849538753315, 0.9335420952554775, 0.7465634954433669, 0.176315825152702, 0.5307434682061073, 0.15540862550031573, 0.4395714638334699]
APTIDAO: 
48.751928431215866
GEN: 2400
Individuo: 
[3.5837441597242186, 1.889812079304603, 2.628056219478197, 0.713064522413495, 1.4316202894133052, 1.229464917690918, 1.15325448309992, 0.8108039431969303, 1.4094997141436434, 0.015597603109747756, 0.2268626296832559, 0.4382632830573571, 0.9085479681617767, 0.5267528319764777, 0.3902754847897232, 0.9732772229967661, 0.31800870864570197, 0.4233191057704254, 0.048593676259380304, 0.8301306252549145, 0.6771155232622842, 0.3709478034830733, 0.16109633775221333, 0.42386553587508946, 0.4078849538753315, 0.9366179046358172, 0.7465634954433669, 0.002636202660523963, 0.5307434682061073, 0.15540862550031573, 0.4395714638334699]
APTIDAO: 
48.88125785406425
GEN: 2500
Individuo: 
[3.5837441597242186, 2.2810508267720615, 2.628056219478197, 0.7587733898817519, 1.4316202894133052, 1.229464917690918, 1.15325448309992, 0.8108039431969303, 1.4094997141436434, 0.018201024333367476, 0.2268626296832559, 0.4382632830573571, 0.9085479681617767, 0.5267528319764777, 0.4080272068576725, 0.9732772229967661, 0.31800870864570197, 0.4428314878454177, 0.04414105412281559, 0.8301306252549145, 0.6771155232622842, 0.3709478034830733, 0.16109633775221333, 0.42386553587508946, 0.4078849538753315, 0.9366179046358172, 0.7465634954433669, 0.002088979496631017, 0.5307434682061073, 0.15540862550031573, 0.4395714638334699]
APTIDAO: 
48.984992796904265
GEN: 2600
Individuo: 
[3.5837441597242186, 2.2810508267720615, 2.628056219478197, 0.7587733898817519, 1.4316202894133052, 1.090950726030685, 1.15325448309992, 0.8108039431969303, 1.4094997141436434, 0.026985928913772682, 0.2268626296832559, 0.4348790651266959, 0.9085479681617767, 0.5331653343369834, 0.4080272068576725, 0.4650400712538155, 0.31800870864570197, 0.4428314878454177, 0.01807756623513921, 0.8301306252549145, 0.6771155232622842, 0.5019291548519533, 0.16109633775221333, 0.42386553587508946, 0.4078849538753315, 0.9366179046358172, 0.7465634954433669, 0.0014118708567811623, 0.5307434682061073, 0.15540862550031573, 0.4395714638334699]
APTIDAO: 
48.94467560202639
GEN: 2700
Individuo: 
[3.5837441597242186, 1.9145051137864961, 2.628056219478197, 0.8203742502784345, 1.4316202894133052, 1.090950726030685, 1.0498816341204353, 0.8108039431969303, 1.4286648387282295, 0.014688296860381703, 0.2268626296832559, 0.4348790651266959, 0.9085479681617767, 0.5331653343369834, 0.4080272068576725, 0.5924125556109365, 0.31800870864570197, 0.5028339424861307, 0.007030194011360686, 0.8301306252549145, 0.6771155232622842, 0.5019291548519533, 0.16109633775221333, 0.42386553587508946, 0.4078849538753315, 0.9411274680141011, 0.7912792193788415, 0.0013632778779557948, 0.5307434682061073, 0.1584107134483233, 0.4395714638334699]
APTIDAO: 
48.61463651423797
GEN: 2800
Individuo: 
[3.5837441597242186, 2.4085286902148804, 2.628056219478197, 0.6055514530476577, 1.4316202894133052, 1.090950726030685, 1.0498816341204353, 0.6965058744181057, 1.4286648387282295, 0.013832344445300704, 0.2268626296832559, 0.4348790651266959, 0.9085479681617767, 0.5331653343369834, 0.4080272068576725, 0.5924125556109365, 0.31800870864570197, 0.09962499192000342, 0.021030191849711506, 0.8301306252549145, 0.5182870418282268, 0.551872999722091, 0.16109633775221333, 0.42386553587508946, 0.4078849538753315, 0.9411274680141011, 0.8428444306226966, 0.002839378013632374, 0.5307434682061073, 0.023886573162606797, 0.4395714638334699]
APTIDAO: 
48.08612921184884
GEN: 2900
Individuo: 
[3.5837441597242186, 2.361027558897019, 2.628056219478197, 0.6055514530476577, 1.3511543820046343, 1.090950726030685, 1.0140240932052933, 0.6965058744181057, 1.4286648387282295, 0.017409697585385506, 0.2268626296832559, 0.4348790651266959, 0.8180501346832909, 0.6525298032290733, 0.4080272068576725, 0.563755334707727, 0.31800870864570197, 0.09962499192000342, 0.021030191849711506, 0.8301306252549145, 0.5182870418282268, 0.6944105555571445, 0.16109633775221333, 0.42386553587508946, 0.4078849538753315, 0.9411274680141011, 0.8428444306226966, 0.0011122945176826344, 0.5307434682061073, 0.03521316261172383, 0.4395714638334699]
APTIDAO: 
46.830957648819556
GEN: 3000
Individuo: 
[3.2808106225604194, 2.361027558897019, 2.2071877366696784, 0.7341538777804898, 1.350228808856223, 1.1368636160276955, 1.0140240932052933, 0.6965058744181057, 1.4286648387282295, 0.02111033897817724, 0.2268626296832559, 0.42973498763347323, 0.8180501346832909, 0.6226118773616497, 0.40842256078376493, 0.6598984576054339, 0.31800870864570197, 0.09962499192000342, 0.07908269649740375, 0.8301306252549145, 0.5182870418282268, 0.6944105555571445, 0.16109633775221333, 0.42386553587508946, 0.384936712890045, 0.9411274680141011, 0.8428444306226966, 0.0037176357086425617, 0.5307434682061073, 0.03521316261172383, 0.4395714638334699]
APTIDAO: 
46.93793352805761
GEN: 3100
Individuo: 
[3.7176809726089908, 2.9803645003682875, 3.07132915722659, 0.4582389092411628, 1.350228808856223, 1.1368636160276955, 1.0140240932052933, 0.6965058744181057, 1.4286648387282295, 0.013214174174701636, 0.2268626296832559, 0.42973498763347323, 0.8180501346832909, 0.6226118773616497, 0.40842256078376493, 0.6598984576054339, 0.31800870864570197, 0.09535347477632238, 0.2230648614994915, 0.8301306252549145, 0.5182870418282268, 0.6944105555571445, 0.16109633775221333, 0.42386553587508946, 0.384936712890045, 0.9411274680141011, 0.8428444306226966, 0.03724541944839934, 0.5307434682061073, 0.03521316261172383, 0.4395714638334699]
APTIDAO: 
47.12548833131319
GEN: 3200
Individuo: 
[3.8665673280582733, 2.090663300835651, 3.07132915722659, 0.4582389092411628, 1.350228808856223, 1.1368636160276955, 1.0140240932052933, 0.6965058744181057, 1.4286648387282295, 0.012371078759600643, 0.2268626296832559, 0.42973498763347323, 0.8180501346832909, 0.6226118773616497, 0.40842256078376493, 0.6598984576054339, 0.31800870864570197, 0.09535347477632238, 0.3151974661450162, 0.8301306252549145, 0.5182870418282268, 0.6944105555571445, 0.16109633775221333, 0.42386553587508946, 0.384936712890045, 0.9411274680141011, 0.8428444306226966, 0.17464097752999494, 0.5307434682061073, 0.03521316261172383, 0.4395714638334699]
APTIDAO: 
46.64503067702056
GEN: 3300
Individuo: 
[3.8665673280582733, 2.090663300835651, 2.8235730406357886, 0.7701569284743843, 1.350228808856223, 1.1368636160276955, 1.0140240932052933, 0.6965058744181057, 1.4286648387282295, 0.03711726295570094, 0.2268626296832559, 0.42973498763347323, 0.8180501346832909, 0.6226118773616497, 0.40478714814661304, 0.6598984576054339, 0.31800870864570197, 0.09535347477632238, 0.048154002652945116, 0.8301306252549145, 0.5182870418282268, 0.7342715931301492, 0.16109633775221333, 0.42386553587508946, 0.3892402924334286, 0.9411274680141011, 0.8428444306226966, 0.9083325392405955, 0.5307434682061073, 0.03521316261172383, 0.4395714638334699]
APTIDAO: 
46.50782989108793
GEN: 3400
Individuo: 
[3.8665673280582733, 2.090663300835651, 2.630099629120858, 0.6231275103745417, 1.350228808856223, 1.1368636160276955, 1.0140240932052933, 0.6965058744181057, 1.4286648387282295, 0.020688574395278575, 0.2268626296832559, 0.42973498763347323, 0.8180501346832909, 0.6205036334138413, 0.40842256078376493, 0.6598984576054339, 0.31800870864570197, 0.09068904081770067, 0.11812558184011371, 0.8301306252549145, 0.5182870418282268, 0.6944105555571445, 0.16109633775221333, 0.42386553587508946, 0.3892402924334286, 0.9411274680141011, 0.8428444306226966, 0.5778720780604024, 0.5307434682061073, 0.03521316261172383, 0.4395714638334699]
APTIDAO: 
46.51045770012155
GEN: 3500
Individuo: 
[3.8665673280582733, 2.090663300835651, 2.630099629120858, 0.8814430651824642, 1.350228808856223, 1.1368636160276955, 1.0140240932052933, 0.6965058744181057, 1.4286648387282295, 0.013059702720519945, 0.2268626296832559, 0.42973498763347323, 0.8180501346832909, 0.6205036334138413, 0.40842256078376493, 0.6598984576054339, 0.31800870864570197, 0.09068904081770067, 0.19274793784126487, 0.8301306252549145, 0.5182870418282268, 0.9205912053050226, 0.16109633775221333, 0.42386553587508946, 0.3892402924334286, 0.9411274680141011, 0.8428444306226966, 0.6240791276858235, 0.5307434682061073, 0.03521316261172383, 0.5201827674593029]
APTIDAO: 
46.53524235006419
GEN: 3600
Individuo: 
[3.8665673280582733, 2.090663300835651, 2.630099629120858, 0.7971956297051453, 1.350228808856223, 1.1368636160276955, 1.0140240932052933, 0.6965058744181057, 1.4286648387282295, 0.09131886801467053, 0.2268626296832559, 0.42973498763347323, 0.8180501346832909, 0.6205036334138413, 0.40842256078376493, 0.6598984576054339, 0.31800870864570197, 0.09153294823167372, 0.01494573047578195, 0.8301306252549145, 0.5182870418282268, 0.9205912053050226, 0.16109633775221333, 0.42386553587508946, 0.3892402924334286, 0.9411274680141011, 0.8428444306226966, 0.7438687552912497, 0.5307434682061073, 0.03521316261172383, 0.5201827674593029]
APTIDAO: 
46.6041574978973
GEN: 3700
Individuo: 
[3.8665673280582733, 2.261890030978903, 2.3760430885865413, 0.6556473773278341, 1.3707780797434366, 1.1368636160276955, 1.0140240932052933, 0.6965058744181057, 1.4286648387282295, 0.013479268573859173, 0.2268626296832559, 0.42973498763347323, 0.8180501346832909, 0.6205036334138413, 0.40842256078376493, 0.6598984576054339, 0.31740619745745663, 0.09153294823167372, 0.0029806212771013147, 0.8301306252549145, 0.5182870418282268, 0.9205912053050226, 0.16109633775221333, 0.42386553587508946, 0.3892402924334286, 0.9411274680141011, 0.8428444306226966, 0.4305576033819363, 0.5307434682061073, 0.03521316261172383, 0.4950724589812404]
APTIDAO: 
46.43654556311799
GEN: 3800
Individuo: 
[3.8665673280582733, 2.368003468779531, 2.3760430885865413, 0.5670452850380847, 1.3707780797434366, 1.1368636160276955, 1.0140240932052933, 0.6965058744181057, 1.4286648387282295, 0.018165136810187825, 0.2268626296832559, 0.42973498763347323, 0.8180501346832909, 0.6205036334138413, 0.40842256078376493, 0.6598984576054339, 0.31800870864570197, 0.07946670072161774, 0.0010933986043467991, 0.8301306252549145, 0.5182870418282268, 0.9735285648495472, 0.16109633775221333, 0.42386553587508946, 0.3892402924334286, 0.9538613633094433, 0.838553349047124, 0.3540189162902525, 0.532223815437699, 0.03521316261172383, 0.4950724589812404]
APTIDAO: 
46.304363384000965
GEN: 3900
Individuo: 
[3.8665673280582733, 2.5531792748315234, 2.7189456167999966, 0.5834180522043299, 1.3707780797434366, 1.1368636160276955, 1.0140240932052933, 0.6965058744181057, 1.4286648387282295, 0.03324432011988828, 0.2268626296832559, 0.42973498763347323, 0.8180501346832909, 0.6205036334138413, 0.40842256078376493, 0.6598984576054339, 0.31800870864570197, 0.07864948686613812, 0.0017165823521482647, 0.8301306252549145, 0.5182870418282268, 0.917891298653681, 0.16109633775221333, 0.42386553587508946, 0.3892402924334286, 0.9538613633094433, 0.838553349047124, 0.001968337689756809, 0.532223815437699, 0.03802753132081737, 0.4128294644859976]
APTIDAO: 
46.463733860200634
GEN: 4000
Individuo: 
[3.7503341264295686, 2.5531792748315234, 2.7189456167999966, 0.5834180522043299, 1.3707780797434366, 1.1368636160276955, 1.0140240932052933, 0.6965058744181057, 1.4286648387282295, 0.010080279611400664, 0.2268626296832559, 0.42973498763347323, 0.8122538536539867, 0.6205036334138413, 0.40842256078376493, 0.6549297526288343, 0.31800870864570197, 0.07864948686613812, 0.001510082181836442, 0.8301306252549145, 0.5182870418282268, 0.9405367571665496, 0.16109633775221333, 0.42386553587508946, 0.3892402924334286, 0.9538613633094433, 0.838553349047124, 0.0011712085215276884, 0.532223815437699, 0.04853967574637345, 0.4128294644859976]
APTIDAO: 
46.35154854737155
GEN: 4100
Individuo: 
[3.7503341264295686, 2.5531792748315234, 2.7189456167999966, 0.5834180522043299, 1.3707780797434366, 1.1368636160276955, 1.0140240932052933, 0.6965058744181057, 1.4286648387282295, 0.010080279611400664, 0.2268626296832559, 0.42973498763347323, 0.8122538536539867, 0.6205036334138413, 0.40842256078376493, 0.6549127276752101, 0.31800870864570197, 0.0882316333831687, 0.0015720156924573256, 0.8301306252549145, 0.5182870418282268, 0.9507865949039214, 0.16109633775221333, 0.42386553587508946, 0.3892402924334286, 0.9538613633094433, 0.838553349047124, 0.007159777890281668, 0.5402552024243616, 0.04853967574637345, 0.4128294644859976]
APTIDAO: 
46.05968693612144
GEN: 4200
Individuo: 
[4.016366954768771, 2.288504243758494, 2.7189456167999966, 0.34851235493782284, 1.3707780797434366, 1.1368636160276955, 1.0140240932052933, 0.6965058744181057, 1.4286648387282295, 0.010016940404647845, 0.2268626296832559, 0.42973498763347323, 0.8122538536539867, 0.6205036334138413, 0.40842256078376493, 0.6549127276752101, 0.31800870864570197, 0.0882316333831687, 0.011455773600507348, 0.8301306252549145, 0.5182870418282268, 0.9507865949039214, 0.16109633775221333, 0.42386553587508946, 0.3892402924334286, 0.9538613633094433, 0.838553349047124, 0.028783094352296142, 0.5402552024243616, 0.04853967574637345, 0.4128294644859976]
APTIDAO: 
46.17659704186636
GEN: 4300
Individuo: 
[4.024474156817081, 2.216942390875192, 2.7189456167999966, 0.5002316205506601, 1.3707780797434366, 1.1368636160276955, 1.0140240932052933, 0.6965058744181057, 1.4286648387282295, 0.010016940404647845, 0.2268626296832559, 0.42973498763347323, 0.8122538536539867, 0.6205036334138413, 0.40842256078376493, 0.6549127276752101, 0.31800870864570197, 0.0882316333831687, 0.0025608015238886986, 0.8301306252549145, 0.5182870418282268, 0.9895189988326857, 0.16340990833494662, 0.42386553587508946, 0.3767532508815549, 0.9554567176327223, 0.838553349047124, 0.037212262340738135, 0.5325604784881648, 0.05313328667520905, 0.31854138234210244]
APTIDAO: 
45.6663234354744
GEN: 4400
Individuo: 
[4.024474156817081, 2.216942390875192, 2.7189456167999966, 0.5038064644004727, 1.3707780797434366, 1.1368636160276955, 1.0140240932052933, 0.6965058744181057, 1.4286648387282295, 0.010532003299164762, 0.2268626296832559, 0.42973498763347323, 0.8122538536539867, 0.6205036334138413, 0.40842256078376493, 0.6549127276752101, 0.31800870864570197, 0.07856414014506453, 0.0019127726899958787, 0.8301306252549145, 0.5182870418282268, 0.9895189988326857, 0.16340990833494662, 0.42386553587508946, 0.37231970859505203, 0.9554567176327223, 0.8226265295312392, 0.845123224561617, 0.5325604784881648, 0.054760988810739555, 0.31854138234210244]
APTIDAO: 
45.5975399690383
GEN: 4500
Individuo: 
[4.156582389324591, 2.216942390875192, 2.7189456167999966, 0.5038064644004727, 1.3707780797434366, 1.1368636160276955, 1.0140240932052933, 0.6965058744181057, 1.4286648387282295, 0.010173021521437908, 0.2268626296832559, 0.42973498763347323, 0.8122538536539867, 0.6353479142829112, 0.41450999971891317, 0.6549127276752101, 0.3160701995369889, 0.07856414014506453, 0.0014010888686148302, 0.8301306252549145, 0.5182870418282268, 0.9895189988326857, 0.16340990833494662, 0.42386553587508946, 0.37231970859505203, 0.9554567176327223, 0.8226265295312392, 0.7403356855777917, 0.5325604784881648, 0.054760988810739555, 0.31854138234210244]
APTIDAO: 
45.585952666945595
GEN: 4600
Individuo: 
[4.156582389324591, 2.120471701902585, 2.7189456167999966, 0.5038064644004727, 1.3707780797434366, 1.1368636160276955, 1.0140240932052933, 0.6965058744181057, 1.4286648387282295, 0.010173021521437908, 0.2268626296832559, 0.42973498763347323, 0.9544522108566007, 0.6353479142829112, 0.41450999971891317, 0.626042201986901, 0.3160701995369889, 0.07856414014506453, 0.0019483834597932655, 0.8301306252549145, 0.5182870418282268, 0.9895189988326857, 0.16340990833494662, 0.42386553587508946, 0.37231970859505203, 0.9554567176327223, 0.8226265295312392, 0.06179225570684709, 0.5325604784881648, 0.054760988810739555, 0.41895932675876485]
APTIDAO: 
45.608870467968586
GEN: 4700
Individuo: 
[4.156582389324591, 2.120471701902585, 2.7189456167999966, 0.5038064644004727, 1.3707780797434366, 1.1368636160276955, 1.0140240932052933, 0.6965058744181057, 1.4286648387282295, 0.014075912575862673, 0.2268626296832559, 0.42973498763347323, 1.0654869953190176, 0.6488008161460592, 0.41450999971891317, 0.626042201986901, 0.3160701995369889, 0.05298728344986692, 0.002687391321868269, 0.8301306252549145, 0.5182870418282268, 0.9895189988326857, 0.16340990833494662, 0.42386553587508946, 0.37231970859505203, 0.976599378991839, 0.8226265295312392, 0.9220808762299495, 0.5325604784881648, 0.054760988810739555, 0.41895932675876485]
APTIDAO: 
45.412433939546645
GEN: 4800
Individuo: 
[4.156582389324591, 2.4283369044984577, 2.6658830937434783, 0.46646330102924616, 1.3707780797434366, 1.1368636160276955, 1.0140240932052933, 0.6965058744181057, 1.4286648387282295, 0.011659495985311148, 0.2268626296832559, 0.42973498763347323, 1.175210233758986, 0.6488008161460592, 0.41450999971891317, 0.626042201986901, 0.3160701995369889, 0.05298728344986692, 0.006232373111008795, 0.8301306252549145, 0.5182870418282268, 0.9895189988326857, 0.16340990833494662, 0.42386553587508946, 0.3759095578902747, 0.976599378991839, 0.8226265295312392, 0.8212427992711022, 0.5281503985657464, 0.054760988810739555, 0.41895932675876485]
APTIDAO: 
45.251026900212956
GEN: 4900
Individuo: 
[3.3251658496885854, 2.359072400091257, 2.5776663257847443, 0.46646330102924616, 1.3707780797434366, 1.1368636160276955, 1.0140240932052933, 0.6965058744181057, 1.4286648387282295, 0.016229756339712232, 0.2268626296832559, 0.42973498763347323, 1.175210233758986, 0.6488008161460592, 0.41450999971891317, 0.626042201986901, 0.3160701995369889, 0.05298728344986692, 0.012413213165818839, 0.8301306252549145, 0.5182870418282268, 0.41935296782717146, 0.16340990833494662, 0.42386553587508946, 0.3759095578902747, 0.976599378991839, 0.8226265295312392, 0.4999279732381498, 0.5281503985657464, 0.08374052509713789, 0.013282283869281607]
APTIDAO: 
44.45682655208515
GEN: 5000
Individuo: 
[4.72862425848675, 2.359072400091257, 2.5776663257847443, 0.5110830000746085, 1.3707780797434366, 1.1368636160276955, 1.194070964620764, 0.6965058744181057, 1.4286648387282295, 0.011427371756879563, 0.2228855367943734, 0.42973498763347323, 1.175210233758986, 0.6488008161460592, 0.41450999971891317, 0.5898383472089217, 0.3160701995369889, 0.05051662512907025, 0.005860430522368763, 0.8301306252549145, 0.5182870418282268, 0.00155588848192863, 0.16340990833494662, 0.42386553587508946, 0.3759095578902747, 0.9506002420869089, 0.8095601532415737, 0.8741471607107975, 0.5281503985657464, 0.08374052509713789, 0.018601948170950126]
APTIDAO: 
44.948254497920615
GEN: 5100
Individuo: 
[4.72862425848675, 2.359072400091257, 2.5776663257847443, 0.4664172963368236, 1.3707780797434366, 1.1368636160276955, 1.194070964620764, 0.6965058744181057, 1.4286648387282295, 0.01654270769917167, 0.2228855367943734, 0.42973498763347323, 1.175210233758986, 0.48636815911483816, 0.3614380759765016, 0.5898383472089217, 0.3160701995369889, 0.03388772539451406, 0.009094398851823357, 0.8301306252549145, 0.5182870418282268, 0.0012339717963097232, 0.17554031235527187, 0.42386553587508946, 0.3759095578902747, 0.9506002420869089, 0.8095601532415737, 0.9394208126851371, 0.5281503985657464, 0.09748389715128582, 0.0011762669273619373]
APTIDAO: 
43.91145369129916
GEN: 5200
Individuo: 
[4.72862425848675, 2.359072400091257, 2.505820196434501, 0.5132897863942288, 1.3707780797434366, 1.1368636160276955, 1.2434252458627912, 0.6965058744181057, 1.4286648387282295, 0.01008686035376773, 0.2228855367943734, 0.42973498763347323, 1.175210233758986, 0.48636815911483816, 0.3614380759765016, 0.6645251386594153, 0.3160701995369889, 0.054871139902265297, 0.009116936564431365, 0.8301306252549145, 0.5182870418282268, 0.0356173258501935, 0.17554031235527187, 0.42386553587508946, 0.3759095578902747, 0.9506002420869089, 0.8095601532415737, 0.10052826060548246, 0.5281503985657464, 0.09748389715128582, 0.0011762669273619373]
APTIDAO: 
43.75329764592889
GEN: 5300
Individuo: 
[4.72862425848675, 2.359072400091257, 2.505820196434501, 0.4657662371274824, 1.200739623919635, 1.1368636160276955, 0.9048737962911926, 0.6965058744181057, 1.4286648387282295, 0.04913441229870239, 0.2228855367943734, 0.42973498763347323, 1.175210233758986, 0.48636815911483816, 0.146244606281535, 0.5725112570312619, 0.3160701995369889, 0.054871139902265297, 0.009116936564431365, 0.8301306252549145, 0.5182870418282268, 0.3449281075116087, 0.17554031235527187, 0.42386553587508946, 0.3759095578902747, 0.9685161095515086, 0.8095601532415737, 0.7944334258706381, 0.5281503985657464, 0.09748389715128582, 0.0012564685299688602]
APTIDAO: 
43.606077918327806
GEN: 5400
Individuo: 
[4.295369843662967, 2.359072400091257, 2.505820196434501, 0.4657662371274824, 1.200739623919635, 1.1368636160276955, 0.9048737962911926, 0.6965058744181057, 1.4286648387282295, 0.011820722938229998, 0.2228855367943734, 0.42973498763347323, 1.3726345671748021, 0.48636815911483816, 0.1508206242348165, 0.5725112570312619, 0.3160701995369889, 0.054060178363174914, 0.003819545677106945, 0.8301306252549145, 0.5182870418282268, 0.6186098861043128, 0.17554031235527187, 0.42386553587508946, 0.3759095578902747, 0.9685161095515086, 0.8095601532415737, 0.6497522334795773, 0.5281503985657464, 0.09748389715128582, 0.0018238001147893724]
APTIDAO: 
43.449041146548694
GEN: 5500
Individuo: 
[4.295369843662967, 2.359072400091257, 2.4612625922995606, 0.4657662371274824, 1.200739623919635, 1.1368636160276955, 0.9048737962911926, 0.6965058744181057, 1.4286648387282295, 0.011528653144117927, 0.2228855367943734, 0.42973498763347323, 1.3726345671748021, 0.48636815911483816, 0.1508206242348165, 0.5725112570312619, 0.3160701995369889, 0.0534067994752295, 0.003819545677106945, 0.8358353761603537, 0.5182870418282268, 0.9238097198999873, 0.17554031235527187, 0.42386553587508946, 0.3759095578902747, 0.9685161095515086, 0.8095601532415737, 0.5393516133323089, 0.5281503985657464, 0.09748389715128582, 0.0012800458686211956]
APTIDAO: 
43.37618460319234
GEN: 5600
Individuo: 
[4.230227583052195, 2.359072400091257, 2.4612625922995606, 0.4657662371274824, 1.200739623919635, 1.1368636160276955, 0.8932905576338923, 0.6965058744181057, 1.3870658724177811, 0.010498481968533018, 0.2228855367943734, 0.42973498763347323, 0.9778593447487691, 0.48636815911483816, 0.1508206242348165, 0.5725112570312619, 0.3160701995369889, 0.07053059071161641, 0.003819545677106945, 0.8358353761603537, 0.5182870418282268, 0.40612854996945885, 0.17554031235527187, 0.42386553587508946, 0.3759095578902747, 0.9685161095515086, 0.8095601532415737, 0.9650947344133164, 0.5281503985657464, 0.09748389715128582, 0.0011323557269198304]
APTIDAO: 
43.38582423076889
GEN: 5700
Individuo: 
[4.230227583052195, 2.359072400091257, 2.5655774733644674, 0.4657662371274824, 1.200739623919635, 1.1368636160276955, 0.8932905576338923, 0.6965058744181057, 1.4119611973523174, 0.010498481968533018, 0.2228855367943734, 0.42973498763347323, 0.9778593447487691, 0.48636815911483816, 0.1508206242348165, 0.5725112570312619, 0.3160701995369889, 0.07053059071161641, 0.13993514727098302, 0.8358353761603537, 0.5289645809227617, 0.6688736857701008, 0.17554031235527187, 0.42386553587508946, 0.3759095578902747, 0.9685161095515086, 0.8095601532415737, 0.8017297421937987, 0.5007772278819884, 0.09748389715128582, 0.0011323557269198304]
APTIDAO: 
43.637330665148404
GEN: 5800
Individuo: 
[4.230227583052195, 2.359072400091257, 2.5655774733644674, 0.4657662371274824, 1.200739623919635, 1.1368636160276955, 0.8932905576338923, 0.6965058744181057, 1.4119611973523174, 0.018721894195487497, 0.2228855367943734, 0.4187451652174273, 0.562476683175496, 0.48636815911483816, 0.2287065727979744, 0.7672441654462119, 0.3160701995369889, 0.07053059071161641, 0.13993514727098302, 0.8358353761603537, 0.5267330851554626, 0.6688736857701008, 0.17554031235527187, 0.42386553587508946, 0.3759095578902747, 0.9685161095515086, 0.8095601532415737, 0.3008332858470249, 0.5007772278819884, 0.09748389715128582, 0.0021134523716742396]
APTIDAO: 
45.01363057066189
GEN: 5900
Individuo: 
[4.230227583052195, 2.359072400091257, 2.1694580525851297, 0.4657662371274824, 1.200739623919635, 1.1368636160276955, 0.8932905576338923, 0.6965058744181057, 1.4119611973523174, 0.020759005611065962, 0.2228855367943734, 0.4187451652174273, 0.562476683175496, 0.5806150057627092, 0.2287065727979744, 0.7672441654462119, 0.3160701995369889, 0.04013908845310888, 0.6151575860403397, 0.817391679086876, 0.5267330851554626, 0.8316976637769705, 0.17554031235527187, 0.42386553587508946, 0.3759095578902747, 0.9685161095515086, 0.8095601532415737, 0.24776875280215363, 0.5007772278819884, 0.09021027380050496, 0.0013866116756854109]
APTIDAO: 
43.904576980957714
GEN: 6000
Individuo: 
[4.063634535439534, 1.8799748171180668, 2.1694580525851297, 0.4657662371274824, 1.200739623919635, 1.1368636160276955, 0.8932905576338923, 0.6965058744181057, 1.4119611973523174, 0.011745669667240803, 0.2228855367943734, 0.3798467034788439, 0.562476683175496, 0.5806150057627092, 0.20820413909917537, 0.799140303475456, 0.3160701995369889, 0.049566287346384116, 0.3872277015567618, 0.817391679086876, 0.5267330851554626, 0.9440073007206915, 0.17554031235527187, 0.42386553587508946, 0.4385009554945156, 0.9685161095515086, 0.8095601532415737, 0.24776875280215363, 0.5007772278819884, 0.013950081303110505, 0.0010176501399134365]
APTIDAO: 
42.81148268992962
GEN: 6100
Individuo: 
[4.063634535439534, 2.0427407231734587, 2.1694580525851297, 0.4657662371274824, 1.200739623919635, 1.1368636160276955, 0.8932905576338923, 0.6965058744181057, 1.4119611973523174, 0.027276870668731176, 0.2228855367943734, 0.3798467034788439, 0.562476683175496, 0.5806150057627092, 0.20820413909917537, 0.799140303475456, 0.3160701995369889, 0.049566287346384116, 0.1583433495963176, 0.8148257744994827, 0.5267330851554626, 0.8180304711402792, 0.17554031235527187, 0.42386553587508946, 0.4385009554945156, 0.9685161095515086, 0.8095601532415737, 0.43148574382081056, 0.5007772278819884, 0.014036708882996244, 0.0014524770647156295]
APTIDAO: 
42.50873219406247
GEN: 6200
Individuo: 
[4.063634535439534, 2.425326398574248, 2.1694580525851297, 0.5044491568055637, 1.200739623919635, 1.1368636160276955, 0.9072918482263065, 0.6965058744181057, 1.4119611973523174, 0.028747764351766993, 0.2228855367943734, 0.3798467034788439, 0.562476683175496, 0.5806150057627092, 0.20820413909917537, 0.799140303475456, 0.3160701995369889, 0.049566287346384116, 0.1583433495963176, 0.8148257744994827, 0.5267330851554626, 0.9706766845387994, 0.17554031235527187, 0.42386553587508946, 0.4389567212019379, 0.9685161095515086, 0.8095601532415737, 0.11363820695900581, 0.5007772278819884, 0.014036708882996244, 0.0032772113112375443]
APTIDAO: 
42.36259980765366
GEN: 6300
Individuo: 
[4.063634535439534, 2.4248899674849773, 2.6211142893387085, 0.5044491568055637, 1.200739623919635, 1.1522886190378712, 0.9072918482263065, 0.7050878227343766, 1.4119611973523174, 0.10309698536915665, 0.2228855367943734, 0.3798467034788439, 0.562476683175496, 0.6624383436426781, 0.20820413909917537, 0.799140303475456, 0.3160701995369889, 0.05994775174854556, 0.09283074561729733, 0.8148257744994827, 0.5267330851554626, 0.9395149660876413, 0.17554031235527187, 0.42386553587508946, 0.4385009554945156, 0.9685161095515086, 0.8095601532415737, 0.12698097088916555, 0.5007772278819884, 0.014036708882996244, 0.002919329208239303]
APTIDAO: 
42.837969549505736
GEN: 6400
Individuo: 
[4.063634535439534, 2.4248899674849773, 2.6211142893387085, 0.5044491568055637, 1.200739623919635, 1.1522886190378712, 0.9072918482263065, 0.7050878227343766, 1.4119611973523174, 0.013515666539606135, 0.2228855367943734, 0.3798467034788439, 0.562476683175496, 0.6624383436426781, 0.21729348048977645, 0.799140303475456, 0.3160701995369889, 0.09473785118482007, 0.09523366159725319, 0.8148257744994827, 0.5267330851554626, 0.8059380628998402, 0.17554031235527187, 0.42386553587508946, 0.4385009554945156, 0.9685161095515086, 0.8095601532415737, 0.03585972474488973, 0.5007772278819884, 0.008906164367409843, 0.003305053722971629]
APTIDAO: 
42.44543821484477
GEN: 6500
Individuo: 
[4.063634535439534, 2.4248899674849773, 2.6211142893387085, 0.46486665155548984, 1.200739623919635, 1.1522886190378712, 0.9072918482263065, 0.7050878227343766, 1.3763028099653178, 0.013515666539606135, 0.2228855367943734, 0.3798467034788439, 0.562476683175496, 0.6624383436426781, 0.21729348048977645, 0.799140303475456, 0.3160701995369889, 0.14200467344314138, 0.013167747059291891, 0.8148257744994827, 0.5267330851554626, 0.8059380628998402, 0.17554031235527187, 0.42386553587508946, 0.4385009554945156, 0.9685161095515086, 0.8095601532415737, 0.09637613592718565, 0.5007772278819884, 0.008906164367409843, 0.003305053722971629]
APTIDAO: 
42.96461593866487
GEN: 6600
Individuo: 
[3.4698526346581184, 2.584010715129894, 2.6211142893387085, 0.46486665155548984, 1.200739623919635, 1.1522886190378712, 0.9072918482263065, 0.7050878227343766, 1.3763028099653178, 0.04930386235285433, 0.2228855367943734, 0.3798467034788439, 0.562476683175496, 0.6624383436426781, 0.21729348048977645, 0.799140303475456, 0.3160701995369889, 0.14200467344314138, 0.06228654454783441, 0.8148257744994827, 0.5267330851554626, 0.8316261403751914, 0.17554031235527187, 0.42386553587508946, 0.4385009554945156, 0.9685161095515086, 0.8245831225475666, 0.3069343650189823, 0.49593449309722293, 0.008906164367409843, 0.009561700215441185]
APTIDAO: 
42.745710048941
GEN: 6700
Individuo: 
[3.6761746205944643, 2.303766240402984, 2.6211142893387085, 0.5024354362515379, 1.200739623919635, 1.1522886190378712, 0.9072918482263065, 0.7050878227343766, 1.3763028099653178, 0.014754556936304453, 0.2228855367943734, 0.3798467034788439, 0.562476683175496, 0.6783655751492442, 0.21729348048977645, 0.799140303475456, 0.3160701995369889, 0.14200467344314138, 0.06228654454783441, 0.8148257744994827, 0.5267330851554626, 0.9594979315351017, 0.17554031235527187, 0.42386553587508946, 0.4385009554945156, 0.9685161095515086, 0.8245831225475666, 0.21140934236198297, 0.49593449309722293, 0.005540033074204273, 0.009561700215441185]
APTIDAO: 
42.456665376065274
GEN: 6800
Individuo: 
[2.9233466045263015, 2.303766240402984, 2.245245778075262, 0.6218723398045725, 1.3940811400610749, 1.1522886190378712, 0.9072918482263065, 0.7050878227343766, 1.3763028099653178, 0.056500101832111176, 0.2228855367943734, 0.3798467034788439, 0.562476683175496, 0.5725593401847145, 0.21729348048977645, 0.775294282189114, 0.32922583705658154, 0.1388007602733542, 0.24931693604845862, 0.8148257744994827, 0.5267330851554626, 0.70494573465321, 0.17554031235527187, 0.3974323349906754, 0.4385009554945156, 0.9685161095515086, 0.8245831225475666, 0.8002495075887859, 0.49593449309722293, 0.005540033074204273, 0.0045441152610655264]
APTIDAO: 
43.578708255960414
GEN: 6900
Individuo: 
[2.9365907075840907, 2.5657309644189685, 2.761601563735174, 0.4981462546153583, 1.3940811400610749, 1.1522886190378712, 0.9072918482263065, 0.6916856646377917, 1.3763028099653178, 0.02863669816472739, 0.2228855367943734, 0.3798467034788439, 0.562476683175496, 0.6302819038005832, 0.21729348048977645, 0.775294282189114, 0.32922583705658154, 0.1388007602733542, 0.44365122494887, 0.8148257744994827, 0.5267330851554626, 0.8228785253735871, 0.17554031235527187, 0.3974323349906754, 0.49872471366634546, 0.9685161095515086, 0.8245831225475666, 0.6127058969819901, 0.48294378195093923, 0.016869046188284904, 0.0016054769099029412]
APTIDAO: 
42.650755880988235
GEN: 7000
Individuo: 
[2.9365907075840907, 2.5657309644189685, 2.761601563735174, 0.4981462546153583, 1.3940811400610749, 1.1522886190378712, 0.9072918482263065, 0.6916856646377917, 1.3763028099653178, 0.016933687462867462, 0.2228855367943734, 0.3798467034788439, 0.562476683175496, 0.6302819038005832, 0.21729348048977645, 0.775294282189114, 0.32922583705658154, 0.1388007602733542, 0.4842741826666385, 0.8148257744994827, 0.5267330851554626, 0.6304011233033701, 0.17554031235527187, 0.3974323349906754, 0.49872471366634546, 0.9685161095515086, 0.831695426104517, 0.04977342789742035, 0.48294378195093923, 0.013088954550223152, 0.0010064569343674742]
APTIDAO: 
42.53249058918635
GEN: 7100
Individuo: 
[3.2569641615883405, 2.5657309644189685, 2.761601563735174, 0.4981462546153583, 1.3940811400610749, 1.1522886190378712, 0.9072918482263065, 0.6916856646377917, 1.3763028099653178, 0.011906232225749143, 0.2228855367943734, 0.3798467034788439, 0.562476683175496, 0.6302819038005832, 0.21729348048977645, 0.775294282189114, 0.32922583705658154, 0.1388007602733542, 0.7458294803487536, 0.8148257744994827, 0.5267330851554626, 0.9845405680728324, 0.17554031235527187, 0.3974323349906754, 0.49872471366634546, 0.9685161095515086, 0.831695426104517, 0.28225703066702484, 0.48294378195093923, 0.013088954550223152, 0.0010064569343674742]
APTIDAO: 
42.2675983287974
GEN: 7200
Individuo: 
[3.2569641615883405, 2.5657309644189685, 2.761601563735174, 0.4609360046459022, 1.3491213270478157, 1.1522886190378712, 0.9072918482263065, 0.6916856646377917, 1.3763028099653178, 0.051865137300551506, 0.2228855367943734, 0.3798467034788439, 1.0102312828045534, 0.7178146646374629, 0.21729348048977645, 0.775294282189114, 0.32922583705658154, 0.1388007602733542, 0.10701226744102929, 0.8148257744994827, 0.5267330851554626, 0.32530702110385895, 0.17554031235527187, 0.3974323349906754, 0.49872471366634546, 0.9685161095515086, 0.831695426104517, 0.48790686885799245, 0.48294378195093923, 0.005061627769600934, 0.0012772723593469195]
APTIDAO: 
42.21207475316807
GEN: 7300
Individuo: 
[3.123653810937363, 2.5657309644189685, 2.761601563735174, 0.4609360046459022, 1.3491213270478157, 1.1522886190378712, 0.9072918482263065, 0.6916856646377917, 1.3763028099653178, 0.059100900524041634, 0.2228855367943734, 0.3798467034788439, 1.185250893062635, 0.7178146646374629, 0.2215278943351905, 0.775294282189114, 0.32922583705658154, 0.1388007602733542, 0.07702165625399904, 0.8148257744994827, 0.5267330851554626, 0.32530702110385895, 0.17554031235527187, 0.3974323349906754, 0.49872471366634546, 0.9685161095515086, 0.831695426104517, 0.9734879310109454, 0.48294378195093923, 0.005061627769600934, 0.001055549788281094]
APTIDAO: 
42.077520969721036
GEN: 7400
Individuo: 
[3.0105273793157856, 2.434959315241928, 2.761601563735174, 0.4609360046459022, 1.3491213270478157, 1.1522886190378712, 0.9072918482263065, 0.6916856646377917, 1.3763028099653178, 0.01340409154487087, 0.22423439203224438, 0.3722613355355402, 1.185250893062635, 0.7178146646374629, 0.2215278943351905, 0.775294282189114, 0.32922583705658154, 0.1388007602733542, 0.1177900160569328, 0.8148257744994827, 0.5267330851554626, 0.9360271945982326, 0.17554031235527187, 0.4013952142282736, 0.49872471366634546, 0.9685161095515086, 0.831695426104517, 0.7798469559744949, 0.5230898941147993, 0.0023798382417476133, 0.0011608149200006297]
APTIDAO: 
41.88595251648499
GEN: 7500
Individuo: 
[3.1539079322224914, 2.4890637993387044, 2.6332093296840657, 0.46825523036566497, 1.3491213270478157, 1.1522886190378712, 0.9072918482263065, 0.6916856646377917, 1.3763028099653178, 0.017279577620701116, 0.22423439203224438, 0.3722613355355402, 1.452098072385334, 0.7178146646374629, 0.2215278943351905, 0.775294282189114, 0.32922583705658154, 0.1388007602733542, 0.004710245028082822, 0.8148257744994827, 0.5267330851554626, 0.3308187781957311, 0.17554031235527187, 0.4013952142282736, 0.49872471366634546, 0.9685161095515086, 0.831695426104517, 0.4840188686755471, 0.5230898941147993, 0.0012793700906240408, 0.001230421607775996]
APTIDAO: 
41.647753755534964
GEN: 7600
Individuo: 
[3.1539079322224914, 2.4890637993387044, 2.6332093296840657, 0.46825523036566497, 1.3702287325232745, 1.1522886190378712, 0.9072918482263065, 0.6916856646377917, 1.3763028099653178, 0.01622492327305885, 0.22423439203224438, 0.3722613355355402, 1.452098072385334, 0.691226787420969, 0.2215278943351905, 0.775294282189114, 0.32922583705658154, 0.1388007602733542, 0.0065454124824316316, 0.8148257744994827, 0.5267330851554626, 0.9879404979394794, 0.17554031235527187, 0.4013952142282736, 0.5013542724166791, 0.9685161095515086, 0.831695426104517, 0.8572933931457009, 0.5230898941147993, 0.0010359131305927405, 0.0010727064842779557]
APTIDAO: 
41.594735185805135
GEN: 7700
Individuo: 
[3.1539079322224914, 2.4890637993387044, 2.4841580996739747, 0.46825523036566497, 1.3702287325232745, 1.1522886190378712, 0.9072918482263065, 0.6916856646377917, 1.3763028099653178, 0.017121411007081797, 0.22423439203224438, 0.3722613355355402, 1.452098072385334, 0.691226787420969, 0.2215278943351905, 0.775294282189114, 0.32922583705658154, 0.1388007602733542, 0.0011702673063922618, 0.8148257744994827, 0.5267330851554626, 0.9279382356593261, 0.17554031235527187, 0.4013952142282736, 0.5013542724166791, 0.9685161095515086, 0.831695426104517, 0.22818377870063355, 0.5230898941147993, 0.0010014431363662279, 0.0010019451639535128]
APTIDAO: 
41.59886510473418
GEN: 7800
Individuo: 
[3.1539079322224914, 2.4890637993387044, 2.6322646263920797, 0.4690190791853776, 1.3702287325232745, 1.1522886190378712, 0.9072918482263065, 0.6916856646377917, 1.3763028099653178, 0.017121411007081797, 0.22423439203224438, 0.3722613355355402, 1.381038845233551, 0.691226787420969, 0.2215278943351905, 0.775294282189114, 0.32922583705658154, 0.1388007602733542, 0.010847213555464044, 0.8148257744994827, 0.5267330851554626, 0.1273115754586345, 0.17554031235527187, 0.4013952142282736, 0.5013542724166791, 0.9685161095515086, 0.831695426104517, 0.001893166458497869, 0.5230898941147993, 0.0010780596048036927, 0.004255879390225865]
APTIDAO: 
41.651086795537175
GEN: 7900
Individuo: 
[3.1539079322224914, 2.461839379812033, 2.54570969131884, 0.47168697466902376, 1.3702287325232745, 1.1522886190378712, 0.9072918482263065, 0.6916856646377917, 1.3763028099653178, 0.013892539407778388, 0.22423439203224438, 0.3722613355355402, 1.381038845233551, 0.6814992729511925, 0.2215278943351905, 0.775294282189114, 0.32922583705658154, 0.1388007602733542, 0.008335500735373492, 0.8148257744994827, 0.5267330851554626, 0.8712977527591443, 0.17554031235527187, 0.4013952142282736, 0.5013542724166791, 0.9685161095515086, 0.842355770065246, 0.003081917866373622, 0.5230898941147993, 0.0010044364193823822, 0.0019296693803661298]
APTIDAO: 
41.52776553749882
GEN: 8000
Individuo: 
[3.210888765569417, 2.461839379812033, 2.54570969131884, 0.47168697466902376, 1.3702287325232745, 1.1522886190378712, 0.9072918482263065, 0.6916856646377917, 1.3763028099653178, 0.011003379660102015, 0.22423439203224438, 0.3722613355355402, 1.381038845233551, 0.6814992729511925, 0.13147189382308316, 0.775294282189114, 0.32922583705658154, 0.1388007602733542, 0.0018113555260877389, 0.8148257744994827, 0.5267330851554626, 0.8971683970625611, 0.17554031235527187, 0.3406656223689357, 0.5013542724166791, 0.9685161095515086, 0.842355770065246, 0.003535705955531192, 0.5230898941147993, 0.0010597978518703006, 0.0012402122111020617]
APTIDAO: 
41.460518947542454
GEN: 8100
Individuo: 
[3.210888765569417, 2.461839379812033, 2.54570969131884, 0.47321927345672665, 1.3702287325232745, 1.1522886190378712, 0.9072918482263065, 0.6916856646377917, 1.3840821832594166, 0.010304933607774168, 0.22538596052876386, 0.3722613355355402, 1.381038845233551, 0.6814992729511925, 0.13147189382308316, 0.775294282189114, 0.32922583705658154, 0.1388007602733542, 0.0013112861164689736, 0.8148257744994827, 0.5267330851554626, 0.23402801531883685, 0.17554031235527187, 0.3406656223689357, 0.5013542724166791, 0.9685161095515086, 0.842355770065246, 0.031890267191087555, 0.5230898941147993, 0.0010597978518703006, 0.0012402122111020617]
APTIDAO: 
41.416902891240284
GEN: 8200
Individuo: 
[3.210888765569417, 2.461839379812033, 2.54570969131884, 0.47321927345672665, 1.3702287325232745, 1.1522886190378712, 0.9072918482263065, 0.6916856646377917, 1.3840821832594166, 0.01031239505213722, 0.22538596052876386, 0.3722613355355402, 1.381038845233551, 0.6814992729511925, 0.13147189382308316, 0.775294282189114, 0.32922583705658154, 0.1388007602733542, 0.0079821680435253, 0.8148257744994827, 0.5267330851554626, 0.23402801531883685, 0.17554031235527187, 0.3406656223689357, 0.5013542724166791, 0.9685161095515086, 0.842355770065246, 0.007869259003415126, 0.5230898941147993, 0.0012215872393802941, 0.0012986439703867247]
APTIDAO: 
41.435122439826124
GEN: 8300
Individuo: 
[3.210888765569417, 2.461839379812033, 2.493739702609536, 0.4934330325708774, 1.3702287325232745, 1.1522886190378712, 0.9072918482263065, 0.6916856646377917, 1.3840821832594166, 0.010330826422407733, 0.22538596052876386, 0.3722613355355402, 1.417797102360068, 0.6814992729511925, 0.13147189382308316, 0.775294282189114, 0.32922583705658154, 0.1388007602733542, 0.012824066199142095, 0.8148257744994827, 0.5267330851554626, 0.23402801531883685, 0.17554031235527187, 0.3406656223689357, 0.5013542724166791, 0.9685161095515086, 0.842355770065246, 0.00877763009164337, 0.5230898941147993, 0.001052989853296763, 0.001061459968341181]
APTIDAO: 
41.38325976469543
GEN: 8400
Individuo: 
[3.210888765569417, 2.461839379812033, 2.5840229879159438, 0.4934330325708774, 1.3702287325232745, 1.1522886190378712, 0.9072918482263065, 0.6916856646377917, 1.3840821832594166, 0.010330826422407733, 0.22538596052876386, 0.3722613355355402, 1.437371702962276, 0.6814992729511925, 0.13135219438230067, 0.775294282189114, 0.32922583705658154, 0.1388007602733542, 0.03820297917938494, 0.8148257744994827, 0.5267330851554626, 0.23402801531883685, 0.17554031235527187, 0.3406656223689357, 0.5013542724166791, 0.9685161095515086, 0.842355770065246, 0.004863155265188723, 0.5230898941147993, 0.0010521104799193273, 0.001061459968341181]
APTIDAO: 
41.39564151149787
GEN: 8500
Individuo: 
[3.210888765569417, 2.461839379812033, 2.5840229879159438, 0.4934330325708774, 1.3702287325232745, 1.1522886190378712, 0.9072918482263065, 0.6916856646377917, 1.3840821832594166, 0.010330826422407733, 0.22538596052876386, 0.3722613355355402, 1.498342013693472, 0.6814992729511925, 0.13135219438230067, 0.775294282189114, 0.32922583705658154, 0.1388007602733542, 0.01716083128956744, 0.8148257744994827, 0.5267330851554626, 0.23402801531883685, 0.17554031235527187, 0.3406656223689357, 0.5013542724166791, 0.9685161095515086, 0.842355770065246, 0.0029004729807428245, 0.5230898941147993, 0.0010204149861482055, 0.0010137911827404434]
APTIDAO: 
41.39154372781629
GEN: 8600
Individuo: 
[3.210888765569417, 2.461839379812033, 2.5840229879159438, 0.4934330325708774, 1.3702287325232745, 1.1522886190378712, 0.9072918482263065, 0.6916856646377917, 1.3840821832594166, 0.010330826422407733, 0.22538596052876386, 0.3722613355355402, 1.498342013693472, 0.6814992729511925, 0.13135219438230067, 0.775294282189114, 0.32922583705658154, 0.1388007602733542, 0.04264442583774768, 0.8148257744994827, 0.5267330851554626, 0.0013376326227752652, 0.17554031235527187, 0.3406656223689357, 0.5013542724166791, 0.9685161095515086, 0.842355770065246, 0.007876639203156429, 0.5230898941147993, 0.0010082514146837103, 0.0010137911827404434]
APTIDAO: 
41.3973295555274
GEN: 8700
Individuo: 
[3.761818279932802, 2.461839379812033, 2.5840229879159438, 0.4934330325708774, 1.3702287325232745, 1.1522886190378712, 0.9072918482263065, 0.6916856646377917, 1.3840821832594166, 0.010974080352923238, 0.22538596052876386, 0.3722613355355402, 1.498342013693472, 0.4966890759937056, 0.0801530978648511, 0.775294282189114, 0.32922583705658154, 0.1388007602733542, 0.12470709793368939, 0.8148257744994827, 0.5267330851554626, 0.001727660336245309, 0.17554031235527187, 0.3406656223689357, 0.5013542724166791, 0.9685161095515086, 0.842355770065246, 0.0030300958957986566, 0.5230898941147993, 0.0031534974583518104, 0.0035342318620504116]
APTIDAO: 
41.61836421526581
GEN: 8800
Individuo: 
[3.761818279932802, 2.456391118432845, 2.5840229879159438, 0.4934330325708774, 1.3702287325232745, 1.1522886190378712, 0.9072918482263065, 0.6916856646377917, 1.3840821832594166, 0.020245061741326717, 0.22538596052876386, 0.3722613355355402, 1.498342013693472, 0.4966890759937056, 0.0801530978648511, 0.775294282189114, 0.32922583705658154, 0.1388007602733542, 0.012777270364592431, 0.8148257744994827, 0.5267330851554626, 0.0031968743509797684, 0.17554031235527187, 0.3294057783653905, 0.5025692947832852, 0.9685161095515086, 0.842355770065246, 0.013451269109787379, 0.5230898941147993, 0.0031534974583518104, 0.001743244664587467]
APTIDAO: 
42.38238079542874
GEN: 8900
Individuo: 
[3.761818279932802, 2.456391118432845, 2.574022132049351, 0.4934330325708774, 1.3426889076552255, 1.1522886190378712, 1.0020750380906842, 0.6916856646377917, 1.3840821832594166, 0.01189646278699628, 0.22538596052876386, 0.3722613355355402, 1.498342013693472, 0.4966890759937056, 0.0801530978648511, 0.7606365988031655, 0.32922583705658154, 0.1388007602733542, 0.005276718621575629, 0.8148257744994827, 0.5267330851554626, 0.0042702218539355605, 0.17814296069838156, 0.3294057783653905, 0.5025692947832852, 0.9685161095515086, 0.842355770065246, 0.6886497309612714, 0.5230898941147993, 0.0013930238614016392, 0.0016942441569406095]
APTIDAO: 
41.660476278770844
GEN: 9000
Individuo: 
[3.761818279932802, 2.456391118432845, 2.574022132049351, 0.4934330325708774, 1.3426889076552255, 1.128272490827949, 1.0020750380906842, 0.6916856646377917, 1.3840821832594166, 0.01003507752437188, 0.22538596052876386, 0.3722613355355402, 1.498342013693472, 0.4594272663864622, 0.08239870415955003, 0.7606365988031655, 0.32922583705658154, 0.1388007602733542, 0.001032667090447481, 0.8148257744994827, 0.5267330851554626, 0.0024769867705479735, 0.17814296069838156, 0.3294057783653905, 0.5025692947832852, 0.9685161095515086, 0.842355770065246, 0.6290218335587074, 0.5230898941147993, 0.0013930238614016392, 0.0014111102105147624]
APTIDAO: 
41.59833303064186
GEN: 9100
Individuo: 
[3.966534061459284, 2.494249718604779, 2.574022132049351, 0.4934330325708774, 1.3426889076552255, 1.128272490827949, 1.0020750380906842, 0.6916856646377917, 1.3840821832594166, 0.010551433653821815, 0.22538596052876386, 0.3722613355355402, 1.498342013693472, 0.47374905855586597, 0.08239870415955003, 0.7606365988031655, 0.32922583705658154, 0.1388007602733542, 0.00522634743432599, 0.8148257744994827, 0.5267330851554626, 0.01292111931082973, 0.17814296069838156, 0.3294057783653905, 0.5025692947832852, 0.9685161095515086, 0.842355770065246, 0.12464851042461367, 0.5230898941147993, 0.0013930238614016392, 0.0010391495358284143]
APTIDAO: 
41.472841502604794
GEN: 9200
Individuo: 
[3.966534061459284, 2.494249718604779, 2.574022132049351, 0.4934330325708774, 1.3426889076552255, 1.128272490827949, 1.0020750380906842, 0.6916856646377917, 1.3840821832594166, 0.015266021111262046, 0.22538596052876386, 0.3722613355355402, 1.498342013693472, 0.47374905855586597, 0.08240116621209172, 0.7606365988031655, 0.32922583705658154, 0.1388007602733542, 0.006601267729539954, 0.8148257744994827, 0.5267330851554626, 0.0038121811162548196, 0.17814296069838156, 0.3294057783653905, 0.5025692947832852, 0.9685161095515086, 0.842355770065246, 0.5114069349860384, 0.5230898941147993, 0.0010165777576506168, 0.0010391495358284143]
APTIDAO: 
41.442052308886254
GEN: 9300
Individuo: 
[3.966534061459284, 2.494249718604779, 2.7603794000725825, 0.4912673463668252, 1.3426889076552255, 1.128272490827949, 1.0020750380906842, 0.6916856646377917, 1.3840821832594166, 0.011715522790200269, 0.22538596052876386, 0.3722613355355402, 1.498342013693472, 0.47374905855586597, 0.08240116621209172, 0.7606365988031655, 0.32922583705658154, 0.1388007602733542, 0.0011106352111895806, 0.8148257744994827, 0.5267330851554626, 0.019791896723307435, 0.17814296069838156, 0.3294057783653905, 0.5025692947832852, 0.9703416389910986, 0.842355770065246, 0.9621907595030824, 0.5230898941147993, 0.0010165777576506168, 0.0010532134226619505]
APTIDAO: 
41.54732883116163
GEN: 9400
Individuo: 
[3.966534061459284, 2.494249718604779, 2.7603794000725825, 0.4912673463668252, 1.3426889076552255, 1.128272490827949, 1.0020750380906842, 0.6916856646377917, 1.3840821832594166, 0.012965062789622396, 0.22538596052876386, 0.3722613355355402, 1.253408156870696, 0.47374905855586597, 0.08240116621209172, 0.7606365988031655, 0.32922583705658154, 0.1388007602733542, 0.003493932198624775, 0.8148257744994827, 0.5267330851554626, 0.6529036740703832, 0.17814296069838156, 0.3294057783653905, 0.5025692947832852, 0.9703416389910986, 0.842355770065246, 0.05583553601440111, 0.5230898941147993, 0.0010165777576506168, 0.0011220567935686446]
APTIDAO: 
41.54320528542139
GEN: 9500
Individuo: 
[3.966534061459284, 2.494249718604779, 2.7603794000725825, 0.4912673463668252, 1.3426889076552255, 1.128272490827949, 1.0020750380906842, 0.6916856646377917, 1.3840821832594166, 0.013149037904447748, 0.22538596052876386, 0.3722613355355402, 1.3502116964358624, 0.47374905855586597, 0.08240116621209172, 0.7606365988031655, 0.32922583705658154, 0.1388007602733542, 0.004180649994932961, 0.8148257744994827, 0.5267330851554626, 0.6927449438883169, 0.1782797744743751, 0.3294057783653905, 0.5025692947832852, 0.9703416389910986, 0.842355770065246, 0.07881123921487954, 0.5230898941147993, 0.0010165777576506168, 0.0011220567935686446]
APTIDAO: 
41.53574049492999
GEN: 9600
Individuo: 
[3.966534061459284, 2.494249718604779, 2.526042106068207, 0.4912673463668252, 1.3426889076552255, 1.128272490827949, 1.0020750380906842, 0.6916856646377917, 1.3840821832594166, 0.013149037904447748, 0.22538596052876386, 0.3722613355355402, 0.8057374648525878, 0.47374905855586597, 0.08240116621209172, 0.7598746877719392, 0.32922583705658154, 0.1388007602733542, 0.021243651927495336, 0.8148257744994827, 0.5267330851554626, 0.7243526296048662, 0.1782797744743751, 0.3294057783653905, 0.5025692947832852, 0.9703416389910986, 0.842355770065246, 0.7470928978972114, 0.5230898941147993, 0.00123232024281864, 0.0011220567935686446]
APTIDAO: 
41.447615720760005
GEN: 9700
Individuo: 
[3.966534061459284, 2.494249718604779, 2.526042106068207, 0.4912673463668252, 1.3426889076552255, 1.128272490827949, 1.0020750380906842, 0.6916856646377917, 1.3840821832594166, 0.010385175638910575, 0.22538596052876386, 0.3722613355355402, 1.4439386140703665, 0.3739227231872026, 0.04609770279796286, 0.7598746877719392, 0.32922583705658154, 0.1388007602733542, 0.0014600652022257105, 0.8148257744994827, 0.5267330851554626, 0.9730400187620285, 0.1782797744743751, 0.3294057783653905, 0.5025692947832852, 0.9703416389910986, 0.842355770065246, 0.1573639786054662, 0.5230898941147993, 0.00123232024281864, 0.0019865101629422247]
APTIDAO: 
41.57096595681388
GEN: 9800
Individuo: 
[4.281457621635531, 2.494249718604779, 2.526042106068207, 0.4912673463668252, 1.3426889076552255, 1.128272490827949, 1.0020750380906842, 0.6916856646377917, 1.3840821832594166, 0.010385175638910575, 0.22538596052876386, 0.3722613355355402, 1.3740868516203424, 0.3739227231872026, 0.04609770279796286, 0.7598746877719392, 0.32922583705658154, 0.1388007602733542, 0.002733595660818169, 0.8148257744994827, 0.5267330851554626, 0.5346827121017487, 0.1782797744743751, 0.3294057783653905, 0.5025692947832852, 0.9703416389910986, 0.842355770065246, 0.35090285866488674, 0.5230898941147993, 0.001576944562470539, 0.0013976444697186242]
APTIDAO: 
41.51577071161335
GEN: 9900
Individuo: 
[4.281457621635531, 2.494249718604779, 2.55238725498014, 0.4912673463668252, 1.3426889076552255, 1.128272490827949, 1.0020750380906842, 0.6916856646377917, 1.3840821832594166, 0.01049074390606528, 0.22538596052876386, 0.3722613355355402, 0.8006911658027103, 0.3739227231872026, 0.04609770279796286, 0.7598746877719392, 0.32922583705658154, 0.1388007602733542, 0.008424149291310492, 0.8148257744994827, 0.5267330851554626, 0.7871887972949004, 0.1782797744743751, 0.3294057783653905, 0.5025692947832852, 0.9703416389910986, 0.842355770065246, 0.7051008186628339, 0.5230898941147993, 0.0018109252109690618, 0.0014762280288496319]
APTIDAO: 
41.51716086592115
GEN: 10000
Individuo: 
[4.281457621635531, 2.494249718604779, 2.55238725498014, 0.4912673463668252, 1.3426889076552255, 1.128272490827949, 1.0042135410121873, 0.6916856646377917, 1.3840821832594166, 0.01074704651273914, 0.22538596052876386, 0.3722192831267704, 0.9273093302949361, 0.3739227231872026, 0.04609770279796286, 0.7598746877719392, 0.32922583705658154, 0.1388007602733542, 0.005063244056197891, 0.8148257744994827, 0.5267330851554626, 0.7871887972949004, 0.1782797744743751, 0.3294057783653905, 0.5025692947832852, 0.9703416389910986, 0.842355770065246, 0.9887959552702522, 0.5230898941147993, 0.0015860595034409431, 0.0010654510519326431]
APTIDAO: 
41.48945406598337

--- RESULTADO FINAL ---
Erro (norma-1): 41.48945406598337
Parâmetros: [4.281457621635531, 2.494249718604779, 2.55238725498014, 0.4912673463668252, 1.3426889076552255, 1.128272490827949, 1.0042135410121873, 0.6916856646377917, 1.3840821832594166, 0.01074704651273914, 0.22538596052876386, 0.3722192831267704, 0.9273093302949361, 0.3739227231872026, 0.04609770279796286, 0.7598746877719392, 0.32922583705658154, 0.1388007602733542, 0.005063244056197891, 0.8148257744994827, 0.5267330851554626, 0.7871887972949004, 0.1782797744743751, 0.3294057783653905, 0.5025692947832852, 0.9703416389910986, 0.842355770065246, 0.9887959552702522, 0.5230898941147993, 0.0015860595034409431, 0.0010654510519326431]
Tempo total: 02h 20m 47s
