SEED: 1778578247
METODO: ABCD_GK
IND_SIZE: 31
GEN: 0
Individuo: 
[3.5866733601637724, 1.7941950488403644, 0.872573638394872, 2.967560835521128, 0.35946638264025227, 0.5607869550987689, 0.840600056498617, 0.980066746380399, 0.5819178295496363, 0.42541680919085595, 0.18106920506120242, 0.5451042685445768, 0.3261505014892015, 0.6212566107909452, 0.8028555294767146, 0.7694407923359737, 0.5093515885507887, 0.5299115012888505, 0.17307985613860485, 0.802356784005433, 0.7745949697047732, 0.836027478721142, 0.6130377678485414, 0.34994157561341166, 0.5882809013519422, 0.19952034520690723, 0.10437310017111308, 0.2768047720214171, 0.47580162503109863, 0.8231251369082669, 0.7717141245223407]
APTIDAO: 
138.1910267031658
GEN: 100
Individuo: 
[1.8398405407203273, 0.6155758264847668, 1.9516295254278067, 0.9871100675545906, 0.35946638264025227, 0.14001642560676839, 1.131606759416544, 1.223022010692555, 1.2318558484726545, 0.011167002329043134, 0.18106920506120242, 0.6088925293834746, 0.3261505014892015, 0.6581240135722825, 0.5803078182422312, 0.7694407923359737, 0.13760085909834535, 0.8306782473473914, 0.4136432949782114, 0.802356784005433, 0.9066255031669324, 0.836027478721142, 0.48795849635582317, 0.6718881550235974, 0.6636672760433574, 0.810737701140939, 0.03568296514492311, 0.9824465424913276, 0.4823223891983644, 0.7975159480931736, 0.38786211034935736]
APTIDAO: 
54.638270133542605
GEN: 200
Individuo: 
[1.4732302464440745, 0.6155758264847668, 2.018660105630771, 0.7711743636226412, 0.35946638264025227, 0.14001642560676839, 1.1321538434332465, 1.223022010692555, 1.4268696589198115, 0.01323517370693151, 0.18299703375103413, 0.6088925293834746, 0.3261505014892015, 0.6581240135722825, 0.5803078182422312, 0.7694407923359737, 0.13760085909834535, 0.1852061070588868, 0.10121879972569765, 0.7486945931719243, 0.9066255031669324, 0.915973857513593, 0.48795849635582317, 0.7730358594162754, 0.6636672760433574, 0.810737701140939, 0.03568296514492311, 0.6698152131722601, 0.4289752187837297, 0.8231251369082669, 0.3316456917346898]
APTIDAO: 
53.7089133621959
GEN: 300
Individuo: 
[1.2698426208031683, 0.6761238956698781, 2.018660105630771, 0.37975629733371874, 0.35946638264025227, 0.14001642560676839, 1.1321538434332465, 1.223022010692555, 0.6130610145022662, 0.010046240218317924, 0.18299703375103413, 0.6088925293834746, 0.3261505014892015, 0.6581240135722825, 0.5803078182422312, 0.7694407923359737, 0.13760085909834535, 0.6048253395662336, 0.014527525658865746, 0.7486945931719243, 0.9066255031669324, 0.915973857513593, 0.48795849635582317, 0.7730358594162754, 0.6636672760433574, 0.810737701140939, 0.019628843406422448, 0.6421426558616448, 0.4289752187837297, 0.8231251369082669, 0.3316456917346898]
APTIDAO: 
53.556496435578175
GEN: 400
Individuo: 
[1.2698426208031683, 1.279451389265436, 2.018660105630771, 0.18681249607052697, 0.35946638264025227, 0.14001642560676839, 1.1321538434332465, 1.223022010692555, 1.36475490982482, 0.010772628647692085, 0.18299703375103413, 0.6088925293834746, 0.3261505014892015, 0.6581240135722825, 0.5803078182422312, 0.7694407923359737, 0.13760085909834535, 0.10620858448454658, 0.015571301657851092, 0.7486945931719243, 0.9433294525683267, 0.915973857513593, 0.48795849635582317, 0.7730358594162754, 0.6636672760433574, 0.810737701140939, 0.019628843406422448, 0.1286178150533362, 0.4289752187837297, 0.8306126916845306, 0.37464767675678123]
APTIDAO: 
52.70109286435446
GEN: 500
Individuo: 
[1.2698426208031683, 1.279451389265436, 2.018660105630771, 0.9303623055181728, 0.35946638264025227, 0.14001642560676839, 0.9249820653377266, 1.223022010692555, 0.8852462476797442, 0.011344610092702448, 0.18299703375103413, 0.6088925293834746, 0.3261505014892015, 0.6581240135722825, 0.37545209944635405, 0.7694407923359737, 0.13760085909834535, 0.034737770005314354, 0.008891683131441817, 0.7486945931719243, 0.9433294525683267, 0.915973857513593, 0.48795849635582317, 0.7730358594162754, 0.6636672760433574, 0.810737701140939, 0.01246154929870709, 0.14826330462362539, 0.4289752187837297, 0.8306126916845306, 0.37464767675678123]
APTIDAO: 
52.284218615776346
GEN: 600
Individuo: 
[1.2698426208031683, 1.5976770945638317, 2.018660105630771, 0.9303623055181728, 0.33762248915915066, 0.14001642560676839, 0.9249820653377266, 1.223022010692555, 0.996545181970068, 0.017533052173194293, 0.20463530477020866, 0.6088925293834746, 0.4577750721034028, 0.6581240135722825, 0.29121986309092174, 0.7694407923359737, 0.13760085909834535, 0.860090743891645, 0.022741145736968338, 0.7486945931719243, 0.9433294525683267, 0.915973857513593, 0.48795849635582317, 0.7730358594162754, 0.6636672760433574, 0.8224655400155199, 0.01246154929870709, 0.8344464095442788, 0.42391858573909114, 0.8050650910680748, 0.37464767675678123]
APTIDAO: 
51.031186383161085
GEN: 700
Individuo: 
[1.2698426208031683, 1.5976770945638317, 1.8250220423780887, 0.9866691989957844, 0.33762248915915066, 0.14001642560676839, 0.9249820653377266, 1.223022010692555, 0.9065610842841137, 0.012592398848348323, 0.20463530477020866, 0.6088925293834746, 0.5108732078089345, 0.7359625126870282, 0.29121986309092174, 0.7694407923359737, 0.1373310669973867, 0.6691256670620809, 0.015307439199220839, 0.7486945931719243, 0.9433294525683267, 0.9195704921775261, 0.48795849635582317, 0.818728563828963, 0.6636672760433574, 0.8224655400155199, 0.025930451853312796, 0.17716004391480705, 0.42391858573909114, 0.8306126916845306, 0.37464767675678123]
APTIDAO: 
49.78601063773769
GEN: 800
Individuo: 
[1.2698426208031683, 1.5976770945638317, 1.8250220423780887, 0.9866691989957844, 0.33762248915915066, 0.14001642560676839, 0.923478551480851, 1.223022010692555, 0.8432081168122153, 0.011758368195545772, 0.20463530477020866, 0.6088925293834746, 0.5108732078089345, 0.7359625126870282, 0.29121986309092174, 0.7694407923359737, 0.1373310669973867, 0.9233270387456088, 0.0013551057796812166, 0.7486945931719243, 0.9433294525683267, 0.9855377901307399, 0.48795849635582317, 0.8743822048485882, 0.6636672760433574, 0.8224655400155199, 0.025930451853312796, 0.658151155777216, 0.42391858573909114, 0.8306126916845306, 0.37464767675678123]
APTIDAO: 
49.6162372204329
GEN: 900
Individuo: 
[1.2698426208031683, 1.4322016643816953, 1.9048364219634923, 0.757514308498599, 0.33762248915915066, 0.14001642560676839, 0.923478551480851, 1.223022010692555, 0.8432081168122153, 0.011615975599327009, 0.20463530477020866, 0.6088925293834746, 0.5108732078089345, 0.7359625126870282, 0.29121986309092174, 0.7694407923359737, 0.1373310669973867, 0.4394795421285825, 0.001980979003899552, 0.7486945931719243, 0.9433294525683267, 0.9855377901307399, 0.48795849635582317, 0.8743822048485882, 0.6636672760433574, 0.8224655400155199, 0.01938931983750228, 0.44380225995821776, 0.42391858573909114, 0.8306126916845306, 0.37464767675678123]
APTIDAO: 
49.62487438069148
GEN: 1000
Individuo: 
[0.803582884559527, 1.4322016643816953, 1.9048364219634923, 0.37498400548449, 0.33762248915915066, 0.14001642560676839, 0.923478551480851, 1.223022010692555, 1.180718957587535, 0.011555976796472514, 0.20463530477020866, 0.6088925293834746, 0.5108732078089345, 0.7359625126870282, 0.29121986309092174, 0.7694407923359737, 0.1373310669973867, 0.05510825473667461, 0.002151004649652196, 0.7486945931719243, 0.9433294525683267, 0.9855377901307399, 0.48795849635582317, 0.8743822048485882, 0.6636672760433574, 0.8224655400155199, 0.01938931983750228, 0.7902731389142973, 0.42391858573909114, 0.8306126916845306, 0.37464767675678123]
APTIDAO: 
50.187849261874156
GEN: 1100
Individuo: 
[0.803582884559527, 1.74028601179544, 1.9048364219634923, 0.5656929841832006, 0.33762248915915066, 0.14001642560676839, 0.923478551480851, 1.223022010692555, 1.2107107644799504, 0.010339448451495602, 0.20463530477020866, 0.6088925293834746, 0.5108732078089345, 0.7359625126870282, 0.32463334704812336, 0.7694407923359737, 0.1373310669973867, 0.0013002108247754927, 0.0016800395015612965, 0.7486945931719243, 0.9433294525683267, 0.9855377901307399, 0.48795849635582317, 0.8260544606151728, 0.6421741150263214, 0.8224655400155199, 0.01938931983750228, 0.7902941719844355, 0.42391858573909114, 0.8306126916845306, 0.37464767675678123]
APTIDAO: 
50.117302848143176
GEN: 1200
Individuo: 
[0.9441738945285691, 1.74028601179544, 2.5452501266542695, 0.336964892242297, 0.33762248915915066, 0.14001642560676839, 0.923478551480851, 1.2280433284403365, 1.0946080837460626, 0.02986978847886673, 0.20463530477020866, 0.6088925293834746, 0.5108732078089345, 0.7359625126870282, 0.32463334704812336, 0.7694407923359737, 0.1373310669973867, 0.0013627164824384615, 0.0016800395015612965, 0.7486945931719243, 0.9433294525683267, 0.9855377901307399, 0.48795849635582317, 0.8136004886682567, 0.6421741150263214, 0.8384903219335634, 0.01938931983750228, 0.7902941719844355, 0.42391858573909114, 0.8306126916845306, 0.37464767675678123]
APTIDAO: 
50.10466033908552
GEN: 1300
Individuo: 
[1.137490223069248, 1.74028601179544, 2.428283385114751, 0.44306150911573905, 0.33762248915915066, 0.10909100549974739, 0.923478551480851, 1.223022010692555, 0.8162908432325181, 0.010485996282286136, 0.20463530477020866, 0.6088925293834746, 0.5108732078089345, 0.7359625126870282, 0.32463334704812336, 0.7694407923359737, 0.1373310669973867, 0.0022196979299505233, 0.008801422699148484, 0.7621918332497021, 0.9433294525683267, 0.9855377901307399, 0.48795849635582317, 0.45273625010653346, 0.6421741150263214, 0.8384903219335634, 0.022483192940176807, 0.08039808408541904, 0.42391858573909114, 0.8210539683189322, 0.37464767675678123]
APTIDAO: 
49.72469648511596
GEN: 1400
Individuo: 
[1.137490223069248, 1.74028601179544, 2.428283385114751, 0.5210166543640415, 0.33762248915915066, 0.10909100549974739, 0.923478551480851, 1.223022010692555, 0.8553221547988465, 0.010485996282286136, 0.20463530477020866, 0.6088925293834746, 0.5108732078089345, 0.7359625126870282, 0.32463334704812336, 0.7694407923359737, 0.1373310669973867, 0.001002901874717747, 0.024123548846425542, 0.7621918332497021, 0.9433294525683267, 0.9855377901307399, 0.48795849635582317, 0.45273625010653346, 0.6421741150263214, 0.8438831638103341, 0.022483192940176807, 0.3974782148022839, 0.42391858573909114, 0.8210539683189322, 0.37464767675678123]
APTIDAO: 
49.68059732735295
GEN: 1500
Individuo: 
[1.137490223069248, 1.5115968160761988, 2.428283385114751, 0.4957900502035317, 0.33762248915915066, 0.10909100549974739, 0.923478551480851, 1.223022010692555, 0.8553221547988465, 0.010025034343557537, 0.20463530477020866, 0.6088925293834746, 0.517161232537791, 0.7359625126870282, 0.3245074810998799, 0.7694407923359737, 0.1373310669973867, 0.002028065418523321, 0.00140531964598061, 0.7621918332497021, 0.9433294525683267, 0.9855377901307399, 0.48795849635582317, 0.45273625010653346, 0.6421741150263214, 0.8438831638103341, 0.022483192940176807, 0.9359025520365266, 0.42391858573909114, 0.8210539683189322, 0.37464767675678123]
APTIDAO: 
49.64597349732879
GEN: 1600
Individuo: 
[1.137490223069248, 1.7480437922863759, 2.0749562545762683, 0.47530437398825925, 0.33762248915915066, 0.10909100549974739, 0.923478551480851, 1.223022010692555, 0.9742699103271789, 0.011364512812855198, 0.20463530477020866, 0.6088925293834746, 0.517161232537791, 0.7359625126870282, 0.3245074810998799, 0.7694407923359737, 0.1416871836761958, 0.00455139597340596, 0.0010543163180764877, 0.7621918332497021, 0.9433294525683267, 0.9855738899174539, 0.48795849635582317, 0.48545567491614716, 0.6421741150263214, 0.8438831638103341, 0.022483192940176807, 0.9359025520365266, 0.42391858573909114, 0.8210539683189322, 0.376138079855011]
APTIDAO: 
49.552623314755735
GEN: 1700
Individuo: 
[1.137490223069248, 1.7480437922863759, 2.0749562545762683, 0.5435280046580593, 0.33762248915915066, 0.10909100549974739, 0.923478551480851, 1.223022010692555, 1.2289221865712978, 0.015487709839580971, 0.20463530477020866, 0.6088925293834746, 0.5268401089739698, 0.7359625126870282, 0.3245074810998799, 0.7694407923359737, 0.1416871836761958, 0.07929248031307322, 0.0010543163180764877, 0.7621918332497021, 0.9433294525683267, 0.9855738899174539, 0.48795849635582317, 0.48545567491614716, 0.6421741150263214, 0.8438831638103341, 0.03350634223984262, 0.9379942696525637, 0.42391858573909114, 0.8255159596846037, 0.376138079855011]
APTIDAO: 
49.51284019511313
GEN: 1800
Individuo: 
[1.2906820042189107, 1.7480437922863759, 2.0749562545762683, 0.6899092169453336, 0.33762248915915066, 0.10909100549974739, 0.923478551480851, 1.223022010692555, 0.49656145526620193, 0.021289742182374644, 0.20463530477020866, 0.6088925293834746, 0.5268401089739698, 0.7359625126870282, 0.3245074810998799, 0.7694407923359737, 0.1416871836761958, 0.08816944608493861, 0.0031321929867941215, 0.7621918332497021, 0.9433294525683267, 0.9893492883905478, 0.48795849635582317, 0.48545567491614716, 0.6421741150263214, 0.9205044237194611, 0.03350634223984262, 0.23754683190092257, 0.42391858573909114, 0.8255159596846037, 0.376138079855011]
APTIDAO: 
49.3997087965846
GEN: 1900
Individuo: 
[1.2520193663332315, 1.5548654393428287, 2.0749562545762683, 0.6976592972642008, 0.33762248915915066, 0.10909100549974739, 0.923478551480851, 1.223022010692555, 0.49656145526620193, 0.016738754245633338, 0.20463530477020866, 0.6088925293834746, 0.5268401089739698, 0.7359625126870282, 0.3245074810998799, 0.7694407923359737, 0.1416871836761958, 0.08816944608493861, 0.001754270342992023, 0.7621918332497021, 0.9433294525683267, 0.9893492883905478, 0.48795849635582317, 0.48545567491614716, 0.6421741150263214, 0.9205044237194611, 0.03350634223984262, 0.8097613528308286, 0.42391858573909114, 0.8255159596846037, 0.376138079855011]
APTIDAO: 
49.35545281103265
GEN: 2000
Individuo: 
[1.278139965694125, 1.5715452378962829, 2.0749562545762683, 0.850322551152155, 0.33762248915915066, 0.10909100549974739, 0.923478551480851, 1.223022010692555, 0.49656145526620193, 0.012463755149261395, 0.20463530477020866, 0.6088925293834746, 0.5268401089739698, 0.7359625126870282, 0.3245074810998799, 0.7694407923359737, 0.1416871836761958, 0.08816944608493861, 0.0027158884480273076, 0.7621918332497021, 0.9433294525683267, 0.9893492883905478, 0.48795849635582317, 0.48545567491614716, 0.6421741150263214, 0.9205044237194611, 0.03350634223984262, 0.9029223206984678, 0.42391858573909114, 0.8255159596846037, 0.376138079855011]
APTIDAO: 
49.346991680859105
GEN: 2100
Individuo: 
[1.278139965694125, 1.666432885485787, 1.7642009342095033, 0.850322551152155, 0.33762248915915066, 0.10909100549974739, 0.923478551480851, 1.223022010692555, 0.49656145526620193, 0.0158014355826771, 0.20882445883579243, 0.6088925293834746, 0.5268401089739698, 0.7359625126870282, 0.3245074810998799, 0.7694407923359737, 0.1416871836761958, 0.10491919952268297, 0.010731047045171367, 0.7621918332497021, 0.9433294525683267, 0.9893492883905478, 0.48795849635582317, 0.6235560822963496, 0.6498012145314771, 0.9205044237194611, 0.03344152886467627, 0.35397997158398137, 0.42391858573909114, 0.7935166313485594, 0.376138079855011]
APTIDAO: 
49.23185657857495
GEN: 2200
Individuo: 
[1.278139965694125, 1.666432885485787, 1.7642009342095033, 0.850322551152155, 0.33762248915915066, 0.10909100549974739, 0.9969006553084482, 1.223022010692555, 0.49656145526620193, 0.01146522164661295, 0.20882445883579243, 0.6088925293834746, 0.528651534410004, 0.7359625126870282, 0.36692512200001337, 0.7694407923359737, 0.1416871836761958, 0.10491919952268297, 0.030211600079574658, 0.7621918332497021, 0.9433294525683267, 0.9893492883905478, 0.48795849635582317, 0.45698037252004325, 0.6659359287157768, 0.9205044237194611, 0.03344152886467627, 0.8070820805502389, 0.42391858573909114, 0.7935166313485594, 0.376138079855011]
APTIDAO: 
49.24270077608512
GEN: 2300
Individuo: 
[1.278139965694125, 1.666432885485787, 1.8401234104463589, 0.848522469035914, 0.33762248915915066, 0.10909100549974739, 0.9969006553084482, 1.223022010692555, 0.49656145526620193, 0.010805692304557428, 0.20882445883579243, 0.6088925293834746, 0.528651534410004, 0.7359625126870282, 0.36692512200001337, 0.7694407923359737, 0.1416871836761958, 0.10491919952268297, 0.009644836839358848, 0.7621918332497021, 0.9433294525683267, 0.9893492883905478, 0.48795849635582317, 0.45698037252004325, 0.6659359287157768, 0.9205044237194611, 0.03344152886467627, 0.7870895809395917, 0.42391858573909114, 0.7935166313485594, 0.376138079855011]
APTIDAO: 
49.212617074037205
GEN: 2400
Individuo: 
[1.2354778777234687, 1.6350602233045872, 2.1158824058352406, 0.7645571339654467, 0.33762248915915066, 0.107881466466654, 1.0001343051682623, 1.223022010692555, 0.49656145526620193, 0.011516870946262733, 0.20882445883579243, 0.6088925293834746, 0.528651534410004, 0.7359625126870282, 0.36692512200001337, 0.7694407923359737, 0.1416871836761958, 0.10491919952268297, 0.03427273620032999, 0.7621918332497021, 0.9433294525683267, 0.9893492883905478, 0.48795849635582317, 0.49103778749111204, 0.6761250588823557, 0.9205044237194611, 0.03344152886467627, 0.9255202082899618, 0.42391858573909114, 0.7935166313485594, 0.376138079855011]
APTIDAO: 
49.18219538343655
GEN: 2500
Individuo: 
[1.2354778777234687, 1.6350602233045872, 2.1158824058352406, 0.7645571339654467, 0.33762248915915066, 0.107881466466654, 1.0001343051682623, 1.223022010692555, 0.49656145526620193, 0.017670536964061737, 0.20882445883579243, 0.6088925293834746, 0.528651534410004, 0.7359625126870282, 0.36692512200001337, 0.7694407923359737, 0.1416871836761958, 0.10491919952268297, 0.002979452076128286, 0.7621918332497021, 0.9433294525683267, 0.9893492883905478, 0.48795849635582317, 0.49103778749111204, 0.6745941865691364, 0.9205044237194611, 0.03344152886467627, 0.9760585705478402, 0.42391858573909114, 0.7935166313485594, 0.376138079855011]
APTIDAO: 
49.17133431542143
GEN: 2600
Individuo: 
[1.2354778777234687, 1.6350602233045872, 2.1158824058352406, 0.5880225974543932, 0.33762248915915066, 0.107881466466654, 0.5893289376646182, 1.223022010692555, 0.49656145526620193, 0.05898240084553581, 0.20882445883579243, 0.6088925293834746, 0.5315319930741216, 0.869565489465694, 0.36692512200001337, 0.4237098286938154, 0.14150442688539527, 0.10491919952268297, 0.0012262490483047571, 0.7621918332497021, 0.9433294525683267, 0.9893492883905478, 0.3888282520565238, 0.3477450118346454, 0.31519904526192555, 0.9205044237194611, 0.03344152886467627, 0.6333668630228317, 0.42391858573909114, 0.7935166313485594, 0.376138079855011]
APTIDAO: 
49.200526321299165
GEN: 2700
Individuo: 
[1.6791460228208563, 1.8907839341081136, 2.1158824058352406, 0.5880225974543932, 0.33762248915915066, 0.107881466466654, 0.5893289376646182, 1.223022010692555, 0.49656145526620193, 0.05898240084553581, 0.20882445883579243, 0.6088925293834746, 0.5315319930741216, 0.869565489465694, 0.36692512200001337, 0.4237098286938154, 0.14150442688539527, 0.03303739182579143, 0.0010061403840418445, 0.7621918332497021, 0.5572577559962257, 0.9870360177079921, 0.3888282520565238, 0.3477450118346454, 0.31519904526192555, 0.9820467203187753, 0.044058606302084455, 0.6333668630228317, 0.42391858573909114, 0.46959485204188606, 0.07878405301226647]
APTIDAO: 
48.24684289646756
GEN: 2800
Individuo: 
[1.6791460228208563, 2.371605621378626, 2.1158824058352406, 0.444554820442587, 0.33762248915915066, 0.107881466466654, 0.5893289376646182, 1.223022010692555, 0.47730808786323115, 0.03528196257255283, 0.20882445883579243, 0.6088925293834746, 0.6709981470430301, 0.869565489465694, 0.36692512200001337, 0.4237098286938154, 0.14150442688539527, 0.048618482992073934, 0.001335082791876046, 0.7621918332497021, 0.5572577559962257, 0.7352131104523874, 0.3888282520565238, 0.31402449114026587, 0.31166183270604814, 0.9820467203187753, 0.044058606302084455, 0.8473448492700274, 0.42391858573909114, 0.46959485204188606, 0.07878405301226647]
APTIDAO: 
47.9273107884533
GEN: 2900
Individuo: 
[1.6791460228208563, 3.0491803980661216, 2.1158824058352406, 0.43436608621654677, 0.33762248915915066, 0.107881466466654, 0.5893289376646182, 1.2183282300297107, 0.47730808786323115, 0.027328761425111273, 0.20882445883579243, 0.6088925293834746, 1.1687050001819241, 0.869565489465694, 0.36692512200001337, 0.4237098286938154, 0.14150442688539527, 0.01785770115842916, 0.002966692052142304, 0.7621918332497021, 0.5544611607116351, 0.3944238784569403, 0.3888282520565238, 0.31402449114026587, 0.31166183270604814, 0.9820467203187753, 0.044058606302084455, 0.047497831160117604, 0.42391858573909114, 0.46959485204188606, 0.07274500322178472]
APTIDAO: 
47.47087426715738
GEN: 3000
Individuo: 
[1.6791460228208563, 3.0491803980661216, 2.223663287476564, 0.43436608621654677, 0.33762248915915066, 0.107881466466654, 0.5893289376646182, 1.2183282300297107, 0.47730808786323115, 0.17972410719095294, 0.20882445883579243, 0.6088925293834746, 1.1687050001819241, 0.869565489465694, 0.1209898461818371, 0.4237098286938154, 0.14150442688539527, 0.01785770115842916, 0.002001563590528123, 0.7621918332497021, 0.5544611607116351, 0.5573473637153553, 0.5406221441768037, 0.4253648569634173, 0.31166183270604814, 0.9831696410424814, 0.04332374530720201, 0.7638059995424255, 0.42391858573909114, 0.46959485204188606, 0.0424929985174173]
APTIDAO: 
47.33780002675445
GEN: 3100
Individuo: 
[1.8310078417790667, 3.405365605593358, 2.0164820779794472, 0.43436608621654677, 0.33762248915915066, 0.18332870284733993, 0.5893289376646182, 1.2183282300297107, 0.47730808786323115, 0.10403569025922772, 0.20882445883579243, 0.6088925293834746, 1.4010755718189718, 0.869565489465694, 0.09829922784712253, 0.4237098286938154, 0.14150442688539527, 0.010014446886626711, 0.0010272006115789594, 0.7621918332497021, 0.5544611607116351, 0.9342817454937316, 0.48759662103907936, 0.4253648569634173, 0.31166183270604814, 0.9831696410424814, 0.04332374530720201, 0.889933565125235, 0.42391858573909114, 0.46959485204188606, 0.0424929985174173]
APTIDAO: 
46.74652453820797
GEN: 3200
Individuo: 
[2.1706182488400003, 3.6459816418323268, 2.0164820779794472, 0.43436608621654677, 0.33604317566945696, 0.18332870284733993, 0.5893289376646182, 1.2183282300297107, 0.47730808786323115, 0.02755889250305028, 0.20882445883579243, 0.6088925293834746, 0.8337144115173867, 0.869565489465694, 0.09829922784712253, 0.4237098286938154, 0.14150442688539527, 0.010014446886626711, 0.0010413112714467547, 0.7558362727850922, 0.5544611607116351, 0.9342817454937316, 0.48759662103907936, 0.4253648569634173, 0.31166183270604814, 0.9831696410424814, 0.04332374530720201, 0.889933565125235, 0.42391858573909114, 0.46959485204188606, 0.0424929985174173]
APTIDAO: 
46.513199442913844
GEN: 3300
Individuo: 
[2.1706182488400003, 3.515111043440191, 2.0164820779794472, 0.43436608621654677, 0.33604317566945696, 0.18332870284733993, 0.5893289376646182, 1.2183282300297107, 0.47730808786323115, 0.02755889250305028, 0.20882445883579243, 0.6088925293834746, 0.9072203349081012, 0.869565489465694, 0.09829922784712253, 0.4237098286938154, 0.14150442688539527, 0.015419105057093454, 0.0010413112714467547, 0.7558362727850922, 0.5544611607116351, 0.9342817454937316, 0.48759662103907936, 0.3894770486731339, 0.31166183270604814, 0.9831696410424814, 0.04332374530720201, 0.8002365911827621, 0.42332847311204563, 0.4716040105911166, 0.0424929985174173]
APTIDAO: 
46.392652994700654
GEN: 3400
Individuo: 
[2.5154374827222528, 3.2129270706155126, 2.0164820779794472, 0.43436608621654677, 0.33604317566945696, 0.18332870284733993, 0.5893289376646182, 1.2183282300297107, 0.47730808786323115, 0.16889317964730852, 0.20882445883579243, 0.6088925293834746, 0.8438135562469163, 0.869565489465694, 0.09829922784712253, 0.4532637346245486, 0.14150442688539527, 0.03493886231481762, 0.0018808897493306183, 0.7558362727850922, 0.5544611607116351, 0.9342817454937316, 0.48759662103907936, 0.2790874761882567, 0.31166183270604814, 0.9831696410424814, 0.04332374530720201, 0.9296989495890013, 0.4151190424219842, 0.4716040105911166, 0.0424929985174173]
APTIDAO: 
46.32026973178558
GEN: 3500
Individuo: 
[2.251069393073024, 3.2169957419679602, 2.0164820779794472, 0.5441555143652536, 0.33604317566945696, 0.18332870284733993, 0.5893289376646182, 1.2183282300297107, 0.47730808786323115, 0.16889317964730852, 0.20882445883579243, 0.6088925293834746, 1.0039000140923715, 0.869565489465694, 0.09829922784712253, 0.4237098286938154, 0.14150442688539527, 0.0290355869571576, 0.002450822311658559, 0.7558362727850922, 0.5544611607116351, 0.2728577818058832, 0.48759662103907936, 0.4290545677528735, 0.31166183270604814, 0.9831696410424814, 0.04332374530720201, 0.9633247509035, 0.4151190424219842, 0.4716040105911166, 0.020327413838214944]
APTIDAO: 
46.453180893669895
GEN: 3600
Individuo: 
[2.251069393073024, 2.8598279389153407, 2.0164820779794472, 0.43708467268058016, 0.33604317566945696, 0.18332870284733993, 0.5893289376646182, 1.2183282300297107, 0.47730808786323115, 0.10704684057292467, 0.20882445883579243, 0.6088925293834746, 1.457994263422342, 0.869565489465694, 0.09829922784712253, 0.4237098286938154, 0.14150442688539527, 0.0290355869571576, 0.0013147058732640533, 0.7558362727850922, 0.5544611607116351, 0.2401109795276633, 0.48759662103907936, 0.4290545677528735, 0.31166183270604814, 0.9831696410424814, 0.04332374530720201, 0.7811947984148393, 0.4151190424219842, 0.4716040105911166, 0.03228863897293771]
APTIDAO: 
46.35547661508411
GEN: 3700
Individuo: 
[2.323076632368656, 2.8598279389153407, 2.0164820779794472, 0.43708467268058016, 0.33604317566945696, 0.17892286121982856, 0.5893289376646182, 1.2183282300297107, 0.47730808786323115, 0.0830035414570781, 0.20882445883579243, 0.6088925293834746, 0.775076627387807, 0.869565489465694, 0.09829922784712253, 0.4237098286938154, 0.14150442688539527, 0.041340833610388414, 0.0012508015267003168, 0.7612484408462713, 0.5544611607116351, 0.23981276934965895, 0.48759662103907936, 0.4390351585541796, 0.31166183270604814, 0.9831696410424814, 0.04332374530720201, 0.4830833133770533, 0.4151190424219842, 0.4716040105911166, 0.005375942287311306]
APTIDAO: 
46.282652266272606
GEN: 3800
Individuo: 
[2.416859376479766, 2.8598279389153407, 2.0164820779794472, 0.43708467268058016, 0.33604317566945696, 0.17892286121982856, 0.5893289376646182, 1.2183282300297107, 0.47730808786323115, 0.1592949896222927, 0.20882445883579243, 0.6088925293834746, 1.063522973329549, 0.869565489465694, 0.09829922784712253, 0.4237098286938154, 0.14150442688539527, 0.0622705582877051, 0.0010948470682252962, 0.7739731798792228, 0.5544611607116351, 0.1811367173068281, 0.48538006428971464, 0.46074766115968646, 0.31166183270604814, 0.9831696410424814, 0.04332374530720201, 0.800670096558565, 0.4151190424219842, 0.4716040105911166, 0.0013333690570784293]
APTIDAO: 
46.12345185618891
GEN: 3900
Individuo: 
[2.545509491765697, 3.0729359601094814, 2.0164820779794472, 0.43708467268058016, 0.33604317566945696, 0.17892286121982856, 0.5893289376646182, 1.2183282300297107, 0.47730808786323115, 0.12478570849232307, 0.20882445883579243, 0.6088925293834746, 0.9063184818055687, 0.9367022544590308, 0.12204620929145034, 0.4237098286938154, 0.14150442688539527, 0.11777428128789105, 0.0010948470682252962, 0.7739731798792228, 0.5544611607116351, 0.7272514283249638, 0.48538006428971464, 0.1591679705823411, 0.31166183270604814, 0.9831696410424814, 0.04332374530720201, 0.7245273704498928, 0.4151190424219842, 0.4716040105911166, 0.02944417294430841]
APTIDAO: 
46.47912765408048
GEN: 4000
Individuo: 
[2.545509491765697, 3.0729359601094814, 2.399507541231735, 0.43708467268058016, 0.33604317566945696, 0.17892286121982856, 0.584043230890631, 1.2183282300297107, 0.47730808786323115, 0.12478570849232307, 0.20882445883579243, 0.6088925293834746, 1.3330732374471341, 0.9367022544590308, 0.12204620929145034, 0.4237098286938154, 0.14150442688539527, 0.07153262962471814, 0.0010595457982996667, 0.7739731798792228, 0.5544611607116351, 0.9700811273807705, 0.48538006428971464, 0.2828243188200117, 0.31166183270604814, 0.9831696410424814, 0.04332374530720201, 0.9796472430949099, 0.4151190424219842, 0.4716040105911166, 0.07945866263525939]
APTIDAO: 
46.27429990716383
GEN: 4100
Individuo: 
[2.545509491765697, 3.0729359601094814, 2.399507541231735, 0.43708467268058016, 0.33604317566945696, 0.17892286121982856, 0.584043230890631, 1.2183282300297107, 0.47730808786323115, 0.015540291788364764, 0.20882445883579243, 0.6088925293834746, 1.310922038129922, 0.9367022544590308, 0.12204620929145034, 0.4237098286938154, 0.14150442688539527, 0.07340467979636875, 0.00170454951995657, 0.7739731798792228, 0.5544611607116351, 0.9700811273807705, 0.48538006428971464, 0.27968966398640344, 0.31166183270604814, 0.9831696410424814, 0.04332374530720201, 0.8622350945362794, 0.4151190424219842, 0.4716040105911166, 0.017550795389123033]
APTIDAO: 
45.92870161866746
GEN: 4200
Individuo: 
[2.545509491765697, 3.0729359601094814, 2.078593051962799, 0.43708467268058016, 0.33604317566945696, 0.17892286121982856, 0.584043230890631, 1.2183282300297107, 0.47730808786323115, 0.015540291788364764, 0.20882445883579243, 0.6088925293834746, 1.1149581662944268, 0.9367022544590308, 0.12204620929145034, 0.4237098286938154, 0.14150442688539527, 0.07340467979636875, 0.001358387698154611, 0.7739731798792228, 0.5544611607116351, 0.6070966887802024, 0.48538006428971464, 0.2506345761517126, 0.31166183270604814, 0.9831696410424814, 0.04332374530720201, 0.9159190700131107, 0.4151190424219842, 0.4716040105911166, 0.010718949408428564]
APTIDAO: 
45.767200461710125
GEN: 4300
Individuo: 
[2.545509491765697, 3.01907397140518, 2.078593051962799, 0.43708467268058016, 0.33604317566945696, 0.17892286121982856, 0.584043230890631, 1.2183282300297107, 0.47730808786323115, 0.015540291788364764, 0.20882445883579243, 0.6088925293834746, 1.0510706492833581, 0.9367022544590308, 0.12204620929145034, 0.4237098286938154, 0.14150442688539527, 0.07340467979636875, 0.0031171650976273115, 0.7739731798792228, 0.5544611607116351, 0.9278600653810802, 0.48538006428971464, 0.2506345761517126, 0.31166183270604814, 0.9831696410424814, 0.04332374530720201, 0.8463019492018646, 0.4151190424219842, 0.4716040105911166, 0.012887907923428293]
APTIDAO: 
45.763416674262004
GEN: 4400
Individuo: 
[2.545509491765697, 3.01907397140518, 2.078593051962799, 0.43708467268058016, 0.33604317566945696, 0.17892286121982856, 0.584043230890631, 1.2183282300297107, 0.47730808786323115, 0.0119736234378563, 0.20882445883579243, 0.6088925293834746, 1.3270945313897489, 0.9367022544590308, 0.12204620929145034, 0.4237098286938154, 0.14150442688539527, 0.07687708369068379, 0.0012875761619202581, 0.7739731798792228, 0.5521338758071545, 0.397672677275109, 0.48538006428971464, 0.2506345761517126, 0.3097182207027399, 0.9831696410424814, 0.04332374530720201, 0.8463019492018646, 0.4151190424219842, 0.4716040105911166, 0.0019448363929107566]
APTIDAO: 
45.70564969290696
GEN: 4500
Individuo: 
[2.545509491765697, 2.7373191619806407, 2.078593051962799, 0.43708467268058016, 0.33604317566945696, 0.17892286121982856, 0.584043230890631, 1.2183282300297107, 0.47730808786323115, 0.07844507106074475, 0.20882445883579243, 0.6088925293834746, 1.3270945313897489, 0.9367022544590308, 0.12204620929145034, 0.4237098286938154, 0.14150442688539527, 0.07687708369068379, 0.0012875761619202581, 0.7739731798792228, 0.5521338758071545, 0.05220852811367955, 0.48538006428971464, 0.24595889994995088, 0.3097182207027399, 0.9831696410424814, 0.04138171460499819, 0.8463019492018646, 0.4151190424219842, 0.4716040105911166, 0.0011785820613059326]
APTIDAO: 
45.78065058274936
GEN: 4600
Individuo: 
[2.545509491765697, 3.2696662584874168, 2.078593051962799, 0.44861581354339425, 0.33604317566945696, 0.17892286121982856, 0.584043230890631, 1.2183282300297107, 0.47730808786323115, 0.07104420219868289, 0.20882445883579243, 0.6088925293834746, 1.439104708765173, 0.9367022544590308, 0.12204620929145034, 0.4237098286938154, 0.14150442688539527, 0.05572212716510764, 0.001378140468523647, 0.7739731798792228, 0.5521338758071545, 0.26040057161652047, 0.48538006428971464, 0.24595889994995088, 0.3097182207027399, 0.9831696410424814, 0.04138171460499819, 0.8980941082775794, 0.4151190424219842, 0.4716040105911166, 0.0011121411451205775]
APTIDAO: 
45.81809359912808
GEN: 4700
Individuo: 
[2.509959785484972, 2.915589222357512, 2.078593051962799, 0.44861581354339425, 0.33604317566945696, 0.17892286121982856, 0.584043230890631, 1.2183282300297107, 0.47730808786323115, 0.037727225079000816, 0.20882445883579243, 0.6088925293834746, 1.0812371208795772, 0.9367022544590308, 0.12204620929145034, 0.4237098286938154, 0.1401311344107877, 0.05572212716510764, 0.001242820190917665, 0.7739731798792228, 0.5521338758071545, 0.22427205229314076, 0.48538006428971464, 0.22628303354377965, 0.3097182207027399, 0.9831696410424814, 0.04138171460499819, 0.8550667674153167, 0.4151190424219842, 0.4716040105911166, 0.0012362830363987466]
APTIDAO: 
45.726713381581504
GEN: 4800
Individuo: 
[2.509959785484972, 2.915589222357512, 2.078593051962799, 0.44861581354339425, 0.33604317566945696, 0.17463438368756817, 0.584043230890631, 1.2183282300297107, 0.47730808786323115, 0.037727225079000816, 0.20882445883579243, 0.6088925293834746, 0.8687924833141067, 0.9367022544590308, 0.12204620929145034, 0.4237098286938154, 0.1401311344107877, 0.05572212716510764, 0.001013344906579766, 0.7739731798792228, 0.5521338758071545, 0.9698311986789798, 0.48538006428971464, 0.16500651156194013, 0.3097182207027399, 0.9831696410424814, 0.04138171460499819, 0.8386368371321626, 0.4151190424219842, 0.4716040105911166, 0.011006001305189368]
APTIDAO: 
45.70426054397383
GEN: 4900
Individuo: 
[2.509959785484972, 2.915589222357512, 2.1280980861519, 0.4425467520208883, 0.33604317566945696, 0.17463438368756817, 0.584043230890631, 1.2183282300297107, 0.47730808786323115, 0.0891266948086988, 0.20882445883579243, 0.6088925293834746, 1.2954554200229502, 0.9367022544590308, 0.12204620929145034, 0.4237098286938154, 0.1401311344107877, 0.0706211473221223, 0.001013344906579766, 0.6646969068043689, 0.5521338758071545, 0.9698311986789798, 0.48538006428971464, 0.16500651156194013, 0.3097182207027399, 0.9831696410424814, 0.04138171460499819, 0.9293732701348429, 0.3267189254877325, 0.4716040105911166, 0.006700466102773326]
APTIDAO: 
45.48314009009844
GEN: 5000
Individuo: 
[2.509959785484972, 2.915589222357512, 2.1280980861519, 0.4425467520208883, 0.33604317566945696, 0.17463438368756817, 0.584043230890631, 1.2183282300297107, 0.47730808786323115, 0.06657314517563044, 0.20882445883579243, 0.6088925293834746, 1.4350474312096915, 0.9367022544590308, 0.12204620929145034, 0.4237098286938154, 0.1401311344107877, 0.0706211473221223, 0.005304236633669711, 0.6646969068043689, 0.5521338758071545, 0.7302502337624511, 0.48538006428971464, 0.16929864123475064, 0.3097182207027399, 0.9831696410424814, 0.04138171460499819, 0.9293732701348429, 0.3267189254877325, 0.4716040105911166, 0.006700466102773326]
APTIDAO: 
45.461044823374536
GEN: 5100
Individuo: 
[2.509959785484972, 2.915589222357512, 2.1280980861519, 0.44196045326659383, 0.33604317566945696, 0.17463438368756817, 0.584043230890631, 1.2183282300297107, 0.47730808786323115, 0.013721998087027882, 0.20882445883579243, 0.6088925293834746, 1.2954554200229502, 0.9367022544590308, 0.12204620929145034, 0.4237098286938154, 0.1401311344107877, 0.0706211473221223, 0.0011173940003415248, 0.6646969068043689, 0.5521338758071545, 0.330837255892678, 0.48538006428971464, 0.16929864123475064, 0.3097182207027399, 0.9831696410424814, 0.04138171460499819, 0.9293732701348429, 0.3267189254877325, 0.4716040105911166, 0.0013346122002235233]
APTIDAO: 
45.42291823798129
GEN: 5200
Individuo: 
[2.509959785484972, 2.915589222357512, 2.1280980861519, 0.43814438912643056, 0.33604317566945696, 0.17463438368756817, 0.584043230890631, 1.2183282300297107, 0.47730808786323115, 0.05199101868188579, 0.20882445883579243, 0.6088925293834746, 1.2954554200229502, 0.9367022544590308, 0.12307464157830775, 0.4237098286938154, 0.1401311344107877, 0.06418502858330287, 0.0011173940003415248, 0.6646969068043689, 0.5521338758071545, 0.18359208817710962, 0.48538006428971464, 0.16929864123475064, 0.3097182207027399, 0.9831696410424814, 0.04138171460499819, 0.9827800951746913, 0.3267189254877325, 0.4716040105911166, 0.0031985137169562756]
APTIDAO: 
45.46191634725504
GEN: 5300
Individuo: 
[2.509959785484972, 2.915589222357512, 2.1280980861519, 0.43814438912643056, 0.33604317566945696, 0.17463438368756817, 0.584043230890631, 1.2183282300297107, 0.47730808786323115, 0.015578956922274173, 0.20882445883579243, 0.6088925293834746, 1.4749844615683363, 0.9367022544590308, 0.12307464157830775, 0.4237098286938154, 0.1401311344107877, 0.06418502858330287, 0.00844800258018066, 0.6646969068043689, 0.5521338758071545, 0.005896373676069427, 0.4792740168011569, 0.14441479907874546, 0.3097182207027399, 0.9831696410424814, 0.04138171460499819, 0.6548698851382224, 0.3267189254877325, 0.4716040105911166, 0.0031985137169562756]
APTIDAO: 
45.41564227525639
GEN: 5400
Individuo: 
[2.509959785484972, 2.915589222357512, 2.1280980861519, 0.43814438912643056, 0.33604317566945696, 0.17463438368756817, 0.584043230890631, 1.2132374897071159, 0.47730808786323115, 0.011086353541336134, 0.20882445883579243, 0.6088925293834746, 1.423622455411244, 0.9367022544590308, 0.12307464157830775, 0.4237098286938154, 0.1401311344107877, 0.06418502858330287, 0.018815472700515454, 0.6646969068043689, 0.5521338758071545, 0.03899873858594894, 0.4792740168011569, 0.14441479907874546, 0.3097182207027399, 0.9831696410424814, 0.03846646445180793, 0.8883526638886556, 0.3267189254877325, 0.4716040105911166, 0.0031985137169562756]
APTIDAO: 
45.550660581663365
GEN: 5500
Individuo: 
[2.509959785484972, 2.915589222357512, 2.1280980861519, 0.43814438912643056, 0.33604317566945696, 0.17463438368756817, 0.584043230890631, 1.2132374897071159, 0.47730808786323115, 0.010375688298216107, 0.20882445883579243, 0.6088925293834746, 1.3118125317170652, 0.9367022544590308, 0.12307464157830775, 0.4237098286938154, 0.1401311344107877, 0.06418502858330287, 0.00170166829240531, 0.6646969068043689, 0.5521338758071545, 0.01731698810231881, 0.4792740168011569, 0.14441479907874546, 0.3097182207027399, 0.9831696410424814, 0.04191404956445966, 0.8883526638886556, 0.3267189254877325, 0.4716040105911166, 0.0031985137169562756]
APTIDAO: 
45.42596435776872
GEN: 5600
Individuo: 
[2.509959785484972, 2.915589222357512, 2.1280980861519, 0.43814438912643056, 0.33604317566945696, 0.17463438368756817, 0.584043230890631, 1.2132374897071159, 0.47730808786323115, 0.012861189353313967, 0.20882445883579243, 0.6070306566165093, 1.327930633664079, 0.932462985024023, 0.12307464157830775, 0.4237098286938154, 0.1401311344107877, 0.06418502858330287, 0.006503151216725791, 0.6646969068043689, 0.5521338758071545, 0.7114272041342483, 0.4792740168011569, 0.14441479907874546, 0.3097182207027399, 0.9831696410424814, 0.04156277154108653, 0.8883526638886556, 0.3267189254877325, 0.4716040105911166, 0.00663136030759867]
APTIDAO: 
45.42176406782437
GEN: 5700
Individuo: 
[2.647797443677953, 2.888918864480635, 2.1280980861519, 0.4320625188486859, 0.33604317566945696, 0.17463438368756817, 0.584043230890631, 1.2132374897071159, 0.47730808786323115, 0.037511619929661934, 0.20882445883579243, 0.6070306566165093, 0.9818257993188793, 0.932462985024023, 0.12307464157830775, 0.4237098286938154, 0.1401311344107877, 0.06973058486171532, 0.001055860522965353, 0.659058720782052, 0.5521338758071545, 0.7921537645711576, 0.4792740168011569, 0.14441479907874546, 0.3097182207027399, 0.9831696410424814, 0.04156277154108653, 0.9038960510560188, 0.3267189254877325, 0.4716040105911166, 0.00663136030759867]
APTIDAO: 
45.45760262708667
GEN: 5800
Individuo: 
[2.647797443677953, 2.888918864480635, 2.1280980861519, 0.44761857483156997, 0.33604317566945696, 0.17463438368756817, 0.584043230890631, 1.3180291827987087, 0.47730808786323115, 0.013202209256702829, 0.20882445883579243, 0.6070306566165093, 0.9092706644173666, 0.932462985024023, 0.12307464157830775, 0.4237098286938154, 0.1401311344107877, 0.05628813808024425, 0.0013105472163118127, 0.659058720782052, 0.5521338758071545, 0.9249580410449352, 0.4792740168011569, 0.10782564747834472, 0.3097182207027399, 0.9831696410424814, 0.015230590550862223, 0.7549460648196399, 0.3267189254877325, 0.4716040105911166, 0.010016940883436989]
APTIDAO: 
45.32243183439924
GEN: 5900
Individuo: 
[2.647797443677953, 2.888918864480635, 2.1280980861519, 0.3956995013048859, 0.33604317566945696, 0.17463438368756817, 0.584043230890631, 1.3180291827987087, 0.47730808786323115, 0.013202209256702829, 0.20882445883579243, 0.6070306566165093, 1.3715883056508629, 0.932462985024023, 0.12307464157830775, 0.4237098286938154, 0.1401311344107877, 0.05628813808024425, 0.0028680184515818123, 0.659058720782052, 0.5521338758071545, 0.9215695587792658, 0.4792740168011569, 0.12911886884896187, 0.3097182207027399, 0.983989048811229, 0.015230590550862223, 0.7184863176684381, 0.3267189254877325, 0.4716040105911166, 0.00790874983589141]
APTIDAO: 
45.346815245102164
GEN: 6000
Individuo: 
[2.647797443677953, 3.1193859824489825, 2.1280980861519, 0.3956995013048859, 0.33604317566945696, 0.17463438368756817, 0.584043230890631, 1.3180291827987087, 0.47730808786323115, 0.02244033306897425, 0.20882445883579243, 0.6070306566165093, 1.238896208422183, 0.9637010652953723, 0.12307464157830775, 0.4237098286938154, 0.1401311344107877, 0.054833369967762495, 0.0018924262871691012, 0.659058720782052, 0.5521338758071545, 0.38604683631434245, 0.4792740168011569, 0.024203224266422935, 0.3097182207027399, 0.983989048811229, 0.015230590550862223, 0.46803596782728685, 0.3267189254877325, 0.4716040105911166, 0.004257104553424529]
APTIDAO: 
45.16137070004948
GEN: 6100
Individuo: 
[2.647797443677953, 3.1193859824489825, 2.1280980861519, 0.4058047236453707, 0.33604317566945696, 0.1738364132089778, 0.584043230890631, 1.3180291827987087, 0.47730808786323115, 0.02244033306897425, 0.20882445883579243, 0.6070306566165093, 1.4518659815830763, 0.9637010652953723, 0.12307464157830775, 0.4237098286938154, 0.1577730793556185, 0.054833369967762495, 0.0015476935353505436, 0.659058720782052, 0.5521338758071545, 0.93698393891679, 0.4792740168011569, 0.016477722254292622, 0.3097182207027399, 0.9817594248107847, 0.0051860531892555075, 0.5512018586744968, 0.3267189254877325, 0.4716040105911166, 0.004257104553424529]
APTIDAO: 
45.068209384119406
GEN: 6200
Individuo: 
[2.647797443677953, 3.1193859824489825, 2.1280980861519, 0.4058047236453707, 0.33604317566945696, 0.1738364132089778, 0.584043230890631, 1.3180291827987087, 0.47730808786323115, 0.013739144047550573, 0.20882445883579243, 0.6070306566165093, 1.238896208422183, 0.9637010652953723, 0.12307464157830775, 0.4237098286938154, 0.1577730793556185, 0.054833369967762495, 0.006462798595890343, 0.659058720782052, 0.5521338758071545, 0.93698393891679, 0.4792740168011569, 0.010614766367917815, 0.3097182207027399, 0.9817594248107847, 0.006923647177791975, 0.9859888984417055, 0.3267189254877325, 0.4716040105911166, 0.003754875134792515]
APTIDAO: 
45.05517857174136
GEN: 6300
Individuo: 
[2.647797443677953, 3.1193859824489825, 2.1280980861519, 0.41798509570183245, 0.33604317566945696, 0.1738364132089778, 0.584043230890631, 1.3180291827987087, 0.47730808786323115, 0.02281017146075588, 0.20882445883579243, 0.6070306566165093, 1.4351319866441188, 0.9637010652953723, 0.12307464157830775, 0.4237098286938154, 0.1577730793556185, 0.054833369967762495, 0.014724927824311333, 0.659058720782052, 0.5521338758071545, 0.93698393891679, 0.4792740168011569, 0.010976297881548967, 0.3097182207027399, 0.9817594248107847, 0.006923647177791975, 0.8810384599589537, 0.3267189254877325, 0.4716040105911166, 0.004257104553424529]
APTIDAO: 
45.035218334454676
GEN: 6400
Individuo: 
[2.647797443677953, 3.1193859824489825, 2.1280980861519, 0.41798509570183245, 0.33604317566945696, 0.1738364132089778, 0.584043230890631, 1.3180291827987087, 0.47730808786323115, 0.011554667440442253, 0.20882445883579243, 0.6070306566165093, 1.4180762114171266, 0.9637010652953723, 0.1109000615858065, 0.4237098286938154, 0.1577730793556185, 0.054833369967762495, 0.0032389627090411086, 0.659058720782052, 0.5521338758071545, 0.93698393891679, 0.4969713410718476, 0.004480395690759306, 0.3097182207027399, 0.9817594248107847, 0.006056665002270291, 0.5618261292096877, 0.3267189254877325, 0.4716040105911166, 0.0016822269593035663]
APTIDAO: 
44.999485321857435
GEN: 6500
Individuo: 
[2.647797443677953, 3.1193859824489825, 2.1280980861519, 0.41798509570183245, 0.33604317566945696, 0.1738364132089778, 0.584043230890631, 1.3266084041321249, 0.47730808786323115, 0.011554667440442253, 0.20882445883579243, 0.6070306566165093, 1.0987826238925424, 0.9637010652953723, 0.1109000615858065, 0.4237098286938154, 0.1577730793556185, 0.04648293808569951, 0.004267829694776494, 0.659058720782052, 0.5521338758071545, 0.6679897320876147, 0.4969713410718476, 0.003409450451328734, 0.3097182207027399, 0.9817594248107847, 0.0039924268055934785, 0.9627863131693202, 0.3267189254877325, 0.4716040105911166, 0.0016822269593035663]
APTIDAO: 
44.99710015269246
GEN: 6600
Individuo: 
[2.647797443677953, 3.2127977721080465, 2.1280980861519, 0.41798509570183245, 0.33604317566945696, 0.1738364132089778, 0.584043230890631, 1.3335882372174273, 0.47567871835856895, 0.010249457102373958, 0.20882445883579243, 0.6070306566165093, 1.2173888442339573, 0.9637010652953723, 0.1109000615858065, 0.4237098286938154, 0.1577730793556185, 0.04648293808569951, 0.010625633954850187, 0.659058720782052, 0.5521338758071545, 0.7066106995617827, 0.4969713410718476, 0.008698327942369527, 0.3097182207027399, 0.9817594248107847, 0.0015313203950829662, 0.9528403903803047, 0.3267189254877325, 0.4716040105911166, 0.0016822269593035663]
APTIDAO: 
44.93985692621105
GEN: 6700
Individuo: 
[2.647797443677953, 3.2127977721080465, 2.1280980861519, 0.41798509570183245, 0.33604317566945696, 0.1738364132089778, 0.584043230890631, 1.3335882372174273, 0.47567871835856895, 0.010249457102373958, 0.20882445883579243, 0.6070306566165093, 1.322162889599442, 0.9637010652953723, 0.1109000615858065, 0.4237098286938154, 0.1577730793556185, 0.04648293808569951, 0.010625633954850187, 0.659058720782052, 0.5521338758071545, 0.7421149252391603, 0.4969713410718476, 0.004728116892717996, 0.3097182207027399, 0.9817594248107847, 0.0019991963612038207, 0.9528403903803047, 0.3267189254877325, 0.4716040105911166, 0.0016822269593035663]
APTIDAO: 
44.931409416587826
GEN: 6800
Individuo: 
[2.647797443677953, 3.2127977721080465, 2.1280980861519, 0.4738990273393489, 0.33604317566945696, 0.1738364132089778, 0.584043230890631, 1.3335882372174273, 0.47567871835856895, 0.010522356577776826, 0.20882445883579243, 0.6070306566165093, 1.322162889599442, 0.9637010652953723, 0.1109000615858065, 0.4237098286938154, 0.1577730793556185, 0.04648293808569951, 0.00392052348037046, 0.659058720782052, 0.5521338758071545, 0.4298867100482542, 0.4969713410718476, 0.004728116892717996, 0.3097182207027399, 0.9817594248107847, 0.001966578825418023, 0.8347947446451343, 0.3267189254877325, 0.4716040105911166, 0.0012378907009780087]
APTIDAO: 
44.913378710565134
GEN: 6900
Individuo: 
[2.647797443677953, 3.2127977721080465, 2.0474536082942127, 0.4738990273393489, 0.33604317566945696, 0.1738364132089778, 0.584043230890631, 1.3335882372174273, 0.47567871835856895, 0.018928634618912733, 0.20882445883579243, 0.6070306566165093, 1.322162889599442, 0.9637010652953723, 0.1109000615858065, 0.4237098286938154, 0.1577730793556185, 0.04648293808569951, 0.0015226910514274732, 0.659058720782052, 0.5521338758071545, 0.9129938542088479, 0.48700451968054564, 0.0014984512566472816, 0.3097182207027399, 0.9817594248107847, 0.0017509179985410832, 0.7989499936692163, 0.3267189254877325, 0.4716040105911166, 0.00889568324345559]
APTIDAO: 
45.002908516125146
GEN: 7000
Individuo: 
[2.647797443677953, 3.2127977721080465, 2.0474536082942127, 0.4738990273393489, 0.33604317566945696, 0.1738364132089778, 0.584043230890631, 1.3335882372174273, 0.47567871835856895, 0.015226540617854264, 0.20882445883579243, 0.6070306566165093, 1.4710066558073003, 0.9637010652953723, 0.1109000615858065, 0.4237098286938154, 0.1473075391392756, 0.04648293808569951, 0.001949993826359235, 0.659058720782052, 0.5521338758071545, 0.7522983202854612, 0.48700451968054564, 0.0012319166311937936, 0.3097182207027399, 0.9817594248107847, 0.005596514531293404, 0.970859582935491, 0.3267189254877325, 0.4716040105911166, 0.001569143926535255]
APTIDAO: 
44.940999214167384
GEN: 7100
Individuo: 
[2.647797443677953, 3.2127977721080465, 2.0474536082942127, 0.4738990273393489, 0.33604317566945696, 0.1738364132089778, 0.584043230890631, 1.3338181851548347, 0.47567871835856895, 0.010011321804842408, 0.20882445883579243, 0.6070306566165093, 1.3825626260343424, 0.9637010652953723, 0.1109000615858065, 0.4237098286938154, 0.1473075391392756, 0.04648293808569951, 0.003546233327486884, 0.659058720782052, 0.5521338758071545, 0.8963890949093283, 0.4879676401502624, 0.0010917623236040965, 0.3097182207027399, 0.9817594248107847, 0.005596514531293404, 0.970859582935491, 0.3267189254877325, 0.4716040105911166, 0.0010642709415640216]
APTIDAO: 
44.92987096875515
GEN: 7200
Individuo: 
[2.647797443677953, 3.2127977721080465, 2.0474536082942127, 0.4738990273393489, 0.33604317566945696, 0.1738364132089778, 0.584043230890631, 1.3338181851548347, 0.47567871835856895, 0.010011321804842408, 0.20882445883579243, 0.6070306566165093, 1.3825626260343424, 0.9637010652953723, 0.1109000615858065, 0.4237098286938154, 0.1473075391392756, 0.04201100613049354, 0.014999057338987942, 0.659058720782052, 0.5521338758071545, 0.4838775420161278, 0.4879676401502624, 0.0011455307152506255, 0.3097182207027399, 0.9817594248107847, 0.005596514531293404, 0.9254855569143746, 0.3267189254877325, 0.4716040105911166, 0.0010642709415640216]
APTIDAO: 
44.931338527628284
GEN: 7300
Individuo: 
[2.647797443677953, 3.2127977721080465, 2.0474536082942127, 0.4738990273393489, 0.33604317566945696, 0.1738364132089778, 0.584043230890631, 1.3338181851548347, 0.47567871835856895, 0.016993761595912673, 0.20882445883579243, 0.6070306566165093, 1.3825626260343424, 0.9637010652953723, 0.1109000615858065, 0.4237098286938154, 0.1473075391392756, 0.04201100613049354, 0.00532369515335633, 0.659058720782052, 0.5521338758071545, 0.00415559923918228, 0.4879676401502624, 0.0014265298062249166, 0.3097182207027399, 0.9817594248107847, 0.005596514531293404, 0.6965174766251434, 0.3267189254877325, 0.4716040105911166, 0.0010642709415640216]
APTIDAO: 
44.94232446301179
GEN: 7400
Individuo: 
[2.647797443677953, 3.2127977721080465, 2.0474536082942127, 0.4738990273393489, 0.33604317566945696, 0.1738364132089778, 0.584043230890631, 1.3338181851548347, 0.47567871835856895, 0.01088995366320009, 0.20882445883579243, 0.6070306566165093, 1.3135987567803094, 0.9637010652953723, 0.1109000615858065, 0.4237098286938154, 0.1473075391392756, 0.04201100613049354, 0.09164025916401873, 0.659058720782052, 0.5521338758071545, 0.0014449330296710243, 0.4879676401502624, 0.0027899216969463343, 0.3097182207027399, 0.9817594248107847, 0.005596514531293404, 0.4187682404770608, 0.3267189254877325, 0.4716040105911166, 0.0010642709415640216]
APTIDAO: 
44.94310141229277
GEN: 7500
Individuo: 
[2.647797443677953, 3.2214537091175623, 2.0474536082942127, 0.4635998116831311, 0.33604317566945696, 0.1738364132089778, 0.584043230890631, 1.3338181851548347, 0.47567871835856895, 0.010543083602223741, 0.20882445883579243, 0.6070306566165093, 1.4770410755154881, 0.9637010652953723, 0.1109000615858065, 0.4237098286938154, 0.1473075391392756, 0.04201100613049354, 0.11123188280355988, 0.659058720782052, 0.5521338758071545, 0.12283625292654379, 0.4879676401502624, 0.001984604796658685, 0.3097182207027399, 0.9817594248107847, 0.005596514531293404, 0.9232325752876572, 0.3267189254877325, 0.4716040105911166, 0.0010642709415640216]
APTIDAO: 
44.920186977797954
GEN: 7600
Individuo: 
[2.647797443677953, 3.2214537091175623, 2.0474536082942127, 0.5692208574687928, 0.33604317566945696, 0.1738364132089778, 0.584043230890631, 1.3380704942833708, 0.47567871835856895, 0.011192361716728258, 0.20882445883579243, 0.6070306566165093, 1.4619712830269407, 0.9637010652953723, 0.1109000615858065, 0.4237098286938154, 0.1473075391392756, 0.04201100613049354, 0.18856663912068508, 0.659058720782052, 0.5521338758071545, 0.190598751746753, 0.4879676401502624, 0.0013669928149413243, 0.3107930559602219, 0.9817594248107847, 0.004643760052126571, 0.9625220448155499, 0.3267189254877325, 0.4716040105911166, 0.005385014215062263]
APTIDAO: 
45.07608473993714
GEN: 7700
Individuo: 
[2.647797443677953, 3.45998989832035, 2.0474536082942127, 0.4589010479524751, 0.33604317566945696, 0.1738364132089778, 0.584043230890631, 1.3380704942833708, 0.47567871835856895, 0.010814899461326431, 0.20882445883579243, 0.6070306566165093, 1.4619712830269407, 0.9637010652953723, 0.1109000615858065, 0.4237098286938154, 0.1473075391392756, 0.03221297261631077, 0.1878141284779206, 0.659058720782052, 0.5521338758071545, 0.0022326578269479492, 0.4879676401502624, 0.0032464350454708486, 0.3107930559602219, 0.9817594248107847, 0.0021545623826488467, 0.9065311127966477, 0.3267189254877325, 0.4716040105911166, 0.0020849673721662384]
APTIDAO: 
44.957945981403746
GEN: 7800
Individuo: 
[2.647797443677953, 3.45998989832035, 2.244798920472274, 0.4589010479524751, 0.38611401419429153, 0.1738364132089778, 0.584043230890631, 1.35728708421085, 0.47567871835856895, 0.05266806390911475, 0.20882445883579243, 0.6070306566165093, 1.2036500217160715, 0.9637010652953723, 0.19587788611757512, 0.4237098286938154, 0.1473075391392756, 0.03221297261631077, 0.1878141284779206, 0.659058720782052, 0.5521338758071545, 0.0022254575450748257, 0.4879676401502624, 0.0011997143364569985, 0.3107930559602219, 0.9817594248107847, 0.0024884503555116684, 0.66447020160347, 0.3267189254877325, 0.4716040105911166, 0.0017245629706412486]
APTIDAO: 
45.07195188346353
GEN: 7900
Individuo: 
[2.647797443677953, 3.422982299908985, 2.244798920472274, 0.4589010479524751, 0.38611401419429153, 0.1738364132089778, 0.584043230890631, 1.35728708421085, 0.47567871835856895, 0.03282822438183904, 0.20882445883579243, 0.6070306566165093, 1.1545976627073282, 0.9613276796033043, 0.19587788611757512, 0.4237098286938154, 0.1473075391392756, 0.038457536735656286, 0.13665080779132083, 0.659058720782052, 0.5521338758071545, 0.001960759561731261, 0.5031019686427809, 0.001092381168985468, 0.3107930559602219, 0.9817594248107847, 0.0024884503555116684, 0.2681537749216377, 0.3267189254877325, 0.4716040105911166, 0.0018933331234800273]
APTIDAO: 
44.86870038483781
GEN: 8000
Individuo: 
[2.647797443677953, 3.422982299908985, 2.2591321639551016, 0.46891826830321665, 0.38611401419429153, 0.1738364132089778, 0.584043230890631, 1.35728708421085, 0.47567871835856895, 0.03532565571073586, 0.20882445883579243, 0.6070306566165093, 1.1545976627073282, 0.9613276796033043, 0.1992637319560504, 0.4237098286938154, 0.1473075391392756, 0.047012512245130686, 0.13665080779132083, 0.659058720782052, 0.5521338758071545, 0.0019970098124161293, 0.5031019686427809, 0.0018456044153969031, 0.3107930559602219, 0.9817594248107847, 0.001290019985741126, 0.8840132864489612, 0.3267189254877325, 0.4716040105911166, 0.0022730785353820477]
APTIDAO: 
44.826057790547964
GEN: 8100
Individuo: 
[2.647797443677953, 3.422982299908985, 2.2591321639551016, 0.42828417400182817, 0.38611401419429153, 0.1738364132089778, 0.584043230890631, 1.35728708421085, 0.47567871835856895, 0.03074657354916098, 0.20882445883579243, 0.6070306566165093, 0.9486849441817075, 0.9613276796033043, 0.17494943321445622, 0.4237098286938154, 0.1473075391392756, 0.047012512245130686, 0.13665080779132083, 0.659058720782052, 0.5521338758071545, 0.0019970098124161293, 0.49362483931240064, 0.0029577999817309527, 0.3276829052485569, 0.9817594248107847, 0.002103332645355071, 0.7307718539668734, 0.3267189254877325, 0.4716040105911166, 0.0011912623195277578]
APTIDAO: 
44.88818869407133
GEN: 8200
Individuo: 
[2.647797443677953, 3.422982299908985, 2.2591321639551016, 0.4397236306318715, 0.38611401419429153, 0.1738364132089778, 0.584043230890631, 1.35728708421085, 0.47567871835856895, 0.01334927934649294, 0.20882445883579243, 0.6070306566165093, 1.3972601606824306, 0.9613276796033043, 0.17494943321445622, 0.4237098286938154, 0.1473075391392756, 0.047012512245130686, 0.1149943730250173, 0.659058720782052, 0.5521338758071545, 0.0030474752434915607, 0.49362483931240064, 0.0017810322023685476, 0.3276829052485569, 0.9817594248107847, 0.0010346472909551528, 0.4334982301114481, 0.3267189254877325, 0.4716040105911166, 0.001533958945177727]
APTIDAO: 
44.81119777235094
GEN: 8300
Individuo: 
[2.647797443677953, 3.422982299908985, 2.2716054308246214, 0.4397236306318715, 0.38611401419429153, 0.1738364132089778, 0.584043230890631, 1.35728708421085, 0.47567871835856895, 0.018228446951344852, 0.20882445883579243, 0.6070306566165093, 1.3972601606824306, 0.9660784146043571, 0.17494943321445622, 0.4237098286938154, 0.1473075391392756, 0.04360525216188233, 0.34486946063208057, 0.659058720782052, 0.5521338758071545, 0.0011879111709083262, 0.49362483931240064, 0.008733451258439115, 0.3276829052485569, 0.9817594248107847, 0.0010105341258831052, 0.25147338307676, 0.32038807119503143, 0.4716040105911166, 0.0011352935620101286]
APTIDAO: 
44.8857848264993
GEN: 8400
Individuo: 
[2.647797443677953, 3.422982299908985, 2.2716054308246214, 0.4710109601780165, 0.38611401419429153, 0.1738364132089778, 0.584043230890631, 1.3485616985693507, 0.47567871835856895, 0.018228446951344852, 0.20882445883579243, 0.6070306566165093, 1.1422279955963146, 0.9660784146043571, 0.18262494942556934, 0.4237098286938154, 0.1473075391392756, 0.04360525216188233, 0.18097302494952477, 0.659058720782052, 0.5521338758071545, 0.002365101262217366, 0.49362483931240064, 0.0036972785879718496, 0.3276829052485569, 0.9817594248107847, 0.0013603052836591058, 0.25147338307676, 0.32038807119503143, 0.4716040105911166, 0.0013666606798052063]
APTIDAO: 
44.83579508950571
GEN: 8500
Individuo: 
[2.647797443677953, 3.422982299908985, 2.2716054308246214, 0.45214916265097965, 0.38611401419429153, 0.1738364132089778, 0.584043230890631, 1.3485616985693507, 0.47567871835856895, 0.018228446951344852, 0.20882445883579243, 0.6070306566165093, 1.4372360847265466, 0.9684955784444294, 0.18262494942556934, 0.4237098286938154, 0.1473075391392756, 0.04360525216188233, 0.241189945898918, 0.659058720782052, 0.5521338758071545, 0.5478389221845269, 0.49362483931240064, 0.0011438316561348983, 0.3276829052485569, 0.9817594248107847, 0.001159870647321194, 0.5811142981601177, 0.32038807119503143, 0.4716040105911166, 0.0017351513918495746]
APTIDAO: 
44.77558624991034
GEN: 8600
Individuo: 
[2.647797443677953, 3.1276956846135477, 2.2716054308246214, 0.45214916265097965, 0.38611401419429153, 0.1738364132089778, 0.584043230890631, 1.3485616985693507, 0.47567871835856895, 0.018228446951344852, 0.20882445883579243, 0.6070306566165093, 1.4372360847265466, 0.9660784146043571, 0.18262494942556934, 0.4237098286938154, 0.1473075391392756, 0.052200012483120686, 0.33211753687868234, 0.659058720782052, 0.5521338758071545, 0.620432157216638, 0.49362483931240064, 0.002224300353325136, 0.3276829052485569, 0.9817594248107847, 0.0032073552059905873, 0.6907663838439881, 0.32038807119503143, 0.4716040105911166, 0.0011595545730346813]
APTIDAO: 
44.784964132676606
GEN: 8700
Individuo: 
[2.647797443677953, 3.1276956846135477, 2.3599796413544953, 0.45214916265097965, 0.38611401419429153, 0.1738364132089778, 0.584043230890631, 1.3485616985693507, 0.47567871835856895, 0.018228446951344852, 0.20882445883579243, 0.6070306566165093, 1.4372360847265466, 0.9660784146043571, 0.18262494942556934, 0.4237098286938154, 0.1473075391392756, 0.052200012483120686, 0.33211753687868234, 0.659058720782052, 0.5521338758071545, 0.620432157216638, 0.49362483931240064, 0.005985443846080909, 0.3276829052485569, 0.9817594248107847, 0.0026407797790740537, 0.012342716598954803, 0.32038807119503143, 0.4716040105911166, 0.0021053829991303486]
APTIDAO: 
44.86070410510751
GEN: 8800
Individuo: 
[2.647797443677953, 3.185049450715918, 2.3599796413544953, 0.45214916265097965, 0.38611401419429153, 0.1738364132089778, 0.584043230890631, 1.3485616985693507, 0.47567871835856895, 0.018228446951344852, 0.20882445883579243, 0.6070306566165093, 0.8140402529676398, 0.9660784146043571, 0.18262494942556934, 0.4237098286938154, 0.1473075391392756, 0.052200012483120686, 0.33211753687868234, 0.659058720782052, 0.5521338758071545, 0.8246011504398978, 0.49362483931240064, 0.002320478989542091, 0.3276829052485569, 0.9817594248107847, 0.0032651257783155494, 0.11254351122758852, 0.32038807119503143, 0.4716040105911166, 0.0021430848818067678]
APTIDAO: 
44.83186657260136
GEN: 8900
Individuo: 
[2.647797443677953, 3.156311129178589, 2.3599796413544953, 0.45214916265097965, 0.38611401419429153, 0.1738364132089778, 0.584043230890631, 1.3485616985693507, 0.47567871835856895, 0.02301046151246757, 0.20882445883579243, 0.6070306566165093, 1.4277272353344233, 0.9660784146043571, 0.18262494942556934, 0.4237098286938154, 0.1473075391392756, 0.052200012483120686, 0.33211753687868234, 0.659058720782052, 0.5521338758071545, 0.9315093707719725, 0.49362483931240064, 0.006243011517849484, 0.3276829052485569, 0.9817594248107847, 0.0020767364034521858, 0.8130995522002369, 0.32038807119503143, 0.4716040105911166, 0.0014521228645234285]
APTIDAO: 
44.802034498138376
GEN: 9000
Individuo: 
[2.647797443677953, 3.156311129178589, 2.1956363386375144, 0.45214916265097965, 0.38611401419429153, 0.1738364132089778, 0.584043230890631, 1.349063017975697, 0.47567871835856895, 0.025090908787878705, 0.20882445883579243, 0.6070306566165093, 0.6401800328276571, 0.9660784146043571, 0.18262494942556934, 0.4237098286938154, 0.1473075391392756, 0.052200012483120686, 0.33211753687868234, 0.659058720782052, 0.5521338758071545, 0.7928632824493272, 0.49362483931240064, 0.0030504081588807112, 0.3276829052485569, 0.9817594248107847, 0.0037704585562764077, 0.5836118696347464, 0.32038807119503143, 0.4716040105911166, 0.0012456925948949365]
APTIDAO: 
44.79953631871234
GEN: 9100
Individuo: 
[2.647797443677953, 3.156311129178589, 2.1956363386375144, 0.45214916265097965, 0.3915851746215838, 0.1738364132089778, 0.584043230890631, 1.349063017975697, 0.47567871835856895, 0.021967215004354036, 0.20882445883579243, 0.6070306566165093, 0.9307310871595056, 0.9660784146043571, 0.18262494942556934, 0.4237098286938154, 0.1473075391392756, 0.052200012483120686, 0.33211753687868234, 0.659058720782052, 0.5521338758071545, 0.9647621828851364, 0.49362483931240064, 0.0023686146261760735, 0.33374629951402146, 0.9817594248107847, 0.002639316801939071, 0.9291765570132884, 0.32038807119503143, 0.4716040105911166, 0.001005800116240935]
APTIDAO: 
44.760450752158974
GEN: 9200
Individuo: 
[2.647797443677953, 3.156311129178589, 2.1956363386375144, 0.44162248769582646, 0.3915851746215838, 0.1738364132089778, 0.584043230890631, 1.349063017975697, 0.47567871835856895, 0.021967215004354036, 0.20889528808105254, 0.6070306566165093, 1.0851183296379165, 0.9736812327838262, 0.18262494942556934, 0.4237098286938154, 0.1473075391392756, 0.052200012483120686, 0.40272363667093936, 0.659058720782052, 0.5521338758071545, 0.9647621828851364, 0.49362483931240064, 0.0016910800154309354, 0.33374629951402146, 0.9817594248107847, 0.0018818316162069024, 0.9291765570132884, 0.32038807119503143, 0.4716040105911166, 0.001005800116240935]
APTIDAO: 
44.77710404329348
GEN: 9300
Individuo: 
[2.647797443677953, 3.156311129178589, 2.1674189894689797, 0.44162248769582646, 0.3915851746215838, 0.1738364132089778, 0.584043230890631, 1.349063017975697, 0.47567871835856895, 0.021967215004354036, 0.20889528808105254, 0.6070306566165093, 0.532262773861148, 0.9736812327838262, 0.18262494942556934, 0.4237098286938154, 0.1473075391392756, 0.052200012483120686, 0.40272363667093936, 0.659058720782052, 0.5521338758071545, 0.9647621828851364, 0.49530423056026307, 0.006312536867018237, 0.33374629951402146, 0.9817594248107847, 0.0026377999083175316, 0.3202832288442943, 0.32038807119503143, 0.4716040105911166, 0.001352673005524295]
APTIDAO: 
44.853939831384416
GEN: 9400
Individuo: 
[2.647797443677953, 3.156311129178589, 2.327474314712017, 0.44162248769582646, 0.3915851746215838, 0.1738364132089778, 0.584043230890631, 1.349063017975697, 0.47567871835856895, 0.018738606432445404, 0.20889528808105254, 0.6070306566165093, 0.532262773861148, 0.9736812327838262, 0.18262494942556934, 0.4237098286938154, 0.1473075391392756, 0.052200012483120686, 0.471062190584197, 0.659058720782052, 0.5521338758071545, 0.9842492057377088, 0.49362483931240064, 0.001503930111448932, 0.33374629951402146, 0.9817594248107847, 0.0013898178298719318, 0.786558309248709, 0.32038807119503143, 0.4716040105911166, 0.001352673005524295]
APTIDAO: 
44.8050849231928
GEN: 9500
Individuo: 
[2.647797443677953, 3.156311129178589, 2.327474314712017, 0.44162248769582646, 0.3915851746215838, 0.1738364132089778, 0.584043230890631, 1.349063017975697, 0.47567871835856895, 0.02740157523122944, 0.20889528808105254, 0.6070306566165093, 0.6136303409502434, 0.9736812327838262, 0.18262494942556934, 0.4237098286938154, 0.1473075391392756, 0.052200012483120686, 0.37479538175304555, 0.659058720782052, 0.5521338758071545, 0.9842492057377088, 0.49362483931240064, 0.0015787508620407442, 0.33374629951402146, 0.9817594248107847, 0.0016484876391257748, 0.786558309248709, 0.32038807119503143, 0.4716040105911166, 0.00109036912473036]
APTIDAO: 
44.79905610706612
GEN: 9600
Individuo: 
[2.647797443677953, 3.156311129178589, 2.327474314712017, 0.5508688428332311, 0.3915851746215838, 0.1738364132089778, 0.584043230890631, 1.349063017975697, 0.47567871835856895, 0.02740157523122944, 0.20889528808105254, 0.6070306566165093, 0.6136303409502434, 0.9736812327838262, 0.18262494942556934, 0.4237098286938154, 0.1473075391392756, 0.052200012483120686, 0.37479538175304555, 0.659058720782052, 0.5508405049181518, 0.9880300903863941, 0.49362483931240064, 0.0011163719722924008, 0.33374629951402146, 0.9817594248107847, 0.0020079853396985296, 0.2631846237726841, 0.32038807119503143, 0.4716040105911166, 0.0014352973357360359]
APTIDAO: 
45.03642935548639
GEN: 9700
Individuo: 
[2.647797443677953, 3.156311129178589, 2.327474314712017, 0.4358206623618547, 0.3915851746215838, 0.1738364132089778, 0.584043230890631, 1.349063017975697, 0.47567871835856895, 0.02740157523122944, 0.20889528808105254, 0.6070306566165093, 0.683091283792988, 0.9736812327838262, 0.18262494942556934, 0.4237098286938154, 0.1473075391392756, 0.052200012483120686, 0.3286299064520918, 0.659058720782052, 0.5508405049181518, 0.9882775846035844, 0.49362483931240064, 0.0011505057546435913, 0.33374629951402146, 0.9817594248107847, 0.002467842451984645, 0.2631846237726841, 0.32038807119503143, 0.4716040105911166, 0.0010212005810117002]
APTIDAO: 
44.818106033799815
GEN: 9800
Individuo: 
[2.647797443677953, 3.156311129178589, 2.327474314712017, 0.635704163285, 0.3915851746215838, 0.1738364132089778, 0.584043230890631, 1.349063017975697, 0.47567871835856895, 0.02740157523122944, 0.20889528808105254, 0.6070306566165093, 1.3408315825485944, 0.9736812327838262, 0.1828901605336395, 0.4237098286938154, 0.1473075391392756, 0.052200012483120686, 0.25453802804849235, 0.659058720782052, 0.5508405049181518, 0.9882775846035844, 0.49362483931240064, 0.0019253836027237155, 0.33374629951402146, 0.9817594248107847, 0.003711668092721277, 0.007342419448137312, 0.32038807119503143, 0.4716040105911166, 0.0011644457426467504]
APTIDAO: 
45.21714687398946
GEN: 9900
Individuo: 
[2.647797443677953, 3.1691648814207753, 2.327474314712017, 0.4361252594995076, 0.3915851746215838, 0.1738364132089778, 0.584043230890631, 1.349063017975697, 0.47567871835856895, 0.02740157523122944, 0.20889528808105254, 0.6070306566165093, 1.3408315825485944, 0.9736812327838262, 0.1886956146028578, 0.4237098286938154, 0.1473075391392756, 0.052200012483120686, 0.25453802804849235, 0.659058720782052, 0.5508405049181518, 0.025546570155088315, 0.49362483931240064, 0.0032078139572191463, 0.33374629951402146, 0.9817594248107847, 0.0029847614144356536, 0.00433079043573639, 0.32038807119503143, 0.4716040105911166, 0.0015219445356419179]
APTIDAO: 
44.85174572694278
GEN: 10000
Individuo: 
[2.647797443677953, 3.4235831052546417, 2.327474314712017, 0.4361252594995076, 0.3915851746215838, 0.1738364132089778, 0.584043230890631, 1.349063017975697, 0.46742683693272247, 0.02740157523122944, 0.2089293679443889, 0.6070306566165093, 1.3408315825485944, 0.9736812327838262, 0.1886956146028578, 0.4237098286938154, 0.1473075391392756, 0.052200012483120686, 0.25453802804849235, 0.659058720782052, 0.5508405049181518, 0.0012796049227290092, 0.49362483931240064, 0.00541074363009046, 0.33374629951402146, 0.9823903301215812, 0.001890189122054072, 0.0014461385253394857, 0.32038807119503143, 0.4716040105911166, 0.0012332285046245306]
APTIDAO: 
44.883297125637725

--- RESULTADO FINAL ---
Erro (norma-1): 44.883297125637725
Parâmetros: [2.647797443677953, 3.4235831052546417, 2.327474314712017, 0.4361252594995076, 0.3915851746215838, 0.1738364132089778, 0.584043230890631, 1.349063017975697, 0.46742683693272247, 0.02740157523122944, 0.2089293679443889, 0.6070306566165093, 1.3408315825485944, 0.9736812327838262, 0.1886956146028578, 0.4237098286938154, 0.1473075391392756, 0.052200012483120686, 0.25453802804849235, 0.659058720782052, 0.5508405049181518, 0.0012796049227290092, 0.49362483931240064, 0.00541074363009046, 0.33374629951402146, 0.9823903301215812, 0.001890189122054072, 0.0014461385253394857, 0.32038807119503143, 0.4716040105911166, 0.0012332285046245306]
Tempo total: 02h 48m 05s
