SEED: 1778461231
METODO: ABCD_GK
IND_SIZE: 31
GEN: 0
Individuo: 
[3.859289793628689, 0.8241088287032202, 2.177694995791033, 4.202775608935822, 1.2311637161683846, 0.41836196202065445, 0.45206219594915975, 0.5172309021836052, 0.6836900072668172, 0.10139780564306039, 0.42649100822378644, 1.0052812130438655, 1.4531735137458301, 0.1950133336613043, 0.3475015444594125, 0.6323521502197423, 0.9567650818036494, 0.30341960189392336, 0.4592027242755325, 0.2998050384357997, 0.5465072178201791, 0.9844625007102485, 0.20066319143456424, 0.7379551661974996, 0.6490758932094066, 0.8454582355641825, 0.9584801025974192, 0.08018534401678902, 0.48681115740968717, 0.8589681924388639, 0.6441975727882875]
APTIDAO: 
123.84910121585858
GEN: 100
Individuo: 
[2.2559476918822856, 1.0920183676427042, 2.5989997177906883, 0.9990887774223824, 0.606703791074893, 0.13316043181811762, 0.7269285444859807, 0.1216334356189008, 0.21179387782728262, 1.094713628652808, 0.707000974466891, 1.339699896486807, 0.4054027229794878, 0.6370449467972895, 0.1950193550929802, 0.055354817289848916, 0.4636295692232484, 0.43659506529972475, 0.2510221220355716, 0.6828301315627805, 0.9816577071300903, 0.10772036951492175, 0.4409968804927469, 0.8117848649445775, 0.3878306894668619, 0.14280173228291407, 0.10742607913554235, 0.7438625072350097, 0.8161287198646033, 0.5807988858696985, 0.387237696657624]
APTIDAO: 
52.31099931375976
GEN: 200
Individuo: 
[1.5731232984115713, 1.380476255463243, 2.410134999930282, 0.5671769814268426, 0.606703791074893, 0.13316043181811762, 0.7269285444859807, 0.1216334356189008, 0.21179387782728262, 1.094713628652808, 0.707000974466891, 1.339699896486807, 0.4054027229794878, 0.6370449467972895, 0.1440412998165914, 0.055354817289848916, 0.8278673688054856, 0.43659506529972475, 0.2510221220355716, 0.6828301315627805, 0.9816577071300903, 0.10772036951492175, 0.4409968804927469, 0.6782584161730016, 0.3878306894668619, 0.6552309490213613, 0.10105360556768703, 0.7504416499485241, 0.8161287198646033, 0.526679985270268, 0.387237696657624]
APTIDAO: 
51.599061038076464
GEN: 300
Individuo: 
[1.6226762664942203, 1.380476255463243, 2.97470346417235, 0.9972847529028747, 0.606703791074893, 0.0988498416348421, 0.7269285444859807, 0.1216334356189008, 0.2411950349610652, 1.094713628652808, 0.7557800825795271, 1.3680469356721687, 0.4054027229794878, 0.6370449467972895, 0.1440412998165914, 0.055354817289848916, 0.8278673688054856, 0.31997222150876614, 0.27936344378880257, 0.690332127419822, 0.44072908414149514, 0.10772036951492175, 0.4409968804927469, 0.7240065098856789, 0.3878306894668619, 0.7824959545589748, 0.10105360556768703, 0.7504416499485241, 0.8161287198646033, 0.2789702242320001, 0.387237696657624]
APTIDAO: 
51.54297515948105
GEN: 400
Individuo: 
[1.3191446939251759, 1.4370253165384168, 2.775126008196519, 0.453029774455197, 0.606703791074893, 0.0988498416348421, 0.7269285444859807, 0.1216334356189008, 0.2411950349610652, 1.094713628652808, 0.7557800825795271, 1.3656253525344482, 0.4054027229794878, 0.6370449467972895, 0.20519008856297383, 0.055354817289848916, 0.8278673688054856, 0.31997222150876614, 0.27936344378880257, 0.690332127419822, 0.44072908414149514, 0.10772036951492175, 0.4409968804927469, 0.8857276897306557, 0.3878306894668619, 0.7824959545589748, 0.10105360556768703, 0.7504416499485241, 0.8161287198646033, 0.2789702242320001, 0.387237696657624]
APTIDAO: 
51.322473072638786
GEN: 500
Individuo: 
[1.5181677445595978, 1.4342350555845855, 2.775126008196519, 0.7101788588156427, 0.606703791074893, 0.0988498416348421, 0.7269285444859807, 0.1216334356189008, 0.2411950349610652, 1.094713628652808, 0.7557800825795271, 1.379542316056734, 0.4054027229794878, 0.6370449467972895, 0.20519008856297383, 0.056481777887936783, 0.5777799711672126, 0.31997222150876614, 0.27936344378880257, 0.690332127419822, 0.44072908414149514, 0.10772036951492175, 0.4409968804927469, 0.9468271399523308, 0.3878306894668619, 0.4092349573364427, 0.10105360556768703, 0.7504416499485241, 0.8161287198646033, 0.2789702242320001, 0.37801459396572845]
APTIDAO: 
51.680891991608206
GEN: 600
Individuo: 
[1.954194365747881, 1.3567077531984841, 2.775126008196519, 0.5367777378158923, 0.606703791074893, 0.07600015300447167, 0.7269285444859807, 0.1216334356189008, 0.2411950349610652, 1.094713628652808, 0.7557800825795271, 1.4386417116839987, 0.4054027229794878, 0.6433344039910407, 0.10388083850479365, 0.056481777887936783, 0.6413583998314979, 0.31997222150876614, 0.27936344378880257, 0.690332127419822, 0.44072908414149514, 0.10772036951492175, 0.4409968804927469, 0.24744313699853487, 0.3878306894668619, 0.47527572333098744, 0.10105360556768703, 0.7504416499485241, 0.8288832484635895, 0.3078293927328007, 0.37801459396572845]
APTIDAO: 
52.01396340181608
GEN: 700
Individuo: 
[1.1579232469251242, 1.8786766712784404, 2.0495356124399517, 0.2316075474761415, 0.6523432186438856, 0.11597615943553097, 0.7269285444859807, 0.4103438490263762, 0.2411950349610652, 1.094713628652808, 0.7681634592421525, 1.4120300271318895, 0.4054027229794878, 0.6433344039910407, 0.1839812224081653, 0.03109092506818088, 0.12176857457522036, 0.31997222150876614, 0.27936344378880257, 0.690332127419822, 0.44072908414149514, 0.10772036951492175, 0.4117394439368078, 0.08465050349965503, 0.39053782757966216, 0.4585844323259656, 0.08961827626529278, 0.7504416499485241, 0.8288832484635895, 0.2845790632092357, 0.37801459396572845]
APTIDAO: 
51.62830942995582
GEN: 800
Individuo: 
[1.1579232469251242, 1.8786766712784404, 2.681407470585521, 0.7851050028225913, 0.6523432186438856, 0.03471453889520824, 0.7269285444859807, 0.4103438490263762, 0.2411950349610652, 1.094713628652808, 0.7927325697550274, 1.4120300271318895, 0.4054027229794878, 0.6433344039910407, 0.21932321288726775, 0.016811647400590487, 0.12176857457522036, 0.31997222150876614, 0.27936344378880257, 0.6932895170434901, 0.4394496034344112, 0.10772036951492175, 0.4117394439368078, 0.10180818956877684, 0.39053782757966216, 0.4585844323259656, 0.08961827626529278, 0.7437338123774332, 0.8288832484635895, 0.2845790632092357, 0.37801459396572845]
APTIDAO: 
50.552838589301366
GEN: 900
Individuo: 
[1.3991597223983843, 1.8786766712784404, 2.7626911061467707, 0.4690245490606125, 0.6523432186438856, 0.01709943193411691, 0.7269285444859807, 0.4103438490263762, 0.2411950349610652, 1.094713628652808, 0.7927325697550274, 1.4120300271318895, 0.4054027229794878, 0.6433344039910407, 0.24066277546801967, 0.016811647400590487, 0.12176857457522036, 0.31997222150876614, 0.2791881702759535, 0.6932895170434901, 0.4613214193332047, 0.10772036951492175, 0.4117394439368078, 0.10180818956877684, 0.39053782757966216, 0.4585844323259656, 0.08961827626529278, 0.7437338123774332, 0.8288832484635895, 0.2820601933584272, 0.37801459396572845]
APTIDAO: 
50.423387199309815
GEN: 1000
Individuo: 
[1.3716643254129324, 1.6398672050804428, 2.7626911061467707, 0.2831628946595159, 0.6523432186438856, 0.026341700637395372, 0.7269285444859807, 0.4103438490263762, 0.2411950349610652, 1.094713628652808, 0.7927325697550274, 1.4120300271318895, 0.4054027229794878, 0.6433344039910407, 0.17579939618904347, 0.016811647400590487, 0.6223538139948174, 0.31997222150876614, 0.2791881702759535, 0.705810025553295, 0.4613214193332047, 0.10772036951492175, 0.4117394439368078, 0.007813947092506652, 0.39053782757966216, 0.4585844323259656, 0.005140453840528999, 0.7510785021273678, 0.8568932433632237, 0.2820601933584272, 0.37801459396572845]
APTIDAO: 
50.39971349046015
GEN: 1100
Individuo: 
[1.3003960092116487, 1.5516379098511537, 2.7626911061467707, 0.2734245829024657, 0.6523432186438856, 0.02062827443768074, 0.7269285444859807, 0.4103438490263762, 0.2411950349610652, 1.094713628652808, 0.7927325697550274, 1.4120300271318895, 0.4054027229794878, 0.6433344039910407, 0.3336350368426923, 0.016811647400590487, 0.6223538139948174, 0.31997222150876614, 0.2791881702759535, 0.705810025553295, 0.4333248272331667, 0.10772036951492175, 0.4117394439368078, 0.01327288224549164, 0.39053782757966216, 0.4585844323259656, 0.005140453840528999, 0.7510785021273678, 0.8568932433632237, 0.2820601933584272, 0.37801459396572845]
APTIDAO: 
50.385035165273834
GEN: 1200
Individuo: 
[1.011275430012404, 1.5516379098511537, 2.395657461860819, 0.2734245829024657, 0.6523432186438856, 0.02198396001063702, 0.7269285444859807, 0.4103438490263762, 0.2411950349610652, 1.094713628652808, 0.7927325697550274, 1.4120300271318895, 0.4054027229794878, 0.6433344039910407, 0.5159683249207195, 0.016811647400590487, 0.649689552571523, 0.32312020424293764, 0.2791881702759535, 0.6791761236918746, 0.42906641877126867, 0.10772036951492175, 0.4117394439368078, 0.4178847437132008, 0.39053782757966216, 0.4585844323259656, 0.00521748180499335, 0.7476182308345822, 0.8568932433632237, 0.2820601933584272, 0.37801459396572845]
APTIDAO: 
50.650816853088955
GEN: 1300
Individuo: 
[1.2454467667129165, 1.5795115379148637, 2.3856433026753634, 0.3133936686916511, 0.6523432186438856, 0.017618557051118984, 0.7269285444859807, 0.4103438490263762, 0.2411950349610652, 1.094713628652808, 0.7927325697550274, 1.4120300271318895, 0.4054027229794878, 0.6433344039910407, 0.4580701985065319, 0.016811647400590487, 0.649689552571523, 0.32312020424293764, 0.2791881702759535, 0.6791761236918746, 0.42906641877126867, 0.10772036951492175, 0.4117394439368078, 0.2015964600602773, 0.39053782757966216, 0.4585844323259656, 0.00521748180499335, 0.7563986041345302, 0.8617564781834604, 0.2820601933584272, 0.37801459396572845]
APTIDAO: 
50.40978821952116
GEN: 1400
Individuo: 
[1.2454467667129165, 1.5983726185185267, 2.3495145102042896, 0.4106577493922733, 0.6523432186438856, 0.021480039845812347, 0.7269285444859807, 0.4103438490263762, 1.2549142969109213, 1.094713628652808, 0.7768520545087078, 1.4120300271318895, 0.4054027229794878, 0.6433344039910407, 0.07387432738425163, 0.0071889972416257055, 0.9142127336793059, 0.029511545085365316, 0.2791881702759535, 0.7298154917812882, 0.08393739107894563, 0.10772036951492175, 0.4117394439368078, 0.6833180423364322, 0.39053782757966216, 0.4585844323259656, 0.002788255532266173, 0.7563986041345302, 0.8617564781834604, 0.14049437206438517, 0.37801459396572845]
APTIDAO: 
50.5131346123055
GEN: 1500
Individuo: 
[1.2454467667129165, 1.5412968280161845, 2.5231892395378157, 0.29425028002766124, 0.6523432186438856, 0.03052468007431659, 0.7269285444859807, 0.4103438490263762, 0.5018749276425076, 1.094713628652808, 0.7483772497038849, 1.4120300271318895, 0.4054027229794878, 0.6433344039910407, 0.07387432738425163, 0.0071889972416257055, 0.9142127336793059, 0.11658731771416103, 0.2791881702759535, 0.7298154917812882, 0.08393739107894563, 0.10772036951492175, 0.4117394439368078, 0.9042902356715706, 0.39053782757966216, 0.4585844323259656, 0.0028958710846823388, 0.7563986041345302, 0.8276701880788362, 0.14049437206438517, 0.37801459396572845]
APTIDAO: 
50.43013231172273
GEN: 1600
Individuo: 
[1.2454467667129165, 1.5412968280161845, 2.362041280449252, 0.3095963915392594, 0.6523432186438856, 0.029217795821100623, 0.7269285444859807, 0.4103438490263762, 0.5018749276425076, 1.094713628652808, 0.7483772497038849, 1.4120300271318895, 0.4054027229794878, 0.6433344039910407, 0.07387432738425163, 0.0071889972416257055, 0.9142127336793059, 0.0025670364000415077, 0.2791881702759535, 0.7298154917812882, 0.08393739107894563, 0.10772036951492175, 0.4117394439368078, 0.7627262982854154, 0.39053782757966216, 0.4585844323259656, 0.0030764695811864823, 0.7563986041345302, 0.8276701880788362, 0.14049437206438517, 0.37801459396572845]
APTIDAO: 
50.42700905528978
GEN: 1700
Individuo: 
[1.2454467667129165, 1.5412968280161845, 2.5218275728206914, 0.21957055231076045, 0.6523432186438856, 0.01243357161701892, 0.7269285444859807, 0.4103438490263762, 0.5018749276425076, 1.094713628652808, 0.7483772497038849, 1.4120300271318895, 0.4054027229794878, 0.6433344039910407, 0.44096964786475, 0.0071889972416257055, 0.9142127336793059, 0.0011658649173902254, 0.2791881702759535, 0.7298154917812882, 0.03147686014267282, 0.11706744288377861, 0.4117394439368078, 0.014656258543894065, 0.39053782757966216, 0.4585844323259656, 0.001799878296610081, 0.7563986041345302, 0.8276701880788362, 0.14049437206438517, 0.37801459396572845]
APTIDAO: 
50.838312376973334
GEN: 1800
Individuo: 
[1.2454467667129165, 1.557558028072413, 2.5218275728206914, 0.1358078623126277, 0.6523432186438856, 0.012654333475266066, 0.7269285444859807, 0.4103438490263762, 0.6034709282583366, 1.094713628652808, 0.7483772497038849, 1.4120300271318895, 0.4054027229794878, 0.6433344039910407, 0.25145155086623483, 0.0071889972416257055, 0.9142127336793059, 0.001099661501992962, 0.2791881702759535, 0.7234390010354204, 0.03147686014267282, 0.11706744288377861, 0.4292634440795412, 0.025031835284977707, 0.39053782757966216, 0.4585844323259656, 0.003860092473978993, 0.7563986041345302, 0.8276701880788362, 0.14049437206438517, 0.37801459396572845]
APTIDAO: 
50.47305399888286
GEN: 1900
Individuo: 
[1.2454467667129165, 1.4385702238071454, 2.5631883780842277, 0.2820988601291986, 0.6523432186438856, 0.013766479676812517, 0.7269285444859807, 0.4103438490263762, 0.6387778503250269, 1.094713628652808, 0.7483772497038849, 1.4120300271318895, 0.4054027229794878, 0.6433344039910407, 0.2954320312966663, 0.0071889972416257055, 0.9142127336793059, 0.014064528784951399, 0.2791881702759535, 0.7234390010354204, 0.03147686014267282, 0.118322153005649, 0.4292634440795412, 0.7744211329026326, 0.39053782757966216, 0.4585844323259656, 0.004565352678529668, 0.7563986041345302, 0.8276701880788362, 0.14049437206438517, 0.37801459396572845]
APTIDAO: 
50.43311126229523
GEN: 2000
Individuo: 
[1.2335372994127207, 1.4385702238071454, 2.5631883780842277, 0.22369452448719399, 0.6523432186438856, 0.01164081147637987, 0.7269285444859807, 0.4103438490263762, 0.33541041574652175, 1.099978829232965, 0.7483772497038849, 1.4120300271318895, 0.4054027229794878, 0.6433344039910407, 0.2954320312966663, 0.0071889972416257055, 0.9142127336793059, 0.03174307265466564, 0.2791881702759535, 0.7234390010354204, 0.03147686014267282, 0.118322153005649, 0.4292634440795412, 0.5891975424208932, 0.39053782757966216, 0.47575646115986253, 0.0017726889119983528, 0.7563986041345302, 0.8276701880788362, 0.14049437206438517, 0.37801459396572845]
APTIDAO: 
50.42165922497641
GEN: 2100
Individuo: 
[1.2335372994127207, 1.6061120195102734, 2.5631883780842277, 0.2797096237721638, 0.6523432186438856, 0.012262132434475652, 0.7269285444859807, 0.4103438490263762, 0.33541041574652175, 1.0964021808726285, 0.7483772497038849, 1.4120300271318895, 0.4054027229794878, 0.6433344039910407, 0.2772278464061644, 0.0071889972416257055, 0.9142127336793059, 0.452056138441333, 0.2791881702759535, 0.7234390010354204, 0.03147686014267282, 0.118322153005649, 0.4292634440795412, 0.6460128615815701, 0.39053782757966216, 0.4710714221075418, 0.001782243916810153, 0.7563986041345302, 0.8276701880788362, 0.14049437206438517, 0.37801459396572845]
APTIDAO: 
50.53992228536387
GEN: 2200
Individuo: 
[1.2335372994127207, 1.6061120195102734, 2.463087410473207, 0.2797096237721638, 0.6523432186438856, 0.011550954295895801, 0.7269285444859807, 0.4103438490263762, 0.2560299930704225, 1.0964021808726285, 0.7483772497038849, 1.4120300271318895, 0.4054027229794878, 0.6433344039910407, 0.2772278464061644, 0.0071889972416257055, 0.9142127336793059, 0.5692013744720366, 0.2791881702759535, 0.7234390010354204, 0.03147686014267282, 0.118322153005649, 0.4292634440795412, 0.3912944884376798, 0.39053782757966216, 0.4710714221075418, 0.0032642059298331094, 0.7563986041345302, 0.8276701880788362, 0.14049437206438517, 0.37801459396572845]
APTIDAO: 
50.415194391087404
GEN: 2300
Individuo: 
[1.4315976901394718, 1.6061120195102734, 2.463087410473207, 0.4770143510636622, 0.6523432186438856, 0.012519828149482016, 0.7269285444859807, 0.4103438490263762, 0.2560299930704225, 1.0964021808726285, 0.7483772497038849, 1.4120300271318895, 0.4054027229794878, 0.6433344039910407, 0.2772278464061644, 0.0071889972416257055, 0.9142127336793059, 0.5692013744720366, 0.2791881702759535, 0.7234390010354204, 0.03147686014267282, 0.118322153005649, 0.4292634440795412, 0.5320869876046805, 0.39053782757966216, 0.4710714221075418, 0.0032642059298331094, 0.7563986041345302, 0.8276701880788362, 0.14049437206438517, 0.37801459396572845]
APTIDAO: 
50.44171553352952
GEN: 2400
Individuo: 
[1.4315976901394718, 1.6061120195102734, 2.463087410473207, 0.6684909179464543, 0.6523432186438856, 0.014273719528444844, 0.7259950581251098, 0.4103438490263762, 0.2560299930704225, 1.0964021808726285, 0.7483772497038849, 1.4120300271318895, 0.4054027229794878, 0.6433344039910407, 0.2772278464061644, 0.0071889972416257055, 0.9142127336793059, 0.6349340124318001, 0.2791881702759535, 0.7234390010354204, 0.03147686014267282, 0.118322153005649, 0.4292634440795412, 0.9840849321166742, 0.39053782757966216, 0.4710714221075418, 0.00309485512746435, 0.7563986041345302, 0.8276701880788362, 0.14049437206438517, 0.37801459396572845]
APTIDAO: 
50.51452538899967
GEN: 2500
Individuo: 
[1.4315976901394718, 1.6061120195102734, 2.463087410473207, 0.3667941365603113, 0.6523432186438856, 0.010921126170361051, 0.7259950581251098, 0.4103438490263762, 0.2560299930704225, 1.0964021808726285, 0.7483772497038849, 1.4120300271318895, 0.4054027229794878, 0.6433344039910407, 0.22917781717956318, 0.0071889972416257055, 0.9142127336793059, 0.6315938225308563, 0.2758724865325128, 0.7234390010354204, 0.03147686014267282, 0.118322153005649, 0.4292634440795412, 0.9840849321166742, 0.39053782757966216, 0.4710714221075418, 0.00309485512746435, 0.7563986041345302, 0.8276701880788362, 0.14049437206438517, 0.37801459396572845]
APTIDAO: 
50.524348258002846
GEN: 2600
Individuo: 
[1.2122758967824734, 1.6061120195102734, 2.544349383694919, 0.2996023606069375, 0.6523432186438856, 0.010921126170361051, 0.7259950581251098, 0.4103438490263762, 0.24066637125059634, 1.0964021808726285, 0.7483772497038849, 1.4120300271318895, 0.4054027229794878, 0.6433344039910407, 0.2127084548059467, 0.0071889972416257055, 0.9142127336793059, 0.6251427536961169, 0.2758724865325128, 0.7026457097688714, 0.03147686014267282, 0.118322153005649, 0.4292634440795412, 0.8479638524014083, 0.39053782757966216, 0.4710714221075418, 0.002925529419257083, 0.7563986041345302, 0.8276701880788362, 0.14049437206438517, 0.37801459396572845]
APTIDAO: 
50.40872428806159
GEN: 2700
Individuo: 
[1.4315976901394718, 1.6061120195102734, 2.544349383694919, 0.6203873321385144, 0.6523432186438856, 0.01439663717417233, 0.7259950581251098, 0.4103438490263762, 0.3364709908776122, 1.0964021808726285, 0.7483772497038849, 1.4120300271318895, 0.4054027229794878, 0.6433344039910407, 0.0018580085537936533, 0.0071889972416257055, 0.9007211780952735, 0.6664067285303814, 0.2758724865325128, 0.9728371736011745, 0.03147686014267282, 0.118322153005649, 0.43234604188224546, 0.07812905067468132, 0.39053782757966216, 0.4710714221075418, 0.011740488336092246, 0.6529164606494439, 0.8276701880788362, 0.14049437206438517, 0.37801459396572845]
APTIDAO: 
50.540836607114365
GEN: 2800
Individuo: 
[1.4315976901394718, 1.5669639090366414, 2.544349383694919, 0.6203873321385144, 0.6523432186438856, 0.01136151682544601, 0.7259950581251098, 0.4103438490263762, 0.4117073469483528, 1.0964021808726285, 0.7483772497038849, 1.4120300271318895, 0.4054027229794878, 0.6433344039910407, 0.0030813151058635504, 0.0071889972416257055, 0.9286433639655783, 0.6765460581324326, 0.2758724865325128, 0.9728371736011745, 0.03147686014267282, 0.118322153005649, 0.43234604188224546, 0.02863157359550891, 0.39053782757966216, 0.4710714221075418, 0.010697311862927291, 0.6529164606494439, 0.8276701880788362, 0.14049437206438517, 0.37801459396572845]
APTIDAO: 
50.61213356859995
GEN: 2900
Individuo: 
[1.4315976901394718, 1.5278071657103496, 2.544349383694919, 0.6627692190320505, 0.6523432186438856, 0.03605624113157329, 0.7259950581251098, 0.4103438490263762, 0.6692934899306787, 1.0964021808726285, 0.7483772497038849, 1.4120300271318895, 0.4054027229794878, 0.6433344039910407, 0.006532178353926282, 0.0071889972416257055, 0.9286433639655783, 0.726246020283739, 0.35990938302238845, 0.9728371736011745, 0.03147686014267282, 0.118322153005649, 0.43234604188224546, 0.028700034170180556, 0.39053782757966216, 0.4710714221075418, 0.006814360941330668, 0.8311148359043611, 0.8276701880788362, 0.14035771624007234, 0.37801459396572845]
APTIDAO: 
50.48908106964784
GEN: 3000
Individuo: 
[1.4315976901394718, 1.5278071657103496, 2.466129807791118, 0.6627692190320505, 0.6523432186438856, 0.02351167535997093, 0.7259950581251098, 0.4103438490263762, 0.6895294162326853, 1.0964021808726285, 0.7483772497038849, 1.4120300271318895, 0.4054027229794878, 0.6433344039910407, 0.00772256386284744, 0.0071889972416257055, 0.9286433639655783, 0.5888085114197581, 0.35990938302238845, 0.9572871876469338, 0.03147686014267282, 0.118322153005649, 0.43234604188224546, 0.02361076379514247, 0.39053782757966216, 0.4710714221075418, 0.016797635192279982, 0.8311148359043611, 0.8276701880788362, 0.14035771624007234, 0.37801459396572845]
APTIDAO: 
50.4243230750093
GEN: 3100
Individuo: 
[1.3152894726331412, 1.5278071657103496, 2.466129807791118, 0.3661768447540112, 0.6523432186438856, 0.01921613118988616, 0.7259950581251098, 0.4103438490263762, 0.38515363574503153, 1.0964021808726285, 0.7483772497038849, 1.4120300271318895, 0.4054027229794878, 0.6433344039910407, 0.007346389657188124, 0.0071889972416257055, 0.9286433639655783, 0.1299824772953382, 0.35990938302238845, 0.9572871876469338, 0.03147686014267282, 0.118322153005649, 0.43234604188224546, 0.004168967986065138, 0.39053782757966216, 0.4710714221075418, 0.002953672312544028, 0.8311148359043611, 0.8276701880788362, 0.14035771624007234, 0.37801459396572845]
APTIDAO: 
50.37702620461188
GEN: 3200
Individuo: 
[1.3152894726331412, 1.5278071657103496, 2.466129807791118, 0.3937368658367334, 0.6523432186438856, 0.023488717282236372, 0.7259950581251098, 0.4103438490263762, 0.3769743545881779, 1.0964021808726285, 0.7483772497038849, 1.4120300271318895, 0.4054027229794878, 0.6433344039910407, 0.007346389657188124, 0.0071889972416257055, 0.9286433639655783, 0.10768970009086161, 0.35990938302238845, 0.9572871876469338, 0.03147686014267282, 0.118322153005649, 0.43234604188224546, 0.002345731031133829, 0.39053782757966216, 0.4710714221075418, 0.0019667740063159128, 0.8311148359043611, 0.8276701880788362, 0.14035771624007234, 0.37801459396572845]
APTIDAO: 
50.37435800097198
GEN: 3300
Individuo: 
[1.3152894726331412, 1.5278071657103496, 2.466129807791118, 0.34583490250777515, 0.6523432186438856, 0.023488717282236372, 0.7259950581251098, 0.7650715511928089, 0.3769743545881779, 1.0964021808726285, 0.7483772497038849, 1.4120300271318895, 0.4054027229794878, 0.6433344039910407, 0.010607211562829684, 0.0071889972416257055, 0.2352553910727116, 0.10638178956316305, 0.35990938302238845, 0.9572871876469338, 0.03147686014267282, 0.118322153005649, 0.43234604188224546, 0.0035370895740697624, 0.39053782757966216, 0.4710714221075418, 0.0022185353648196135, 0.8311148359043611, 0.8276701880788362, 0.14022135721399714, 0.37801459396572845]
APTIDAO: 
50.22600676237894
GEN: 3400
Individuo: 
[1.3152894726331412, 1.3225185903146555, 2.466129807791118, 0.34583490250777515, 0.6523432186438856, 0.01887667721478261, 0.7259950581251098, 0.7650715511928089, 0.39530628909394594, 1.0964021808726285, 0.7483772497038849, 1.4120300271318895, 0.4054027229794878, 0.6433344039910407, 0.007480119342057089, 0.0071889972416257055, 0.2352553910727116, 0.10638178956316305, 0.35990938302238845, 0.9572871876469338, 0.03147686014267282, 0.118322153005649, 0.43234604188224546, 0.00298368560949063, 0.39053782757966216, 0.4710714221075418, 0.0032399520848431515, 0.8311148359043611, 0.8276701880788362, 0.14022135721399714, 0.37801459396572845]
APTIDAO: 
50.21511203086522
GEN: 3500
Individuo: 
[1.3152894726331412, 1.4539201247332079, 2.466129807791118, 0.32283984325777465, 0.6523432186438856, 0.017898872432263246, 0.7259950581251098, 0.7650715511928089, 0.39530628909394594, 1.0964021808726285, 0.7483772497038849, 1.4120300271318895, 0.4054027229794878, 0.6433344039910407, 0.010632265423321565, 0.0071889972416257055, 0.2352553910727116, 0.0825905532003715, 0.35990938302238845, 0.9572871876469338, 0.03147686014267282, 0.118322153005649, 0.43234604188224546, 0.4366516010376631, 0.39053782757966216, 0.4710714221075418, 0.0036740305148972568, 0.8311148359043611, 0.8276701880788362, 0.14022135721399714, 0.37801459396572845]
APTIDAO: 
50.17022463435911
GEN: 3600
Individuo: 
[1.3152894726331412, 1.4539201247332079, 2.466129807791118, 0.32283984325777465, 0.6523432186438856, 0.02638525740836152, 0.7259950581251098, 0.7650715511928089, 0.39530628909394594, 1.1009566138611542, 0.7483772497038849, 1.4120300271318895, 0.4054027229794878, 0.6433344039910407, 0.007430532217305189, 0.0071889972416257055, 0.2352553910727116, 0.017827463784083255, 0.35990938302238845, 0.9572871876469338, 0.03147686014267282, 0.118322153005649, 0.43234604188224546, 0.5357663538901627, 0.39053782757966216, 0.4710714221075418, 0.0036740305148972568, 0.8311148359043611, 0.8276701880788362, 0.14022135721399714, 0.37801459396572845]
APTIDAO: 
50.177308839139485
GEN: 3700
Individuo: 
[1.2379921746659783, 1.4539201247332079, 2.466129807791118, 0.28680941952471317, 0.6523432186438856, 0.02638525740836152, 0.7259950581251098, 0.7650715511928089, 0.39530628909394594, 1.0964021808726285, 0.7483772497038849, 1.4120300271318895, 0.4054027229794878, 0.6433344039910407, 0.007286855977539384, 0.0071889972416257055, 0.2352553910727116, 0.14481148513568806, 0.35990938302238845, 0.9572871876469338, 0.03147686014267282, 0.118322153005649, 0.43234604188224546, 0.37290782361598784, 0.39053782757966216, 0.4710714221075418, 0.004108538052182063, 0.8311148359043611, 0.8276701880788362, 0.14022135721399714, 0.37801459396572845]
APTIDAO: 
50.171740115313824
GEN: 3800
Individuo: 
[1.3004363581425897, 1.4539201247332079, 2.466129807791118, 0.28680941952471317, 0.6523432186438856, 0.023853939249160534, 0.7259950581251098, 0.7650715511928089, 0.5278480742920951, 1.0964021808726285, 0.7483772497038849, 1.4120300271318895, 0.4054027229794878, 0.6433344039910407, 0.01245481957955425, 0.0071889972416257055, 0.2352553910727116, 0.09939049331969102, 0.35990938302238845, 0.9797433326522974, 0.03147686014267282, 0.118322153005649, 0.43234604188224546, 0.4272471209299283, 0.39053782757966216, 0.4710714221075418, 0.004108538052182063, 0.8311148359043611, 0.8276701880788362, 0.14022135721399714, 0.37801459396572845]
APTIDAO: 
50.26041275228026
GEN: 3900
Individuo: 
[1.3004363581425897, 1.4539201247332079, 2.466129807791118, 0.3395949230296078, 0.6523432186438856, 0.019919012185024475, 0.7259950581251098, 0.7650715511928089, 0.7162188699233893, 1.0964021808726285, 0.7483772497038849, 1.4120300271318895, 0.4054027229794878, 0.6433344039910407, 0.006010108596742914, 0.0071889972416257055, 0.2352553910727116, 0.0011365619656002854, 0.35990938302238845, 0.9572871876469338, 0.03147686014267282, 0.118322153005649, 0.43234604188224546, 0.9770358955294269, 0.39053782757966216, 0.4710714221075418, 0.010186317145918873, 0.8311148359043611, 0.8276701880788362, 0.14022135721399714, 0.37801459396572845]
APTIDAO: 
50.18591514270135
GEN: 4000
Individuo: 
[1.3004363581425897, 1.4539201247332079, 2.466129807791118, 0.37193132069058865, 0.6523432186438856, 0.019919012185024475, 0.7259950581251098, 0.7650715511928089, 0.7162188699233893, 1.0964021808726285, 0.7483772497038849, 1.4120300271318895, 0.4054027229794878, 0.6433344039910407, 0.011322724465965446, 0.0071889972416257055, 0.2352553910727116, 0.001005247723834672, 0.35990938302238845, 0.9201334473944571, 0.03147686014267282, 0.118322153005649, 0.43234604188224546, 0.13014020154070674, 0.39053782757966216, 0.4710714221075418, 0.011547048880480745, 0.8311148359043611, 0.8276701880788362, 0.14022135721399714, 0.37801459396572845]
APTIDAO: 
50.325002144113796
GEN: 4100
Individuo: 
[1.2329451673395349, 1.4791064503067954, 2.466129807791118, 0.28848233564604003, 0.6523432186438856, 0.011267276113072064, 0.7259950581251098, 0.7650715511928089, 0.7162188699233893, 1.0964021808726285, 0.7483772497038849, 1.4120300271318895, 0.4054027229794878, 0.6433344039910407, 0.014478899072645011, 0.0071889972416257055, 0.2352553910727116, 0.0022598541275711645, 0.35990938302238845, 0.9572871876469338, 0.03147686014267282, 0.118322153005649, 0.43234604188224546, 0.08218553653060048, 0.39053782757966216, 0.4710714221075418, 0.011547048880480745, 0.8311148359043611, 0.8276701880788362, 0.14022135721399714, 0.37801459396572845]
APTIDAO: 
50.17314162500493
GEN: 4200
Individuo: 
[1.2329451673395349, 1.4791064503067954, 2.466129807791118, 0.2237452843285465, 0.6523432186438856, 0.011267276113072064, 0.7259950581251098, 0.7650715511928089, 0.7162188699233893, 1.0964021808726285, 0.7483772497038849, 1.4120300271318895, 0.4054027229794878, 0.6433344039910407, 0.011892843771054344, 0.0071889972416257055, 0.2352553910727116, 0.036794810708108645, 0.35990938302238845, 0.9572871876469338, 0.03147686014267282, 0.118322153005649, 0.43234604188224546, 0.07515357105813021, 0.39053782757966216, 0.4710714221075418, 0.011547048880480745, 0.8311148359043611, 0.8276701880788362, 0.14022135721399714, 0.37801459396572845]
APTIDAO: 
50.1799034868323
GEN: 4300
Individuo: 
[1.2329451673395349, 1.4791064503067954, 2.466129807791118, 0.21690379319044398, 0.6523432186438856, 0.035176824912658396, 0.7259950581251098, 0.7650715511928089, 0.7162188699233893, 1.0964021808726285, 0.7483772497038849, 1.4120300271318895, 0.4054027229794878, 0.6433344039910407, 0.0027263262561089442, 0.0071889972416257055, 0.2352553910727116, 0.036794810708108645, 0.35990938302238845, 0.9572871876469338, 0.03147686014267282, 0.118322153005649, 0.43234604188224546, 0.011781979085916949, 0.39053782757966216, 0.4710714221075418, 0.011547048880480745, 0.8311148359043611, 0.8219994683267636, 0.14022135721399714, 0.37801459396572845]
APTIDAO: 
50.195130744930985
GEN: 4400
Individuo: 
[1.2329451673395349, 1.4714539109824243, 2.466129807791118, 0.2786046393291271, 0.6523432186438856, 0.035176824912658396, 0.7259950581251098, 0.7650715511928089, 0.7162188699233893, 1.0964021808726285, 0.7483772497038849, 1.4120300271318895, 0.4054027229794878, 0.6433344039910407, 0.003804492517149779, 0.0071889972416257055, 0.2352553910727116, 0.0012267210848390905, 0.35990938302238845, 0.9572871876469338, 0.03147686014267282, 0.118322153005649, 0.43234604188224546, 0.017277408248508222, 0.39053782757966216, 0.4710714221075418, 0.011792378104192527, 0.8311148359043611, 0.8219994683267636, 0.14022135721399714, 0.37801459396572845]
APTIDAO: 
50.18907612033369
GEN: 4500
Individuo: 
[1.2329451673395349, 1.4714539109824243, 2.466129807791118, 0.2786046393291271, 0.6523432186438856, 0.07818151098487773, 0.7259950581251098, 0.7650715511928089, 0.5608024538785719, 1.0964021808726285, 0.7483772497038849, 1.4120300271318895, 0.4054027229794878, 0.6433344039910407, 0.005150599893676482, 0.0015605180064460497, 0.2352553910727116, 0.0011093287885144548, 0.35990938302238845, 0.9572871876469338, 0.03147686014267282, 0.118322153005649, 0.4082936514109453, 0.07942512163791428, 0.39053782757966216, 0.4710714221075418, 0.007143764955409941, 0.8311148359043611, 0.8219994683267636, 0.14022135721399714, 0.37801459396572845]
APTIDAO: 
50.38124213961298
GEN: 4600
Individuo: 
[1.2329451673395349, 1.4161796700427511, 2.466129807791118, 0.6111850260230474, 0.6523432186438856, 0.21444033486347536, 0.7259950581251098, 0.7650715511928089, 0.5608024538785719, 1.0964021808726285, 0.7483772497038849, 1.4120300271318895, 0.4054027229794878, 0.6433344039910407, 0.006368379079675232, 0.0015266893101618063, 0.2352553910727116, 0.0038164242437143626, 0.36336186912804513, 0.9572871876469338, 0.035225447005313305, 0.118322153005649, 0.40531083388755573, 0.1758471476564499, 0.39053782757966216, 0.4710714221075418, 0.009163487128957244, 0.8311148359043611, 0.8219994683267636, 0.14022135721399714, 0.37801459396572845]
APTIDAO: 
50.20563003824353
GEN: 4700
Individuo: 
[1.2329451673395349, 1.4715960398829637, 2.6542423742264734, 0.33280619494521063, 0.6523432186438856, 0.30437748637528883, 0.7259950581251098, 0.7650715511928089, 0.5608024538785719, 1.0964021808726285, 0.7483772497038849, 1.4120300271318895, 0.4054027229794878, 0.6433344039910407, 0.007189776772587096, 0.001186976231665147, 0.2352553910727116, 0.04380885286664622, 0.36336186912804513, 0.9572871876469338, 0.035225447005313305, 0.118322153005649, 0.40531083388755573, 0.9189181694323348, 0.39053782757966216, 0.4710714221075418, 0.009163487128957244, 0.8311148359043611, 0.8219994683267636, 0.14022135721399714, 0.37801459396572845]
APTIDAO: 
50.228547980629756
GEN: 4800
Individuo: 
[1.2281716223735215, 1.5261439361109173, 2.6542423742264734, 0.6822108285605955, 0.6523432186438856, 0.3961014780909058, 0.7259950581251098, 0.7650715511928089, 0.5608024538785719, 1.0964021808726285, 0.7483772497038849, 1.4120300271318895, 0.4054027229794878, 0.6433344039910407, 0.00419631115427731, 0.0010021132072539193, 0.2352553910727116, 0.284772904509489, 0.36336186912804513, 0.9572871876469338, 0.035225447005313305, 0.118322153005649, 0.40531083388755573, 0.938038806762345, 0.39053782757966216, 0.4710714221075418, 0.016375315518952813, 0.8311148359043611, 0.8219994683267636, 0.14022135721399714, 0.37801459396572845]
APTIDAO: 
50.286931175787586
GEN: 4900
Individuo: 
[1.2281716223735215, 1.5261439361109173, 2.6131276654940865, 0.8104801510849355, 0.6523432186438856, 0.45332680550854515, 0.7259950581251098, 0.7650715511928089, 0.5608024538785719, 1.0964021808726285, 0.7483772497038849, 1.4120300271318895, 0.4054027229794878, 0.6433344039910407, 0.003352337480342799, 0.001067987848332538, 0.2352553910727116, 0.8871302048640114, 0.36336186912804513, 0.9597495220175709, 0.035225447005313305, 0.118322153005649, 0.40531083388755573, 0.9150830170680724, 0.39053782757966216, 0.4710714221075418, 0.02619984204815447, 0.8311148359043611, 0.8219994683267636, 0.14022135721399714, 0.37801459396572845]
APTIDAO: 
50.290511284233226
GEN: 5000
Individuo: 
[1.4047549180866528, 1.5261439361109173, 2.2758925089799877, 0.5866124562717513, 0.6523432186438856, 0.010260246698297969, 0.7259950581251098, 0.7650715511928089, 0.5608024538785719, 1.0964021808726285, 0.7483772497038849, 1.4120300271318895, 0.4054027229794878, 0.6433344039910407, 0.00443552242142789, 0.001067987848332538, 0.2352553910727116, 0.9426243104889797, 0.36336186912804513, 0.9597495220175709, 0.035225447005313305, 0.118322153005649, 0.40531083388755573, 0.9766792217752903, 0.39053782757966216, 0.4710714221075418, 0.02619984204815447, 0.8311148359043611, 0.8219994683267636, 0.14022135721399714, 0.37801459396572845]
APTIDAO: 
50.29933448661094
GEN: 5100
Individuo: 
[1.4047549180866528, 1.5261439361109173, 2.4199803284679895, 0.5213256938005725, 0.6523432186438856, 0.018979414818822538, 0.7259950581251098, 0.7650715511928089, 0.7688545051374468, 1.0964021808726285, 0.7483772497038849, 1.4165140352037404, 0.4054027229794878, 0.6433344039910407, 0.00973232079867901, 0.001067987848332538, 0.2352553910727116, 0.44109472963392377, 0.36336186912804513, 0.9597495220175709, 0.035225447005313305, 0.118322153005649, 0.40531083388755573, 0.7378168509495954, 0.39053782757966216, 0.4710714221075418, 0.02619984204815447, 0.8311148359043611, 0.8219994683267636, 0.14022135721399714, 0.37801459396572845]
APTIDAO: 
50.211544674028076
GEN: 5200
Individuo: 
[1.4047549180866528, 1.5261439361109173, 2.4199803284679895, 0.4487130249178841, 0.6523432186438856, 0.018979414818822538, 0.7259950581251098, 0.7650715511928089, 0.7688545051374468, 1.0964021808726285, 0.7483772497038849, 1.4165140352037404, 0.4054027229794878, 0.6433344039910407, 0.031708631855839796, 0.001067987848332538, 0.2352553910727116, 0.13615119036171855, 0.36336186912804513, 0.9597495220175709, 0.035225447005313305, 0.118322153005649, 0.40531083388755573, 0.403598102514747, 0.39053782757966216, 0.4710714221075418, 0.021053696090539496, 0.8311148359043611, 0.8219994683267636, 0.14022135721399714, 0.37801459396572845]
APTIDAO: 
50.1878116132325
GEN: 5300
Individuo: 
[1.3431909271008085, 1.5261439361109173, 2.4199803284679895, 0.35232302609520766, 0.6523432186438856, 0.01859430940770335, 0.7259950581251098, 0.7650715511928089, 0.5433513843822484, 1.0964021808726285, 0.7483772497038849, 1.4165140352037404, 0.4054027229794878, 0.6433344039910407, 0.03230797882663413, 0.001067987848332538, 0.2352553910727116, 0.7109405693455586, 0.36336186912804513, 0.9597495220175709, 0.035225447005313305, 0.118322153005649, 0.40531083388755573, 0.10243438894394082, 0.39053782757966216, 0.4710714221075418, 0.02124379862467907, 0.8311148359043611, 0.8219994683267636, 0.14022135721399714, 0.37801459396572845]
APTIDAO: 
50.18668750680444
GEN: 5400
Individuo: 
[1.3431909271008085, 1.5261439361109173, 2.454245216080299, 0.3477338569798927, 0.6523432186438856, 0.023404309023257644, 0.7259950581251098, 0.7650715511928089, 0.5433513843822484, 1.0964021808726285, 0.7483772497038849, 1.4165140352037404, 0.4054027229794878, 0.6433344039910407, 0.01820909839081721, 0.001067987848332538, 0.2352553910727116, 0.7109405693455586, 0.36336186912804513, 0.9597495220175709, 0.035225447005313305, 0.118322153005649, 0.40531083388755573, 0.014764194430986397, 0.39053782757966216, 0.4710714221075418, 0.022772771537805183, 0.8311148359043611, 0.8219994683267636, 0.14022135721399714, 0.37801459396572845]
APTIDAO: 
50.17737686614999
GEN: 5500
Individuo: 
[1.3431909271008085, 1.5165306118914927, 2.454245216080299, 0.38530443320109453, 0.6523432186438856, 0.010016142201746474, 0.7259950581251098, 0.7650715511928089, 0.5370436017115026, 1.0964021808726285, 0.7483772497038849, 1.4165140352037404, 0.4054027229794878, 0.6433344039910407, 0.007811468925496208, 0.001067987848332538, 0.2352553910727116, 0.8487911270416554, 0.36336186912804513, 0.9597495220175709, 0.035225447005313305, 0.118322153005649, 0.40531083388755573, 0.07232725096224982, 0.39053782757966216, 0.4710714221075418, 0.024402476279522082, 0.8311148359043611, 0.8219994683267636, 0.14022135721399714, 0.37801459396572845]
APTIDAO: 
50.189837038502084
GEN: 5600
Individuo: 
[1.3431909271008085, 1.5165306118914927, 2.454245216080299, 0.3434799652661303, 0.6523432186438856, 0.019594104190774817, 0.7259950581251098, 0.7650715511928089, 0.5370436017115026, 1.0964021808726285, 0.7483772497038849, 1.4165140352037404, 0.4054027229794878, 0.6433344039910407, 0.04181741093548312, 0.0014266077735519186, 0.2352553910727116, 0.455655709367276, 0.36336186912804513, 0.9597495220175709, 0.035225447005313305, 0.118322153005649, 0.40531083388755573, 0.14620463384579066, 0.39053782757966216, 0.4710714221075418, 0.01852734242823334, 0.8311148359043611, 0.8219994683267636, 0.14022135721399714, 0.37801459396572845]
APTIDAO: 
50.17859717539621
GEN: 5700
Individuo: 
[1.2927100227914063, 1.4334734577107526, 2.454245216080299, 0.2585556147245325, 0.6523432186438856, 0.013166507611199264, 0.7259950581251098, 0.7650715511928089, 0.4424386572587312, 1.0964021808726285, 0.7483772497038849, 1.4165140352037404, 0.4054027229794878, 0.6433344039910407, 0.08362956623869575, 0.0013644022625905958, 0.2352553910727116, 0.7213376795577507, 0.36336186912804513, 0.9597495220175709, 0.035225447005313305, 0.118322153005649, 0.40531083388755573, 0.13037261137335973, 0.39053782757966216, 0.4710714221075418, 0.01852734242823334, 0.8311148359043611, 0.8219994683267636, 0.14022135721399714, 0.37801459396572845]
APTIDAO: 
50.19159642811434
GEN: 5800
Individuo: 
[1.2927100227914063, 0.5552574725902905, 2.454245216080299, 0.26213358690087213, 0.6523432186438856, 0.01960730075897287, 0.7259950581251098, 0.7650715511928089, 0.4424386572587312, 1.0964021808726285, 0.7483772497038849, 1.4165140352037404, 0.4054027229794878, 0.645490269908905, 0.1343103475053775, 0.0019070817661737249, 0.2352553910727116, 0.37398554789223254, 0.36336186912804513, 0.9597495220175709, 0.035225447005313305, 0.118322153005649, 0.40531083388755573, 0.4842187524000702, 0.39053782757966216, 0.4710714221075418, 0.01852734242823334, 0.8311148359043611, 0.8219994683267636, 0.14022135721399714, 0.37801459396572845]
APTIDAO: 
51.81236925907229
GEN: 5900
Individuo: 
[1.1800861867653218, 0.7401671980295202, 2.454245216080299, 0.22510245931203177, 0.6523432186438856, 0.024212167989220396, 0.7259950581251098, 0.7650715511928089, 0.4424386572587312, 1.0964021808726285, 0.7483772497038849, 1.4165140352037404, 0.4054027229794878, 0.645490269908905, 0.1343103475053775, 0.0022328421898719546, 0.2352553910727116, 0.2885019269493857, 0.36336186912804513, 0.9597495220175709, 0.035225447005313305, 0.118322153005649, 0.40531083388755573, 0.5577160945904734, 0.39053782757966216, 0.4934205541550723, 0.01852734242823334, 0.8311148359043611, 0.8219994683267636, 0.14022135721399714, 0.37801459396572845]
APTIDAO: 
51.144574711278366
GEN: 6000
Individuo: 
[1.2339442294180516, 0.8257285261710329, 2.189564351952509, 0.29287179092751725, 0.6523432186438856, 0.02264746738295028, 0.7259950581251098, 0.7650715511928089, 0.5200214072106697, 1.0964021808726285, 0.7483772497038849, 1.4165140352037404, 0.4054027229794878, 0.645490269908905, 0.1343103475053775, 0.0022328421898719546, 0.2352553910727116, 0.08480308643407042, 0.36336186912804513, 0.9860442167454918, 0.03546756528396656, 0.118322153005649, 0.40531083388755573, 0.47398109683492845, 0.39053782757966216, 0.4934205541550723, 0.01852734242823334, 0.8066950615920206, 0.7913622572370447, 0.14022135721399714, 0.37801459396572845]
APTIDAO: 
50.91169009741518
GEN: 6100
Individuo: 
[1.2140671957551046, 0.8257285261710329, 2.189564351952509, 0.2516517351243288, 0.6523432186438856, 0.02292453272932223, 0.7259950581251098, 0.7650715511928089, 0.5200214072106697, 1.0964021808726285, 0.7483772497038849, 1.4165140352037404, 0.4054027229794878, 0.645490269908905, 0.1343103475053775, 0.0021966165226950593, 0.2352553910727116, 0.001604127443443596, 0.36336186912804513, 0.9860442167454918, 0.03546756528396656, 0.118322153005649, 0.40531083388755573, 0.4280945154605052, 0.39053782757966216, 0.4934205541550723, 0.014725780646717857, 0.8066950615920206, 0.7913622572370447, 0.14022135721399714, 0.37801459396572845]
APTIDAO: 
50.91349031193055
GEN: 6200
Individuo: 
[1.2140671957551046, 0.8257285261710329, 2.1706739144099516, 0.2516517351243288, 0.6523432186438856, 0.023176744597464095, 0.7259950581251098, 0.7650715511928089, 0.6895384991642203, 1.0964021808726285, 0.7483772497038849, 1.4165140352037404, 0.4054027229794878, 0.645490269908905, 0.19896112905803542, 0.0031494528367065366, 0.2352553910727116, 0.0024037883603372705, 0.36336186912804513, 0.9860442167454918, 0.03546756528396656, 0.118322153005649, 0.40531083388755573, 0.4280945154605052, 0.39053782757966216, 0.4934205541550723, 0.029348455661089325, 0.8066950615920206, 0.7913622572370447, 0.14022135721399714, 0.37801459396572845]
APTIDAO: 
50.91768064851277
GEN: 6300
Individuo: 
[1.2167120471765291, 0.8257285261710329, 2.312902793027804, 0.17210004414150276, 0.6523432186438856, 0.023176744597464095, 0.7259950581251098, 0.7650715511928089, 0.6895384991642203, 1.0964021808726285, 0.7483772497038849, 1.4165140352037404, 0.4054027229794878, 0.645490269908905, 0.19896112905803542, 0.0031494528367065366, 0.2352553910727116, 0.18722080237636243, 0.36336186912804513, 0.9860442167454918, 0.03546756528396656, 0.118322153005649, 0.40531083388755573, 0.4280945154605052, 0.39053782757966216, 0.4934205541550723, 0.029348455661089325, 0.8066950615920206, 0.7913622572370447, 0.14022135721399714, 0.37801459396572845]
APTIDAO: 
50.95813501500048
GEN: 6400
Individuo: 
[1.441757996562977, 0.8257285261710329, 2.312902793027804, 0.43602488724059046, 0.6523432186438856, 0.0496204108341856, 0.7259950581251098, 0.7650715511928089, 0.7366546159898912, 1.0964021808726285, 0.7483772497038849, 1.4165140352037404, 0.4054027229794878, 0.645490269908905, 0.200703411985583, 0.007668925981201273, 0.2352553910727116, 0.0024793373916458215, 0.36336186912804513, 0.9860442167454918, 0.030824070051060398, 0.118322153005649, 0.40531083388755573, 0.2210950496622459, 0.39053782757966216, 0.4934205541550723, 0.029348455661089325, 0.8066950615920206, 0.7913622572370447, 0.14022135721399714, 0.37801459396572845]
APTIDAO: 
51.0192539036806
GEN: 6500
Individuo: 
[1.8481025797822637, 0.8257285261710329, 2.312902793027804, 1.3960587511771028, 0.6523432186438856, 0.0496204108341856, 0.7259950581251098, 0.7650715511928089, 0.7366546159898912, 0.17068294994862518, 0.280619348813921, 1.4165140352037404, 0.4054027229794878, 0.645490269908905, 0.1168675535104529, 0.003309989459488467, 0.2352553910727116, 0.00190203398864456, 0.36336186912804513, 0.9860442167454918, 0.030824070051060398, 0.118322153005649, 0.40531083388755573, 0.2210950496622459, 0.39053782757966216, 0.4934205541550723, 0.029348455661089325, 0.41547414011766975, 0.7913622572370447, 0.14022135721399714, 0.37801459396572845]
APTIDAO: 
50.62790653825225
GEN: 6600
Individuo: 
[1.8481025797822637, 0.8257285261710329, 2.2459896980572385, 1.3960587511771028, 0.6523432186438856, 0.0817060429783871, 0.7259950581251098, 0.7650715511928089, 0.7366546159898912, 0.17068294994862518, 0.280619348813921, 1.4165140352037404, 0.4054027229794878, 0.645490269908905, 0.11385476046020312, 0.003309989459488467, 0.2352553910727116, 0.0014839809023447516, 0.36336186912804513, 0.9860442167454918, 0.030824070051060398, 0.118322153005649, 0.40531083388755573, 0.955654670428098, 0.39053782757966216, 0.4934205541550723, 0.029348455661089325, 0.41547414011766975, 0.7913622572370447, 0.14022135721399714, 0.37801459396572845]
APTIDAO: 
50.60165650922857
GEN: 6700
Individuo: 
[1.8481025797822637, 0.8257285261710329, 2.2459896980572385, 1.3960587511771028, 0.6523432186438856, 0.0817060429783871, 0.7259950581251098, 0.7650715511928089, 0.6833908486265913, 0.17068294994862518, 0.280619348813921, 1.4165140352037404, 0.4054027229794878, 0.645490269908905, 0.1168675535104529, 0.003309989459488467, 0.2352553910727116, 0.026168661738566464, 0.36336186912804513, 0.9860442167454918, 0.030824070051060398, 0.118322153005649, 0.40531083388755573, 0.955654670428098, 0.39053782757966216, 0.4934205541550723, 0.028943103982939644, 0.40334320448759875, 0.7913622572370447, 0.14022135721399714, 0.37801459396572845]
APTIDAO: 
50.588276300348134
GEN: 6800
Individuo: 
[1.840773874525659, 0.8257285261710329, 2.253223580991274, 1.3960587511771028, 0.6523432186438856, 0.026431301315167504, 0.7259950581251098, 0.7650715511928089, 0.6833908486265913, 0.17068294994862518, 0.280619348813921, 1.4165140352037404, 0.4054027229794878, 0.645490269908905, 0.2086430508679879, 0.003309989459488467, 0.2352553910727116, 0.00995361009188654, 0.36336186912804513, 0.9860442167454918, 0.030824070051060398, 0.118322153005649, 0.40531083388755573, 0.28153392253323356, 0.39053782757966216, 0.4934205541550723, 0.028943103982939644, 0.40334320448759875, 0.7913622572370447, 0.14022135721399714, 0.37801459396572845]
APTIDAO: 
50.6280711917763
GEN: 6900
Individuo: 
[1.806448446512668, 0.8390803648319267, 2.253223580991274, 1.4408835062236705, 0.6523432186438856, 0.05380243719361247, 0.7259950581251098, 0.7650715511928089, 0.6833908486265913, 0.17068294994862518, 0.280619348813921, 1.4165140352037404, 0.4054027229794878, 0.645490269908905, 0.2086430508679879, 0.007638329463442966, 0.2352553910727116, 0.0020898342828173893, 0.36336186912804513, 0.9860442167454918, 0.030824070051060398, 0.118322153005649, 0.40531083388755573, 0.2619071712113699, 0.39053782757966216, 0.4934205541550723, 0.028943103982939644, 0.40334320448759875, 0.7913622572370447, 0.14022135721399714, 0.37801459396572845]
APTIDAO: 
50.558017669823684
GEN: 7000
Individuo: 
[1.4366396063594469, 1.2351898567750224, 2.125091914982671, 0.6840774304241561, 0.6523432186438856, 0.016499283185412585, 0.7259950581251098, 0.7650715511928089, 0.6833908486265913, 0.17068294994862518, 0.280619348813921, 1.4165140352037404, 0.4054027229794878, 0.645490269908905, 0.6124045083707135, 0.007638329463442966, 0.2352553910727116, 0.00438653398041969, 0.36336186912804513, 0.9860442167454918, 0.030824070051060398, 0.118322153005649, 0.40531083388755573, 0.1136569384725793, 0.39053782757966216, 0.4934205541550723, 0.028943103982939644, 0.40334320448759875, 0.7913622572370447, 0.14022135721399714, 0.37801459396572845]
APTIDAO: 
49.78433825468423
GEN: 7100
Individuo: 
[1.4366396063594469, 1.4323398923161892, 2.1343131771329427, 0.6840774304241561, 0.6523432186438856, 0.025565511570449614, 0.7259950581251098, 0.7650715511928089, 0.6833908486265913, 0.1546789905863898, 0.280619348813921, 1.4165140352037404, 0.4054027229794878, 0.645490269908905, 0.5997257783854859, 0.008084365310230102, 0.2352553910727116, 0.0014912820584720978, 0.36336186912804513, 0.955810137546821, 0.030824070051060398, 0.118322153005649, 0.40531083388755573, 0.6195528675479393, 0.39053782757966216, 0.4934205541550723, 0.028943103982939644, 0.48333195480963204, 0.7913622572370447, 0.14022135721399714, 0.37801459396572845]
APTIDAO: 
49.61809312455823
GEN: 7200
Individuo: 
[1.4366396063594469, 1.8208013908576357, 2.1343131771329427, 0.6540367300457307, 0.6523432186438856, 0.03510341820776202, 0.7259950581251098, 0.7650715511928089, 0.682913515011328, 0.1546789905863898, 0.280619348813921, 1.4165140352037404, 0.4054027229794878, 0.645490269908905, 0.5997257783854859, 0.008883248480401893, 0.2352553910727116, 0.001509833812920293, 0.36336186912804513, 0.955810137546821, 0.030824070051060398, 0.118322153005649, 0.40531083388755573, 0.8762959121016645, 0.39053782757966216, 0.4934205541550723, 0.028943103982939644, 0.48333195480963204, 0.7913622572370447, 0.14022135721399714, 0.37801459396572845]
APTIDAO: 
49.74402062822551
GEN: 7300
Individuo: 
[1.4366396063594469, 1.2959696086382106, 2.1343131771329427, 0.6801775233386345, 0.6523432186438856, 0.03510341820776202, 0.7259950581251098, 0.7650715511928089, 0.46228430411508137, 0.14373557327661027, 0.280619348813921, 1.4165140352037404, 0.40436105363890995, 0.645490269908905, 0.5997257783854859, 0.008883248480401893, 0.2352553910727116, 0.02934852078429435, 0.36707283424773046, 0.955810137546821, 0.030824070051060398, 0.118322153005649, 0.40531083388755573, 0.8425071290726979, 0.39053782757966216, 0.4934205541550723, 0.008065562491091431, 0.6363254807093691, 0.7913622572370447, 0.14022135721399714, 0.37801459396572845]
APTIDAO: 
49.930569566132434
GEN: 7400
Individuo: 
[1.4366396063594469, 1.5962934070256523, 2.063578204904544, 1.045130654848641, 0.6523432186438856, 0.03510341820776202, 0.7259950581251098, 0.7650715511928089, 0.46228430411508137, 0.14373557327661027, 0.280619348813921, 1.4165140352037404, 0.40436105363890995, 0.645490269908905, 0.3151121153736535, 0.008883248480401893, 0.2352553910727116, 0.060130160336983415, 0.36707283424773046, 0.955810137546821, 0.030824070051060398, 0.118322153005649, 0.40531083388755573, 0.009918913488335263, 0.39053782757966216, 0.4934205541550723, 0.013504583246036225, 0.3928433703849309, 0.7913622572370447, 0.14022135721399714, 0.37801459396572845]
APTIDAO: 
49.66461168573217
GEN: 7500
Individuo: 
[1.4366396063594469, 1.5962934070256523, 2.063578204904544, 0.9706051456948728, 0.6523432186438856, 0.03510341820776202, 0.7259950581251098, 0.7650715511928089, 0.46228430411508137, 0.14373557327661027, 0.280619348813921, 1.4165140352037404, 0.40436105363890995, 0.645490269908905, 0.5816444738117094, 0.018969352314613646, 0.2352553910727116, 0.03947929962618564, 0.36707283424773046, 0.955810137546821, 0.05612525398233122, 0.118322153005649, 0.40531083388755573, 0.0013394302778405062, 0.39053782757966216, 0.4934205541550723, 0.013504583246036225, 0.3928433703849309, 0.7913622572370447, 0.14022135721399714, 0.37801459396572845]
APTIDAO: 
50.51814307906784
GEN: 7600
Individuo: 
[1.3977234413954944, 1.4056692251743867, 2.063578204904544, 1.3917167177899186, 0.6523432186438856, 0.03510341820776202, 0.7259950581251098, 0.7650715511928089, 1.0785874462157068, 0.14895354734880298, 0.280619348813921, 1.423578427319968, 0.40436105363890995, 0.645490269908905, 0.6071681759138102, 0.01958713824538254, 0.2352553910727116, 0.007245826568702518, 0.3777476223310471, 0.9256905466610958, 0.018073436473377637, 0.118322153005649, 0.40531083388755573, 0.042995279136215966, 0.39053782757966216, 0.4402690736332753, 0.0015487165825918674, 0.7657726549357802, 0.7913622572370447, 0.14022135721399714, 0.37801459396572845]
APTIDAO: 
50.9024906421557
GEN: 7700
Individuo: 
[1.9264990733735774, 1.4056692251743867, 2.063578204904544, 1.680768258610702, 0.6523432186438856, 0.028139530655456903, 0.7259950581251098, 0.7650715511928089, 0.8425854835796798, 0.14895354734880298, 0.280619348813921, 1.423578427319968, 0.40436105363890995, 0.645490269908905, 0.6071681759138102, 0.006661830061395801, 0.2352553910727116, 0.0037640322792274195, 0.3777476223310471, 0.9256905466610958, 0.018073436473377637, 0.118322153005649, 0.40531083388755573, 0.019328628680125144, 0.38626902386201667, 0.4601576773990268, 0.0011813253088721002, 0.7657726549357802, 0.7913622572370447, 0.14022135721399714, 0.37801459396572845]
APTIDAO: 
49.86689455719266
GEN: 7800
Individuo: 
[1.815858431535242, 1.4056692251743867, 2.063578204904544, 1.680768258610702, 0.6523432186438856, 0.028277013332633237, 0.7259950581251098, 0.7650715511928089, 1.0139730958136863, 0.16150458747398985, 0.280619348813921, 1.423578427319968, 0.40436105363890995, 0.645490269908905, 0.6951415471455991, 0.0055711248328012405, 0.2352553910727116, 0.0011419160036516783, 0.3777476223310471, 0.9256905466610958, 0.018073436473377637, 0.118322153005649, 0.40531083388755573, 0.1883138410723079, 0.38626902386201667, 0.4601576773990268, 0.0014421921826787557, 0.7657726549357802, 0.7913622572370447, 0.14022135721399714, 0.37801459396572845]
APTIDAO: 
49.75897940802529
GEN: 7900
Individuo: 
[1.815858431535242, 1.4056692251743867, 1.7766244439248409, 1.6765449266149886, 0.6523432186438856, 0.028277013332633237, 0.7158121756117435, 0.7650715511928089, 0.9984894708832865, 0.16150458747398985, 0.280619348813921, 1.423578427319968, 0.40436105363890995, 0.645490269908905, 0.39180971398968756, 0.0077098696938884305, 0.2352553910727116, 0.0015660474661343853, 0.3777476223310471, 0.9256905466610958, 0.009278791367714844, 0.118322153005649, 0.40531083388755573, 0.23751342195699232, 0.38626902386201667, 0.4601576773990268, 0.0023782857823891564, 0.8290598364936146, 0.7913622572370447, 0.13521602462915172, 0.37801459396572845]
APTIDAO: 
49.67573382793917
GEN: 8000
Individuo: 
[1.815858431535242, 1.4056692251743867, 1.8142894900714288, 1.6765449266149886, 0.6523432186438856, 0.044710284076673844, 0.7158121756117435, 0.7650715511928089, 0.6626857030146226, 0.16150458747398985, 0.280619348813921, 1.423578427319968, 0.40436105363890995, 0.645490269908905, 0.4027488355629233, 0.013104400119876923, 0.2352553910727116, 0.0013721353006220427, 0.3777476223310471, 0.9256905466610958, 0.009278791367714844, 0.118322153005649, 0.40531083388755573, 0.30337280327042737, 0.38626902386201667, 0.4601576773990268, 0.0020972346379493725, 0.8512843125450777, 0.7913622572370447, 0.13521602462915172, 0.37801459396572845]
APTIDAO: 
49.690649599668916
GEN: 8100
Individuo: 
[1.815858431535242, 1.4056692251743867, 1.9371296673314977, 1.5081524218226205, 0.6523432186438856, 0.044710284076673844, 0.7158121756117435, 0.7650715511928089, 0.8378972464002448, 0.16150458747398985, 0.280619348813921, 1.423578427319968, 0.40436105363890995, 0.645490269908905, 0.4027488355629233, 0.013088677046101088, 0.2352553910727116, 0.00836488511997269, 0.3777476223310471, 0.9256905466610958, 0.009278791367714844, 0.118322153005649, 0.40531083388755573, 0.30337280327042737, 0.38626902386201667, 0.4601576773990268, 0.0033475540510229116, 0.8512843125450777, 0.7913622572370447, 0.13521602462915172, 0.37801459396572845]
APTIDAO: 
49.712614880024965
GEN: 8200
Individuo: 
[1.815858431535242, 1.4056692251743867, 1.9371296673314977, 1.5081524218226205, 0.6523432186438856, 0.044710284076673844, 0.7158121756117435, 0.7650715511928089, 0.4994917007882149, 0.16150458747398985, 0.27931608717451134, 1.423578427319968, 0.40436105363890995, 0.645490269908905, 0.38747248098185166, 0.012887253738051213, 0.2352553910727116, 0.0027019297160124256, 0.3777476223310471, 0.9256905466610958, 0.009278791367714844, 0.118322153005649, 0.39511455773208537, 0.08701416824242736, 0.38626902386201667, 0.4601576773990268, 0.0022942972821264353, 0.6976044518501395, 0.7913622572370447, 0.13521602462915172, 0.37801459396572845]
APTIDAO: 
49.89902344634534
GEN: 8300
Individuo: 
[1.815858431535242, 1.4056692251743867, 1.951421958267871, 1.5081524218226205, 0.6523432186438856, 0.04232362452249697, 0.7158121756117435, 0.7650715511928089, 0.4994917007882149, 0.16150458747398985, 0.27931608717451134, 1.423578427319968, 0.40436105363890995, 0.645490269908905, 0.38747248098185166, 0.013088677046101088, 0.2352553910727116, 0.043599718973439075, 0.3777476223310471, 0.9256905466610958, 0.012397655510602663, 0.118322153005649, 0.3970239260745212, 0.14219057808550317, 0.38626902386201667, 0.4601576773990268, 0.0028504669971338974, 0.86468008983227, 0.7913622572370447, 0.13521602462915172, 0.37801459396572845]
APTIDAO: 
49.714718003371594
GEN: 8400
Individuo: 
[1.9200379001625125, 1.4056692251743867, 1.951421958267871, 1.8874825234000996, 0.6523432186438856, 0.04232362452249697, 0.7158121756117435, 0.7650715511928089, 0.4899878893790515, 0.16150458747398985, 0.27931608717451134, 1.423578427319968, 0.40436105363890995, 0.645490269908905, 0.38747248098185166, 0.013088677046101088, 0.2352553910727116, 0.049875221830940564, 0.31108004739589584, 0.9256905466610958, 0.014098149337769445, 0.118322153005649, 0.3970239260745212, 0.14219057808550317, 0.38626902386201667, 0.4601576773990268, 0.002343036988910263, 0.7067869863624194, 0.7913622572370447, 0.13521602462915172, 0.37801459396572845]
APTIDAO: 
49.76923152707023
GEN: 8500
Individuo: 
[1.9200379001625125, 1.4056692251743867, 1.951421958267871, 1.8874825234000996, 0.6523432186438856, 0.04232362452249697, 0.7158121756117435, 0.7650715511928089, 0.41100258597144745, 0.057887773517241385, 0.27931608717451134, 1.423578427319968, 0.40436105363890995, 0.645490269908905, 0.38747248098185166, 0.013088677046101088, 0.2352553910727116, 0.01713731186375113, 0.31108004739589584, 0.9019688688218208, 0.014098149337769445, 0.118322153005649, 0.3970239260745212, 0.48061419840331526, 0.38626902386201667, 0.4601576773990268, 0.0011288640993806444, 0.8557927717901043, 0.8504197348500194, 0.13521602462915172, 0.37801459396572845]
APTIDAO: 
49.73898672989011
GEN: 8600
Individuo: 
[1.9200379001625125, 1.5165764060562696, 1.543318522644524, 1.8874825234000996, 0.6523432186438856, 0.03804625448095232, 0.7158121756117435, 0.7650715511928089, 0.41100258597144745, 0.07870872904463545, 0.27931608717451134, 1.423578427319968, 0.40436105363890995, 0.645490269908905, 0.38408511837094467, 0.009202137179980958, 0.2352553910727116, 0.006059016763531433, 0.22217413667727517, 0.9019688688218208, 0.014098149337769445, 0.118322153005649, 0.3970239260745212, 0.3357398207074416, 0.38626902386201667, 0.4601576773990268, 0.0011288640993806444, 0.9541831981913574, 0.8504197348500194, 0.13521602462915172, 0.37801459396572845]
APTIDAO: 
49.4529998062285
GEN: 8700
Individuo: 
[1.9200379001625125, 1.5165764060562696, 1.9240422805808761, 1.8874825234000996, 0.6523432186438856, 0.03804625448095232, 0.7158121756117435, 0.7650715511928089, 0.41100258597144745, 0.1217899391425753, 0.27931608717451134, 1.423578427319968, 0.40436105363890995, 0.645490269908905, 0.38408511837094467, 0.009202137179980958, 0.2352553910727116, 0.008039803635654309, 0.12461385831383634, 0.9019688688218208, 0.014098149337769445, 0.118322153005649, 0.3970239260745212, 0.3357398207074416, 0.38626902386201667, 0.4601576773990268, 0.0011530745286529834, 0.7466072790587659, 0.8504197348500194, 0.13521602462915172, 0.37801459396572845]
APTIDAO: 
49.46228180740955
GEN: 8800
Individuo: 
[1.9200379001625125, 1.5165764060562696, 1.7827648817709143, 1.8874825234000996, 0.6523432186438856, 0.038871864423251856, 0.7158121756117435, 0.7650715511928089, 0.41100258597144745, 0.17797691698227702, 0.27931608717451134, 1.423578427319968, 0.40436105363890995, 0.645490269908905, 0.34048914715127887, 0.007971744252448058, 0.2352553910727116, 0.0014825893935145134, 0.09617583015741993, 0.9019688688218208, 0.014098149337769445, 0.118322153005649, 0.3970239260745212, 0.3357398207074416, 0.38626902386201667, 0.4601576773990268, 0.0011530745286529834, 0.9124208295135949, 0.8504197348500194, 0.13521602462915172, 0.37801459396572845]
APTIDAO: 
49.46055976319359
GEN: 8900
Individuo: 
[1.9200379001625125, 1.5605601623510494, 1.7827648817709143, 1.8874825234000996, 0.6523432186438856, 0.017761694399002017, 0.7158121756117435, 0.7650715511928089, 0.41100258597144745, 0.17797691698227702, 0.27931608717451134, 1.423578427319968, 0.40436105363890995, 0.645490269908905, 0.37069224834819575, 0.0019823214415422377, 0.2352553910727116, 0.0015724108851338599, 0.09617583015741993, 0.9019688688218208, 0.014098149337769445, 0.118322153005649, 0.3970239260745212, 0.6128969632644578, 0.38626902386201667, 0.4601576773990268, 0.001317336630801165, 0.4566787481653391, 0.8504197348500194, 0.13521602462915172, 0.37801459396572845]
APTIDAO: 
49.61678677022448
GEN: 9000
Individuo: 
[1.9200379001625125, 1.5605601623510494, 1.7827648817709143, 1.8874825234000996, 0.6523432186438856, 0.017761694399002017, 0.7158121756117435, 0.7650715511928089, 0.41100258597144745, 0.15174699106729517, 0.27931608717451134, 1.423578427319968, 0.40436105363890995, 0.645490269908905, 0.38826953411571075, 0.0033043838638057597, 0.2352553910727116, 0.001064644228299142, 0.08910483541307207, 0.9019688688218208, 0.014098149337769445, 0.118322153005649, 0.3970239260745212, 0.23376339495283072, 0.38626902386201667, 0.4601576773990268, 0.0011149565649451352, 0.6655902195501527, 0.8504197348500194, 0.13521602462915172, 0.37801459396572845]
APTIDAO: 
49.4446346182167
GEN: 9100
Individuo: 
[1.9200379001625125, 1.7167977886311971, 1.7827648817709143, 1.8874825234000996, 0.6523432186438856, 0.01863054802905512, 0.7158121756117435, 0.7650715511928089, 0.41100258597144745, 0.18831328216514745, 0.27931608717451134, 1.423578427319968, 0.40436105363890995, 0.645490269908905, 0.38826953411571075, 0.0030425645236413115, 0.2352553910727116, 0.0011239272775594483, 0.08910483541307207, 0.9019688688218208, 0.014098149337769445, 0.118322153005649, 0.3970239260745212, 0.28446030322454097, 0.38626902386201667, 0.459643371217125, 0.0010643145716208436, 0.9750396055167063, 0.8504197348500194, 0.13521602462915172, 0.37801459396572845]
APTIDAO: 
49.48321343800327
GEN: 9200
Individuo: 
[1.9200379001625125, 1.4921389576900168, 1.7827648817709143, 1.8874825234000996, 0.6523432186438856, 0.01863054802905512, 0.7158121756117435, 0.7650715511928089, 0.46696152169982547, 0.18495073509057913, 0.27931608717451134, 1.423578427319968, 0.40436105363890995, 0.645490269908905, 0.38826953411571075, 0.0030425645236413115, 0.2352553910727116, 0.005756339239373692, 0.0750166539994577, 0.9019688688218208, 0.014098149337769445, 0.118322153005649, 0.3970239260745212, 0.35455673433769447, 0.38626902386201667, 0.459643371217125, 0.0010643145716208436, 0.8072109783799801, 0.8543577774045231, 0.13521602462915172, 0.37801459396572845]
APTIDAO: 
49.446471364178784
GEN: 9300
Individuo: 
[1.9200379001625125, 1.5111133778216268, 1.7827648817709143, 1.8175399805380754, 0.6523432186438856, 0.016646807062191363, 0.7158121756117435, 0.7650715511928089, 0.5984402643732071, 0.17929534306802533, 0.27931608717451134, 1.423578427319968, 0.40436105363890995, 0.645490269908905, 0.38826953411571075, 0.0030425645236413115, 0.2352553910727116, 0.0016792876067616388, 0.0750166539994577, 0.9019688688218208, 0.014098149337769445, 0.118322153005649, 0.3970239260745212, 0.23611294370548475, 0.38626902386201667, 0.459643371217125, 0.0019205456245571027, 0.8072109783799801, 0.8543577774045231, 0.13521602462915172, 0.37801459396572845]
APTIDAO: 
49.42268586167035
GEN: 9400
Individuo: 
[1.9200379001625125, 1.5111133778216268, 1.8501884200857963, 1.8175399805380754, 0.6523432186438856, 0.016865476687939102, 0.7158121756117435, 0.7650715511928089, 0.594761081162871, 0.17929534306802533, 0.27931608717451134, 1.423578427319968, 0.40436105363890995, 0.645490269908905, 0.38826953411571075, 0.0030425645236413115, 0.2352553910727116, 0.002282393736966758, 0.07918655880885914, 0.9019688688218208, 0.014098149337769445, 0.118322153005649, 0.3970239260745212, 0.23611294370548475, 0.38626902386201667, 0.459643371217125, 0.002045895544165831, 0.9424275552256461, 0.8543577774045231, 0.13521602462915172, 0.37801459396572845]
APTIDAO: 
49.41093516371193
GEN: 9500
Individuo: 
[1.8498565578859107, 1.5111133778216268, 1.8501884200857963, 1.5792686372287255, 0.6523432186438856, 0.016865476687939102, 0.7158121756117435, 0.7650715511928089, 0.3507255548807749, 0.17895555640701064, 0.27931608717451134, 1.423578427319968, 0.40436105363890995, 0.645490269908905, 0.37780380107079387, 0.0026267099233154563, 0.22383429043302897, 0.0011870608796189497, 0.07918655880885914, 0.9019688688218208, 0.014098149337769445, 0.118322153005649, 0.3970239260745212, 0.19895099789384615, 0.38626902386201667, 0.459643371217125, 0.0018469521763132416, 0.9018480843154809, 0.8543577774045231, 0.13521602462915172, 0.37801459396572845]
APTIDAO: 
49.42600047245564
GEN: 9600
Individuo: 
[1.8498565578859107, 1.529344811230594, 1.8501884200857963, 1.5358230893168978, 0.6523432186438856, 0.016865476687939102, 0.7158121756117435, 0.7650715511928089, 0.3654743413229605, 0.17895555640701064, 0.27931608717451134, 1.423578427319968, 0.40436105363890995, 0.645490269908905, 0.3387884062427544, 0.0026267099233154563, 0.22383429043302897, 0.0011916905997382708, 0.07918655880885914, 0.9019688688218208, 0.014098149337769445, 0.118322153005649, 0.3970239260745212, 0.26180912039793575, 0.38626902386201667, 0.459643371217125, 0.0016949392614037519, 0.9018480843154809, 0.8543577774045231, 0.13521602462915172, 0.37801459396572845]
APTIDAO: 
49.42503509274768
GEN: 9700
Individuo: 
[1.8498565578859107, 1.529344811230594, 1.8501884200857963, 1.6111264237800804, 0.6523432186438856, 0.017061434451604494, 0.7158121756117435, 0.7650715511928089, 0.3654743413229605, 0.17895555640701064, 0.27931608717451134, 1.423578427319968, 0.40436105363890995, 0.645490269908905, 0.34289574011390106, 0.002724472483333655, 0.22383429043302897, 0.00447568041835537, 0.07918655880885914, 0.9019688688218208, 0.014098149337769445, 0.118322153005649, 0.3970239260745212, 0.20163924595246557, 0.38626902386201667, 0.459643371217125, 0.002277140704884149, 0.9018480843154809, 0.8543577774045231, 0.13521602462915172, 0.37801459396572845]
APTIDAO: 
49.38713300933195
GEN: 9800
Individuo: 
[1.8498565578859107, 1.529344811230594, 1.8022229007625834, 1.6111264237800804, 0.6523432186438856, 0.03093449604836863, 0.7158121756117435, 0.7650715511928089, 0.6094629803086369, 0.17809092338479052, 0.27931608717451134, 1.423578427319968, 0.40436105363890995, 0.645490269908905, 0.34289574011390106, 0.00529815153661515, 0.22383429043302897, 0.004058425378823357, 0.06391941071920311, 0.9019688688218208, 0.014098149337769445, 0.118322153005649, 0.3970239260745212, 0.38444406520734237, 0.38626902386201667, 0.459643371217125, 0.006487786583609607, 0.9898802604422332, 0.8543577774045231, 0.13521602462915172, 0.37801459396572845]
APTIDAO: 
49.447908032047444
GEN: 9900
Individuo: 
[1.8498565578859107, 1.529344811230594, 1.9998923083623927, 1.6111264237800804, 0.6523432186438856, 0.030285263283622136, 0.7158121756117435, 0.7650715511928089, 0.6094629803086369, 0.17809092338479052, 0.27931608717451134, 1.423578427319968, 0.40436105363890995, 0.645490269908905, 0.34126728900163944, 0.004098733138011451, 0.22383429043302897, 0.1217408265804224, 0.08538180257623594, 0.9019688688218208, 0.014098149337769445, 0.118322153005649, 0.3970239260745212, 0.6294522532443082, 0.38626902386201667, 0.459643371217125, 0.014665248067708114, 0.9263607931409206, 0.8543577774045231, 0.13521602462915172, 0.37801459396572845]
APTIDAO: 
49.41875236464631
GEN: 10000
Individuo: 
[1.864802277214762, 1.4338234207298068, 1.9998923083623927, 1.6111264237800804, 0.6523432186438856, 0.030580976919869402, 0.7158121756117435, 0.7650715511928089, 0.6484356999649427, 0.12054836594831175, 0.27931608717451134, 1.423578427319968, 0.40436105363890995, 0.645490269908905, 0.34126728900163944, 0.004098733138011451, 0.22383429043302897, 0.6709413733382534, 0.06500132400968764, 0.9019688688218208, 0.014098149337769445, 0.118322153005649, 0.3970239260745212, 0.6906385646950284, 0.38626902386201667, 0.459643371217125, 0.010584403433532154, 0.684622501432807, 0.8543577774045231, 0.13521602462915172, 0.37801459396572845]
APTIDAO: 
49.48397722735153

--- RESULTADO FINAL ---
Erro (norma-1): 49.48397722735153
Parâmetros: [1.864802277214762, 1.4338234207298068, 1.9998923083623927, 1.6111264237800804, 0.6523432186438856, 0.030580976919869402, 0.7158121756117435, 0.7650715511928089, 0.6484356999649427, 0.12054836594831175, 0.27931608717451134, 1.423578427319968, 0.40436105363890995, 0.645490269908905, 0.34126728900163944, 0.004098733138011451, 0.22383429043302897, 0.6709413733382534, 0.06500132400968764, 0.9019688688218208, 0.014098149337769445, 0.118322153005649, 0.3970239260745212, 0.6906385646950284, 0.38626902386201667, 0.459643371217125, 0.010584403433532154, 0.684622501432807, 0.8543577774045231, 0.13521602462915172, 0.37801459396572845]
Tempo total: 02h 20m 26s
