SEED: 1779150414
METODO: ABCD_Hill
IND_SIZE: 22
GEN: 0
Individuo: 
[4.492431113565187, 3.410081976624489, 1.3844482484855944, 4.137122200918307, 0.5395244104795237, 0.543389413831725, 0.666072534995383, 0.4490808449446096, 0.43948335277707123, 0.5902635872481033, 0.9495188369503694, 0.4216855314883925, 0.5849961336779336, 4.621738740769425, 1.8593677264640398, 3.891890314262217, 2.204134341947785, 2.8768316195261043, 1.2206672414957747, 4.223507712152873, 2.7087668907735165, 4.317488977407477]
APTIDAO: 
109.52154644503314
GEN: 100
Individuo: 
[0.6116372261145392, 1.483609559805289, 2.0211913685191334, 1.6309579252022244, 0.7001297189550416, 0.4308750695713715, 0.8484008865842726, 0.4692895120787176, 0.3366255881179305, 0.6935002800506179, 0.4510870848995196, 0.9880527290941578, 0.18568197029968966, 3.55516100415318, 2.1035796646907006, 4.818328370553051, 1.980954365939376, 4.9706450449021276, 3.6399447053070175, 1.4886975393455009, 3.761808744900354, 1.413666727387814]
APTIDAO: 
65.1205190101953
GEN: 200
Individuo: 
[3.153753220115295, 2.0098785629796185, 2.344518989463928, 0.9333220949580148, 0.7001297189550416, 0.4394938956081932, 0.945571413910008, 0.4672757769853097, 0.3366255881179305, 0.6972533549478547, 0.4510870848995196, 0.9880527290941578, 0.18568197029968966, 1.8357138362784693, 1.9657336840492419, 3.1162861766232335, 2.604299604731795, 4.160116471599359, 3.0514802508731393, 1.46989201553678, 4.494158583293149, 1.0067719739645933]
APTIDAO: 
61.069347713783564
GEN: 300
Individuo: 
[4.7902126360387065, 2.19972581590934, 4.091491352842426, 0.7929740946458105, 0.7126922315546903, 0.42373004669528297, 0.9443742773435404, 0.4672757769853097, 0.3366255881179305, 0.6972533549478547, 0.4510870848995196, 0.9976182333922881, 0.18568197029968966, 1.8357138362784693, 1.9657336840492419, 3.1162861766232335, 3.1080823163774793, 4.495869336904895, 3.090165808237989, 1.46989201553678, 4.494158583293149, 1.017420989816533]
APTIDAO: 
57.24281527127321
GEN: 400
Individuo: 
[4.487534700984176, 2.19972581590934, 3.7933850425766056, 0.7929740946458105, 0.7126922315546903, 0.42373004669528297, 0.9443742773435404, 0.4362993750719511, 0.3366255881179305, 0.6972533549478547, 0.4510870848995196, 0.9842944491992739, 0.28487292797906744, 1.2887624138566405, 1.9657336840492419, 2.55719151640703, 2.8493112202452027, 4.495869336904895, 3.090165808237989, 1.5014625754959996, 4.494158583293149, 1.0090077294037745]
APTIDAO: 
52.76416963917606
GEN: 500
Individuo: 
[4.9660941431100545, 2.2350562078083227, 3.8800535960188496, 0.7791851460710952, 0.7126922315546903, 0.42373004669528297, 0.9443742773435404, 0.4362993750719511, 0.3366255881179305, 0.6972533549478547, 0.4518093587274196, 0.9723722331551041, 0.28487292797906744, 1.2887624138566405, 1.9741694057616548, 2.598792207829598, 2.8493112202452027, 4.495869336904895, 3.090165808237989, 1.5014625754959996, 4.927544918778119, 1.0090077294037745]
APTIDAO: 
52.06166533386549
GEN: 600
Individuo: 
[4.9660941431100545, 2.2350562078083227, 3.7933850425766056, 0.7791851460710952, 0.7126922315546903, 0.42373004669528297, 0.9443742773435404, 0.4362993750719511, 0.3366255881179305, 0.6972533549478547, 0.4518093587274196, 0.9723722331551041, 0.28487292797906744, 1.2887624138566405, 1.9741694057616548, 2.562350026143432, 2.4855290582690444, 4.827756606538869, 3.090165808237989, 1.5014625754959996, 4.927544918778119, 1.0090077294037745]
APTIDAO: 
51.95456050735489
GEN: 700
Individuo: 
[4.9660941431100545, 2.3354133563673964, 3.7933850425766056, 0.6653448545683552, 0.7126922315546903, 0.42373004669528297, 0.9443742773435404, 0.4362993750719511, 0.3366255881179305, 0.6972533549478547, 0.4518093587274196, 0.9711485099168948, 0.30738144021535646, 1.2887624138566405, 1.9741694057616548, 2.562350026143432, 2.521711668859458, 4.960860741680947, 3.090165808237989, 1.5014625754959996, 4.927544918778119, 1.0090077294037745]
APTIDAO: 
51.5711814030984
GEN: 800
Individuo: 
[4.9660941431100545, 2.3354133563673964, 3.6782475568251267, 0.6653448545683552, 0.7126922315546903, 0.42373004669528297, 0.9443742773435404, 0.4362993750719511, 0.3366255881179305, 0.6972533549478547, 0.4518093587274196, 0.9711485099168948, 0.30738144021535646, 1.2887624138566405, 1.9741694057616548, 2.5341311255513115, 2.521711668859458, 4.960860741680947, 3.1302480042194127, 1.5014625754959996, 4.927544918778119, 1.0055955799274083]
APTIDAO: 
51.40827974112214
GEN: 900
Individuo: 
[4.9660941431100545, 2.3354133563673964, 3.6782475568251267, 0.6653448545683552, 0.7126922315546903, 0.42373004669528297, 0.9807180071261036, 0.4362993750719511, 0.3366255881179305, 0.6972533549478547, 0.4518093587274196, 0.9711485099168948, 0.30738144021535646, 1.2887624138566405, 1.9741694057616548, 2.5341311255513115, 2.5599652641110655, 4.981935758387679, 3.1302480042194127, 1.5014625754959996, 4.932349036545236, 1.0055955799274083]
APTIDAO: 
51.35182588669371
GEN: 1000
Individuo: 
[4.99849969048863, 2.3354133563673964, 3.6782475568251267, 0.6653448545683552, 0.7126922315546903, 0.4244304722593982, 0.9807180071261036, 0.4362993750719511, 0.3366255881179305, 0.6972533549478547, 0.4518093587274196, 0.9711485099168948, 0.3080888933933966, 1.2887624138566405, 1.9741694057616548, 2.4747558932525204, 2.5599652641110655, 4.981935758387679, 3.1302480042194127, 1.525244056910984, 4.970942585091512, 1.0015926030194995]
APTIDAO: 
51.23230580671107
GEN: 1100
Individuo: 
[4.99849969048863, 2.3354133563673964, 3.6782475568251267, 0.6653448545683552, 0.7126922315546903, 0.4244304722593982, 0.9807180071261036, 0.4362993750719511, 0.3366255881179305, 0.6972533549478547, 0.4518093587274196, 0.9711485099168948, 0.3101760107889657, 1.2887624138566405, 1.9741694057616548, 2.4747558932525204, 2.5599652641110655, 4.981935758387679, 3.1302480042194127, 1.525244056910984, 4.970942585091512, 1.0015926030194995]
APTIDAO: 
51.22988343038059
GEN: 1200
Individuo: 
[4.99849969048863, 2.3354133563673964, 3.6782475568251267, 0.6653448545683552, 0.7126922315546903, 0.4244304722593982, 0.9807180071261036, 0.4362993750719511, 0.3366255881179305, 0.6972533549478547, 0.4518093587274196, 0.9711485099168948, 0.3101760107889657, 1.2887624138566405, 1.9741694057616548, 2.4788792200457115, 2.5818133318543293, 4.983391559374237, 3.1302480042194127, 1.525244056910984, 4.991310260506, 1.0015926030194995]
APTIDAO: 
51.17993261271213
GEN: 1300
Individuo: 
[4.99849969048863, 2.3354133563673964, 3.6782475568251267, 0.6653448545683552, 0.7126922315546903, 0.4244304722593982, 0.9807180071261036, 0.4362993750719511, 0.3366255881179305, 0.6972533549478547, 0.4518010589179612, 0.9711485099168948, 0.3101760107889657, 1.2887624138566405, 1.9741694057616548, 2.4788792200457115, 2.5818133318543293, 4.983391559374237, 3.149733278114112, 1.525244056910984, 4.991310260506, 1.0015926030194995]
APTIDAO: 
51.174239207977585
GEN: 1400
Individuo: 
[4.99849969048863, 2.37076732622352, 3.760528753578315, 0.6653448545683552, 0.7126922315546903, 0.4244304722593982, 0.9807180071261036, 0.4362993750719511, 0.3366255881179305, 0.6972533549478547, 0.4518010589179612, 0.9711485099168948, 0.3101760107889657, 1.2887624138566405, 1.9741694057616548, 2.4788792200457115, 2.6823613975948177, 4.983391559374237, 3.1900340308751045, 1.525244056910984, 4.991310260506, 1.0015926030194995]
APTIDAO: 
50.99102273115917
GEN: 1500
Individuo: 
[4.99849969048863, 2.37076732622352, 3.760528753578315, 0.6653448545683552, 0.7126922315546903, 0.4244304722593982, 0.9807180071261036, 0.4362993750719511, 0.3366255881179305, 0.6972533549478547, 0.4518010589179612, 0.9711485099168948, 0.3101760107889657, 1.2887624138566405, 1.9741694057616548, 2.4788792200457115, 2.6823613975948177, 4.983391559374237, 3.1900340308751045, 1.525244056910984, 4.991310260506, 1.0015926030194995]
APTIDAO: 
50.99102273115917
GEN: 1600
Individuo: 
[4.99849969048863, 2.37076732622352, 3.7370728066851555, 0.6653448545683552, 0.7126922315546903, 0.4244304722593982, 0.9807180071261036, 0.4362993750719511, 0.3366255881179305, 0.6972533549478547, 0.4518010589179612, 0.9711485099168948, 0.3101760107889657, 1.2887624138566405, 1.9741694057616548, 2.4788792200457115, 2.6823613975948177, 4.983391559374237, 3.1900340308751045, 1.525244056910984, 4.996007438683426, 1.0015926030194995]
APTIDAO: 
50.98424854619574
GEN: 1700
Individuo: 
[4.99849969048863, 2.37076732622352, 3.7370728066851555, 0.6653448545683552, 0.7126922315546903, 0.4244304722593982, 0.9807180071261036, 0.4362993750719511, 0.3366255881179305, 0.6972533549478547, 0.4518010589179612, 0.9711485099168948, 0.31505471984014327, 1.2887624138566405, 1.9741694057616548, 2.4788792200457115, 2.6823613975948177, 4.983391559374237, 3.1787147784599497, 1.525244056910984, 4.996007438683426, 1.0015926030194995]
APTIDAO: 
50.9789131831997
GEN: 1800
Individuo: 
[4.99849969048863, 2.37076732622352, 3.7370728066851555, 0.6653448545683552, 0.7126922315546903, 0.4244304722593982, 0.9807180071261036, 0.4362993750719511, 0.3366255881179305, 0.6972533549478547, 0.4519746886538383, 0.9711485099168948, 0.31505471984014327, 1.2887624138566405, 1.9741694057616548, 2.4788792200457115, 2.7331381934093586, 4.983391559374237, 3.1787147784599497, 1.5366447126493945, 4.996007438683426, 1.0015926030194995]
APTIDAO: 
50.88362568157526
GEN: 1900
Individuo: 
[4.99849969048863, 2.37076732622352, 3.7370728066851555, 0.6653448545683552, 0.7126922315546903, 0.4244304722593982, 0.9807180071261036, 0.4362993750719511, 0.3366255881179305, 0.6972533549478547, 0.4519746886538383, 0.9711485099168948, 0.31505471984014327, 1.2887624138566405, 1.9741694057616548, 2.4788792200457115, 2.7404012386292655, 4.983391559374237, 3.1787147784599497, 1.5366447126493945, 4.996007438683426, 1.0015926030194995]
APTIDAO: 
50.87656934004729
GEN: 2000
Individuo: 
[4.99849969048863, 2.37076732622352, 3.7370728066851555, 0.6653448545683552, 0.7126922315546903, 0.4244304722593982, 0.9807180071261036, 0.4362993750719511, 0.3366255881179305, 0.6972533549478547, 0.4519746886538383, 0.9711485099168948, 0.31505471984014327, 1.2887624138566405, 2.025776754208103, 2.4788792200457115, 2.785984092624864, 4.983391559374237, 3.1787147784599497, 1.5366447126493945, 4.996007438683426, 1.0015926030194995]
APTIDAO: 
50.83690697047371
GEN: 2100
Individuo: 
[4.99849969048863, 2.37076732622352, 3.7370728066851555, 0.6653448545683552, 0.7126922315546903, 0.4244304722593982, 0.9928606937037389, 0.4359800019704732, 0.3366255881179305, 0.6972533549478547, 0.4519746886538383, 0.9711485099168948, 0.31505471984014327, 1.2887624138566405, 2.025776754208103, 2.442481319157636, 2.785984092624864, 4.983391559374237, 3.1787147784599497, 1.5366447126493945, 4.996007438683426, 1.0006682602921524]
APTIDAO: 
50.8272510394456
GEN: 2200
Individuo: 
[4.99849969048863, 2.37076732622352, 3.7370728066851555, 0.6653448545683552, 0.7126922315546903, 0.4244304722593982, 0.9911283320828412, 0.4359800019704732, 0.3366255881179305, 0.6972533549478547, 0.4519746886538383, 0.9711485099168948, 0.31505471984014327, 1.2887624138566405, 2.025776754208103, 2.442481319157636, 2.785984092624864, 4.983391559374237, 3.1787147784599497, 1.54049918123366, 4.996007438683426, 1.0006682602921524]
APTIDAO: 
50.81461922578367
GEN: 2300
Individuo: 
[4.99849969048863, 2.37076732622352, 3.7370728066851555, 0.6653448545683552, 0.7126922315546903, 0.4244304722593982, 0.9911283320828412, 0.4359800019704732, 0.3366255881179305, 0.6972533549478547, 0.4519746886538383, 0.9711485099168948, 0.31781764530367007, 1.2887624138566405, 2.025776754208103, 2.442481319157636, 2.7961023401587974, 4.983391559374237, 3.1787147784599497, 1.54049918123366, 4.996007438683426, 1.0006682602921524]
APTIDAO: 
50.7811446729567
GEN: 2400
Individuo: 
[4.99849969048863, 2.37076732622352, 3.7370728066851555, 0.6689898010253986, 0.7126922315546903, 0.4244304722593982, 0.9907592559582913, 0.4359800019704732, 0.3366255881179305, 0.6972533549478547, 0.4519746886538383, 0.9711485099168948, 0.31781764530367007, 1.2887624138566405, 2.025776754208103, 2.442481319157636, 2.7961023401587974, 4.983391559374237, 3.1787147784599497, 1.5421218604528002, 4.996007438683426, 1.0006682602921524]
APTIDAO: 
50.77778968793842
GEN: 2500
Individuo: 
[4.921144646482658, 2.3769257913857813, 3.7370728066851555, 0.6689898010253986, 0.7126922315546903, 0.4244304722593982, 0.9911283320828412, 0.4359800019704732, 0.3366255881179305, 0.6972533549478547, 0.4520208877597154, 0.9711485099168948, 0.31781764530367007, 1.2887624138566405, 2.025776754208103, 2.3472110129430637, 2.7961023401587974, 4.935046258037388, 3.184252251548682, 1.5421218604528002, 4.996007438683426, 1.0006682602921524]
APTIDAO: 
50.86106045698263
GEN: 2600
Individuo: 
[4.956675719895613, 2.3769257913857813, 3.7370728066851555, 0.6689898010253986, 0.7126922315546903, 0.4244304722593982, 0.9911283320828412, 0.4342079946721653, 0.3366255881179305, 0.6972533549478547, 0.4520208877597154, 0.9711485099168948, 0.31781764530367007, 1.2887624138566405, 2.035475386908837, 2.348509992044608, 2.7961023401587974, 4.935046258037388, 3.184252251548682, 1.5609767464056932, 4.996007438683426, 1.0006682602921524]
APTIDAO: 
50.78877369021565
GEN: 2700
Individuo: 
[4.956675719895613, 2.3769257913857813, 3.7370728066851555, 0.6689898010253986, 0.7126922315546903, 0.4244304722593982, 0.9911283320828412, 0.4342079946721653, 0.3366255881179305, 0.6972533549478547, 0.4520208877597154, 0.9711485099168948, 0.31781764530367007, 1.2887624138566405, 2.035475386908837, 2.3624354637944043, 2.8274236213459836, 4.935046258037388, 3.1686535429280487, 1.5609767464056932, 4.996007438683426, 1.0006682602921524]
APTIDAO: 
50.7522290367414
GEN: 2800
Individuo: 
[4.956675719895613, 2.3769257913857813, 3.7370728066851555, 0.6689898010253986, 0.7126922315546903, 0.42342194140124356, 0.9911283320828412, 0.4342079946721653, 0.3366255881179305, 0.6972533549478547, 0.4520208877597154, 0.9711485099168948, 0.31781764530367007, 1.2887624138566405, 2.035475386908837, 2.3624354637944043, 2.8274236213459836, 4.935046258037388, 3.1686535429280487, 1.5609767464056932, 4.996007438683426, 1.0006682602921524]
APTIDAO: 
50.72677505587808
GEN: 2900
Individuo: 
[4.956675719895613, 2.3769257913857813, 3.7370728066851555, 0.6689898010253986, 0.7126922315546903, 0.42342194140124356, 0.994751742563453, 0.4342079946721653, 0.3366255881179305, 0.6972533549478547, 0.4520208877597154, 0.9711485099168948, 0.31781764530367007, 1.2887624138566405, 2.035475386908837, 2.3624354637944043, 2.8274236213459836, 4.935046258037388, 3.1686535429280487, 1.5609767464056932, 4.996007438683426, 1.0006682602921524]
APTIDAO: 
50.72663343493854
GEN: 3000
Individuo: 
[4.956675719895613, 2.3769257913857813, 3.7370728066851555, 0.6689898010253986, 0.7126922315546903, 0.42342194140124356, 0.994751742563453, 0.4342079946721653, 0.3366255881179305, 0.6972533549478547, 0.4520208877597154, 0.9711485099168948, 0.31781764530367007, 1.2887624138566405, 2.035475386908837, 2.3624354637944043, 2.8274236213459836, 4.935046258037388, 3.1686535429280487, 1.5609767464056932, 4.996007438683426, 1.0006682602921524]
APTIDAO: 
50.72663343493854
GEN: 3100
Individuo: 
[4.956675719895613, 2.3769257913857813, 3.7206376554416267, 0.6580818873911609, 0.7126922315546903, 0.42342194140124356, 0.994751742563453, 0.4342079946721653, 0.3366255881179305, 0.6972533549478547, 0.4520208877597154, 0.9711485099168948, 0.3252877480441612, 1.2887624138566405, 2.035475386908837, 2.364028800146703, 2.8274236213459836, 4.935046258037388, 3.1686535429280487, 1.5609767464056932, 4.996007438683426, 1.0006682602921524]
APTIDAO: 
50.713038605035834
GEN: 3200
Individuo: 
[4.956675719895613, 2.409891888895644, 3.7206376554416267, 0.6580818873911609, 0.7126922315546903, 0.42342194140124356, 0.994751742563453, 0.43146799102542865, 0.3366255881179305, 0.6972533549478547, 0.4520208877597154, 0.9711485099168948, 0.3302789917118648, 1.2887624138566405, 2.035475386908837, 2.364028800146703, 2.8346769358061454, 4.935046258037388, 3.1686535429280487, 1.5609767464056932, 4.996007438683426, 1.0006682602921524]
APTIDAO: 
50.599401200164536
GEN: 3300
Individuo: 
[4.91430452520293, 2.409891888895644, 3.7206376554416267, 0.6580818873911609, 0.7126922315546903, 0.42342194140124356, 0.994751742563453, 0.43146799102542865, 0.3366255881179305, 0.6972533549478547, 0.4520208877597154, 0.9675448406785818, 0.3302789917118648, 1.2386487003866065, 2.035475386908837, 2.364028800146703, 2.8346769358061454, 4.935046258037388, 3.1686535429280487, 1.5621573387716243, 4.996007438683426, 1.0006682602921524]
APTIDAO: 
50.55760407875467
GEN: 3400
Individuo: 
[4.846945778420788, 2.409891888895644, 3.7206376554416267, 0.6580818873911609, 0.7126922315546903, 0.42342194140124356, 0.9794780270691049, 0.43146799102542865, 0.3366255881179305, 0.6972533549478547, 0.4520208877597154, 0.9675448406785818, 0.3302789917118648, 1.2386487003866065, 2.035475386908837, 2.364028800146703, 2.8346769358061454, 4.935046258037388, 3.1686535429280487, 1.5621573387716243, 4.996007438683426, 1.0006682602921524]
APTIDAO: 
50.5453296813501
GEN: 3500
Individuo: 
[4.846945778420788, 2.4445938321163343, 3.7206376554416267, 0.6580818873911609, 0.7126922315546903, 0.42342194140124356, 0.9794780270691049, 0.43146799102542865, 0.3366255881179305, 0.6972533549478547, 0.4510137413086235, 0.965861930209637, 0.338857591640626, 1.2386487003866065, 2.035475386908837, 2.345258402333206, 2.8346769358061454, 4.935046258037388, 3.1686535429280487, 1.5621573387716243, 4.996007438683426, 1.0006682602921524]
APTIDAO: 
50.504891249640956
GEN: 3600
Individuo: 
[4.846945778420788, 2.4445938321163343, 3.7206376554416267, 0.6580818873911609, 0.7126922315546903, 0.42342194140124356, 0.9982746305012228, 0.43146799102542865, 0.3366255881179305, 0.6972533549478547, 0.4510137413086235, 0.965861930209637, 0.338857591640626, 1.2386487003866065, 2.035065729749173, 2.345258402333206, 2.8346769358061454, 4.935046258037388, 3.1686535429280487, 1.5621573387716243, 4.996007438683426, 1.0006682602921524]
APTIDAO: 
50.49761632249429
GEN: 3700
Individuo: 
[4.858215101058637, 2.4445938321163343, 3.7206376554416267, 0.5992819569659662, 0.7126922315546903, 0.42342194140124356, 0.9946165138235059, 0.43146799102542865, 0.3366255881179305, 0.6972533549478547, 0.4510137413086235, 0.965861930209637, 0.338857591640626, 1.2386487003866065, 2.035065729749173, 2.345258402333206, 2.8346769358061454, 4.935046258037388, 3.1686535429280487, 1.5621573387716243, 4.996007438683426, 1.0006682602921524]
APTIDAO: 
50.49639998987849
GEN: 3800
Individuo: 
[4.846945778420788, 2.4445938321163343, 3.7206376554416267, 0.6023706740791543, 0.7126922315546903, 0.42342194140124356, 0.9946165138235059, 0.43146799102542865, 0.3366255881179305, 0.6972533549478547, 0.4510137413086235, 0.965861930209637, 0.35162716301883595, 1.2386487003866065, 2.035065729749173, 2.345258402333206, 2.875297293335894, 4.935046258037388, 3.1686535429280487, 1.5621573387716243, 4.996007438683426, 1.0006682602921524]
APTIDAO: 
50.44666214808199
GEN: 3900
Individuo: 
[4.846945778420788, 2.4445938321163343, 3.7206376554416267, 0.6023706740791543, 0.7126922315546903, 0.42342194140124356, 0.9946165138235059, 0.43146799102542865, 0.3366255881179305, 0.6972533549478547, 0.4510137413086235, 0.965861930209637, 0.35162716301883595, 1.2386487003866065, 2.035065729749173, 2.345258402333206, 2.875297293335894, 4.958674833068763, 3.1686535429280487, 1.5621573387716243, 4.996007438683426, 1.0006682602921524]
APTIDAO: 
50.41504638634762
GEN: 4000
Individuo: 
[4.846945778420788, 2.4445938321163343, 3.7206376554416267, 0.6023706740791543, 0.7126922315546903, 0.42342194140124356, 0.9946165138235059, 0.43146799102542865, 0.3366255881179305, 0.6972533549478547, 0.4510137413086235, 0.9628597948499774, 0.35162716301883595, 1.2386487003866065, 2.035065729749173, 2.345258402333206, 2.875297293335894, 4.958674833068763, 3.1686535429280487, 1.5696413715865036, 4.996007438683426, 1.0006682602921524]
APTIDAO: 
50.33939888391646
GEN: 4100
Individuo: 
[4.846945778420788, 2.52045175156324, 3.7206376554416267, 0.5761583098019915, 0.7126922315546903, 0.42342194140124356, 0.9946165138235059, 0.43146799102542865, 0.3366255881179305, 0.6972533549478547, 0.4510137413086235, 0.9628597948499774, 0.35162716301883595, 1.2386487003866065, 2.035065729749173, 2.345258402333206, 2.875297293335894, 4.958674833068763, 3.1897319559910056, 1.5696413715865036, 4.996007438683426, 1.0006682602921524]
APTIDAO: 
50.292234536256075
GEN: 4200
Individuo: 
[4.846945778420788, 2.52045175156324, 3.7206376554416267, 0.5761583098019915, 0.7126922315546903, 0.42342194140124356, 0.9946165138235059, 0.43146799102542865, 0.3366255881179305, 0.6972533549478547, 0.4510137413086235, 0.9628597948499774, 0.35162716301883595, 1.248198851107081, 2.035065729749173, 2.345258402333206, 2.875297293335894, 4.958674833068763, 3.1897319559910056, 1.5696413715865036, 4.996007438683426, 1.0006682602921524]
APTIDAO: 
50.29003755160526
GEN: 4300
Individuo: 
[4.846945778420788, 2.52045175156324, 3.7662602204719087, 0.5761583098019915, 0.7126922315546903, 0.42342194140124356, 0.9946165138235059, 0.43146799102542865, 0.3366255881179305, 0.6972533549478547, 0.4510137413086235, 0.959646601527116, 0.35162716301883595, 1.248198851107081, 2.035065729749173, 2.345258402333206, 2.875297293335894, 4.958674833068763, 3.1897319559910056, 1.5696413715865036, 4.996007438683426, 1.0006682602921524]
APTIDAO: 
50.27091236690941
GEN: 4400
Individuo: 
[4.846945778420788, 2.52045175156324, 3.7662602204719087, 0.5761583098019915, 0.7126922315546903, 0.42342194140124356, 0.9946165138235059, 0.43146799102542865, 0.3366255881179305, 0.6972533549478547, 0.4510137413086235, 0.959646601527116, 0.35162716301883595, 1.2383401215136387, 2.035065729749173, 2.345258402333206, 2.875297293335894, 4.958674833068763, 3.1897319559910056, 1.5696413715865036, 4.996007438683426, 1.0006682602921524]
APTIDAO: 
50.26872725991548
GEN: 4500
Individuo: 
[4.846945778420788, 2.52045175156324, 3.7662602204719087, 0.5761583098019915, 0.7126922315546903, 0.42342194140124356, 0.9944256326934993, 0.43146799102542865, 0.3366255881179305, 0.6972533549478547, 0.4510137413086235, 0.959646601527116, 0.35162716301883595, 1.2383401215136387, 2.035065729749173, 2.345258402333206, 2.875297293335894, 4.958674833068763, 3.1897319559910056, 1.5696413715865036, 4.996007438683426, 1.0006682602921524]
APTIDAO: 
50.2686407087499
GEN: 4600
Individuo: 
[4.846945778420788, 2.5272507733356053, 3.7662602204719087, 0.5761583098019915, 0.7126922315546903, 0.42342194140124356, 0.9944256326934993, 0.43146799102542865, 0.3366255881179305, 0.6972533549478547, 0.4510137413086235, 0.959646601527116, 0.35162716301883595, 1.2383401215136387, 2.035065729749173, 2.3415657287990057, 2.875297293335894, 4.958674833068763, 3.1897319559910056, 1.5696413715865036, 4.996007438683426, 1.0006682602921524]
APTIDAO: 
50.26684841711446
GEN: 4700
Individuo: 
[4.824102607015402, 2.5272507733356053, 3.7662602204719087, 0.5761583098019915, 0.7126922315546903, 0.42342194140124356, 0.9944256326934993, 0.43146799102542865, 0.3366255881179305, 0.6972533549478547, 0.4510137413086235, 0.959646601527116, 0.35162716301883595, 1.2383401215136387, 2.0330453749143778, 2.341711738610489, 2.875297293335894, 4.958674833068763, 3.1897319559910056, 1.5696413715865036, 4.996007438683426, 1.0006682602921524]
APTIDAO: 
50.26518671364801
GEN: 4800
Individuo: 
[4.824102607015402, 2.5272507733356053, 3.7662602204719087, 0.5887106097085437, 0.7126922315546903, 0.42342194140124356, 0.9944256326934993, 0.43146799102542865, 0.3366255881179305, 0.6972533549478547, 0.4510137413086235, 0.959646601527116, 0.35162716301883595, 1.2383401215136387, 2.0330453749143778, 2.341711738610489, 2.875297293335894, 4.958674833068763, 3.1897319559910056, 1.5696413715865036, 4.996007438683426, 1.0006682602921524]
APTIDAO: 
50.264171958687186
GEN: 4900
Individuo: 
[4.824102607015402, 2.5272507733356053, 3.7662602204719087, 0.5887106097085437, 0.7126922315546903, 0.42342194140124356, 0.9944256326934993, 0.43146799102542865, 0.3366255881179305, 0.6972533549478547, 0.4510137413086235, 0.959646601527116, 0.35162716301883595, 1.2383401215136387, 2.0330453749143778, 2.341711738610489, 2.875297293335894, 4.958674833068763, 3.1897319559910056, 1.5696413715865036, 4.996007438683426, 1.0006682602921524]
APTIDAO: 
50.264171958687186
GEN: 5000
Individuo: 
[4.778810060485836, 2.5272507733356053, 3.7662602204719087, 0.5887106097085437, 0.7126922315546903, 0.42342194140124356, 0.9916476672756439, 0.43146799102542865, 0.3366255881179305, 0.6972533549478547, 0.4510137413086235, 0.959646601527116, 0.35162716301883595, 1.2383401215136387, 2.0330453749143778, 2.341711738610489, 2.875297293335894, 4.958674833068763, 3.1897319559910056, 1.5696413715865036, 4.996007438683426, 1.0006682602921524]
APTIDAO: 
50.265237102661445
GEN: 5100
Individuo: 
[4.778810060485836, 2.5272507733356053, 3.7662602204719087, 0.5601822036248792, 0.7116189967241766, 0.42342194140124356, 0.9916476672756439, 0.43146799102542865, 0.3366255881179305, 0.6972533549478547, 0.4510137413086235, 0.959646601527116, 0.35691941279761613, 1.2383401215136387, 2.0330453749143778, 2.341711738610489, 2.875297293335894, 4.958674833068763, 3.1897319559910056, 1.5696413715865036, 4.996007438683426, 1.0006682602921524]
APTIDAO: 
50.23701755575478
GEN: 5200
Individuo: 
[4.778810060485836, 2.5272507733356053, 3.7662602204719087, 0.5729325655916638, 0.7116189967241766, 0.42342194140124356, 0.9916476672756439, 0.43146799102542865, 0.3366255881179305, 0.6972533549478547, 0.4510137413086235, 0.9590245814960947, 0.35691941279761613, 1.2383401215136387, 2.0330453749143778, 2.341711738610489, 2.875297293335894, 4.958674833068763, 3.1897319559910056, 1.5696413715865036, 4.996007438683426, 1.0006682602921524]
APTIDAO: 
50.23137990686514
GEN: 5300
Individuo: 
[4.778810060485836, 2.5272507733356053, 3.7662602204719087, 0.5692146651638984, 0.7116189967241766, 0.42342194140124356, 0.9916476672756439, 0.43146799102542865, 0.3366255881179305, 0.6972533549478547, 0.4510137413086235, 0.9590245814960947, 0.35691941279761613, 1.2383401215136387, 2.0330453749143778, 2.341711738610489, 2.875297293335894, 4.958674833068763, 3.1897319559910056, 1.5696413715865036, 4.996007438683426, 1.0006682602921524]
APTIDAO: 
50.231441016417556
GEN: 5400
Individuo: 
[4.778810060485836, 2.5272507733356053, 3.7662602204719087, 0.5692146651638984, 0.7116189967241766, 0.42342194140124356, 0.9916476672756439, 0.43146799102542865, 0.3366255881179305, 0.6972533549478547, 0.4510137413086235, 0.9590245814960947, 0.35691941279761613, 1.2383401215136387, 2.0330453749143778, 2.341711738610489, 2.875297293335894, 4.958674833068763, 3.1897319559910056, 1.5696413715865036, 4.996007438683426, 1.0006682602921524]
APTIDAO: 
50.231441016417556
GEN: 5500
Individuo: 
[4.778810060485836, 2.5363590150496145, 3.7662602204719087, 0.5692146651638984, 0.7116189967241766, 0.42342194140124356, 0.9916476672756439, 0.43146799102542865, 0.3366255881179305, 0.6972533549478547, 0.4510137413086235, 0.9590245814960947, 0.3590398958364683, 1.2383401215136387, 2.0330453749143778, 2.341711738610489, 2.875297293335894, 4.958674833068763, 3.1897319559910056, 1.5696413715865036, 4.996007438683426, 1.0006682602921524]
APTIDAO: 
50.223291764092146
GEN: 5600
Individuo: 
[4.778810060485836, 2.5363590150496145, 3.7662602204719087, 0.5740836091354088, 0.7116189967241766, 0.42342194140124356, 0.9916476672756439, 0.43146799102542865, 0.3366255881179305, 0.6972533549478547, 0.4510137413086235, 0.9590245814960947, 0.3590398958364683, 1.2383401215136387, 2.0512581100917764, 2.341711738610489, 2.9424367148679957, 4.958674833068763, 3.1897319559910056, 1.5696413715865036, 4.996007438683426, 1.0092584966065616]
APTIDAO: 
50.19629328452524
GEN: 5700
Individuo: 
[4.800237232247733, 2.5363590150496145, 3.7662602204719087, 0.5740836091354088, 0.7116189967241766, 0.42342194140124356, 0.9840461051488504, 0.4319381625477535, 0.3366255881179305, 0.6959339983875941, 0.4510137413086235, 0.9590245814960947, 0.3590398958364683, 1.2383401215136387, 2.05290154938436, 2.341711738610489, 2.9424367148679957, 4.958674833068763, 3.1897319559910056, 1.5696413715865036, 4.996007438683426, 1.0092584966065616]
APTIDAO: 
50.165994590977704
GEN: 5800
Individuo: 
[4.800237232247733, 2.5363590150496145, 3.7662602204719087, 0.5740836091354088, 0.7116189967241766, 0.42342194140124356, 0.9840461051488504, 0.4319381625477535, 0.3366255881179305, 0.6959339983875941, 0.4510137413086235, 0.9590245814960947, 0.3590398958364683, 1.2383401215136387, 2.05290154938436, 2.341711738610489, 2.9424367148679957, 4.960826463444874, 3.1897319559910056, 1.5742214704615185, 4.996007438683426, 1.0092584966065616]
APTIDAO: 
50.16009108870111
GEN: 5900
Individuo: 
[4.800237232247733, 2.576409037450881, 3.7662602204719087, 0.5694016385010746, 0.7116189967241766, 0.42342194140124356, 0.9840461051488504, 0.4319381625477535, 0.3366255881179305, 0.6959339983875941, 0.4510137413086235, 0.9590245814960947, 0.3590398958364683, 1.2383401215136387, 2.05290154938436, 2.341711738610489, 2.9424367148679957, 4.960826463444874, 3.1897319559910056, 1.5742214704615185, 4.996007438683426, 1.0092584966065616]
APTIDAO: 
50.1562945184387
GEN: 6000
Individuo: 
[4.800237232247733, 2.576409037450881, 3.7763504370263306, 0.5694016385010746, 0.7116189967241766, 0.4325111800529006, 0.9840461051488504, 0.4319381625477535, 0.3366255881179305, 0.6959339983875941, 0.4510137413086235, 0.9590245814960947, 0.3590398958364683, 1.2383401215136387, 2.225123079232587, 2.3237829722097643, 2.9424367148679957, 4.960826463444874, 3.1897319559910056, 1.5742214704615185, 4.996007438683426, 1.0092584966065616]
APTIDAO: 
50.15751753309156
GEN: 6100
Individuo: 
[4.800237232247733, 2.576409037450881, 3.7763504370263306, 0.5694016385010746, 0.7116189967241766, 0.4325111800529006, 0.9793679107046526, 0.4319381625477535, 0.3366255881179305, 0.6959339983875941, 0.4510137413086235, 0.9590245814960947, 0.3590398958364683, 1.2383401215136387, 2.225123079232587, 2.3237829722097643, 2.9424367148679957, 4.967648244965914, 3.1897319559910056, 1.5742214704615185, 4.996007438683426, 1.0092584966065616]
APTIDAO: 
50.150206039310895
GEN: 6200
Individuo: 
[4.800237232247733, 2.576409037450881, 3.7763504370263306, 0.5677070576883745, 0.7116189967241766, 0.4325111800529006, 0.9793679107046526, 0.4319381625477535, 0.3366255881179305, 0.6959339983875941, 0.4510137413086235, 0.9590245814960947, 0.3590398958364683, 1.2383401215136387, 2.225123079232587, 2.3237829722097643, 2.9452878856193743, 4.967648244965914, 3.189876173582923, 1.5742214704615185, 4.996007438683426, 1.0092584966065616]
APTIDAO: 
50.149258222014055
GEN: 6300
Individuo: 
[4.800237232247733, 2.576409037450881, 3.776930439489007, 0.5677070576883745, 0.7116189967241766, 0.4325111800529006, 0.9793679107046526, 0.4319381625477535, 0.3366255881179305, 0.6959339983875941, 0.4510137413086235, 0.9590245814960947, 0.3590398958364683, 1.2383401215136387, 2.225123079232587, 2.3237829722097643, 2.9452878856193743, 4.967648244965914, 3.1915289893783467, 1.5742214704615185, 4.996007438683426, 1.0092584966065616]
APTIDAO: 
50.145193286246595
GEN: 6400
Individuo: 
[4.800237232247733, 2.576409037450881, 3.776930439489007, 0.5677070576883745, 0.7116189967241766, 0.4325111800529006, 0.9793679107046526, 0.4319381625477535, 0.3366255881179305, 0.6959339983875941, 0.4510137413086235, 0.9590245814960947, 0.3590398958364683, 1.2383401215136387, 2.225123079232587, 2.3237829722097643, 2.9452878856193743, 4.967648244965914, 3.199312237361959, 1.5742214704615185, 4.996007438683426, 1.0092584966065616]
APTIDAO: 
50.14414585791381
GEN: 6500
Individuo: 
[4.800237232247733, 2.576409037450881, 3.776930439489007, 0.5677070576883745, 0.7116189967241766, 0.4325111800529006, 0.9793679107046526, 0.4319381625477535, 0.3366255881179305, 0.6959339983875941, 0.4510137413086235, 0.9590245814960947, 0.3590398958364683, 1.2454227387815304, 2.225123079232587, 2.3237829722097643, 2.9452878856193743, 4.967648244965914, 3.199312237361959, 1.5742214704615185, 4.996007438683426, 1.0092584966065616]
APTIDAO: 
50.1376210052127
GEN: 6600
Individuo: 
[4.800237232247733, 2.576409037450881, 3.776930439489007, 0.5677070576883745, 0.7116189967241766, 0.4325111800529006, 0.9793679107046526, 0.4319381625477535, 0.3366255881179305, 0.6959339983875941, 0.4510137413086235, 0.9590245814960947, 0.3590398958364683, 1.2454227387815304, 2.225123079232587, 2.3237829722097643, 2.9452878856193743, 4.967648244965914, 3.199312237361959, 1.5742214704615185, 4.996007438683426, 1.0092584966065616]
APTIDAO: 
50.1376210052127
GEN: 6700
Individuo: 
[4.800237232247733, 2.576409037450881, 3.776930439489007, 0.5677070576883745, 0.7116189967241766, 0.4325111800529006, 0.9793679107046526, 0.4319381625477535, 0.3366255881179305, 0.6959339983875941, 0.4510137413086235, 0.9590245814960947, 0.3590398958364683, 1.2454227387815304, 2.225123079232587, 2.3237829722097643, 2.9452878856193743, 4.967648244965914, 3.199312237361959, 1.5742214704615185, 4.996007438683426, 1.0092584966065616]
APTIDAO: 
50.1376210052127
GEN: 6800
Individuo: 
[4.800237232247733, 2.576409037450881, 3.776930439489007, 0.5677070576883745, 0.7116189967241766, 0.4325111800529006, 0.9793679107046526, 0.4319381625477535, 0.3366255881179305, 0.6959339983875941, 0.4510137413086235, 0.9590245814960947, 0.3590398958364683, 1.2454227387815304, 2.225123079232587, 2.3237829722097643, 2.9452878856193743, 4.967648244965914, 3.199312237361959, 1.5742214704615185, 4.9984664681449305, 1.0092584966065616]
APTIDAO: 
50.13665831055891
GEN: 6900
Individuo: 
[4.800237232247733, 2.576409037450881, 3.776930439489007, 0.5677070576883745, 0.7116189967241766, 0.4325111800529006, 0.9793679107046526, 0.4319381625477535, 0.3366255881179305, 0.6959339983875941, 0.4510137413086235, 0.9590245814960947, 0.3590398958364683, 1.2454227387815304, 2.225123079232587, 2.3237829722097643, 2.9452878856193743, 4.967648244965914, 3.199312237361959, 1.5742214704615185, 4.9984664681449305, 1.0066492111829974]
APTIDAO: 
50.13446522433122
GEN: 7000
Individuo: 
[4.800237232247733, 2.576409037450881, 3.776930439489007, 0.5677070576883745, 0.7116189967241766, 0.4325111800529006, 0.9793679107046526, 0.4319381625477535, 0.3366255881179305, 0.6959339983875941, 0.4510137413086235, 0.9590245814960947, 0.3590398958364683, 1.2454227387815304, 2.225123079232587, 2.3237829722097643, 2.962978889196483, 4.967648244965914, 3.199312237361959, 1.5742214704615185, 4.9984664681449305, 1.0066492111829974]
APTIDAO: 
50.12887263210397
GEN: 7100
Individuo: 
[4.800237232247733, 2.576409037450881, 3.776930439489007, 0.5677070576883745, 0.7116189967241766, 0.4325111800529006, 0.9793679107046526, 0.4319381625477535, 0.3366255881179305, 0.6959339983875941, 0.4510137413086235, 0.9590245814960947, 0.3590398958364683, 1.2454227387815304, 2.225123079232587, 2.3237829722097643, 2.962978889196483, 4.967648244965914, 3.199312237361959, 1.5742214704615185, 4.9984664681449305, 1.0066492111829974]
APTIDAO: 
50.12887263210397
GEN: 7200
Individuo: 
[4.800237232247733, 2.576409037450881, 3.776930439489007, 0.5677070576883745, 0.7116189967241766, 0.4325111800529006, 0.9793679107046526, 0.4319381625477535, 0.3366255881179305, 0.6959339983875941, 0.4510137413086235, 0.9590245814960947, 0.3590398958364683, 1.2454227387815304, 2.225123079232587, 2.3237829722097643, 2.962978889196483, 4.968026405526137, 3.199312237361959, 1.5742214704615185, 4.9984664681449305, 1.005780159412792]
APTIDAO: 
50.12845611309566
GEN: 7300
Individuo: 
[4.800237232247733, 2.576409037450881, 3.8138884518396843, 0.5677070576883745, 0.7116189967241766, 0.4325111800529006, 0.9865583791909092, 0.4319381625477535, 0.3366255881179305, 0.6959339983875941, 0.4510137413086235, 0.9590245814960947, 0.3590398958364683, 1.2454227387815304, 2.225123079232587, 2.3237829722097643, 2.962978889196483, 4.968026405526137, 3.199312237361959, 1.5742214704615185, 4.9984664681449305, 1.005780159412792]
APTIDAO: 
50.11797200021555
GEN: 7400
Individuo: 
[4.800237232247733, 2.576409037450881, 3.8138884518396843, 0.5677070576883745, 0.7116189967241766, 0.4325111800529006, 0.9736434587991107, 0.4319381625477535, 0.3366255881179305, 0.6959339983875941, 0.4510137413086235, 0.9590245814960947, 0.3590398958364683, 1.2454227387815304, 2.230592976182432, 2.3237829722097643, 3.0834010920290518, 4.968026405526137, 3.2426170160234737, 1.5742214704615185, 4.9984664681449305, 1.1182438931128718]
APTIDAO: 
50.076920508163205
GEN: 7500
Individuo: 
[4.800237232247733, 2.576409037450881, 3.8138884518396843, 0.6139708708642091, 0.7116189967241766, 0.4325111800529006, 0.9823737895241283, 0.4319381625477535, 0.3366255881179305, 0.6959339983875941, 0.4510137413086235, 0.9590245814960947, 0.3590398958364683, 1.2454227387815304, 2.230592976182432, 2.3237829722097643, 3.0834010920290518, 4.968026405526137, 3.2426170160234737, 1.5742214704615185, 4.9984664681449305, 1.0463945726801172]
APTIDAO: 
50.036174166960734
GEN: 7600
Individuo: 
[4.800237232247733, 2.576409037450881, 3.7535708229734044, 0.6217761425494323, 0.7116189967241766, 0.4325111800529006, 0.9823737895241283, 0.4319381625477535, 0.3366255881179305, 0.6959339983875941, 0.4510137413086235, 0.9599943221973648, 0.36803820804618825, 1.2125594202469399, 2.230592976182432, 2.3237829722097643, 3.1428123467637445, 4.968026405526137, 3.2426170160234737, 1.5742214704615185, 4.9984664681449305, 1.0463945726801172]
APTIDAO: 
49.92614059461604
GEN: 7700
Individuo: 
[4.800237232247733, 2.571753202561483, 3.7535708229734044, 0.6217761425494323, 0.7116189967241766, 0.4325111800529006, 0.9823737895241283, 0.4319381625477535, 0.3366255881179305, 0.6959339983875941, 0.4510137413086235, 0.9599943221973648, 0.36803820804618825, 1.2125594202469399, 2.230592976182432, 2.3217692030969617, 3.1428123467637445, 4.968026405526137, 3.2426170160234737, 1.5742214704615185, 4.9984664681449305, 1.0441012409732136]
APTIDAO: 
49.92121590379489
GEN: 7800
Individuo: 
[4.800237232247733, 2.571753202561483, 3.7535708229734044, 0.5910487375833411, 0.7116189967241766, 0.4325111800529006, 0.9823737895241283, 0.4319381625477535, 0.3366255881179305, 0.6959339983875941, 0.4510137413086235, 0.9599943221973648, 0.36803820804618825, 1.2125594202469399, 2.230592976182432, 2.3217692030969617, 3.1428123467637445, 4.968026405526137, 3.2426170160234737, 1.5742214704615185, 4.9984664681449305, 1.0441012409732136]
APTIDAO: 
49.91333526245982
GEN: 7900
Individuo: 
[4.800237232247733, 2.571753202561483, 3.7535708229734044, 0.5910487375833411, 0.7116189967241766, 0.4325111800529006, 0.9823737895241283, 0.4319381625477535, 0.3366255881179305, 0.6959339983875941, 0.4510137413086235, 0.9599943221973648, 0.36803820804618825, 1.2125594202469399, 2.230592976182432, 2.3217692030969617, 3.1428123467637445, 4.977152483453882, 3.2426170160234737, 1.5742214704615185, 4.9984664681449305, 1.031729656959374]
APTIDAO: 
49.896885585641755
GEN: 8000
Individuo: 
[4.800237232247733, 2.571753202561483, 3.7535708229734044, 0.569235551735043, 0.7116189967241766, 0.4325111800529006, 0.9823737895241283, 0.4319381625477535, 0.3366255881179305, 0.6959339983875941, 0.4510179574025638, 0.9599943221973648, 0.3770981577682535, 1.2125594202469399, 2.230592976182432, 2.3217692030969617, 3.1428123467637445, 4.977152483453882, 3.2426170160234737, 1.5742214704615185, 4.9984664681449305, 1.031729656959374]
APTIDAO: 
49.87908820181845
GEN: 8100
Individuo: 
[4.868461692876485, 2.571753202561483, 3.704780074204222, 0.5669285988101771, 0.713498740468195, 0.4325111800529006, 0.9823737895241283, 0.4319381625477535, 0.3366255881179305, 0.6959339983875941, 0.4510179574025638, 0.9599943221973648, 0.3770981577682535, 1.2125594202469399, 2.230592976182432, 2.3217692030969617, 3.1428123467637445, 4.993094302479343, 3.2426170160234737, 1.5742214704615185, 4.9984664681449305, 1.031729656959374]
APTIDAO: 
49.85307788933433
GEN: 8200
Individuo: 
[4.868461692876485, 2.571753202561483, 3.704780074204222, 0.5658448831796518, 0.713498740468195, 0.4325111800529006, 0.9823737895241283, 0.4319381625477535, 0.3366255881179305, 0.6959339983875941, 0.4510179574025638, 0.9599943221973648, 0.3770981577682535, 1.2125594202469399, 2.230592976182432, 2.3217692030969617, 3.163281549989016, 4.993094302479343, 3.2426170160234737, 1.5742214704615185, 4.9984664681449305, 1.0157265341037451]
APTIDAO: 
49.81829233751094
GEN: 8300
Individuo: 
[4.868461692876485, 2.571753202561483, 3.704780074204222, 0.5658448831796518, 0.713498740468195, 0.4325111800529006, 0.9823737895241283, 0.4319381625477535, 0.3366255881179305, 0.695593635683637, 0.4510179574025638, 0.9599943221973648, 0.3770981577682535, 1.2125594202469399, 2.2296742718048534, 2.3217692030969617, 3.163281549989016, 4.993094302479343, 3.2426170160234737, 1.5742214704615185, 4.9984664681449305, 1.000433919845721]
APTIDAO: 
49.80089355075934
GEN: 8400
Individuo: 
[4.868461692876485, 2.571753202561483, 3.704780074204222, 0.5658448831796518, 0.713498740468195, 0.4325111800529006, 0.9823737895241283, 0.4319381625477535, 0.3366255881179305, 0.695593635683637, 0.4510179574025638, 0.9599943221973648, 0.3770981577682535, 1.2125594202469399, 2.2296742718048534, 2.3217692030969617, 3.163281549989016, 4.993094302479343, 3.2538589201295913, 1.5742214704615185, 4.9984664681449305, 1.000433919845721]
APTIDAO: 
49.796758588243556
GEN: 8500
Individuo: 
[4.868461692876485, 2.571753202561483, 3.792577406936121, 0.5658448831796518, 0.713498740468195, 0.4325111800529006, 0.9823737895241283, 0.4319381625477535, 0.3366255881179305, 0.695593635683637, 0.4510179574025638, 0.9599943221973648, 0.3793661347936371, 1.2125594202469399, 2.212513010922495, 2.3217692030969617, 3.163281549989016, 4.993094302479343, 3.2538589201295913, 1.5742214704615185, 4.9984664681449305, 1.000433919845721]
APTIDAO: 
49.77570596203215
GEN: 8600
Individuo: 
[4.868461692876485, 2.571753202561483, 3.792577406936121, 0.5497565442071507, 0.713498740468195, 0.4325111800529006, 0.9823737895241283, 0.4319381625477535, 0.3366255881179305, 0.695593635683637, 0.4510179574025638, 0.9599943221973648, 0.3793661347936371, 1.2125594202469399, 2.212513010922495, 2.3217692030969617, 3.163281549989016, 4.993094302479343, 3.2538589201295913, 1.5742214704615185, 4.9984664681449305, 1.000433919845721]
APTIDAO: 
49.775223813244196
GEN: 8700
Individuo: 
[4.868461692876485, 2.571753202561483, 3.792577406936121, 0.5497565442071507, 0.713498740468195, 0.4325111800529006, 0.9823737895241283, 0.4319381625477535, 0.3366255881179305, 0.695593635683637, 0.4510179574025638, 0.9599943221973648, 0.3793661347936371, 1.2125594202469399, 2.212513010922495, 2.3217692030969617, 3.163281549989016, 4.993094302479343, 3.2538589201295913, 1.5742214704615185, 4.9984664681449305, 1.000433919845721]
APTIDAO: 
49.775223813244196
GEN: 8800
Individuo: 
[4.868461692876485, 2.571753202561483, 3.792577406936121, 0.5497565442071507, 0.713498740468195, 0.4325111800529006, 0.9823737895241283, 0.4319381625477535, 0.3366255881179305, 0.695593635683637, 0.4510179574025638, 0.9599943221973648, 0.3793661347936371, 1.2125594202469399, 2.212513010922495, 2.3217692030969617, 3.163281549989016, 4.993094302479343, 3.2538589201295913, 1.5742214704615185, 4.9984664681449305, 1.000433919845721]
APTIDAO: 
49.775223813244196
GEN: 8900
Individuo: 
[4.678752967635522, 2.571753202561483, 3.792577406936121, 0.5497565442071507, 0.713498740468195, 0.4325111800529006, 0.9823737895241283, 0.4319381625477535, 0.3366255881179305, 0.695593635683637, 0.4510179574025638, 0.9599943221973648, 0.39288057155415956, 1.2125594202469399, 2.212513010922495, 2.323456314219559, 3.2677193397009634, 4.993094302479343, 3.2538589201295913, 1.5742214704615185, 4.9984664681449305, 1.000433919845721]
APTIDAO: 
49.657118107459134
GEN: 9000
Individuo: 
[4.678752967635522, 2.631563770096938, 3.792577406936121, 0.5497565442071507, 0.713498740468195, 0.4325111800529006, 0.9823737895241283, 0.4319381625477535, 0.3366255881179305, 0.695593635683637, 0.4510179574025638, 0.9599943221973648, 0.39288057155415956, 1.2125594202469399, 2.212513010922495, 2.323456314219559, 3.2677193397009634, 4.993094302479343, 3.295332666383033, 1.562915429477832, 4.9984664681449305, 1.000433919845721]
APTIDAO: 
49.625854824015164
GEN: 9100
Individuo: 
[4.714525442328173, 2.6931415505124066, 3.792577406936121, 0.5497565442071507, 0.713498740468195, 0.4325111800529006, 0.9823737895241283, 0.4319381625477535, 0.3366255881179305, 0.695593635683637, 0.4510179574025638, 0.9599943221973648, 0.39288057155415956, 1.2125594202469399, 2.212513010922495, 2.323456314219559, 3.3112841081147004, 4.993094302479343, 3.295332666383033, 1.562915429477832, 4.9984664681449305, 1.000433919845721]
APTIDAO: 
49.563419309619384
GEN: 9200
Individuo: 
[4.714525442328173, 2.6931415505124066, 3.798671508080315, 0.5121112495196307, 0.713498740468195, 0.4325111800529006, 0.9823737895241283, 0.4319381625477535, 0.3366255881179305, 0.695593635683637, 0.4510179574025638, 0.9599943221973648, 0.39288057155415956, 1.2125594202469399, 2.212513010922495, 2.323456314219559, 3.3112841081147004, 4.993094302479343, 3.295332666383033, 1.5648527284497855, 4.9984664681449305, 1.000433919845721]
APTIDAO: 
49.54514584501131
GEN: 9300
Individuo: 
[4.714525442328173, 2.6931415505124066, 3.798671508080315, 0.5121112495196307, 0.713498740468195, 0.4325111800529006, 0.9823779106297582, 0.4319381625477535, 0.3366255881179305, 0.695593635683637, 0.4510179574025638, 0.9599943221973648, 0.39288057155415956, 1.2125594202469399, 2.212513010922495, 2.323456314219559, 3.3112841081147004, 4.993094302479343, 3.295332666383033, 1.5648527284497855, 4.9984664681449305, 1.0002980568690987]
APTIDAO: 
49.54499267163432
GEN: 9400
Individuo: 
[4.714525442328173, 2.6931415505124066, 3.798671508080315, 0.5121112495196307, 0.713498740468195, 0.4325111800529006, 0.9823779106297582, 0.4319381625477535, 0.3366255881179305, 0.695593635683637, 0.4510179574025638, 0.9575703980346529, 0.39288057155415956, 1.2125594202469399, 2.212513010922495, 2.3336347593801148, 3.3112841081147004, 4.993094302479343, 3.295332666383033, 1.5648527284497855, 4.9984664681449305, 1.0002980568690987]
APTIDAO: 
49.540781202211576
GEN: 9500
Individuo: 
[4.714525442328173, 2.6931415505124066, 3.9020121028397514, 0.5121112495196307, 0.713498740468195, 0.4325111800529006, 0.9823779106297582, 0.4319381625477535, 0.3366255881179305, 0.695593635683637, 0.4510179574025638, 0.9575703980346529, 0.39288057155415956, 1.2125594202469399, 2.212513010922495, 2.3336347593801148, 3.3112841081147004, 4.993094302479343, 3.295332666383033, 1.5648527284497855, 4.9984664681449305, 1.0002980568690987]
APTIDAO: 
49.535084407908016
GEN: 9600
Individuo: 
[4.714525442328173, 2.71943210260754, 3.9020121028397514, 0.5610701986545749, 0.713498740468195, 0.4325111800529006, 0.9823779106297582, 0.4319381625477535, 0.3366255881179305, 0.6953571422849734, 0.4510179574025638, 0.9575703980346529, 0.39288057155415956, 1.2125594202469399, 2.212513010922495, 2.3336347593801148, 3.3112841081147004, 4.993094302479343, 3.3029099378247664, 1.5648527284497855, 4.9984664681449305, 1.0002980568690987]
APTIDAO: 
49.509457240062375
GEN: 9700
Individuo: 
[4.709044083013089, 2.6931415505124066, 3.9020121028397514, 0.5610701986545749, 0.713498740468195, 0.4325111800529006, 0.9823779106297582, 0.4319381625477535, 0.3366255881179305, 0.6953571422849734, 0.4510179574025638, 0.9575703980346529, 0.39288057155415956, 1.2125594202469399, 2.212513010922495, 2.3336347593801148, 3.3112841081147004, 4.993094302479343, 3.3085304654398215, 1.5648527284497855, 4.9984664681449305, 1.0002980568690987]
APTIDAO: 
49.511358984203035
GEN: 9800
Individuo: 
[4.709044083013089, 2.6931415505124066, 3.846708068798003, 0.5463956728808184, 0.713498740468195, 0.4325111800529006, 0.9823779106297582, 0.4319381625477535, 0.3366255881179305, 0.6953571422849734, 0.4510179574025638, 0.9575703980346529, 0.39288057155415956, 1.2125594202469399, 2.212513010922495, 2.3336347593801148, 3.3112841081147004, 4.993094302479343, 3.3085304654398215, 1.5648527284497855, 4.9984664681449305, 1.0002980568690987]
APTIDAO: 
49.5023621720812
GEN: 9900
Individuo: 
[4.709044083013089, 2.6931415505124066, 3.846708068798003, 0.5463956728808184, 0.713498740468195, 0.4325111800529006, 0.9763357675679817, 0.4319381625477535, 0.3366255881179305, 0.6953571422849734, 0.4510179574025638, 0.9575703980346529, 0.39288057155415956, 1.2125594202469399, 2.212513010922495, 2.3336347593801148, 3.3112841081147004, 4.993094302479343, 3.3085304654398215, 1.5648527284497855, 4.9984664681449305, 1.0002980568690987]
APTIDAO: 
49.498971636662525
GEN: 10000
Individuo: 
[4.709044083013089, 2.6931415505124066, 3.846708068798003, 0.5463956728808184, 0.713498740468195, 0.4325111800529006, 0.9763357675679817, 0.4319381625477535, 0.3366255881179305, 0.6953571422849734, 0.4510179574025638, 0.9575703980346529, 0.39288057155415956, 1.2125594202469399, 2.212513010922495, 2.3336347593801148, 3.3112841081147004, 4.993094302479343, 3.3085304654398215, 1.5648527284497855, 4.9984664681449305, 1.0002980568690987]
APTIDAO: 
49.498971636662525

--- RESULTADO FINAL ---
Erro (norma-1): 49.498971636662525
Parâmetros: [4.709044083013089, 2.6931415505124066, 3.846708068798003, 0.5463956728808184, 0.713498740468195, 0.4325111800529006, 0.9763357675679817, 0.4319381625477535, 0.3366255881179305, 0.6953571422849734, 0.4510179574025638, 0.9575703980346529, 0.39288057155415956, 1.2125594202469399, 2.212513010922495, 2.3336347593801148, 3.3112841081147004, 4.993094302479343, 3.3085304654398215, 1.5648527284497855, 4.9984664681449305, 1.0002980568690987]
Tempo total: 00h 55m 19s
