SEED: 1778893788
METODO: ABCD_Hill
IND_SIZE: 15
GEN: 0
Individuo: 
[2.145184050149578, 1.3987858740997252, 1.3104240952301986, 3.873223591334366, 0.19846661339154092, 0.80535876953976, 0.3890357859861454, 0.16494039598369795, 1, 2, 1, 5, 8.578668534340013, 4.186393637631385, 4.276458153258633]
APTIDAO: 
197.81384675289695
GEN: 100
Individuo: 
[1.017018418297462, 0.12612013846548695, 1.2381792944697798, 4.9110263415644475, 0.21166023944555643, 0.7482017247477177, 0.980876071300425, 0.23355371230726096, 1, 2, 1, 3, 4.148032459261982, 1.5092365970700032, 3.9561053270783284]
APTIDAO: 
48.47733543576683
GEN: 200
Individuo: 
[1.0004588326691892, 0.12612013846548695, 1.181092111466324, 4.9110263415644475, 0.1967226065151062, 0.735490055316434, 0.980876071300425, 0.23355371230726096, 1, 2, 1, 3, 4.148032459261982, 1.5092365970700032, 3.9561053270783284]
APTIDAO: 
48.316645883206775
GEN: 300
Individuo: 
[1.0004588326691892, 0.12612013846548695, 1.181092111466324, 4.9110263415644475, 0.198499103636148, 0.735490055316434, 0.9982476808863953, 0.23355371230726096, 1, 2, 1, 3, 4.148032459261982, 1.5092365970700032, 3.9561053270783284]
APTIDAO: 
48.11332400643206
GEN: 400
Individuo: 
[1.0004588326691892, 0.12612013846548695, 1.181092111466324, 4.999329668051476, 0.22360813065777357, 0.735490055316434, 0.9982476808863953, 0.2356739895910115, 1, 2, 1, 3, 4.148032459261982, 1.5092365970700032, 3.9561053270783284]
APTIDAO: 
47.887615514497796
GEN: 500
Individuo: 
[1.0004588326691892, 0.12612013846548695, 1.023794050981482, 4.999329668051476, 0.863115511573686, 0.5412014557785403, 0.9982476808863953, 0.2356739895910115, 1, 2, 1, 3, 3.9655040576357594, 1.5092365970700032, 3.9561053270783284]
APTIDAO: 
46.019365765088985
GEN: 600
Individuo: 
[1.0004588326691892, 0.12612013846548695, 1.0656799378571502, 4.999329668051476, 0.863115511573686, 0.5412014557785403, 0.9982476808863953, 0.23688499870297214, 1, 2, 1, 3, 3.9655040576357594, 1.5092365970700032, 3.92169821286009]
APTIDAO: 
45.88513518032504
GEN: 700
Individuo: 
[1.0004588326691892, 0.12612013846548695, 1.0656799378571502, 4.999329668051476, 0.866165987933467, 0.5412014557785403, 0.9982476808863953, 0.23688499870297214, 1, 2, 1, 3, 4.019305048588801, 1.5092365970700032, 3.8510221695247195]
APTIDAO: 
45.83599335029819
GEN: 800
Individuo: 
[1.0004588326691892, 0.12612013846548695, 1.0601677528021225, 4.999329668051476, 0.8838655015251439, 0.5412014557785403, 0.9982476808863953, 0.2387512586369431, 1, 2, 1, 3, 4.019305048588801, 1.5092365970700032, 3.8510221695247195]
APTIDAO: 
45.78343805783856
GEN: 900
Individuo: 
[1.0004588326691892, 0.12612013846548695, 1.8131492784811192, 3.0115022849669986, 0.9100645377427887, 0.5412014557785403, 0.9982476808863953, 0.32511593224997565, 1, 2, 1, 3, 4.019305048588801, 1.5092365970700032, 1.8069873076456031]
APTIDAO: 
43.41727959911515
GEN: 1000
Individuo: 
[1.0004588326691892, 0.12612013846548695, 1.79973774636322, 3.0115022849669986, 0.952312974358581, 0.5412014557785403, 0.9982476808863953, 0.31802991601944586, 4, 2, 1, 3, 3.876899544857719, 1.5092365970700032, 1.8069873076456031]
APTIDAO: 
42.59191557622334
GEN: 1100
Individuo: 
[1.003182639345879, 0.12612013846548695, 1.79973774636322, 2.9316351616647385, 0.952312974358581, 0.5412014557785403, 0.9982476808863953, 0.31802991601944586, 4, 2, 1, 3, 3.876899544857719, 1.5092365970700032, 1.8069873076456031]
APTIDAO: 
42.53815469435547
GEN: 1200
Individuo: 
[1.910737341733442, 0.12612013846548695, 1.5901568926845693, 2.3095681289453043, 0.952312974358581, 0.5284717308809868, 0.9982476808863953, 0.31802991601944586, 4, 2, 1, 3, 3.876899544857719, 1.5092365970700032, 1.8069873076456031]
APTIDAO: 
41.5582435618491
GEN: 1300
Individuo: 
[2.1076543258451474, 0.12612013846548695, 1.5901568926845693, 1.8953784835294412, 0.952312974358581, 0.5191113176975232, 0.9986562172557597, 0.31802991601944586, 4, 2, 1, 3, 3.8007022171086775, 1.5092365970700032, 1.8069873076456031]
APTIDAO: 
41.111497967426274
GEN: 1400
Individuo: 
[2.1076543258451474, 0.12612013846548695, 1.1043967329670261, 1.894807412824392, 0.9571196019222654, 0.5111317589308645, 0.9986562172557597, 0.31802991601944586, 5, 2, 1, 3, 3.701283069733684, 1.5092365970700032, 1.8069873076456031]
APTIDAO: 
40.265213688397914
GEN: 1500
Individuo: 
[2.097508274644463, 0.12612013846548695, 1.0831204342233243, 1.894807412824392, 0.9662017157823012, 0.5111317589308645, 0.9986562172557597, 0.31802991601944586, 5, 2, 1, 3, 3.701283069733684, 1.4822109418802518, 1.8069873076456031]
APTIDAO: 
40.146154981948875
GEN: 1600
Individuo: 
[2.097508274644463, 0.12612013846548695, 1.0831204342233243, 1.890689354728046, 0.9662017157823012, 0.5111317589308645, 0.9986562172557597, 0.31802991601944586, 5, 2, 1, 3, 3.701283069733684, 1.4992829812484387, 1.8069873076456031]
APTIDAO: 
40.12997297897373
GEN: 1700
Individuo: 
[2.097508274644463, 0.12612013846548695, 1.0540831986916877, 1.890689354728046, 0.9662017157823012, 0.500298270539518, 0.9986562172557597, 0.31802991601944586, 5, 2, 1, 3, 3.628215720450957, 1.4992829812484387, 1.8069873076456031]
APTIDAO: 
39.9446388727901
GEN: 1800
Individuo: 
[2.097508274644463, 0.12612013846548695, 1.0540831986916877, 1.890689354728046, 0.9662017157823012, 0.500298270539518, 0.9986562172557597, 0.31802991601944586, 5, 2, 1, 3, 3.628215720450957, 1.4992829812484387, 1.8069873076456031]
APTIDAO: 
39.9446388727901
GEN: 1900
Individuo: 
[2.1483216404711007, 0.12612013846548695, 1.0540831986916877, 1.8819237199133687, 0.9662017157823012, 0.4979175999542965, 0.9986562172557597, 0.31802991601944586, 5, 2, 1, 3, 3.628215720450957, 1.4992829812484387, 1.8069873076456031]
APTIDAO: 
39.915302636555566
GEN: 2000
Individuo: 
[2.1483216404711007, 0.12612013846548695, 1.0182605426367763, 1.8819237199133687, 0.9662017157823012, 0.4979175999542965, 0.9986562172557597, 0.31802991601944586, 5, 2, 1, 3, 3.628215720450957, 1.4992829812484387, 1.8069873076456031]
APTIDAO: 
39.89621986195963
GEN: 2100
Individuo: 
[2.206315653063843, 0.12612013846548695, 1.0182605426367763, 1.8819237199133687, 0.9703785781197933, 0.48539193867408026, 0.9986562172557597, 0.31396199845850753, 5, 2, 1, 3, 3.628215720450957, 1.479816041145166, 1.8069873076456031]
APTIDAO: 
39.69386600452468
GEN: 2200
Individuo: 
[2.206315653063843, 0.12612013846548695, 0.9977460555679547, 1.8819237199133687, 0.9703785781197933, 0.48539193867408026, 0.9986562172557597, 0.31396199845850753, 5, 2, 1, 3, 3.596763775930461, 1.479816041145166, 1.8069873076456031]
APTIDAO: 
39.64443787002655
GEN: 2300
Individuo: 
[2.206315653063843, 0.12612013846548695, 0.9850478998708168, 1.8819237199133687, 0.9703785781197933, 0.48539193867408026, 0.9986562172557597, 0.31396199845850753, 5, 2, 1, 3, 3.596763775930461, 1.479816041145166, 1.8069873076456031]
APTIDAO: 
39.638509636639164
GEN: 2400
Individuo: 
[2.206315653063843, 0.12612013846548695, 0.9850478998708168, 1.8819237199133687, 0.9676661482335975, 0.4774692006490463, 0.9986562172557597, 0.31396199845850753, 5, 2, 1, 3, 3.4802019998415403, 1.479816041145166, 1.8061149309940172]
APTIDAO: 
39.52519387084631
GEN: 2500
Individuo: 
[2.206315653063843, 0.12612013846548695, 0.9850478998708168, 1.8819237199133687, 0.9676661482335975, 0.4774692006490463, 0.9986562172557597, 0.31396199845850753, 5, 2, 1, 3, 3.4802019998415403, 1.479816041145166, 1.8061149309940172]
APTIDAO: 
39.52519387084631
GEN: 2600
Individuo: 
[2.206315653063843, 0.12612013846548695, 0.9367769576660454, 1.8819237199133687, 0.9676661482335975, 0.4774692006490463, 0.9986562172557597, 0.31396199845850753, 5, 2, 1, 3, 3.4802019998415403, 1.479816041145166, 1.8061149309940172]
APTIDAO: 
39.50542401985109
GEN: 2700
Individuo: 
[2.206315653063843, 0.12612013846548695, 0.9367769576660454, 1.8819237199133687, 0.9676661482335975, 0.4774692006490463, 0.9986562172557597, 0.31396199845850753, 5, 2, 1, 3, 3.4802019998415403, 1.479816041145166, 1.8061149309940172]
APTIDAO: 
39.50542401985109
GEN: 2800
Individuo: 
[2.2196232761864194, 0.12612013846548695, 0.9367769576660454, 1.8692175608944148, 0.9676661482335975, 0.4774692006490463, 0.9986562172557597, 0.31486207465920146, 5, 2, 1, 3, 3.4802019998415403, 1.479816041145166, 1.8061149309940172]
APTIDAO: 
39.48582898427563
GEN: 2900
Individuo: 
[2.2196232761864194, 0.12612013846548695, 0.9367769576660454, 1.8692175608944148, 0.9676661482335975, 0.4774692006490463, 0.9939440418064459, 0.31486207465920146, 5, 2, 1, 3, 3.4802019998415403, 1.479816041145166, 1.8061149309940172]
APTIDAO: 
39.4800795309737
GEN: 3000
Individuo: 
[2.2196232761864194, 0.12612013846548695, 0.9367769576660454, 1.8692175608944148, 0.9676661482335975, 0.4774692006490463, 0.9939440418064459, 0.31486207465920146, 5, 2, 1, 3, 3.4802019998415403, 1.479816041145166, 1.8061149309940172]
APTIDAO: 
39.4800795309737
GEN: 3100
Individuo: 
[2.2196232761864194, 0.12612013846548695, 0.9367769576660454, 1.8692175608944148, 0.9676661482335975, 0.47438120702504694, 0.9939440418064459, 0.31486207465920146, 5, 2, 1, 3, 3.4802019998415403, 1.479816041145166, 1.8061149309940172]
APTIDAO: 
39.47350634137108
GEN: 3200
Individuo: 
[2.2196232761864194, 0.12612013846548695, 0.9367769576660454, 1.8692175608944148, 0.9676661482335975, 0.47438120702504694, 0.9939440418064459, 0.31486207465920146, 5, 2, 1, 3, 3.4802019998415403, 1.479816041145166, 1.8061149309940172]
APTIDAO: 
39.47350634137108
GEN: 3300
Individuo: 
[2.2196232761864194, 0.12612013846548695, 0.9367769576660454, 1.8692175608944148, 0.9676661482335975, 0.47438120702504694, 0.9939440418064459, 0.31486207465920146, 5, 2, 1, 3, 3.4331419679668778, 1.479816041145166, 1.8061149309940172]
APTIDAO: 
39.44776121297894
GEN: 3400
Individuo: 
[2.1880164255787387, 0.12612013846548695, 0.9367769576660454, 1.8692175608944148, 0.9676661482335975, 0.4706827817417884, 0.9939440418064459, 0.31486207465920146, 5, 2, 1, 3, 3.401747497921272, 1.479816041145166, 1.8061149309940172]
APTIDAO: 
39.38990975177369
GEN: 3500
Individuo: 
[2.1880164255787387, 0.12612013846548695, 0.9367769576660454, 1.8692175608944148, 0.9676661482335975, 0.4706827817417884, 0.9939440418064459, 0.31486207465920146, 5, 2, 1, 3, 3.401747497921272, 1.479816041145166, 1.8061149309940172]
APTIDAO: 
39.38990975177369
GEN: 3600
Individuo: 
[2.1880164255787387, 0.12612013846548695, 0.9534792037470726, 1.8692175608944148, 0.9676661482335975, 0.4706827817417884, 0.9939440418064459, 0.31486207465920146, 5, 2, 1, 3, 3.401747497921272, 1.479816041145166, 1.8061149309940172]
APTIDAO: 
39.38454824348075
GEN: 3700
Individuo: 
[2.1880164255787387, 0.12612013846548695, 0.9534792037470726, 1.8692175608944148, 0.9676661482335975, 0.4706827817417884, 0.9939440418064459, 0.31486207465920146, 5, 2, 1, 3, 3.401747497921272, 1.479816041145166, 1.8061149309940172]
APTIDAO: 
39.38454824348075
GEN: 3800
Individuo: 
[2.1880164255787387, 0.12612013846548695, 0.9534792037470726, 1.8692175608944148, 0.9676661482335975, 0.4706827817417884, 0.9939440418064459, 0.31486207465920146, 5, 2, 1, 3, 3.401747497921272, 1.479816041145166, 1.8061149309940172]
APTIDAO: 
39.38454824348075
GEN: 3900
Individuo: 
[2.1880164255787387, 0.12612013846548695, 0.9534792037470726, 1.8692175608944148, 0.9676661482335975, 0.4706827817417884, 0.9939440418064459, 0.31486207465920146, 5, 2, 1, 3, 3.401747497921272, 1.479816041145166, 1.8061149309940172]
APTIDAO: 
39.38454824348075
GEN: 4000
Individuo: 
[2.1880164255787387, 0.12612013846548695, 0.9534792037470726, 1.8692175608944148, 0.9676661482335975, 0.4706827817417884, 0.9939440418064459, 0.31486207465920146, 5, 2, 1, 3, 3.401747497921272, 1.479816041145166, 1.8061149309940172]
APTIDAO: 
39.38454824348075
GEN: 4100
Individuo: 
[2.1880164255787387, 0.12612013846548695, 0.9534792037470726, 1.8692175608944148, 0.9693822693455943, 0.4706827817417884, 0.9939440418064459, 0.31486207465920146, 5, 2, 1, 3, 3.401747497921272, 1.479816041145166, 1.8061149309940172]
APTIDAO: 
39.379011997417514
GEN: 4200
Individuo: 
[2.1880164255787387, 0.1179469695975143, 0.9534792037470726, 1.8692175608944148, 0.9693822693455943, 0.46801626616317304, 0.9938370096370628, 0.31486207465920146, 5, 2, 1, 3, 3.401747497921272, 1.4794102288092117, 1.8061149309940172]
APTIDAO: 
39.342070188711176
GEN: 4300
Individuo: 
[2.1880164255787387, 0.1179469695975143, 0.9534792037470726, 1.8692175608944148, 0.9693822693455943, 0.46801626616317304, 0.9938370096370628, 0.31486207465920146, 5, 2, 1, 3, 3.401747497921272, 1.4794102288092117, 1.8061149309940172]
APTIDAO: 
39.342070188711176
GEN: 4400
Individuo: 
[2.1880164255787387, 0.1179469695975143, 0.9534792037470726, 1.8692175608944148, 0.9693822693455943, 0.46801626616317304, 0.9938370096370628, 0.31486207465920146, 5, 2, 1, 3, 3.401747497921272, 1.4794102288092117, 1.8061149309940172]
APTIDAO: 
39.342070188711176
GEN: 4500
Individuo: 
[2.1880164255787387, 0.1179469695975143, 0.9534792037470726, 1.8692175608944148, 0.9693822693455943, 0.46801626616317304, 0.9938370096370628, 0.31486207465920146, 5, 2, 1, 3, 3.401747497921272, 1.4794102288092117, 1.8061149309940172]
APTIDAO: 
39.342070188711176
GEN: 4600
Individuo: 
[2.1880164255787387, 0.1179469695975143, 0.9534792037470726, 1.8692175608944148, 0.9693822693455943, 0.46801626616317304, 0.9938370096370628, 0.31486207465920146, 5, 2, 1, 3, 3.401747497921272, 1.4794102288092117, 1.8061149309940172]
APTIDAO: 
39.342070188711176
GEN: 4700
Individuo: 
[2.1880164255787387, 0.1179469695975143, 0.9534792037470726, 1.8692175608944148, 0.9717018829263, 0.46801626616317304, 0.9938370096370628, 0.31486207465920146, 5, 2, 1, 3, 3.401747497921272, 1.4794102288092117, 1.8061149309940172]
APTIDAO: 
39.33028356245899
GEN: 4800
Individuo: 
[2.1880164255787387, 0.1179469695975143, 0.9534792037470726, 1.8692175608944148, 0.9717018829263, 0.46801626616317304, 0.9938370096370628, 0.31486207465920146, 5, 2, 1, 3, 3.401747497921272, 1.4794102288092117, 1.8061149309940172]
APTIDAO: 
39.33028356245899
GEN: 4900
Individuo: 
[2.1880164255787387, 0.1179469695975143, 0.9534792037470726, 1.8692175608944148, 0.9717018829263, 0.46801626616317304, 0.9938370096370628, 0.31486207465920146, 5, 2, 1, 3, 3.401747497921272, 1.4794102288092117, 1.8061149309940172]
APTIDAO: 
39.33028356245899
GEN: 5000
Individuo: 
[2.1880164255787387, 0.1179469695975143, 0.9534792037470726, 1.8692175608944148, 0.9717018829263, 0.46801626616317304, 0.9938370096370628, 0.31486207465920146, 5, 2, 1, 3, 3.401747497921272, 1.4794102288092117, 1.8061149309940172]
APTIDAO: 
39.33028356245899
GEN: 5100
Individuo: 
[2.1880164255787387, 0.1179469695975143, 0.9534792037470726, 1.8692175608944148, 0.9717018829263, 0.46801626616317304, 0.9938370096370628, 0.31486207465920146, 5, 2, 1, 3, 3.401747497921272, 1.4794102288092117, 1.8061149309940172]
APTIDAO: 
39.33028356245899
GEN: 5200
Individuo: 
[2.1880164255787387, 0.10714166497770516, 0.9534792037470726, 1.8692175608944148, 0.9717018829263, 0.46457376681191886, 0.9938370096370628, 0.31560534120551176, 5, 2, 1, 3, 3.401747497921272, 1.4794102288092117, 1.8061149309940172]
APTIDAO: 
39.315888997575016
GEN: 5300
Individuo: 
[2.1880164255787387, 0.10665989333501233, 0.9534792037470726, 1.8692175608944148, 0.9717018829263, 0.46457376681191886, 0.9938370096370628, 0.31560534120551176, 5, 2, 1, 3, 3.396506253803, 1.4794102288092117, 1.8061149309940172]
APTIDAO: 
39.307486165641656
GEN: 5400
Individuo: 
[2.1880164255787387, 0.10665989333501233, 0.9534792037470726, 1.8692175608944148, 0.9717018829263, 0.46457376681191886, 0.9938370096370628, 0.31560534120551176, 5, 2, 1, 3, 3.396506253803, 1.4794102288092117, 1.8061149309940172]
APTIDAO: 
39.307486165641656
GEN: 5500
Individuo: 
[2.1880164255787387, 0.10622865651000281, 0.9534792037470726, 1.8692175608944148, 0.9717018829263, 0.46457376681191886, 0.9938370096370628, 0.31560534120551176, 5, 2, 1, 3, 3.3637516447499336, 1.4794102288092117, 1.8061149309940172]
APTIDAO: 
39.279799813255316
GEN: 5600
Individuo: 
[2.1880164255787387, 0.10754929300479572, 0.9579757475489128, 1.8692175608944148, 0.9717018829263, 0.46457376681191886, 0.9949731377455504, 0.31560534120551176, 5, 2, 1, 3, 3.3637516447499336, 1.4794102288092117, 1.8061149309940172]
APTIDAO: 
39.2764848902048
GEN: 5700
Individuo: 
[2.1880164255787387, 0.10754929300479572, 0.9579757475489128, 1.8692175608944148, 0.9717018829263, 0.46457376681191886, 0.9949731377455504, 0.31560534120551176, 5, 2, 1, 3, 3.3637516447499336, 1.4794102288092117, 1.8061149309940172]
APTIDAO: 
39.2764848902048
GEN: 5800
Individuo: 
[2.1880164255787387, 0.10699002486004655, 0.9579757475489128, 1.8692175608944148, 0.9717018829263, 0.46457376681191886, 0.9949731377455504, 0.31560534120551176, 5, 2, 1, 3, 3.3637516447499336, 1.4794102288092117, 1.8061149309940172]
APTIDAO: 
39.27611722591344
GEN: 5900
Individuo: 
[2.1880164255787387, 0.10699002486004655, 0.9579757475489128, 1.8692175608944148, 0.9717018829263, 0.46457376681191886, 0.9949731377455504, 0.31560534120551176, 5, 2, 1, 3, 3.3637516447499336, 1.4794102288092117, 1.8061149309940172]
APTIDAO: 
39.27611722591344
GEN: 6000
Individuo: 
[2.1880164255787387, 0.10699002486004655, 0.9579757475489128, 1.8692175608944148, 0.9717018829263, 0.46457376681191886, 0.9949731377455504, 0.31560534120551176, 5, 2, 1, 3, 3.3637516447499336, 1.4794102288092117, 1.8061149309940172]
APTIDAO: 
39.27611722591344
GEN: 6100
Individuo: 
[2.1880164255787387, 0.10699002486004655, 0.9579757475489128, 1.8692175608944148, 0.9717018829263, 0.46457376681191886, 0.9949731377455504, 0.31560534120551176, 5, 2, 1, 3, 3.3637516447499336, 1.4794102288092117, 1.8061149309940172]
APTIDAO: 
39.27611722591344
GEN: 6200
Individuo: 
[2.1880164255787387, 0.10301397284274133, 0.9579757475489128, 1.8692175608944148, 0.9717018829263, 0.46321794358466845, 0.9949731377455504, 0.31560534120551176, 5, 2, 1, 3, 3.3637516447499336, 1.4794102288092117, 1.8061149309940172]
APTIDAO: 
39.26410302930619
GEN: 6300
Individuo: 
[2.1880164255787387, 0.10452332382176535, 0.9579757475489128, 1.8692175608944148, 0.9717018829263, 0.46321794358466845, 0.9949731377455504, 0.31560534120551176, 5, 2, 1, 3, 3.3637516447499336, 1.4794102288092117, 1.8061149309940172]
APTIDAO: 
39.26319801782707
GEN: 6400
Individuo: 
[2.1880164255787387, 0.10548667149280275, 0.9579757475489128, 1.8692175608944148, 0.9717018829263, 0.46321794358466845, 0.9949731377455504, 0.31560534120551176, 5, 2, 1, 3, 3.3637516447499336, 1.4794102288092117, 1.8019678515689312]
APTIDAO: 
39.25455134087269
GEN: 6500
Individuo: 
[2.1880164255787387, 0.10599836913404137, 0.9579757475489128, 1.8692175608944148, 0.9717018829263, 0.46321794358466845, 0.9949731377455504, 0.31560534120551176, 5, 2, 1, 3, 3.3637516447499336, 1.4794102288092117, 1.8019678515689312]
APTIDAO: 
39.25397447019583
GEN: 6600
Individuo: 
[2.1880164255787387, 0.10751710423801339, 0.9579757475489128, 1.8692175608944148, 0.9717018829263, 0.46321794358466845, 0.9949731377455504, 0.31560534120551176, 5, 2, 1, 3, 3.3637516447499336, 1.4794102288092117, 1.8019678515689312]
APTIDAO: 
39.25307401660822
GEN: 6700
Individuo: 
[2.1880164255787387, 0.10751710423801339, 0.9579757475489128, 1.8692175608944148, 0.9717018829263, 0.46321794358466845, 0.9949731377455504, 0.31560534120551176, 5, 2, 1, 3, 3.3637516447499336, 1.4794102288092117, 1.8019678515689312]
APTIDAO: 
39.25307401660822
GEN: 6800
Individuo: 
[2.1880164255787387, 0.10751710423801339, 0.9579757475489128, 1.8692175608944148, 0.9717018829263, 0.46321794358466845, 0.9949731377455504, 0.31560534120551176, 5, 2, 1, 3, 3.3637516447499336, 1.4794102288092117, 1.8019678515689312]
APTIDAO: 
39.25307401660822
GEN: 6900
Individuo: 
[2.1880164255787387, 0.10751710423801339, 0.9579757475489128, 1.8692175608944148, 0.9717018829263, 0.46321794358466845, 0.9949731377455504, 0.31560534120551176, 5, 2, 1, 3, 3.3637516447499336, 1.4794102288092117, 1.8019678515689312]
APTIDAO: 
39.25307401660822
GEN: 7000
Individuo: 
[2.1880164255787387, 0.1069224628662373, 0.9579757475489128, 1.8692175608944148, 0.9717018829263, 0.46321794358466845, 0.9949731377455504, 0.31560534120551176, 5, 2, 1, 3, 3.3637516447499336, 1.4794102288092117, 1.8019678515689312]
APTIDAO: 
39.252919078306455
GEN: 7100
Individuo: 
[2.1880164255787387, 0.1069224628662373, 0.958752748919045, 1.8692175608944148, 0.9717018829263, 0.46321794358466845, 0.9949731377455504, 0.31560534120551176, 5, 2, 1, 3, 3.3637516447499336, 1.4794102288092117, 1.8019678515689312]
APTIDAO: 
39.25280561007348
GEN: 7200
Individuo: 
[2.1880164255787387, 0.10714071147478392, 0.958752748919045, 1.8663563554023785, 0.9717018829263, 0.46321794358466845, 0.9949731377455504, 0.31560534120551176, 5, 2, 1, 3, 3.3637516447499336, 1.4794102288092117, 1.8019678515689312]
APTIDAO: 
39.25196524631964
GEN: 7300
Individuo: 
[2.1880164255787387, 0.10714071147478392, 0.958752748919045, 1.8663563554023785, 0.9717018829263, 0.45987367729374434, 0.9949731377455504, 0.31560534120551176, 5, 2, 1, 3, 3.3637516447499336, 1.4794102288092117, 1.8019678515689312]
APTIDAO: 
39.249219176602736
GEN: 7400
Individuo: 
[2.1880164255787387, 0.10030209337045276, 0.958752748919045, 1.8663563554023785, 0.9728583740891109, 0.45987367729374434, 0.9949731377455504, 0.31560534120551176, 5, 2, 1, 3, 3.3637516447499336, 1.4794102288092117, 1.8019678515689312]
APTIDAO: 
39.22649454318838
GEN: 7500
Individuo: 
[2.1880164255787387, 0.10030209337045276, 0.958752748919045, 1.8663563554023785, 0.9728583740891109, 0.45987367729374434, 0.9949731377455504, 0.31560534120551176, 5, 2, 1, 3, 3.3637516447499336, 1.4794102288092117, 1.8019678515689312]
APTIDAO: 
39.22649454318838
GEN: 7600
Individuo: 
[2.1880164255787387, 0.10030209337045276, 0.958752748919045, 1.8663563554023785, 0.9728583740891109, 0.45987367729374434, 0.9949731377455504, 0.31560534120551176, 5, 2, 1, 3, 3.3637516447499336, 1.4794102288092117, 1.8019678515689312]
APTIDAO: 
39.22649454318838
GEN: 7700
Individuo: 
[2.1880164255787387, 0.10030209337045276, 0.958752748919045, 1.8663563554023785, 0.9728583740891109, 0.45987367729374434, 0.9949731377455504, 0.31560534120551176, 5, 2, 1, 3, 3.3637516447499336, 1.4794102288092117, 1.8019678515689312]
APTIDAO: 
39.22649454318838
GEN: 7800
Individuo: 
[2.1880164255787387, 0.10030209337045276, 0.958752748919045, 1.8663563554023785, 0.9728583740891109, 0.45987367729374434, 0.9949731377455504, 0.31560534120551176, 5, 2, 1, 3, 3.3637516447499336, 1.4794102288092117, 1.8019678515689312]
APTIDAO: 
39.22649454318838
GEN: 7900
Individuo: 
[1.8945304076526142, 0.3181230027818712, 0.958752748919045, 1.8663563554023785, 0.9815936933190779, 0.45987367729374434, 0.9949731377455504, 0.31560534120551176, 5, 2, 1, 3, 3.3637516447499336, 1.4794102288092117, 1.8019678515689312]
APTIDAO: 
39.14221062040584
GEN: 8000
Individuo: 
[1.7321183129793154, 0.5031080171493428, 0.938732035165162, 1.8663563554023785, 0.9815936933190779, 0.45728181325449907, 0.9923269943693132, 0.31560534120551176, 5, 2, 1, 3, 3.3637516447499336, 1.4794102288092117, 1.8019678515689312]
APTIDAO: 
38.970213781368244
GEN: 8100
Individuo: 
[0.9994208499119976, 3.245024250128877, 1.0468198499698407, 1.5780351484017117, 0.872156788470227, 0.45728181325449907, 0.9601364370699608, 0.31560534120551176, 1, 2, 1, 3, 3.4343038031853856, 1.4794102288092117, 1.8019678515689312]
APTIDAO: 
34.17848540328944
GEN: 8200
Individuo: 
[0.9994208499119976, 2.9488815545638274, 1.086079001803857, 1.5780351484017117, 0.8458172399141612, 0.45728181325449907, 0.9601364370699608, 0.31560534120551176, 1, 2, 1, 3, 3.4343038031853856, 1.4794102288092117, 1.8019678515689312]
APTIDAO: 
33.79829809991567
GEN: 8300
Individuo: 
[0.8010004555520069, 2.685255720335217, 1.4054580639745695, 1.5780351484017117, 0.7461139378240378, 0.47958432305789056, 0.9801187783285972, 0.31560534120551176, 1, 2, 1, 3, 3.3694424946390233, 1.4794102288092117, 1.8019678515689312]
APTIDAO: 
32.70598496214374
GEN: 8400
Individuo: 
[0.8010004555520069, 2.685255720335217, 1.4243293719516732, 1.5780351484017117, 0.7434941810746464, 0.47958432305789056, 0.9801187783285972, 0.31477860856179846, 1, 2, 1, 3, 3.3694424946390233, 1.4794102288092117, 1.8019678515689312]
APTIDAO: 
32.66172910306794
GEN: 8500
Individuo: 
[0.8883746341054247, 2.685255720335217, 1.4243293719516732, 1.5780351484017117, 0.7342851517014396, 0.47958432305789056, 0.9801187783285972, 0.31477860856179846, 1, 2, 1, 3, 3.3694424946390233, 1.4794102288092117, 1.8019678515689312]
APTIDAO: 
32.65389505323097
GEN: 8600
Individuo: 
[0.9779758639799591, 2.685255720335217, 1.4243293719516732, 1.5866499520946185, 0.11903909664094309, 0.47958432305789056, 0.9801187783285972, 0.31477860856179846, 1, 2, 1, 3, 2.143928780163336, 1.4794102288092117, 1.8019678515689312]
APTIDAO: 
32.10576426264314
GEN: 8700
Individuo: 
[0.9779758639799591, 2.7517646189994847, 1.4243293719516732, 1.5866499520946185, 0.10530239365773852, 0.4845671565938249, 0.9801187783285972, 0.31477860856179846, 1, 2, 1, 3, 2.143928780163336, 1.4794102288092117, 1.8019678515689312]
APTIDAO: 
32.001491091331296
GEN: 8800
Individuo: 
[0.9914500628347197, 2.778001963714053, 1.4243293719516732, 1.5866499520946185, 0.09918874438492196, 0.4845671565938249, 0.9801187783285972, 0.31477860856179846, 1, 2, 1, 3, 2.143928780163336, 1.4794102288092117, 1.8019678515689312]
APTIDAO: 
31.96123230171202
GEN: 8900
Individuo: 
[0.9914500628347197, 2.778001963714053, 1.4243293719516732, 1.558485154075648, 0.08096476547309167, 0.4907036694327374, 0.9801187783285972, 0.31477860856179846, 1, 2, 1, 3, 2.143928780163336, 1.4794102288092117, 1.777855220758276]
APTIDAO: 
31.87948745756252
GEN: 9000
Individuo: 
[0.9914500628347197, 2.7879790749432067, 1.4243293719516732, 1.558485154075648, 0.005127164571763426, 0.4907036694327374, 0.9801187783285972, 0.31477860856179846, 9, 2, 1, 3, 1.989348530582907, 1.4794102288092117, 1.777855220758276]
APTIDAO: 
31.782316149631697
GEN: 9100
Individuo: 
[0.9976756892011568, 2.7879790749432067, 1.49014593086906, 1.5486665591454927, 0.004570204980477736, 0.4907036694327374, 0.9801187783285972, 0.31477860856179846, 1, 2, 1, 3, 1.989348530582907, 1.4794102288092117, 1.777855220758276]
APTIDAO: 
31.713007204989083
GEN: 9200
Individuo: 
[0.9976756892011568, 2.7879790749432067, 1.49014593086906, 1.5486665591454927, 0.004803775028126702, 0.4907036694327374, 0.99290839544062, 0.31477860856179846, 1, 2, 1, 3, 1.989348530582907, 1.4776515202242138, 1.777855220758276]
APTIDAO: 
31.70074990121616
GEN: 9300
Individuo: 
[0.9976756892011568, 2.8514133449852705, 1.4594334763086392, 1.5486665591454927, 0.0013346116129138283, 0.4907036694327374, 0.9858182316810895, 0.31477860856179846, 3, 2, 1, 3, 1.989348530582907, 1.4776515202242138, 1.777855220758276]
APTIDAO: 
31.612350318989503
GEN: 9400
Individuo: 
[0.9976756892011568, 2.889717186037237, 1.4594334763086392, 1.5318849189625645, 0.001244668903660668, 0.49132720768457444, 0.9858182316810895, 0.31477860856179846, 6, 2, 1, 3, 1.989348530582907, 1.4776515202242138, 1.777855220758276]
APTIDAO: 
31.575545140381333
GEN: 9500
Individuo: 
[0.9976756892011568, 2.889717186037237, 1.4594334763086392, 1.5318849189625645, 0.002528441290489387, 0.49132720768457444, 0.9858182316810895, 0.31477860856179846, 6, 2, 1, 3, 1.989348530582907, 1.4776515202242138, 1.777855220758276]
APTIDAO: 
31.57554487779534
GEN: 9600
Individuo: 
[0.9976756892011568, 2.889717186037237, 1.4594334763086392, 1.5318849189625645, 0.002528441290489387, 0.49132720768457444, 0.9858182316810895, 0.31477860856179846, 6, 2, 1, 3, 1.989348530582907, 1.4776515202242138, 1.777855220758276]
APTIDAO: 
31.57554487779534
GEN: 9700
Individuo: 
[0.9976756892011568, 2.889717186037237, 1.4594334763086392, 1.5318849189625645, 0.0018411904456126875, 0.49132720768457444, 0.9858182316810895, 0.31477860856179846, 6, 2, 1, 3, 1.989348530582907, 1.4776515202242138, 1.777855220758276]
APTIDAO: 
31.575544681029275
GEN: 9800
Individuo: 
[0.9976756892011568, 2.889717186037237, 1.4594334763086392, 1.5318849189625645, 0.0018411904456126875, 0.49132720768457444, 0.9858182316810895, 0.31477860856179846, 6, 2, 1, 3, 1.989348530582907, 1.4776515202242138, 1.777855220758276]
APTIDAO: 
31.575544681029275
GEN: 9900
Individuo: 
[0.9976756892011568, 2.889717186037237, 1.4594334763086392, 1.5318849189625645, 0.0018411904456126875, 0.49132720768457444, 0.9858182316810895, 0.31477860856179846, 6, 2, 1, 3, 1.989348530582907, 1.4776515202242138, 1.777855220758276]
APTIDAO: 
31.575544681029275
GEN: 10000
Individuo: 
[0.9976756892011568, 2.889717186037237, 1.4594334763086392, 1.5318849189625645, 0.0018411904456126875, 0.49132720768457444, 0.9858182316810895, 0.31477860856179846, 6, 2, 1, 3, 1.989348530582907, 1.4776515202242138, 1.777855220758276]
APTIDAO: 
31.575544681029275

--- RESULTADO FINAL ---
Erro (norma-1): 31.575544681029275
Parâmetros: [0.9976756892011568, 2.889717186037237, 1.4594334763086392, 1.5318849189625645, 0.0018411904456126875, 0.49132720768457444, 0.9858182316810895, 0.31477860856179846, 6, 2, 1, 3, 1.989348530582907, 1.4776515202242138, 1.777855220758276]
Tempo total: 00h 48m 48s
