SEED: 1778749666
METODO: ABCD_Hill
IND_SIZE: 15
GEN: 0
Individuo: 
[2.7517456666107725, 3.6121475353393597, 0.18741727647086648, 1.4927964764982802, 0.49838447462779123, 0.5198505182537041, 0.18557713108208093, 0.29769277222534135, 6, 6, 8, 7, 5.814899205576162, 1.3159661703236136, 1.142709048521]
APTIDAO: 
168.8741648786537
GEN: 100
Individuo: 
[0.9122866239351639, 2.8639376623431505, 0.2519310066972348, 1.4927964764982802, 0.49838447462779123, 0.6134761834818053, 0.5594727352356111, 0.29769277222534135, 4, 1, 7, 3, 1.9640317108170247, 1.0122547229927252, 1.6992835309263044]
APTIDAO: 
38.81326917092323
GEN: 200
Individuo: 
[0.9696622123816225, 2.782165521166935, 0.32203743253795786, 1.4927964764982802, 0.4522923598552578, 0.6652442957984005, 0.5594727352356111, 0.29769277222534135, 4, 1, 7, 3, 1.9640317108170247, 1.0122547229927252, 1.8057601562778256]
APTIDAO: 
37.86709224471013
GEN: 300
Individuo: 
[0.9696622123816225, 2.782165521166935, 0.5540345541238082, 3.063301620579918, 0.44806621224584187, 0.6652442957984005, 0.5561570793695951, 0.3011058522872036, 4, 1, 5, 3, 1.9640317108170247, 1.0122547229927252, 1.8144806261729458]
APTIDAO: 
36.09148160037306
GEN: 400
Individuo: 
[0.9696622123816225, 2.7944232993657323, 0.6078464611003217, 3.063301620579918, 0.012811127892638406, 0.6922094504742016, 0.5515774549567503, 0.30315749572770456, 8, 1, 5, 3, 1.9074770163240138, 1.0122547229927252, 1.8144806261729458]
APTIDAO: 
34.978104989337155
GEN: 500
Individuo: 
[0.9696622123816225, 2.7944232993657323, 0.6820201734900365, 2.975999115354839, 0.001680021608648361, 0.6922094504742016, 0.5515774549567503, 0.30315749572770456, 7, 1, 5, 3, 1.8441773153407341, 1.0122547229927252, 1.9403564890729716]
APTIDAO: 
33.73224557961393
GEN: 600
Individuo: 
[0.9923579497450513, 2.7944232993657323, 0.7823158700393161, 2.7723542522007865, 0.0012792660606031079, 0.699173609450948, 0.5515774549567503, 0.30315749572770456, 3, 1, 5, 3, 1.8441773153407341, 1.0347713482864598, 1.9403564890729716]
APTIDAO: 
32.86394473191832
GEN: 700
Individuo: 
[0.9923579497450513, 2.7944232993657323, 0.8003217990866048, 2.7307727383307148, 0.0012792660606031079, 0.699173609450948, 0.5515774549567503, 0.30315749572770456, 9, 1, 5, 3, 1.8441773153407341, 1.0347713482864598, 1.9420484360462222]
APTIDAO: 
32.7829829987213
GEN: 800
Individuo: 
[0.9923579497450513, 2.712732729042584, 0.8477062742044605, 2.7307727383307148, 0.0011033919135197627, 0.699173609450948, 0.5515774549567503, 0.30315749572770456, 9, 1, 5, 3, 1.8441773153407341, 1.0347713482864598, 1.9590286841623041]
APTIDAO: 
32.5548805478544
GEN: 900
Individuo: 
[1.0035410912718443, 2.3701352607301804, 1.196678160522239, 2.4169954847687896, 0.0011033919135197627, 0.699173609450948, 0.5515774549567503, 0.30315749572770456, 4, 1, 4, 3, 1.8441773153407341, 1.0347713482864598, 1.9590286841623041]
APTIDAO: 
31.29422700302795
GEN: 1000
Individuo: 
[1.0035410912718443, 2.320659519682593, 1.3352337965667789, 2.4169954847687896, 0.0010219306190888651, 0.699173609450948, 0.5515774549567503, 0.30315749572770456, 6, 1, 4, 3, 1.8441773153407341, 1.0347713482864598, 1.9590286841623041]
APTIDAO: 
30.938149176343774
GEN: 1100
Individuo: 
[1.0035410912718443, 2.208388160624686, 1.436772083659653, 2.4169954847687896, 0.0010219306190888651, 0.7005217420950381, 0.5515774549567503, 0.30315749572770456, 6, 1, 4, 3, 1.8441773153407341, 1.0347713482864598, 1.9590286841623041]
APTIDAO: 
30.655878976705957
GEN: 1200
Individuo: 
[1.0035410912718443, 2.208388160624686, 1.445779445515052, 2.3778503941053586, 0.0010219306190888651, 0.7005217420950381, 0.5600926845226329, 0.30315749572770456, 6, 1, 4, 3, 1.8441773153407341, 1.067017085051524, 1.9655828318698663]
APTIDAO: 
30.06659089257815
GEN: 1300
Individuo: 
[1.0035410912718443, 2.208388160624686, 1.445779445515052, 2.3778503941053586, 0.002015554722286949, 0.7012197461223354, 0.5600926845226329, 0.30315749572770456, 8, 1, 4, 3, 1.8441773153407341, 1.067017085051524, 1.9655828318698663]
APTIDAO: 
30.062530100829274
GEN: 1400
Individuo: 
[1.0035410912718443, 2.208388160624686, 1.4482249558048217, 2.4213707131851114, 0.0011273870858968217, 0.7012197461223354, 0.5758378329705552, 0.30315749572770456, 8, 1, 4, 3, 1.785987466406398, 1.204934843170577, 1.9655828318698663]
APTIDAO: 
29.671692219361795
GEN: 1500
Individuo: 
[1.0035410912718443, 2.208388160624686, 1.4482249558048217, 2.4562846289434725, 0.0011273870858968217, 0.7009630502665999, 0.5758378329705552, 0.30315749572770456, 6, 1, 4, 3, 1.799395632100428, 1.1583711713858273, 2.0418710740101287]
APTIDAO: 
29.319377762433987
GEN: 1600
Individuo: 
[1.0035410912718443, 2.1934744036319826, 1.4482249558048217, 2.4520843565542094, 0.0013505267478965918, 0.7009630502665999, 0.5758378329705552, 0.30315749572770456, 7, 1, 4, 3, 1.799395632100428, 1.1663331474926288, 2.0087785961843365]
APTIDAO: 
29.241292064779962
GEN: 1700
Individuo: 
[1.0035410912718443, 2.154997952418839, 1.4926124965295127, 2.4573790660317245, 0.0013505267478965918, 0.7009630502665999, 0.5758378329705552, 0.30315749572770456, 9, 1, 4, 3, 1.799395632100428, 1.1663331474926288, 2.0087785961843365]
APTIDAO: 
29.110043123067793
GEN: 1800
Individuo: 
[1.0035410912718443, 2.154997952418839, 1.4926124965295127, 2.4573790660317245, 0.0013505267478965918, 0.7009630502665999, 0.5776388056797531, 0.30315749572770456, 7, 1, 4, 3, 1.799395632100428, 1.1663331474926288, 2.0025711130577735]
APTIDAO: 
29.03956401364506
GEN: 1900
Individuo: 
[0.9954776895334377, 2.154997952418839, 1.4926124965295127, 2.4596721064629823, 0.0010337499921852953, 0.7002264596034625, 0.5776388056797531, 0.30315749572770456, 9, 1, 4, 3, 1.799395632100428, 1.1663331474926288, 2.0025711130577735]
APTIDAO: 
29.035720932633772
GEN: 2000
Individuo: 
[0.9954776895334377, 2.154997952418839, 1.5148232948653573, 2.4089317995048427, 0.0010337499921852953, 0.6996433879764584, 0.5776388056797531, 0.30315749572770456, 4, 1, 4, 3, 1.799395632100428, 1.1668619630808772, 2.0025711130577735]
APTIDAO: 
29.018101386201337
GEN: 2100
Individuo: 
[0.9954776895334377, 2.154997952418839, 1.5540138976180757, 2.4089317995048427, 0.0010337499921852953, 0.6989633647291041, 0.5776388056797531, 0.30315749572770456, 5, 1, 4, 3, 1.799395632100428, 1.1668619630808772, 2.0178864659277167]
APTIDAO: 
28.936269394588294
GEN: 2200
Individuo: 
[0.9954776895334377, 2.106279990677128, 1.5540138976180757, 2.440893948875932, 0.0011649886261225861, 0.6989633647291041, 0.5776388056797531, 0.3023603137256428, 7, 1, 4, 3, 1.799395632100428, 1.1668619630808772, 2.0178864659277167]
APTIDAO: 
28.870931103631975
GEN: 2300
Individuo: 
[0.9954776895334377, 2.106279990677128, 1.600546230957265, 2.426921904472619, 0.0011649886261225861, 0.6989633647291041, 0.5844519892660492, 0.3023603137256428, 7, 1, 4, 3, 1.799416844907072, 1.1909444963168514, 2.012236636551399]
APTIDAO: 
28.599590192300532
GEN: 2400
Individuo: 
[1.000113436894324, 2.0671648227504233, 1.5973577565318844, 2.426921904472619, 0.001232582671200428, 0.6989633647291041, 0.5844519892660492, 0.3023603137256428, 4, 1, 4, 3, 1.8048293730989802, 1.1869720915977162, 2.012236636551399]
APTIDAO: 
28.536623985442507
GEN: 2500
Individuo: 
[1.000113436894324, 2.0671648227504233, 1.5973577565318844, 2.426921904472619, 0.0010523863961418869, 0.6989633647291041, 0.5844519892660492, 0.3023603137256428, 5, 1, 4, 3, 1.8048293730989802, 1.1869720915977162, 2.012236636551399]
APTIDAO: 
28.53662119280268
GEN: 2600
Individuo: 
[1.000113436894324, 2.0671648227504233, 1.6313659274186283, 2.426921904472619, 0.0010625990599371653, 0.6989633647291041, 0.5844519892660492, 0.3023603137256428, 4, 1, 4, 3, 1.8048293730989802, 1.1869720915977162, 2.0296735286507546]
APTIDAO: 
28.475052221328838
GEN: 2700
Individuo: 
[1.000113436894324, 2.0671648227504233, 1.6313659274186283, 2.426921904472619, 0.0011054351195987733, 0.6989633647291041, 0.5852912194899419, 0.3023603137256428, 5, 1, 4, 3, 1.8048293730989802, 1.1869720915977162, 2.0296735286507546]
APTIDAO: 
28.451305318121666
GEN: 2800
Individuo: 
[1.000113436894324, 2.0671648227504233, 1.6313659274186283, 2.426921904472619, 0.0011054351195987733, 0.6989633647291041, 0.5852912194899419, 0.3023603137256428, 5, 1, 4, 3, 1.8048293730989802, 1.1869720915977162, 2.0296735286507546]
APTIDAO: 
28.451305318121666
GEN: 2900
Individuo: 
[1.000113436894324, 2.0671648227504233, 1.6313659274186283, 2.406805518532832, 0.0010374446091268915, 0.6988735166818187, 0.5852912194899419, 0.30016719555665583, 6, 1, 4, 3, 1.8048293730989802, 1.1869720915977162, 2.0296735286507546]
APTIDAO: 
28.435640604199303
GEN: 3000
Individuo: 
[1.000113436894324, 2.0671648227504233, 1.6313659274186283, 2.406805518532832, 0.0010183744982516895, 0.6988735166818187, 0.5865520773665087, 0.30016719555665583, 4, 1, 4, 3, 1.806839186194947, 1.1869720915977162, 2.0296735286507546]
APTIDAO: 
28.39494191055278
GEN: 3100
Individuo: 
[1.000113436894324, 2.0671648227504233, 1.6317045642174763, 2.406805518532832, 0.0010183744982516895, 0.6981320416273851, 0.5865520773665087, 0.30016719555665583, 6, 1, 4, 3, 1.806839186194947, 1.1869720915977162, 2.0296735286507546]
APTIDAO: 
28.38859948975321
GEN: 3200
Individuo: 
[1.000113436894324, 2.0438165613925214, 1.6808022209375713, 2.406805518532832, 0.0010333523677841909, 0.6981320416273851, 0.5887285028530754, 0.30016719555665583, 7, 1, 4, 3, 1.806839186194947, 1.1869720915977162, 2.0296735286507546]
APTIDAO: 
28.2601531816474
GEN: 3300
Individuo: 
[1.000113436894324, 2.026159190395142, 1.6808022209375713, 2.406805518532832, 0.0010333523677841909, 0.6981320416273851, 0.5887285028530754, 0.30016719555665583, 5, 1, 4, 3, 1.806839186194947, 1.1869720915977162, 2.0296735286507546]
APTIDAO: 
28.245084502249753
GEN: 3400
Individuo: 
[1.000113436894324, 2.026159190395142, 1.6808022209375713, 2.406805518532832, 0.0010331085182221512, 0.6981320416273851, 0.5887285028530754, 0.30016719555665583, 7, 1, 4, 3, 1.806839186194947, 1.1977148183989361, 2.0296735286507546]
APTIDAO: 
28.227579494417057
GEN: 3500
Individuo: 
[1.000113436894324, 2.026159190395142, 1.699944587914779, 2.406805518532832, 0.0010331085182221512, 0.6981320416273851, 0.5895928186513396, 0.30016719555665583, 6, 1, 4, 3, 1.806839186194947, 1.1948411566899626, 2.0296735286507546]
APTIDAO: 
28.18075053897245
GEN: 3600
Individuo: 
[1.000113436894324, 2.026159190395142, 1.699944587914779, 2.406805518532832, 0.0010331085182221512, 0.6981320416273851, 0.5895928186513396, 0.30016719555665583, 6, 1, 4, 3, 1.806839186194947, 1.1948411566899626, 2.0296735286507546]
APTIDAO: 
28.18075053897245
GEN: 3700
Individuo: 
[1.000113436894324, 2.026159190395142, 1.699944587914779, 2.406805518532832, 0.0010068601109777034, 0.6981320416273851, 0.5895928186513396, 0.30016719555665583, 5, 1, 4, 3, 1.806839186194947, 1.1948411566899626, 2.0521187758257717]
APTIDAO: 
28.172532830710544
GEN: 3800
Individuo: 
[1.000113436894324, 2.0033828361051422, 1.699944587914779, 2.406805518532832, 0.0011486113440568255, 0.6979419055731437, 0.5895928186513396, 0.30016719555665583, 8, 1, 4, 3, 1.806839186194947, 1.2014782436272755, 2.0521187758257717]
APTIDAO: 
28.14755453273448
GEN: 3900
Individuo: 
[1.000113436894324, 2.0033828361051422, 1.7288744115290788, 2.406805518532832, 0.001061860762797045, 0.6979419055731437, 0.5895928186513396, 0.30016719555665583, 7, 1, 4, 3, 1.806839186194947, 1.2014782436272755, 2.0521187758257717]
APTIDAO: 
28.12431902721678
GEN: 4000
Individuo: 
[1.000113436894324, 1.9760206943400014, 1.7288744115290788, 2.406805518532832, 0.0011361898725228534, 0.6979419055731437, 0.5895928186513396, 0.30016719555665583, 7, 1, 4, 3, 1.806839186194947, 1.2014782436272755, 2.0521187758257717]
APTIDAO: 
28.076438848430584
GEN: 4100
Individuo: 
[1.000113436894324, 1.9760206943400014, 1.7288744115290788, 2.406805518532832, 0.0011436466931466955, 0.6979419055731437, 0.5895928186513396, 0.30016719555665583, 9, 1, 4, 3, 1.806839186194947, 1.2014782436272755, 2.0521187758257717]
APTIDAO: 
28.07643761982686
GEN: 4200
Individuo: 
[1.000113436894324, 1.9351918420279364, 1.748411345503799, 2.406805518532832, 0.0011436466931466955, 0.6979419055731437, 0.5895928186513396, 0.30016719555665583, 9, 1, 4, 3, 1.806839186194947, 1.2014782436272755, 2.0521187758257717]
APTIDAO: 
28.049701752764683
GEN: 4300
Individuo: 
[1.000113436894324, 1.9351918420279364, 1.748411345503799, 2.406805518532832, 0.0013144475935098648, 0.6979419055731437, 0.5895928186513396, 0.30016719555665583, 8, 1, 4, 3, 1.8086271699223704, 1.2014782436272755, 2.0521187758257717]
APTIDAO: 
28.042336877605237
GEN: 4400
Individuo: 
[1.000113436894324, 1.9351918420279364, 1.748411345503799, 2.406805518532832, 0.0010121680621059405, 0.6963302423560588, 0.5901593937537708, 0.30016719555665583, 5, 1, 4, 3, 1.8086271699223704, 1.2014782436272755, 2.0521187758257717]
APTIDAO: 
28.03131158744234
GEN: 4500
Individuo: 
[1.000113436894324, 1.9351918420279364, 1.748411345503799, 2.406805518532832, 0.0010121680621059405, 0.6963302423560588, 0.5901593937537708, 0.30016719555665583, 5, 1, 4, 3, 1.8086271699223704, 1.2014782436272755, 2.0521187758257717]
APTIDAO: 
28.03131158744234
GEN: 4600
Individuo: 
[1.000113436894324, 1.8856515936652678, 1.829741227629713, 2.406805518532832, 0.0010121680621059405, 0.6963302423560588, 0.5901593937537708, 0.30016719555665583, 1, 1, 4, 3, 1.8086271699223704, 1.2014782436272755, 2.0521187758257717]
APTIDAO: 
27.867105754525618
GEN: 4700
Individuo: 
[1.000113436894324, 1.8856515936652678, 1.829741227629713, 2.398737057095577, 0.0015695118542455675, 0.6963302423560588, 0.5901593937537708, 0.30016719555665583, 1, 1, 4, 3, 1.8086271699223704, 1.2014782436272755, 2.0521187758257717]
APTIDAO: 
27.8642966134462
GEN: 4800
Individuo: 
[1.000113436894324, 1.8856515936652678, 1.829741227629713, 2.398737057095577, 0.0011353022627351979, 0.6963302423560588, 0.5901593937537708, 0.30016719555665583, 1, 1, 4, 3, 1.8086271699223704, 1.2014782436272755, 2.039855032510708]
APTIDAO: 
27.855178605682656
GEN: 4900
Individuo: 
[1.000113436894324, 1.8856515936652678, 1.829741227629713, 2.398737057095577, 0.001046210306324836, 0.6984911263391997, 0.5901593937537708, 0.30016719555665583, 1, 1, 4, 3, 1.8086271699223704, 1.2014782436272755, 2.039855032510708]
APTIDAO: 
27.845075971555087
GEN: 5000
Individuo: 
[1.000113436894324, 1.8856515936652678, 1.829741227629713, 2.398737057095577, 0.0012972560317351268, 0.6984911263391997, 0.5901593937537708, 0.30016719555665583, 6, 1, 4, 3, 1.8086271699223704, 1.2014782436272755, 2.039855032510708]
APTIDAO: 
27.84103406288824
GEN: 5100
Individuo: 
[1.000113436894324, 1.8856515936652678, 1.829741227629713, 2.398737057095577, 0.0011444927320740752, 0.6984911263391997, 0.5909263175018236, 0.30016719555665583, 6, 1, 4, 3, 1.8086271699223704, 1.2014782436272755, 2.039855032510708]
APTIDAO: 
27.823251296256068
GEN: 5200
Individuo: 
[1.000113436894324, 1.885590096627708, 1.829741227629713, 2.398737057095577, 0.0011444927320740752, 0.6984911263391997, 0.5909263175018236, 0.30016719555665583, 6, 1, 4, 3, 1.8086271699223704, 1.2014782436272755, 2.039855032510708]
APTIDAO: 
27.82324944692192
GEN: 5300
Individuo: 
[1.000113436894324, 1.885590096627708, 1.829741227629713, 2.398737057095577, 0.0011444927320740752, 0.6984911263391997, 0.5909263175018236, 0.30016719555665583, 6, 1, 4, 3, 1.8086271699223704, 1.2014782436272755, 2.039855032510708]
APTIDAO: 
27.82324944692192
GEN: 5400
Individuo: 
[1.000113436894324, 1.885590096627708, 1.829741227629713, 2.398737057095577, 0.001026652001374712, 0.6984911263391997, 0.5909263175018236, 0.30016719555665583, 6, 1, 4, 3, 1.8086271699223704, 1.2014782436272755, 2.039855032510708]
APTIDAO: 
27.8232491458656
GEN: 5500
Individuo: 
[1.000113436894324, 1.885590096627708, 1.829741227629713, 2.398737057095577, 0.0010667783846750652, 0.6984911263391997, 0.5913893599919462, 0.30016719555665583, 8, 1, 4, 3, 1.8086271699223704, 1.2014782436272755, 2.039855032510708]
APTIDAO: 
27.820555492313876
GEN: 5600
Individuo: 
[1.000113436894324, 1.885590096627708, 1.829741227629713, 2.402843421411336, 0.0011356833316304793, 0.6984911263391997, 0.5913893599919462, 0.30016719555665583, 6, 1, 4, 3, 1.8086271699223704, 1.2014782436272755, 2.039855032510708]
APTIDAO: 
27.81571438874545
GEN: 5700
Individuo: 
[1.000113436894324, 1.384583257936163, 2.5419711989427802, 2.402843421411336, 0.0011649859006045656, 0.6984911263391997, 0.5913893599919462, 0.30016719555665583, 9, 1, 4, 3, 1.8086271699223704, 1.2059864047091977, 2.0233188264175337]
APTIDAO: 
27.44225841955104
GEN: 5800
Individuo: 
[1.000113436894324, 1.384583257936163, 2.5419711989427802, 2.402843421411336, 0.002457356921323326, 0.6984911263391997, 0.6074778405544017, 0.30016719555665583, 1, 1, 4, 3, 1.8086271699223704, 1.3169155791110392, 2.0350755056273693]
APTIDAO: 
26.275627224424166
GEN: 5900
Individuo: 
[1.000113436894324, 1.384583257936163, 2.5909017924406696, 2.402843421411336, 0.0010559353911575218, 0.6984911263391997, 0.6158911436085823, 0.30016719555665583, 7, 1, 4, 3, 1.8086271699223704, 1.3300588394613178, 2.0350755056273693]
APTIDAO: 
25.920791972651788
GEN: 6000
Individuo: 
[1.000113436894324, 1.384583257936163, 2.5909017924406696, 2.402843421411336, 0.0010559353911575218, 0.6984911263391997, 0.6158911436085823, 0.30016719555665583, 9, 1, 4, 3, 1.8086271699223704, 1.3436684310327902, 2.0350755056273693]
APTIDAO: 
25.881615865767614
GEN: 6100
Individuo: 
[1.000113436894324, 1.384583257936163, 2.5909017924406696, 2.4006275094385656, 0.008750959229752336, 0.6984911263391997, 0.6223008738841785, 0.30016719555665583, 1, 1, 4, 3, 1.8086271699223704, 1.3968539664665538, 2.0350755056273693]
APTIDAO: 
25.59303551518099
GEN: 6200
Individuo: 
[1.000113436894324, 1.384583257936163, 2.5909017924406696, 2.4006275094385656, 0.008140697562439394, 0.6984911263391997, 0.6223008738841785, 0.30016719555665583, 1, 1, 4, 3, 1.8086271699223704, 1.3968539664665538, 2.0350755056273693]
APTIDAO: 
25.592641201135223
GEN: 6300
Individuo: 
[1.000113436894324, 1.384583257936163, 2.5909017924406696, 2.4006275094385656, 0.00731528724875419, 0.6984911263391997, 0.6223008738841785, 0.30016719555665583, 1, 1, 4, 3, 1.8086271699223704, 1.392675995159916, 2.024832645315369]
APTIDAO: 
25.589982310666425
GEN: 6400
Individuo: 
[1.000113436894324, 1.377729105631739, 2.5909017924406696, 2.4006275094385656, 0.0011067811259684469, 0.6984911263391997, 0.6291539376743139, 0.30016719555665583, 1, 1, 4, 3, 1.8086271699223704, 1.392675995159916, 2.024832645315369]
APTIDAO: 
25.394492849427902
GEN: 6500
Individuo: 
[1.000113436894324, 1.377729105631739, 2.5909017924406696, 2.4203518461512106, 0.0010786936910974067, 0.6992650139467457, 0.6291539376743139, 0.30016719555665583, 8, 1, 4, 3, 1.8086271699223704, 1.392675995159916, 2.024832645315369]
APTIDAO: 
25.356685826275736
GEN: 6600
Individuo: 
[1.000113436894324, 1.377729105631739, 2.5909017924406696, 2.4203518461512106, 0.001012809602640189, 0.6992650139467457, 0.6291539376743139, 0.30016719555665583, 1, 1, 4, 3, 1.8086271699223704, 1.4026353917217353, 2.0211598038564436]
APTIDAO: 
25.328438738767066
GEN: 6700
Individuo: 
[1.000113436894324, 1.377729105631739, 2.6132346347709614, 2.40691403481141, 0.0010211440006374377, 0.6992650139467457, 0.6291539376743139, 0.30016719555665583, 8, 1, 4, 3, 1.8086271699223704, 1.4026353917217353, 2.0211598038564436]
APTIDAO: 
25.31906456518725
GEN: 6800
Individuo: 
[1.000113436894324, 1.377729105631739, 2.6132346347709614, 2.40691403481141, 0.0013491071943289262, 0.6992650139467457, 0.6291539376743139, 0.30016719555665583, 1, 1, 4, 3, 1.8086271699223704, 1.4026353917217353, 2.0211598038564436]
APTIDAO: 
25.316045568175163
GEN: 6900
Individuo: 
[1.000113436894324, 1.377729105631739, 2.6132346347709614, 2.40691403481141, 0.0011289800869926261, 0.6992650139467457, 0.6316302555821975, 0.30016719555665583, 8, 1, 4, 3, 1.8081715538581873, 1.4026353917217353, 2.0211598038564436]
APTIDAO: 
25.277999659284372
GEN: 7000
Individuo: 
[1.000113436894324, 1.377729105631739, 2.6132346347709614, 2.40691403481141, 0.0010849919844996886, 0.6992650139467457, 0.6316302555821975, 0.30016719555665583, 4, 1, 4, 3, 1.8081715538581873, 1.407066743685159, 2.0211598038564436]
APTIDAO: 
25.25409067936631
GEN: 7100
Individuo: 
[1.000113436894324, 1.377729105631739, 2.6132346347709614, 2.40691403481141, 0.004892090586351403, 0.6992650139467457, 0.6316302555821975, 0.30016719555665583, 1, 1, 4, 3, 1.8081715538581873, 1.431628946095661, 2.0211598038564436]
APTIDAO: 
25.215642221826535
GEN: 7200
Individuo: 
[1.000113436894324, 1.377729105631739, 2.6132346347709614, 2.40691403481141, 0.0040053106737579025, 0.7005614753747008, 0.6316302555821975, 0.30016719555665583, 1, 1, 4, 3, 1.8081715538581873, 1.431628946095661, 2.0211598038564436]
APTIDAO: 
25.20808153247441
GEN: 7300
Individuo: 
[1.000113436894324, 1.377729105631739, 2.6132346347709614, 2.40691403481141, 0.0040053106737579025, 0.7005614753747008, 0.6316302555821975, 0.30016719555665583, 1, 1, 4, 3, 1.8081715538581873, 1.431628946095661, 2.0211598038564436]
APTIDAO: 
25.20808153247441
GEN: 7400
Individuo: 
[1.000113436894324, 1.377729105631739, 2.6132346347709614, 2.414288325031943, 0.0040053106737579025, 0.7005614753747008, 0.6316302555821975, 0.30016719555665583, 1, 1, 4, 3, 1.8081715538581873, 1.431628946095661, 2.0211598038564436]
APTIDAO: 
25.205559234065674
GEN: 7500
Individuo: 
[1.000113436894324, 1.377729105631739, 2.6132346347709614, 2.414288325031943, 0.0038912827131763533, 0.7005614753747008, 0.6316302555821975, 0.30016719555665583, 1, 1, 4, 3, 1.8081715538581873, 1.431628946095661, 2.0211598038564436]
APTIDAO: 
25.205344258275478
GEN: 7600
Individuo: 
[1.000113436894324, 1.3749631544303285, 2.6132346347709614, 2.414288325031943, 0.0037547865502651524, 0.7005614753747008, 0.6316302555821975, 0.30016719555665583, 1, 1, 4, 3, 1.8081715538581873, 1.431628946095661, 2.0211598038564436]
APTIDAO: 
25.202647533256958
GEN: 7700
Individuo: 
[1.000113436894324, 1.3749631544303285, 2.6132346347709614, 2.4188534046384333, 0.003648922300688984, 0.7005614753747008, 0.6316302555821975, 0.30016719555665583, 1, 1, 4, 3, 1.8081715538581873, 1.431628946095661, 2.0211598038564436]
APTIDAO: 
25.201319234817408
GEN: 7800
Individuo: 
[1.000113436894324, 1.3749631544303285, 2.6132346347709614, 2.4188534046384333, 0.002715748978587444, 0.7047787968534305, 0.6316302555821975, 0.30016719555665583, 8, 1, 4, 3, 1.8081715538581873, 1.431628946095661, 2.0211598038564436]
APTIDAO: 
25.177121314223225
GEN: 7900
Individuo: 
[1.000113436894324, 1.3749631544303285, 2.6132346347709614, 2.4188534046384333, 0.0012266044895774487, 0.7077076359221935, 0.6316302555821975, 0.30016719555665583, 8, 1, 4, 3, 1.8081715538581873, 1.431628946095661, 2.024443161183625]
APTIDAO: 
25.167698391560958
GEN: 8000
Individuo: 
[1.000113436894324, 1.3749631544303285, 2.6132346347709614, 2.4188534046384333, 0.0011725709547121496, 0.7077076359221935, 0.6316302555821975, 0.30016719555665583, 8, 1, 4, 3, 1.8081715538581873, 1.431628946095661, 2.024443161183625]
APTIDAO: 
25.167697662229326
GEN: 8100
Individuo: 
[1.000113436894324, 1.3665471905384925, 2.6347791534097507, 2.4188534046384333, 0.0011197240590447325, 0.7077076359221935, 0.6316302555821975, 0.30016719555665583, 8, 1, 4, 3, 1.8081715538581873, 1.431628946095661, 2.024443161183625]
APTIDAO: 
25.143200409518574
GEN: 8200
Individuo: 
[1.000113436894324, 1.3592731385417511, 2.6347791534097507, 2.4188534046384333, 0.0010304048508206246, 0.7077076359221935, 0.6316302555821975, 0.30016719555665583, 8, 1, 4, 3, 1.8081715538581873, 1.431628946095661, 2.024443161183625]
APTIDAO: 
25.1374551790934
GEN: 8300
Individuo: 
[1.000113436894324, 1.3582383352973029, 2.6347791534097507, 2.4188534046384333, 0.0010304048508206246, 0.7077076359221935, 0.6316302555821975, 0.30016719555665583, 8, 1, 4, 3, 1.8081715538581873, 1.431628946095661, 2.027918897829468]
APTIDAO: 
25.13567246587004
GEN: 8400
Individuo: 
[1.000113436894324, 1.3582383352973029, 2.6347791534097507, 2.4188534046384333, 0.0010410217817970718, 0.7077076359221935, 0.6316302555821975, 0.30016719555665583, 8, 1, 4, 3, 1.8081715538581873, 1.4408956031429625, 2.027918897829468]
APTIDAO: 
25.122389508711937
GEN: 8500
Individuo: 
[1.000113436894324, 1.3582383352973029, 2.6816463388383562, 2.4188534046384333, 0.0010410217817970718, 0.7077076359221935, 0.6316302555821975, 0.30016719555665583, 9, 1, 4, 3, 1.8081715538581873, 1.4408956031429625, 2.027918897829468]
APTIDAO: 
25.113604386085196
GEN: 8600
Individuo: 
[1.000113436894324, 1.3582383352973029, 2.6816463388383562, 2.4188534046384333, 0.0010410217817970718, 0.7077076359221935, 0.6358639620949581, 0.30016719555665583, 9, 1, 4, 3, 1.8081715538581873, 1.4408956031429625, 2.027918897829468]
APTIDAO: 
25.002954325573533
GEN: 8700
Individuo: 
[0.9996980195002763, 1.3478358027947843, 2.6816463388383562, 2.4188534046384333, 0.0027820897200924624, 0.7080551391324246, 0.6367232468383025, 0.30016719555665583, 1, 1, 4, 3, 1.8081715538581873, 1.4771130865399318, 2.027918897829468]
APTIDAO: 
24.900604988899282
GEN: 8800
Individuo: 
[0.9996980195002763, 1.3478358027947843, 2.6816463388383562, 2.4188534046384333, 0.002056127571929657, 0.7091821259359137, 0.6367232468383025, 0.30016719555665583, 1, 1, 4, 3, 1.8081715538581873, 1.4771130865399318, 2.0261219425962036]
APTIDAO: 
24.89405302917572
GEN: 8900
Individuo: 
[0.9996980195002763, 1.3478358027947843, 2.7201847476508245, 2.4188534046384333, 0.0010103096320789422, 0.7091821259359137, 0.6402187192678053, 0.30016719555665583, 9, 1, 4, 3, 1.8081715538581873, 1.4771130865399318, 2.017793722075121]
APTIDAO: 
24.770316536125534
GEN: 9000
Individuo: 
[0.9996980195002763, 1.3478358027947843, 2.7201847476508245, 2.4188534046384333, 0.001024231875565072, 0.7091821259359137, 0.6402187192678053, 0.30000982087250333, 4, 1, 4, 3, 1.8081715538581873, 1.4771130865399318, 2.017793722075121]
APTIDAO: 
24.76990097910563
GEN: 9100
Individuo: 
[0.9996980195002763, 1.3327495278919148, 2.7201847476508245, 2.4199139107706156, 0.0011946856409670349, 0.7091821259359137, 0.6402187192678053, 0.30000982087250333, 8, 1, 4, 3, 1.8081715538581873, 1.4771130865399318, 2.017793722075121]
APTIDAO: 
24.758764547809292
GEN: 9200
Individuo: 
[0.9996980195002763, 1.3327495278919148, 2.7201847476508245, 2.4199139107706156, 0.0010510325431818159, 0.7091821259359137, 0.6402187192678053, 0.30000982087250333, 9, 1, 4, 3, 1.8081715538581873, 1.4771130865399318, 2.017793722075121]
APTIDAO: 
24.758764004384627
GEN: 9300
Individuo: 
[0.9996980195002763, 1.3327495278919148, 2.7201847476508245, 2.4199139107706156, 0.0010458570153961662, 0.7091821259359137, 0.6402187192678053, 0.30000982087250333, 9, 1, 4, 3, 1.8081715538581873, 1.4771130865399318, 2.017793722075121]
APTIDAO: 
24.758763966061874
GEN: 9400
Individuo: 
[0.999168642215589, 1.3327495278919148, 2.7201847476508245, 2.4199139107706156, 0.0012733698004226128, 0.7091821259359137, 0.6402187192678053, 0.30000982087250333, 1, 1, 4, 3, 1.8081715538581873, 1.5015548548100814, 2.017793722075121]
APTIDAO: 
24.740738272126272
GEN: 9500
Individuo: 
[0.999168642215589, 1.3327495278919148, 2.7201847476508245, 2.4199139107706156, 0.0042370707427802955, 0.7091821259359137, 0.6402187192678053, 0.30000982087250333, 1, 1, 4, 3, 1.8081715538581873, 1.5015548548100814, 2.017793722075121]
APTIDAO: 
24.732986354733733
GEN: 9600
Individuo: 
[0.999168642215589, 1.3327495278919148, 2.7201847476508245, 2.4199139107706156, 0.0042370707427802955, 0.7091821259359137, 0.6402187192678053, 0.30000982087250333, 1, 1, 4, 3, 1.8081715538581873, 1.5015548548100814, 2.017793722075121]
APTIDAO: 
24.732986354733733
GEN: 9700
Individuo: 
[0.999168642215589, 1.3327495278919148, 2.7201847476508245, 2.4199139107706156, 0.004234999408640223, 0.7091821259359137, 0.6402187192678053, 0.30000982087250333, 1, 1, 4, 3, 1.8081715538581873, 1.5015548548100814, 2.017793722075121]
APTIDAO: 
24.732984207612354
GEN: 9800
Individuo: 
[0.999168642215589, 1.3327495278919148, 2.7201847476508245, 2.4199139107706156, 0.0036739696933828256, 0.7091821259359137, 0.6404168205074176, 0.30000982087250333, 1, 1, 4, 3, 1.8081715538581873, 1.5015548548100814, 2.017793722075121]
APTIDAO: 
24.726803683711346
GEN: 9900
Individuo: 
[0.999168642215589, 1.3327495278919148, 2.7201847476508245, 2.4199139107706156, 0.003864509784932916, 0.7091821259359137, 0.6404168205074176, 0.3011951821187503, 1, 1, 4, 3, 1.8081715538581873, 1.5015548548100814, 2.017793722075121]
APTIDAO: 
24.721406716323667
GEN: 10000
Individuo: 
[0.999168642215589, 1.3327495278919148, 2.7201847476508245, 2.4199139107706156, 0.0022464043129438653, 0.7091821259359137, 0.6447510650647462, 0.3011951821187503, 6, 1, 4, 3, 1.8081715538581873, 1.5015548548100814, 2.017793722075121]
APTIDAO: 
24.637333746679733

--- RESULTADO FINAL ---
Erro (norma-1): 24.637333746679733
Parâmetros: [0.999168642215589, 1.3327495278919148, 2.7201847476508245, 2.4199139107706156, 0.0022464043129438653, 0.7091821259359137, 0.6447510650647462, 0.3011951821187503, 6, 1, 4, 3, 1.8081715538581873, 1.5015548548100814, 2.017793722075121]
Tempo total: 00h 44m 40s
