SEED: 1779165469
METODO: ABCD_Hill
IND_SIZE: 22
GEN: 0
Individuo: 
[3.5099613211001284, 0.5689649168332103, 3.147361300703423, 4.3670001377761105, 0.7353001023183202, 0.38828823966412, 0.4168155105334043, 0.9390692595999445, 0.6198342110526958, 0.7434221958669913, 0.6238095647718988, 0.865322783641758, 0.14436004294863727, 3.099363181358449, 3.169638976776172, 2.3336028561148376, 4.807569886269891, 4.824231642793299, 1.3735286172805825, 1.3961311077719154, 4.416516968844923, 3.9282139707959116]
APTIDAO: 
133.01586698449034
GEN: 100
Individuo: 
[4.287163810188346, 1.507139910956581, 3.8712465335295683, 0.651769760170126, 0.8712683507161237, 0.31518597324999065, 0.8075936280170056, 0.0482483882913185, 0.2891165307040088, 0.8034809899302525, 0.5537007099204432, 0.8650198421131664, 0.4721936973623217, 1.9996321992907327, 3.1924340518455834, 1.1619448020614231, 1.9860920898565626, 4.929279784454394, 4.109138669599232, 1.8619008400767072, 3.0410495428207964, 2.6925301709727085]
APTIDAO: 
48.40220452984287
GEN: 200
Individuo: 
[3.2586533304772205, 1.507139910956581, 3.773099221742625, 0.6981242411842216, 0.8712683507161237, 0.31518597324999065, 0.8075936280170056, 0.0482483882913185, 0.2891165307040088, 0.8034809899302525, 0.5537007099204432, 0.906520640535166, 0.4721936973623217, 1.9996321992907327, 3.1924340518455834, 1.1619448020614231, 1.7538386813197502, 4.929279784454394, 4.109138669599232, 1.8619008400767072, 4.749485224089813, 2.6925301709727085]
APTIDAO: 
47.63153119449663
GEN: 300
Individuo: 
[3.392651950283619, 1.2242309908441178, 3.773099221742625, 0.8308508351406076, 0.4333232989150226, 0.31518597324999065, 0.9224912443808503, 0.00104194743698698, 0.2891165307040088, 0.8034809899302525, 0.4320839285635575, 0.906520640535166, 0.635887996818287, 1.9996321992907327, 3.1924340518455834, 3.4551822466297493, 4.355994725610958, 4.6693730183877085, 4.109138669599232, 3.288085552557809, 4.868668389757046, 1.8609241223257886]
APTIDAO: 
45.32050037382953
GEN: 400
Individuo: 
[3.8083310364554506, 1.2242309908441178, 4.506779324230329, 0.7191295478818165, 0.4333232989150226, 0.31518597324999065, 0.9224912443808503, 0.0017108393296805273, 0.2891165307040088, 0.8034809899302525, 0.4320839285635575, 0.906520640535166, 0.635887996818287, 1.9996321992907327, 3.1924340518455834, 3.3469332540835666, 4.788290689941775, 4.6693730183877085, 4.122913406317681, 3.288085552557809, 4.885936605069834, 1.8609241223257886]
APTIDAO: 
44.902160603764884
GEN: 500
Individuo: 
[3.8656026147945015, 1.2242309908441178, 4.288803986021563, 0.6785631279985581, 0.4333232989150226, 0.31518597324999065, 0.9224912443808503, 0.0010127672072528593, 0.2891165307040088, 0.8034809899302525, 0.4320839285635575, 0.906520640535166, 0.635887996818287, 1.9996321992907327, 3.1924340518455834, 3.3606436579066234, 4.574798331874648, 4.6693730183877085, 4.122913406317681, 3.288085552557809, 4.885936605069834, 1.8609241223257886]
APTIDAO: 
44.85521154939815
GEN: 600
Individuo: 
[3.8656026147945015, 1.2242309908441178, 4.240991979112236, 0.6780277149517705, 0.4333232989150226, 0.31518597324999065, 0.9224912443808503, 0.0010012767344214585, 0.2891165307040088, 0.8034809899302525, 0.4320839285635575, 0.906520640535166, 0.635887996818287, 1.9996321992907327, 3.1924340518455834, 3.3606436579066234, 4.7334383670337905, 4.6693730183877085, 4.122913406317681, 3.288085552557809, 4.885936605069834, 1.8609241223257886]
APTIDAO: 
44.854439718597526
GEN: 700
Individuo: 
[3.8656026147945015, 1.2242309908441178, 4.240991979112236, 0.637383850211436, 0.4333232989150226, 0.31518597324999065, 0.9224912443808503, 0.0010012767344214585, 0.2891165307040088, 0.8034809899302525, 0.4320839285635575, 0.906520640535166, 0.635887996818287, 1.9996321992907327, 3.1924340518455834, 3.3606436579066234, 4.911893066879542, 4.6693730183877085, 4.122913406317681, 3.288085552557809, 4.885936605069834, 1.8609241223257886]
APTIDAO: 
44.845479325361254
GEN: 800
Individuo: 
[3.8656026147945015, 1.2710515178269652, 4.240991979112236, 0.6198328605575512, 0.4333232989150226, 0.31518597324999065, 0.9224912443808503, 0.0010012767344214585, 0.2891165307040088, 0.8034809899302525, 0.4320839285635575, 0.906520640535166, 0.635887996818287, 1.9996321992907327, 3.1924340518455834, 3.3606436579066234, 4.746432689723842, 4.6693730183877085, 4.122913406317681, 3.288085552557809, 4.885936605069834, 1.8609241223257886]
APTIDAO: 
44.8359094177333
GEN: 900
Individuo: 
[3.9612862993970035, 1.2710515178269652, 4.240991979112236, 0.6198328605575512, 0.4333232989150226, 0.31518597324999065, 0.9224912443808503, 0.0010012767344214585, 0.2891165307040088, 0.8034809899302525, 0.4320839285635575, 0.906520640535166, 0.635887996818287, 1.9996321992907327, 3.1924340518455834, 3.3606436579066234, 4.888997423616927, 4.6693730183877085, 4.122913406317681, 3.288085552557809, 4.885936605069834, 1.8609241223257886]
APTIDAO: 
44.8313311787119
GEN: 1000
Individuo: 
[3.9612862993970035, 1.2710515178269652, 4.2349728935038575, 0.6098031288447423, 0.4333232989150226, 0.31518597324999065, 0.9224912443808503, 0.0011392122992694032, 0.2891165307040088, 0.8034809899302525, 0.4320839285635575, 0.906520640535166, 0.635887996818287, 1.9996321992907327, 3.1924340518455834, 3.3606436579066234, 4.978190516153953, 4.6693730183877085, 4.122913406317681, 3.288085552557809, 4.885936605069834, 1.8609241223257886]
APTIDAO: 
44.827121569313334
GEN: 1100
Individuo: 
[3.9612862993970035, 1.2710515178269652, 4.2349728935038575, 0.6000577043846248, 0.4333232989150226, 0.31518597324999065, 0.9224912443808503, 0.0010675730858440745, 0.2891165307040088, 0.8034809899302525, 0.4320839285635575, 0.906520640535166, 0.635887996818287, 1.9996321992907327, 3.1924340518455834, 3.3606436579066234, 4.978190516153953, 4.6693730183877085, 4.122913406317681, 3.288085552557809, 4.885936605069834, 1.8609241223257886]
APTIDAO: 
44.82305200642871
GEN: 1200
Individuo: 
[3.9612862993970035, 1.2710515178269652, 4.2349728935038575, 0.6000577043846248, 0.4333232989150226, 0.31518597324999065, 0.9224912443808503, 0.0010022987779873267, 0.2891165307040088, 0.8034809899302525, 0.4320839285635575, 0.906520640535166, 0.635887996818287, 1.9996321992907327, 3.1924340518455834, 3.3606436579066234, 4.992568120852062, 4.6693730183877085, 4.122913406317681, 3.288085552557809, 4.885936605069834, 1.8609241223257886]
APTIDAO: 
44.82296914058653
GEN: 1300
Individuo: 
[3.9612862993970035, 1.268456797534045, 4.2349728935038575, 0.6000577043846248, 0.4333232989150226, 0.31518597324999065, 0.9224912443808503, 0.0010022987779873267, 0.2891165307040088, 0.8034809899302525, 0.4320839285635575, 0.906520640535166, 0.635887996818287, 1.9996321992907327, 3.1924340518455834, 3.3606436579066234, 4.992568120852062, 4.6693730183877085, 4.122913406317681, 3.288085552557809, 4.885936605069834, 1.8609241223257886]
APTIDAO: 
44.822824534019475
GEN: 1400
Individuo: 
[3.9612862993970035, 1.268456797534045, 4.2349728935038575, 0.6000577043846248, 0.4333232989150226, 0.31518597324999065, 0.9224912443808503, 0.0010011005983642939, 0.2891165307040088, 0.8034809899302525, 0.4320839285635575, 0.906520640535166, 0.635887996818287, 1.9996321992907327, 3.1924340518455834, 3.3606436579066234, 4.992568120852062, 4.6693730183877085, 4.122913406317681, 3.288085552557809, 4.885936605069834, 1.8609241223257886]
APTIDAO: 
44.822823023387386
GEN: 1500
Individuo: 
[3.9612862993970035, 1.268456797534045, 4.2349728935038575, 0.5906490151681385, 0.4333232989150226, 0.31518597324999065, 0.9224912443808503, 0.0010011005983642939, 0.2891165307040088, 0.8034809899302525, 0.4320839285635575, 0.906520640535166, 0.635887996818287, 1.9996321992907327, 3.1924340518455834, 3.3606436579066234, 4.992568120852062, 4.6693730183877085, 4.122913406317681, 3.288085552557809, 4.885936605069834, 1.8609241223257886]
APTIDAO: 
44.81985018494079
GEN: 1600
Individuo: 
[3.9612862993970035, 1.268456797534045, 4.2349728935038575, 0.5906490151681385, 0.4333232989150226, 0.31518597324999065, 0.9224912443808503, 0.0010011005983642939, 0.2891165307040088, 0.8034809899302525, 0.4320839285635575, 0.906520640535166, 0.635887996818287, 1.9996321992907327, 3.1924340518455834, 3.3606436579066234, 4.992568120852062, 4.6693730183877085, 4.122913406317681, 3.288085552557809, 4.885936605069834, 1.8609241223257886]
APTIDAO: 
44.81985018494079
GEN: 1700
Individuo: 
[3.7484972151322955, 1.268456797534045, 4.2349728935038575, 0.5906490151681385, 0.4333232989150226, 0.31518597324999065, 0.9224912443808503, 0.0010011005983642939, 0.2891165307040088, 0.8034809899302525, 0.4316683379970297, 0.906520640535166, 0.9355195328076374, 1.9996321992907327, 3.1924340518455834, 3.3606436579066234, 4.992568120852062, 4.6693730183877085, 4.122913406317681, 3.3024222747382352, 4.885936605069834, 1.282861368329407]
APTIDAO: 
44.24037871921915
GEN: 1800
Individuo: 
[3.7484972151322955, 1.3855912829430628, 4.136858463088446, 0.36481825518671596, 0.4333232989150226, 0.31518597324999065, 0.9224912443808503, 0.0010011005983642939, 0.2891165307040088, 0.8034809899302525, 0.42973113437524285, 0.8451345950661681, 0.9355195328076374, 1.9996321992907327, 3.1924340518455834, 3.4360835496925395, 4.981913695468235, 4.409253909629532, 4.125419912550918, 3.3024222747382352, 4.951524854221143, 3.4849560925290803]
APTIDAO: 
43.83507362764705
GEN: 1900
Individuo: 
[3.126532472177278, 1.3855912829430628, 4.871765894108959, 0.48271007951528794, 0.4333232989150226, 0.31518597324999065, 0.9796531903964923, 0.0011074202112150847, 0.2891165307040088, 0.8034809899302525, 0.42973113437524285, 0.8451345950661681, 0.9795483540000761, 1.9996321992907327, 3.1924340518455834, 3.4360835496925395, 3.9487272932198434, 4.409253909629532, 4.125419912550918, 3.3024222747382352, 4.951524854221143, 4.910727869540773]
APTIDAO: 
41.87841856975941
GEN: 2000
Individuo: 
[3.126532472177278, 1.2957926476265107, 4.871765894108959, 0.4716516193041953, 0.4291087924882142, 0.31518597324999065, 0.9892509628470283, 0.0011633030642973117, 0.2891165307040088, 0.8034809899302525, 0.42973113437524285, 0.8451345950661681, 0.9795483540000761, 2.0163437508748028, 3.1735098908890738, 3.618522700689438, 2.8196384861503923, 3.576616837517193, 2.7654966105084866, 4.56703475588809, 4.821711186467149, 4.910727869540773]
APTIDAO: 
41.29584454313416
GEN: 2100
Individuo: 
[3.126532472177278, 1.231544410510816, 4.871765894108959, 0.5044230965813618, 0.4291087924882142, 0.31518597324999065, 0.9892509628470283, 0.0010099271613303814, 0.2891165307040088, 0.8034809899302525, 0.42973113437524285, 0.8451345950661681, 0.9879465734314493, 2.0163437508748028, 3.151529886123571, 3.618522700689438, 4.315413791831804, 3.9624254174623528, 2.7654966105084866, 4.595100616362094, 4.821711186467149, 4.910727869540773]
APTIDAO: 
41.15635573247209
GEN: 2200
Individuo: 
[3.078075484906961, 1.2456611218233686, 4.871765894108959, 0.48351069430858784, 0.4291087924882142, 0.31518597324999065, 0.9892509628470283, 0.0013035958439470497, 0.2891165307040088, 0.8034809899302525, 0.42973113437524285, 0.8451345950661681, 0.9895579464126921, 2.008649756729893, 3.151529886123571, 3.618522700689438, 4.748447836280952, 3.9624254174623528, 2.7654966105084866, 4.595100616362094, 4.821711186467149, 4.991349451789646]
APTIDAO: 
41.091762000397715
GEN: 2300
Individuo: 
[3.078075484906961, 1.2456611218233686, 4.871765894108959, 0.48351069430858784, 0.4291087924882142, 0.31518597324999065, 0.9892509628470283, 0.0017785825893699458, 0.2891165307040088, 0.8034809899302525, 0.42973113437524285, 0.8451345950661681, 0.9965398441065444, 2.008649756729893, 3.151529886123571, 3.618522700689438, 4.596289856052119, 3.9624254174623528, 2.7654966105084866, 4.595100616362094, 4.821711186467149, 4.991349451789646]
APTIDAO: 
41.05986301270322
GEN: 2400
Individuo: 
[3.078075484906961, 1.2456611218233686, 4.871765894108959, 0.48351069430858784, 0.4291087924882142, 0.31518597324999065, 0.9841335168794638, 0.0010041026015037066, 0.2891165307040088, 0.8034809899302525, 0.42973113437524285, 0.8451345950661681, 0.9965398441065444, 2.008649756729893, 3.151529886123571, 3.618522700689438, 3.544859784302724, 3.9624254174623528, 2.7654966105084866, 4.595100616362094, 4.821711186467149, 4.991349451789646]
APTIDAO: 
41.04551869087179
GEN: 2500
Individuo: 
[3.0435563786303477, 1.2456611218233686, 4.869214080506415, 0.48351069430858784, 0.4291087924882142, 0.31518597324999065, 0.9841335168794638, 0.0010041026015037066, 0.2891165307040088, 0.8034809899302525, 0.42973113437524285, 0.8451345950661681, 0.9965398441065444, 2.008649756729893, 3.151529886123571, 3.618522700689438, 4.860735631480417, 3.9624254174623528, 2.7654966105084866, 4.595100616362094, 4.821711186467149, 4.991349451789646]
APTIDAO: 
41.040970760578574
GEN: 2600
Individuo: 
[3.0435563786303477, 1.281639379380149, 4.855067478677282, 0.48351069430858784, 0.4291087924882142, 0.31518597324999065, 0.9841335168794638, 0.0010008931964274807, 0.2891165307040088, 0.8034809899302525, 0.42973113437524285, 0.8451345950661681, 0.9965398441065444, 2.008649756729893, 3.151529886123571, 3.618522700689438, 4.860735631480417, 3.9624254174623528, 2.7654966105084866, 4.595100616362094, 4.821711186467149, 4.991349451789646]
APTIDAO: 
41.03242322177165
GEN: 2700
Individuo: 
[3.0435563786303477, 1.281639379380149, 4.855067478677282, 0.48351069430858784, 0.4291087924882142, 0.31518597324999065, 0.9841335168794638, 0.0010008931964274807, 0.2891165307040088, 0.8034809899302525, 0.42973113437524285, 0.8451345950661681, 0.9965398441065444, 2.008649756729893, 3.151529886123571, 3.618522700689438, 4.860735631480417, 3.9624254174623528, 2.7654966105084866, 4.595100616362094, 4.821711186467149, 4.991349451789646]
APTIDAO: 
41.03242322177165
GEN: 2800
Individuo: 
[3.033610806754503, 1.281639379380149, 4.855067478677282, 0.48676759702187156, 0.4291087924882142, 0.31518597324999065, 0.9841335168794638, 0.0010008931964274807, 0.2891165307040088, 0.8034809899302525, 0.42973113437524285, 0.8451345950661681, 0.9965398441065444, 2.008649756729893, 3.151529886123571, 3.618522700689438, 4.917424951294146, 3.9624254174623528, 2.7654966105084866, 4.618759349446084, 4.821711186467149, 4.991349451789646]
APTIDAO: 
41.02221887426763
GEN: 2900
Individuo: 
[3.033610806754503, 1.281639379380149, 4.855067478677282, 0.48676759702187156, 0.4291087924882142, 0.31518597324999065, 0.9841335168794638, 0.0010008931964274807, 0.2891165307040088, 0.8034809899302525, 0.42973113437524285, 0.8451345950661681, 0.9965398441065444, 2.008649756729893, 3.151529886123571, 3.618522700689438, 4.984214421062165, 3.9624254174623528, 2.7654966105084866, 4.618759349446084, 4.821711186467149, 4.991349451789646]
APTIDAO: 
41.02219420108234
GEN: 3000
Individuo: 
[3.033610806754503, 1.281639379380149, 4.855067478677282, 0.48676759702187156, 0.4291087924882142, 0.31518597324999065, 0.9840708245322227, 0.0010008931964274807, 0.2891165307040088, 0.8034809899302525, 0.42973113437524285, 0.8451345950661681, 0.9984877908773184, 2.008649756729893, 3.151529886123571, 3.618522700689438, 4.984214421062165, 3.9624254174623528, 2.7654966105084866, 4.618759349446084, 4.821711186467149, 4.991349451789646]
APTIDAO: 
41.012725230969714
GEN: 3100
Individuo: 
[3.033610806754503, 1.281639379380149, 4.855067478677282, 0.48676759702187156, 0.4291087924882142, 0.31518597324999065, 0.9840708245322227, 0.0010008931964274807, 0.2891165307040088, 0.8034809899302525, 0.42973113437524285, 0.8451345950661681, 0.9984877908773184, 2.008649756729893, 3.151529886123571, 3.618522700689438, 4.984214421062165, 3.9400474346517678, 2.7654966105084866, 4.618759349446084, 4.821711186467149, 4.991349451789646]
APTIDAO: 
41.01176596189394
GEN: 3200
Individuo: 
[3.033610806754503, 1.281639379380149, 4.855067478677282, 0.48676759702187156, 0.4291087924882142, 0.31518597324999065, 0.9840708245322227, 0.0010008931964274807, 0.2891165307040088, 0.8034809899302525, 0.42973113437524285, 0.8451345950661681, 0.9984877908773184, 2.008649756729893, 3.151529886123571, 3.618522700689438, 4.984214421062165, 3.9400474346517678, 2.7654966105084866, 4.618759349446084, 4.821711186467149, 4.991349451789646]
APTIDAO: 
41.01176596189394
GEN: 3300
Individuo: 
[3.033610806754503, 1.281639379380149, 4.855067478677282, 0.48676759702187156, 0.4291087924882142, 0.31518597324999065, 0.9840708245322227, 0.0010008931964274807, 0.2891165307040088, 0.8034809899302525, 0.42973113437524285, 0.8451345950661681, 0.9984877908773184, 2.008649756729893, 3.151529886123571, 3.6349143277886897, 4.12111078744041, 3.908860159248447, 2.7654966105084866, 4.618759349446084, 4.821711186467149, 4.991349451789646]
APTIDAO: 
41.008989799924954
GEN: 3400
Individuo: 
[3.033610806754503, 1.281639379380149, 4.855067478677282, 0.48676759702187156, 0.4291087924882142, 0.31518597324999065, 0.9840708245322227, 0.0010008931964274807, 0.2891165307040088, 0.8035126575595808, 0.42973113437524285, 0.8451345950661681, 0.9984877908773184, 2.008649756729893, 3.151529886123571, 3.6349143277886897, 4.996344910976925, 3.9400474346517678, 2.7654966105084866, 4.618759349446084, 4.821711186467149, 4.991349451789646]
APTIDAO: 
41.00980931286873
GEN: 3500
Individuo: 
[3.033610806754503, 1.281639379380149, 4.855067478677282, 0.48886168139675257, 0.4291087924882142, 0.31518597324999065, 0.9840708245322227, 0.0010008931964274807, 0.2891165307040088, 0.8035126575595808, 0.42973113437524285, 0.8451345950661681, 0.9984877908773184, 2.008649756729893, 3.151529886123571, 3.6349143277886897, 4.996344910976925, 3.9400474346517678, 2.7654966105084866, 4.618759349446084, 4.821711186467149, 4.991349451789646]
APTIDAO: 
41.00903725684286
GEN: 3600
Individuo: 
[3.033610806754503, 1.281639379380149, 4.854480317190997, 0.48886168139675257, 0.4291087924882142, 0.31518597324999065, 0.9840708245322227, 0.0010008931964274807, 0.2891165307040088, 0.8035126575595808, 0.42973113437524285, 0.8451345950661681, 0.9984877908773184, 2.008649756729893, 3.151529886123571, 3.6349143277886897, 4.996344910976925, 3.9400474346517678, 2.7654966105084866, 4.618759349446084, 4.821711186467149, 4.991349451789646]
APTIDAO: 
41.00894610789816
GEN: 3700
Individuo: 
[3.033610806754503, 1.281639379380149, 4.854480317190997, 0.48886168139675257, 0.4291087924882142, 0.31518597324999065, 0.9840708245322227, 0.0010008931964274807, 0.2891165307040088, 0.8035126575595808, 0.42973113437524285, 0.8451345950661681, 0.9984877908773184, 2.008649756729893, 3.151529886123571, 3.6349143277886897, 4.996344910976925, 3.9400474346517678, 2.7654966105084866, 4.618759349446084, 4.821711186467149, 4.991349451789646]
APTIDAO: 
41.00894610789816
GEN: 3800
Individuo: 
[3.033610806754503, 1.281639379380149, 4.854480317190997, 0.48886168139675257, 0.4291087924882142, 0.31518597324999065, 0.9840708245322227, 0.0010008931964274807, 0.2891165307040088, 0.8035126575595808, 0.42973113437524285, 0.8451345950661681, 0.9984877908773184, 2.008649756729893, 3.151529886123571, 3.6349143277886897, 4.996344910976925, 3.9400474346517678, 2.7654966105084866, 4.618759349446084, 4.821711186467149, 4.991349451789646]
APTIDAO: 
41.00894610789816
GEN: 3900
Individuo: 
[3.033610806754503, 1.281639379380149, 4.854480317190997, 0.48886168139675257, 0.4291087924882142, 0.31518597324999065, 0.9840708245322227, 0.0010008931964274807, 0.2891165307040088, 0.8035126575595808, 0.42973113437524285, 0.8451345950661681, 0.9984877908773184, 2.008649756729893, 3.151529886123571, 3.6444120668937066, 4.996344910976925, 3.9122096020888377, 2.7654966105084866, 4.618759349446084, 4.821711186467149, 4.991349451789646]
APTIDAO: 
41.005461024076155
GEN: 4000
Individuo: 
[3.0309406659065057, 1.281639379380149, 4.854480317190997, 0.48886168139675257, 0.4291087924882142, 0.31518597324999065, 0.9840708245322227, 0.0010008931964274807, 0.2891165307040088, 0.8035126575595808, 0.42973113437524285, 0.8451345950661681, 0.9984877908773184, 2.008649756729893, 3.151529886123571, 3.6444120668937066, 4.996344910976925, 3.914235916957269, 2.7654966105084866, 4.618759349446084, 4.821711186467149, 4.991349451789646]
APTIDAO: 
41.005011318361355
GEN: 4100
Individuo: 
[3.0309406659065057, 1.281639379380149, 4.854480317190997, 0.48886168139675257, 0.4291087924882142, 0.31518597324999065, 0.9840708245322227, 0.0010008931964274807, 0.2891165307040088, 0.8035126575595808, 0.42973113437524285, 0.8451345950661681, 0.9984877908773184, 2.008649756729893, 3.151529886123571, 3.6444120668937066, 4.996344910976925, 3.914235916957269, 2.7654966105084866, 4.618759349446084, 4.821711186467149, 4.991349451789646]
APTIDAO: 
41.005011318361355
GEN: 4200
Individuo: 
[3.0309406659065057, 1.281639379380149, 4.854480317190997, 0.48886168139675257, 0.4291087924882142, 0.31518597324999065, 0.9840708245322227, 0.0010008931964274807, 0.2891165307040088, 0.8035126575595808, 0.42973113437524285, 0.8451345950661681, 0.9984877908773184, 2.008649756729893, 3.151529886123571, 3.6444120668937066, 4.996344910976925, 3.914235916957269, 2.7654966105084866, 4.618759349446084, 4.821711186467149, 4.991349451789646]
APTIDAO: 
41.005011318361355
GEN: 4300
Individuo: 
[3.0309406659065057, 1.281639379380149, 4.854480317190997, 0.48886168139675257, 0.4291087924882142, 0.31518597324999065, 0.9840708245322227, 0.0010008931964274807, 0.2891165307040088, 0.8056794708198202, 0.42973113437524285, 0.8451345950661681, 0.9984877908773184, 2.008649756729893, 3.151529886123571, 3.6444120668937066, 4.996344910976925, 3.914235916957269, 2.7654966105084866, 4.61963405155173, 4.821711186467149, 4.991349451789646]
APTIDAO: 
40.999701862434485
GEN: 4400
Individuo: 
[3.0309406659065057, 1.281639379380149, 4.854480317190997, 0.48886168139675257, 0.4291087924882142, 0.31518597324999065, 0.9840708245322227, 0.0010008931964274807, 0.2891165307040088, 0.8056794708198202, 0.42973113437524285, 0.8451345950661681, 0.9984877908773184, 2.008649756729893, 3.151529886123571, 3.6444120668937066, 4.996344910976925, 3.8991641274679383, 2.7654966105084866, 4.663767873006742, 4.821711186467149, 4.991349451789646]
APTIDAO: 
40.994202171681984
GEN: 4500
Individuo: 
[3.0309406659065057, 1.281639379380149, 4.861251666700392, 0.48886168139675257, 0.4291087924882142, 0.31518597324999065, 0.9840708245322227, 0.0010008931964274807, 0.2891165307040088, 0.8056794708198202, 0.42973113437524285, 0.8451345950661681, 0.9984877908773184, 2.008649756729893, 3.151529886123571, 3.6444120668937066, 4.996344910976925, 3.8991641274679383, 2.7654966105084866, 4.663767873006742, 4.821711186467149, 4.991349451789646]
APTIDAO: 
40.99332555177664
GEN: 4600
Individuo: 
[3.0309406659065057, 1.281639379380149, 4.861251666700392, 0.48886168139675257, 0.4291087924882142, 0.31518597324999065, 0.9840708245322227, 0.0010008931964274807, 0.2891165307040088, 0.8056794708198202, 0.42973113437524285, 0.8451345950661681, 0.9984877908773184, 2.008649756729893, 3.151529886123571, 3.6444120668937066, 4.996344910976925, 3.8991641274679383, 2.762050864640302, 4.663767873006742, 4.821711186467149, 4.991349451789646]
APTIDAO: 
40.99179039570974
GEN: 4700
Individuo: 
[3.0309406659065057, 1.281639379380149, 4.861251666700392, 0.48886168139675257, 0.4291087924882142, 0.31518597324999065, 0.9840708245322227, 0.0010008931964274807, 0.2891165307040088, 0.8069423878502754, 0.42973113437524285, 0.8451345950661681, 0.9984877908773184, 2.008649756729893, 3.151529886123571, 3.6444120668937066, 4.996344910976925, 3.8991641274679383, 2.762050864640302, 4.663767873006742, 4.821711186467149, 4.991349451789646]
APTIDAO: 
40.98648818915124
GEN: 4800
Individuo: 
[3.0309406659065057, 1.281639379380149, 4.861251666700392, 0.48886168139675257, 0.4291087924882142, 0.31518597324999065, 0.9840708245322227, 0.0010008931964274807, 0.2891165307040088, 0.8069423878502754, 0.42973113437524285, 0.8451345950661681, 0.9984877908773184, 2.008649756729893, 3.151529886123571, 3.6444120668937066, 4.996344910976925, 3.8991641274679383, 2.762050864640302, 4.663767873006742, 4.821711186467149, 4.991349451789646]
APTIDAO: 
40.98648818915124
GEN: 4900
Individuo: 
[3.0309406659065057, 1.281639379380149, 4.861251666700392, 0.48886168139675257, 0.4291087924882142, 0.31518597324999065, 0.9840708245322227, 0.0010008931964274807, 0.2891165307040088, 0.8069423878502754, 0.42973113437524285, 0.8451345950661681, 0.9984877908773184, 2.008649756729893, 3.151529886123571, 3.6444120668937066, 4.996344910976925, 3.8991641274679383, 2.762050864640302, 4.663767873006742, 4.821711186467149, 4.991349451789646]
APTIDAO: 
40.98648818915124
GEN: 5000
Individuo: 
[3.0309406659065057, 1.281639379380149, 4.861251666700392, 0.48886168139675257, 0.4291087924882142, 0.31518597324999065, 0.9840708245322227, 0.0010008931964274807, 0.2891165307040088, 0.8069423878502754, 0.42973113437524285, 0.8451345950661681, 0.9984877908773184, 2.008649756729893, 3.151529886123571, 3.6444120668937066, 4.996344910976925, 3.8991641274679383, 2.762050864640302, 4.681581610884829, 4.821711186467149, 4.991349451789646]
APTIDAO: 
40.98577322967603
GEN: 5100
Individuo: 
[3.0309406659065057, 1.281639379380149, 4.861251666700392, 0.48886168139675257, 0.4291087924882142, 0.31518597324999065, 0.9840708245322227, 0.0010008931964274807, 0.2891165307040088, 0.8069423878502754, 0.42973113437524285, 0.8451345950661681, 0.9984877908773184, 2.008649756729893, 3.151529886123571, 3.6444120668937066, 4.996344910976925, 3.8991641274679383, 2.762050864640302, 4.681581610884829, 4.821711186467149, 4.991349451789646]
APTIDAO: 
40.98577322967603
GEN: 5200
Individuo: 
[3.0309406659065057, 1.281639379380149, 4.861251666700392, 0.48886168139675257, 0.4291087924882142, 0.31518597324999065, 0.9840708245322227, 0.0010008931964274807, 0.2891165307040088, 0.8069423878502754, 0.42973113437524285, 0.8451345950661681, 0.9984877908773184, 2.008649756729893, 3.151529886123571, 3.6444120668937066, 4.996344910976925, 3.8991641274679383, 2.762050864640302, 4.681581610884829, 4.821711186467149, 4.991349451789646]
APTIDAO: 
40.98577322967603
GEN: 5300
Individuo: 
[3.0309406659065057, 1.281639379380149, 4.861251666700392, 0.48886168139675257, 0.4291087924882142, 0.31518597324999065, 0.9840708245322227, 0.0010008931964274807, 0.2891165307040088, 0.8069423878502754, 0.42973113437524285, 0.8451345950661681, 0.9984877908773184, 2.008649756729893, 3.151529886123571, 3.6444120668937066, 4.996344910976925, 3.915698710034087, 2.762050864640302, 4.681581610884829, 4.821711186467149, 4.991349451789646]
APTIDAO: 
40.985643015840374
GEN: 5400
Individuo: 
[3.0309406659065057, 1.281639379380149, 4.861251666700392, 0.48767161487120714, 0.4291087924882142, 0.31518597324999065, 0.9840708245322227, 0.0010008931964274807, 0.2891165307040088, 0.8091391839692634, 0.42973113437524285, 0.8451345950661681, 0.9984877908773184, 2.008649756729893, 3.151529886123571, 3.6444120668937066, 4.996344910976925, 3.915698710034087, 2.762050864640302, 4.681581610884829, 4.821711186467149, 4.991349451789646]
APTIDAO: 
40.98183443453164
GEN: 5500
Individuo: 
[3.024832890130037, 1.292287699534501, 4.865388439232161, 0.48767161487120714, 0.4291087924882142, 0.31518597324999065, 0.9840708245322227, 0.0010008931964274807, 0.2891165307040088, 0.8091391839692634, 0.42973113437524285, 0.8451345950661681, 0.9984877908773184, 2.008649756729893, 3.151529886123571, 3.6444120668937066, 4.996344910976925, 3.915698710034087, 2.762050864640302, 4.681581610884829, 4.821711186467149, 4.991349451789646]
APTIDAO: 
40.979638446683225
GEN: 5600
Individuo: 
[3.024832890130037, 1.292287699534501, 4.879032364416951, 0.48767161487120714, 0.4291087924882142, 0.31518597324999065, 0.9840708245322227, 0.0010008931964274807, 0.2891165307040088, 0.8091391839692634, 0.42973113437524285, 0.8451345950661681, 0.9984877908773184, 2.008649756729893, 3.151529886123571, 3.6444120668937066, 4.997986845856514, 3.915698710034087, 2.762050864640302, 4.681581610884829, 4.821711186467149, 4.991349451789646]
APTIDAO: 
40.97852109865016
GEN: 5700
Individuo: 
[3.0206372127189423, 1.292287699534501, 4.879032364416951, 0.4879060215769369, 0.4291087924882142, 0.31518597324999065, 0.9840708245322227, 0.0010008931964274807, 0.2891165307040088, 0.8091391839692634, 0.42973113437524285, 0.8451345950661681, 0.9984877908773184, 2.008649756729893, 3.151529886123571, 3.6444120668937066, 4.997986845856514, 3.915698710034087, 2.762050864640302, 4.687194499282292, 4.821711186467149, 4.991349451789646]
APTIDAO: 
40.975398372754746
GEN: 5800
Individuo: 
[3.0206372127189423, 1.292287699534501, 4.879032364416951, 0.4879060215769369, 0.4291087924882142, 0.31518597324999065, 0.9840708245322227, 0.0010008931964274807, 0.2891165307040088, 0.8091391839692634, 0.42973113437524285, 0.8451345950661681, 0.9986680633857709, 2.008649756729893, 3.151529886123571, 3.64533787757044, 4.997986845856514, 3.915698710034087, 2.762050864640302, 4.687194499282292, 4.821711186467149, 4.991349451789646]
APTIDAO: 
40.97422709543984
GEN: 5900
Individuo: 
[3.0206372127189423, 1.292287699534501, 4.879032364416951, 0.4879060215769369, 0.4291087924882142, 0.31518597324999065, 0.9840708245322227, 0.0010008931964274807, 0.2891165307040088, 0.8091391839692634, 0.42973113437524285, 0.8451345950661681, 0.9986680633857709, 2.008649756729893, 3.151529886123571, 3.64533787757044, 4.997986845856514, 3.915698710034087, 2.762050864640302, 4.687194499282292, 4.821711186467149, 4.991349451789646]
APTIDAO: 
40.97422709543984
GEN: 6000
Individuo: 
[3.0206372127189423, 1.292287699534501, 4.879032364416951, 0.4879060215769369, 0.4291087924882142, 0.31518597324999065, 0.9840708245322227, 0.0010008931964274807, 0.2891165307040088, 0.8091391839692634, 0.42973113437524285, 0.8451345950661681, 0.9986680633857709, 2.008649756729893, 3.151529886123571, 3.64533787757044, 4.997986845856514, 3.915698710034087, 2.762050864640302, 4.687194499282292, 4.821711186467149, 4.991349451789646]
APTIDAO: 
40.97422709543984
GEN: 6100
Individuo: 
[3.0206372127189423, 1.3014965928765365, 4.879032364416951, 0.4879060215769369, 0.4291087924882142, 0.31518597324999065, 0.9840708245322227, 0.0010008931964274807, 0.2891165307040088, 0.8091391839692634, 0.42973113437524285, 0.8451345950661681, 0.9986680633857709, 2.008649756729893, 3.151529886123571, 3.64533787757044, 4.997986845856514, 3.915698710034087, 2.762050864640302, 4.687194499282292, 4.821711186467149, 4.991349451789646]
APTIDAO: 
40.97406809970165
GEN: 6200
Individuo: 
[3.0206372127189423, 1.3014965928765365, 4.879032364416951, 0.4879060215769369, 0.4291087924882142, 0.31518597324999065, 0.9840708245322227, 0.0010768876966562172, 0.2891165307040088, 0.8091391839692634, 0.42973113437524285, 0.8451345950661681, 0.9986680633857709, 2.008649756729893, 3.151529886123571, 3.64533787757044, 4.997986845856514, 3.915698710034087, 2.762050864640302, 4.687194499282292, 4.821711186467149, 4.991349451789646]
APTIDAO: 
40.975068590348926
GEN: 6300
Individuo: 
[3.0206372127189423, 1.3014965928765365, 4.879032364416951, 0.4879060215769369, 0.4291087924882142, 0.31518597324999065, 0.9840708245322227, 0.0010609336285695309, 0.2891165307040088, 0.8091391839692634, 0.42973113437524285, 0.8451345950661681, 0.9986680633857709, 2.008649756729893, 3.151529886123571, 3.64533787757044, 4.997986845856514, 3.915698710034087, 2.762050864640302, 4.687194499282292, 4.821711186467149, 4.991349451789646]
APTIDAO: 
40.97485947400469
GEN: 6400
Individuo: 
[3.01512919100105, 1.3014965928765365, 4.879032364416951, 0.4879060215769369, 0.4291087924882142, 0.31518597324999065, 0.9840708245322227, 0.0010609336285695309, 0.2891165307040088, 0.8091391839692634, 0.42973113437524285, 0.8451345950661681, 0.9986680633857709, 2.008649756729893, 3.151529886123571, 3.64533787757044, 2.319053855868322, 3.915698710034087, 2.7673592452838154, 4.687194499282292, 4.821711186467149, 4.991349451789646]
APTIDAO: 
40.97752601291134
GEN: 6500
Individuo: 
[3.01512919100105, 1.3014965928765365, 4.879032364416951, 0.4879060215769369, 0.4291087924882142, 0.31518597324999065, 0.9840708245322227, 0.0010426415770337085, 0.2891165307040088, 0.8091391839692634, 0.42973113437524285, 0.8451345950661681, 0.9986680633857709, 2.008649756729893, 3.151529886123571, 3.650668427104984, 3.884515047306139, 3.915698710034087, 2.7673592452838154, 4.687194499282292, 4.821711186467149, 4.991349451789646]
APTIDAO: 
40.97367470281219
GEN: 6600
Individuo: 
[3.01512919100105, 1.3014965928765365, 4.879032364416951, 0.4879060215769369, 0.4291087924882142, 0.31518597324999065, 0.9840708245322227, 0.0010426415770337085, 0.2891165307040088, 0.8091391839692634, 0.42973113437524285, 0.8451345950661681, 0.9986680633857709, 2.008649756729893, 3.151529886123571, 3.647964303382348, 4.5235226964720905, 3.915698710034087, 2.7673592452838154, 4.687194499282292, 4.821711186467149, 4.991349451789646]
APTIDAO: 
40.972872295741745
GEN: 6700
Individuo: 
[3.01512919100105, 1.3014965928765365, 4.879032364416951, 0.4879060215769369, 0.4291087924882142, 0.31518597324999065, 0.9840708245322227, 0.0010426415770337085, 0.2891165307040088, 0.8091391839692634, 0.42973113437524285, 0.8451345950661681, 0.9986680633857709, 2.008649756729893, 3.151529886123571, 3.647964303382348, 4.938683205160173, 3.915698710034087, 2.7673592452838154, 4.687194499282292, 4.821711186467149, 4.991349451789646]
APTIDAO: 
40.97268469519243
GEN: 6800
Individuo: 
[3.01512919100105, 1.3014965928765365, 4.879032364416951, 0.4879060215769369, 0.4291087924882142, 0.31518597324999065, 0.9840708245322227, 0.0010260995995857397, 0.2891165307040088, 0.8091391839692634, 0.42973113437524285, 0.8451345950661681, 0.9986680633857709, 2.008649756729893, 3.151529886123571, 3.647964303382348, 4.938683205160173, 3.915698710034087, 2.7673592452838154, 4.708781803833119, 4.821711186467149, 4.991349451789646]
APTIDAO: 
40.969213891866204
GEN: 6900
Individuo: 
[3.01512919100105, 1.3014965928765365, 4.879032364416951, 0.4879060215769369, 0.4291087924882142, 0.31518597324999065, 0.9840708245322227, 0.0010260995995857397, 0.2891165307040088, 0.8091391839692634, 0.42973113437524285, 0.8451345950661681, 0.9986680633857709, 2.008649756729893, 3.151529886123571, 3.647964303382348, 4.938683205160173, 3.915698710034087, 2.7673592452838154, 4.708781803833119, 4.821711186467149, 4.991349451789646]
APTIDAO: 
40.969213891866204
GEN: 7000
Individuo: 
[3.01512919100105, 1.3014965928765365, 4.879032364416951, 0.4879060215769369, 0.4291087924882142, 0.31518597324999065, 0.9840708245322227, 0.0010081309561087843, 0.2891165307040088, 0.8091391839692634, 0.42973113437524285, 0.8451345950661681, 0.9986680633857709, 2.008649756729893, 3.151529886123571, 3.647964303382348, 4.938683205160173, 3.915698710034087, 2.7673592452838154, 4.708781803833119, 4.821711186467149, 4.991349451789646]
APTIDAO: 
40.968975318182444
GEN: 7100
Individuo: 
[3.01512919100105, 1.3014965928765365, 4.879032364416951, 0.4879060215769369, 0.4291087924882142, 0.31518597324999065, 0.9840708245322227, 0.0010081309561087843, 0.2891165307040088, 0.8091391839692634, 0.42973113437524285, 0.8451345950661681, 0.9986680633857709, 2.008649756729893, 3.151529886123571, 3.647964303382348, 4.938683205160173, 3.915698710034087, 2.740621044896663, 4.708781803833119, 4.821711186467149, 4.991349451789646]
APTIDAO: 
40.967575037988766
GEN: 7200
Individuo: 
[3.01512919100105, 1.3014965928765365, 4.879032364416951, 0.4879060215769369, 0.4291087924882142, 0.31518597324999065, 0.9840708245322227, 0.0010081309561087843, 0.2891165307040088, 0.8091391839692634, 0.42973113437524285, 0.8451345950661681, 0.9986680633857709, 2.008649756729893, 3.151529886123571, 3.647964303382348, 4.938683205160173, 3.915698710034087, 2.740621044896663, 4.708781803833119, 4.821711186467149, 4.991349451789646]
APTIDAO: 
40.967575037988766
GEN: 7300
Individuo: 
[3.01512919100105, 1.3014965928765365, 4.879032364416951, 0.4879060215769369, 0.4291087924882142, 0.31518597324999065, 0.9840708245322227, 0.0010081309561087843, 0.2891165307040088, 0.8091391839692634, 0.42973113437524285, 0.8451345950661681, 0.9986680633857709, 2.008649756729893, 3.151529886123571, 3.647964303382348, 4.938683205160173, 3.915698710034087, 2.740621044896663, 4.708781803833119, 4.821711186467149, 4.991349451789646]
APTIDAO: 
40.967575037988766
GEN: 7400
Individuo: 
[3.01512919100105, 1.3014965928765365, 4.879032364416951, 0.4879060215769369, 0.4291087924882142, 0.31518597324999065, 0.9840708245322227, 0.0010081309561087843, 0.2891165307040088, 0.8091391839692634, 0.42973113437524285, 0.8451345950661681, 0.9986680633857709, 2.008649756729893, 3.151529886123571, 3.647964303382348, 4.938683205160173, 3.915698710034087, 2.740621044896663, 4.708781803833119, 4.821711186467149, 4.991349451789646]
APTIDAO: 
40.967575037988766
GEN: 7500
Individuo: 
[3.0148178468668623, 1.3014965928765365, 4.879032364416951, 0.4879060215769369, 0.4291087924882142, 0.31518597324999065, 0.9830600017995071, 0.0010081309561087843, 0.2891165307040088, 0.8091391839692634, 0.42973113437524285, 0.8451345950661681, 0.9986680633857709, 2.008649756729893, 3.151529886123571, 3.647964303382348, 4.938683205160173, 3.915698710034087, 2.740621044896663, 4.708781803833119, 4.821711186467149, 4.991349451789646]
APTIDAO: 
40.9674704359146
GEN: 7600
Individuo: 
[3.0148178468668623, 1.3014965928765365, 4.879032364416951, 0.4879060215769369, 0.4291087924882142, 0.31518597324999065, 0.9830600017995071, 0.0010081309561087843, 0.2891165307040088, 0.8091391839692634, 0.42973113437524285, 0.8451345950661681, 0.9986680633857709, 2.008649756729893, 3.151529886123571, 3.647964303382348, 4.939217236786813, 3.915698710034087, 2.740621044896663, 4.708781803833119, 4.821711186467149, 4.991349451789646]
APTIDAO: 
40.967470236534815
GEN: 7700
Individuo: 
[3.0148178468668623, 1.3014965928765365, 4.879032364416951, 0.4879060215769369, 0.4291087924882142, 0.31518597324999065, 0.9830600017995071, 0.0010081309561087843, 0.2891165307040088, 0.8091391839692634, 0.42973113437524285, 0.8451345950661681, 0.9986680633857709, 2.008649756729893, 3.151529886123571, 3.647964303382348, 4.939217236786813, 3.915698710034087, 2.740621044896663, 4.708781803833119, 4.821711186467149, 4.991349451789646]
APTIDAO: 
40.967470236534815
GEN: 7800
Individuo: 
[3.0148178468668623, 1.3014965928765365, 4.879032364416951, 0.4879060215769369, 0.4291087924882142, 0.31518597324999065, 0.9830600017995071, 0.0010081309561087843, 0.2891165307040088, 0.8091391839692634, 0.42973113437524285, 0.8451345950661681, 0.9986680633857709, 2.008649756729893, 3.151529886123571, 3.647964303382348, 4.939217236786813, 3.915698710034087, 2.740621044896663, 4.708781803833119, 4.821711186467149, 4.991349451789646]
APTIDAO: 
40.967470236534815
GEN: 7900
Individuo: 
[3.0148178468668623, 1.2974367751043658, 4.879032364416951, 0.4879060215769369, 0.4291087924882142, 0.31518597324999065, 0.9830600017995071, 0.0010062136493242879, 0.2891165307040088, 0.8091391839692634, 0.42973113437524285, 0.8451345950661681, 0.9986680633857709, 2.008649756729893, 3.151529886123571, 3.647964303382348, 4.939217236786813, 3.915698710034087, 2.740621044896663, 4.729259470591012, 4.821711186467149, 4.991349451789646]
APTIDAO: 
40.9618082629525
GEN: 8000
Individuo: 
[3.0148178468668623, 1.2974367751043658, 4.879032364416951, 0.4879060215769369, 0.4291087924882142, 0.31518597324999065, 0.9830600017995071, 0.0010062136493242879, 0.2891165307040088, 0.8091391839692634, 0.42973113437524285, 0.8451345950661681, 0.9986680633857709, 2.008649756729893, 3.151529886123571, 3.647964303382348, 4.939217236786813, 3.915698710034087, 2.740621044896663, 4.729259470591012, 4.821711186467149, 4.991349451789646]
APTIDAO: 
40.9618082629525
GEN: 8100
Individuo: 
[3.0148178468668623, 1.2974367751043658, 4.879032364416951, 0.4879060215769369, 0.4291087924882142, 0.31518597324999065, 0.9830600017995071, 0.0010062136493242879, 0.2891165307040088, 0.8091391839692634, 0.42973113437524285, 0.8451345950661681, 0.9986680633857709, 2.008649756729893, 3.1518909180125005, 3.647964303382348, 4.939217236786813, 3.915698710034087, 2.740621044896663, 4.729259470591012, 4.821711186467149, 4.991349451789646]
APTIDAO: 
40.96174464925887
GEN: 8200
Individuo: 
[3.0148178468668623, 1.2974367751043658, 4.879032364416951, 0.4879060215769369, 0.4291087924882142, 0.31518597324999065, 0.9830600017995071, 0.0010062136493242879, 0.2891165307040088, 0.8091391839692634, 0.42973113437524285, 0.8451345950661681, 0.9986680633857709, 2.008649756729893, 3.1518909180125005, 3.647964303382348, 4.968922431836556, 3.915698710034087, 2.740621044896663, 4.729259470591012, 4.821711186467149, 4.991349451789646]
APTIDAO: 
40.96173336406269
GEN: 8300
Individuo: 
[3.0148178468668623, 1.2974367751043658, 4.879032364416951, 0.4879060215769369, 0.4291087924882142, 0.31518597324999065, 0.9830600017995071, 0.001085159086123333, 0.2891165307040088, 0.8091391839692634, 0.42973113437524285, 0.8451345950661681, 0.9986680633857709, 2.008649756729893, 3.1518909180125005, 3.647964303382348, 4.968922431836556, 3.915698710034087, 2.740621044896663, 4.729259470591012, 4.821711186467149, 4.991349451789646]
APTIDAO: 
40.96278018658625
GEN: 8400
Individuo: 
[3.0148178468668623, 1.2974367751043658, 4.879032364416951, 0.4879060215769369, 0.4291087924882142, 0.31518597324999065, 0.9830600017995071, 0.0010267106065512703, 0.2891165307040088, 0.8091391839692634, 0.42973113437524285, 0.8451345950661681, 0.9986680633857709, 2.008649756729893, 3.1518909180125005, 3.647964303382348, 4.968922431836556, 3.915698710034087, 2.740621044896663, 4.729259470591012, 4.821711186467149, 4.991349451789646]
APTIDAO: 
40.962005088077746
GEN: 8500
Individuo: 
[3.0116274616797067, 1.3084047482050034, 4.879032364416951, 0.4879060215769369, 0.4291087924882142, 0.31518597324999065, 0.9830600017995071, 0.001006079111462236, 0.2891165307040088, 0.8091391839692634, 0.42973113437524285, 0.8451345950661681, 0.9986680633857709, 2.008649756729893, 3.1518909180125005, 3.647964303382348, 4.968922431836556, 3.915698710034087, 2.6832699394786244, 4.754275202634929, 4.821711186467149, 4.991349451789646]
APTIDAO: 
40.958124173914484
GEN: 8600
Individuo: 
[3.0116274616797067, 1.3084047482050034, 4.879032364416951, 0.4879060215769369, 0.4291087924882142, 0.31518597324999065, 0.9830600017995071, 0.001006079111462236, 0.2891165307040088, 0.8091391839692634, 0.42973113437524285, 0.8451345950661681, 0.9986680633857709, 2.008649756729893, 3.1518909180125005, 3.647964303382348, 4.968922431836556, 3.915698710034087, 2.716166151607626, 4.754275202634929, 4.821711186467149, 4.991349451789646]
APTIDAO: 
40.95616973410956
GEN: 8700
Individuo: 
[3.0116274616797067, 1.3084047482050034, 4.879032364416951, 0.4879060215769369, 0.4291087924882142, 0.31518597324999065, 0.9830600017995071, 0.0010003128732968018, 0.2891165307040088, 0.8091391839692634, 0.42973113437524285, 0.8451345950661681, 0.9986680633857709, 2.008649756729893, 3.1518909180125005, 3.647964303382348, 4.968922431836556, 3.915698710034087, 2.716166151607626, 4.754275202634929, 4.821711186467149, 4.991349451789646]
APTIDAO: 
40.95610492177028
GEN: 8800
Individuo: 
[3.0116274616797067, 1.3084047482050034, 4.879032364416951, 0.4879060215769369, 0.4291087924882142, 0.31518597324999065, 0.9830600017995071, 0.0010003128732968018, 0.2891165307040088, 0.8091391839692634, 0.42973113437524285, 0.8451345950661681, 0.9986680633857709, 2.008649756729893, 3.1518909180125005, 3.647964303382348, 4.980975997686054, 3.915698710034087, 2.716166151607626, 4.754275202634929, 4.821711186467149, 4.991349451789646]
APTIDAO: 
40.956101261105424
GEN: 8900
Individuo: 
[2.994962419561407, 1.3273145146210064, 4.879032364416951, 0.4879060215769369, 0.4291087924882142, 0.31518597324999065, 0.9830600017995071, 0.001034451469704449, 0.2891165307040088, 0.8091391839692634, 0.42973113437524285, 0.8451345950661681, 0.9986680633857709, 2.008649756729893, 3.1518909180125005, 3.647964303382348, 4.980975997686054, 3.915698710034087, 2.716166151607626, 4.754275202634929, 4.821711186467149, 4.991349451789646]
APTIDAO: 
40.9527468693368
GEN: 9000
Individuo: 
[2.994962419561407, 1.3273145146210064, 4.879032364416951, 0.4879060215769369, 0.4291087924882142, 0.31518597324999065, 0.9830600017995071, 0.0010103712717084276, 0.2891165307040088, 0.8091391839692634, 0.42973113437524285, 0.8451345950661681, 0.9986680633857709, 2.008649756729893, 3.1518909180125005, 3.647964303382348, 4.980975997686054, 3.915698710034087, 2.716166151607626, 4.754275202634929, 4.821711186467149, 4.991349451789646]
APTIDAO: 
40.95242947650996
GEN: 9100
Individuo: 
[2.994962419561407, 1.3219383314446795, 4.879032364416951, 0.4879060215769369, 0.4291087924882142, 0.31518597324999065, 0.9830600017995071, 0.0010007151646872678, 0.2891165307040088, 0.8091391839692634, 0.42973113437524285, 0.8451345950661681, 0.9986680633857709, 2.008649756729893, 3.1518909180125005, 3.647964303382348, 4.980975997686054, 3.915698710034087, 2.716166151607626, 4.754275202634929, 4.821711186467149, 4.991349451789646]
APTIDAO: 
40.95226935781701
GEN: 9200
Individuo: 
[2.994962419561407, 1.3219383314446795, 4.874667237238133, 0.4879060215769369, 0.4291087924882142, 0.31518597324999065, 0.9830600017995071, 0.0010007151646872678, 0.2891165307040088, 0.8091391839692634, 0.42973113437524285, 0.8451345950661681, 0.9986680633857709, 2.008649756729893, 3.1518909180125005, 3.647964303382348, 4.980975997686054, 3.915698710034087, 2.716166151607626, 4.754275202634929, 4.821711186467149, 4.991349451789646]
APTIDAO: 
40.95170848912894
GEN: 9300
Individuo: 
[2.994962419561407, 1.3219383314446795, 4.874667237238133, 0.4879060215769369, 0.4291087924882142, 0.31518597324999065, 0.9830600017995071, 0.0010007151646872678, 0.2891165307040088, 0.8091391839692634, 0.42973113437524285, 0.8451345950661681, 0.9986680633857709, 2.008649756729893, 3.1518909180125005, 3.647964303382348, 4.980975997686054, 3.915698710034087, 2.716166151607626, 4.754275202634929, 4.821711186467149, 4.991349451789646]
APTIDAO: 
40.95170848912894
GEN: 9400
Individuo: 
[2.994962419561407, 1.3219383314446795, 4.874667237238133, 0.4879060215769369, 0.4291087924882142, 0.31518597324999065, 0.9830600017995071, 0.0010007151646872678, 0.2891165307040088, 0.8091391839692634, 0.42973113437524285, 0.8451345950661681, 0.9986680633857709, 2.008649756729893, 3.1518909180125005, 3.647964303382348, 4.980975997686054, 3.915698710034087, 2.716166151607626, 4.754275202634929, 4.821711186467149, 4.991349451789646]
APTIDAO: 
40.95170848912894
GEN: 9500
Individuo: 
[2.994962419561407, 1.3219383314446795, 4.874667237238133, 0.4879060215769369, 0.4291087924882142, 0.31518597324999065, 0.9830600017995071, 0.0010007151646872678, 0.2891165307040088, 0.8091391839692634, 0.42973113437524285, 0.8451345950661681, 0.9986680633857709, 2.008649756729893, 3.1518909180125005, 3.647964303382348, 4.980975997686054, 3.915698710034087, 2.716166151607626, 4.754275202634929, 4.821711186467149, 4.991349451789646]
APTIDAO: 
40.95170848912894
GEN: 9600
Individuo: 
[2.994962419561407, 1.3219383314446795, 4.874667237238133, 0.4879060215769369, 0.4291087924882142, 0.31518597324999065, 0.9830600017995071, 0.0010007151646872678, 0.2891165307040088, 0.8091391839692634, 0.42973113437524285, 0.8451345950661681, 0.9986680633857709, 2.008649756729893, 3.1518909180125005, 3.647964303382348, 4.980975997686054, 3.915698710034087, 2.716166151607626, 4.754275202634929, 4.821711186467149, 4.991349451789646]
APTIDAO: 
40.95170848912894
GEN: 9700
Individuo: 
[2.994962419561407, 1.3219383314446795, 4.874667237238133, 0.4879060215769369, 0.4291087924882142, 0.31518597324999065, 0.9830600017995071, 0.0010007151646872678, 0.2891165307040088, 0.8091391839692634, 0.42973113437524285, 0.8451345950661681, 0.9986680633857709, 2.008649756729893, 3.1518909180125005, 3.647964303382348, 4.980975997686054, 3.915698710034087, 2.716166151607626, 4.754275202634929, 4.821711186467149, 4.991349451789646]
APTIDAO: 
40.95170848912894
GEN: 9800
Individuo: 
[2.994962419561407, 1.3219383314446795, 4.874667237238133, 0.4879060215769369, 0.4291087924882142, 0.31518597324999065, 0.9830600017995071, 0.0010007151646872678, 0.2891165307040088, 0.8091391839692634, 0.42973113437524285, 0.8451345950661681, 0.9986680633857709, 2.008649756729893, 3.1518909180125005, 3.647964303382348, 4.980975997686054, 3.915698710034087, 2.70013174562986, 4.754275202634929, 4.821711186467149, 4.991349451789646]
APTIDAO: 
40.95153350796862
GEN: 9900
Individuo: 
[2.994962419561407, 1.3219383314446795, 4.874667237238133, 0.4879060215769369, 0.4291087924882142, 0.31518597324999065, 0.9830600017995071, 0.0010007151646872678, 0.2891165307040088, 0.8091391839692634, 0.42973113437524285, 0.8451345950661681, 0.9986680633857709, 2.008649756729893, 3.1518909180125005, 3.647964303382348, 4.980975997686054, 3.915698710034087, 2.70013174562986, 4.754275202634929, 4.821711186467149, 4.991349451789646]
APTIDAO: 
40.95153350796862
GEN: 10000
Individuo: 
[2.994962419561407, 1.3219383314446795, 4.874667237238133, 0.4879060215769369, 0.4291087924882142, 0.31518597324999065, 0.9830600017995071, 0.0010007151646872678, 0.2891165307040088, 0.8091391839692634, 0.42973113437524285, 0.8451345950661681, 0.9986680633857709, 2.008649756729893, 3.1518909180125005, 3.647964303382348, 4.980975997686054, 3.915698710034087, 2.70013174562986, 4.763745709811652, 4.821711186467149, 4.991349451789646]
APTIDAO: 
40.94883585859812

--- RESULTADO FINAL ---
Erro (norma-1): 40.94883585859812
Parâmetros: [2.994962419561407, 1.3219383314446795, 4.874667237238133, 0.4879060215769369, 0.4291087924882142, 0.31518597324999065, 0.9830600017995071, 0.0010007151646872678, 0.2891165307040088, 0.8091391839692634, 0.42973113437524285, 0.8451345950661681, 0.9986680633857709, 2.008649756729893, 3.1518909180125005, 3.647964303382348, 4.980975997686054, 3.915698710034087, 2.70013174562986, 4.763745709811652, 4.821711186467149, 4.991349451789646]
Tempo total: 01h 16m 34s
