SEED: 1779181675
METODO: ABCD_Hill
IND_SIZE: 22
GEN: 0
Individuo: 
[1.54296273269294, 4.902743753411814, 1.7354682562859851, 4.2888756903275125, 0.5446099585393073, 0.4318664345760374, 0.8877270022938007, 0.2691962595550689, 0.5515589098880413, 0.030887552962935178, 0.2691268365058613, 0.3704988224413012, 0.4563881619955007, 2.6692674338778217, 1.1833019725562748, 3.0103535469206393, 3.973637890108265, 1.0003548513714398, 2.2441784942394203, 4.929411483718111, 1.021391137506761, 2.9284825128239773]
APTIDAO: 
105.9606800261013
GEN: 100
Individuo: 
[2.657564286215983, 2.499904852016755, 1.7354682562859851, 1.2093857525428118, 0.5446099585393073, 0.08555731771860303, 0.7306793595855923, 0.37342593912266075, 0.5515589098880413, 0.001946188454991596, 0.2691268365058613, 0.43820005469561213, 0.9572975100365843, 2.9420099947940455, 1.1833019725562748, 3.0103535469206393, 3.4086526955053826, 1.0003548513714398, 3.3902410088567114, 3.8206219647704023, 1.021391137506761, 2.06193017338704]
APTIDAO: 
50.49500438088872
