SEED: 1778719796
METODO: ABCD_Hill
IND_SIZE: 15
GEN: 0
Individuo: 
[1.1989131233624937, 3.164277049142183, 1.736327770616619, 3.3986526680888227, 0.2898539625252068, 0.8109205082858243, 0.9933978089031513, 0.5722873236600006, 9, 5, 3, 6, 4.050061509663173, 8.768415966953206, 1.0806160806937841]
APTIDAO: 
178.24685172468938
GEN: 100
Individuo: 
[1.1989131233624937, 3.8301616823242393, 4.233570445698501, 0.5374170640887157, 0.6402506736527269, 0.8109205082858243, 0.9933978089031513, 0.5722873236600006, 9, 5, 3, 1, 4.179047602963584, 3.646003027381634, 1.0806160806937841]
APTIDAO: 
55.98428561813137
GEN: 200
Individuo: 
[1.1989131233624937, 3.8301616823242393, 4.125582297187022, 0.5374170640887157, 0.6402506736527269, 0.8109205082858243, 0.9933978089031513, 0.5721044939479656, 8, 5, 3, 1, 4.179047602963584, 3.5098680218066747, 1.0806160806937841]
APTIDAO: 
55.50126158780084
GEN: 300
Individuo: 
[1.4175605301543046, 3.8782336990356083, 4.082688043050483, 0.5374170640887157, 0.6683460278657568, 0.8109205082858243, 0.99168216677058, 0.5721044939479656, 8, 5, 3, 1, 4.179047602963584, 3.5098680218066747, 1.0806160806937841]
APTIDAO: 
55.324161246411094
GEN: 400
Individuo: 
[1.0546697111249486, 3.8782336990356083, 3.9470397497798224, 0.5374170640887157, 0.675995106666803, 0.7589052360603405, 0.99168216677058, 0.5731678588142387, 3, 5, 3, 1, 4.179047602963584, 3.5098680218066747, 1.0780402160357767]
APTIDAO: 
53.21386871697462
GEN: 500
Individuo: 
[0.2639905670145487, 3.8782336990356083, 4.039451945832008, 0.5374170640887157, 0.675995106666803, 0.7589052360603405, 0.9787353259874915, 0.3785644785397156, 3, 3, 3, 1, 4.527185702214147, 3.5098680218066747, 1.0780402160357767]
APTIDAO: 
36.739123298255365
GEN: 600
Individuo: 
[0.9713159656850525, 3.8782336990356083, 3.554262300483271, 0.597785438197828, 0.675995106666803, 0.7442552607975174, 0.9787353259874915, 0.3650105372852743, 3, 3, 3, 1, 4.500482569605474, 3.5098680218066747, 1.0780402160357767]
APTIDAO: 
33.17828435586745
GEN: 700
Individuo: 
[1.0670447473415179, 3.8782336990356083, 3.554262300483271, 0.597785438197828, 0.675995106666803, 0.746259375957534, 0.9787353259874915, 0.3650105372852743, 3, 3, 3, 1, 4.500482569605474, 3.5098680218066747, 1.0780402160357767]
APTIDAO: 
33.102498446858235
GEN: 800
Individuo: 
[1.0536287433123943, 3.8782336990356083, 3.554262300483271, 0.597785438197828, 0.6798214591587558, 0.746259375957534, 0.9787353259874915, 0.3603833423097957, 3, 3, 3, 1, 4.563107289167491, 3.5188842206811914, 1.0780402160357767]
APTIDAO: 
32.466898707178466
GEN: 900
Individuo: 
[1.0025651882210693, 3.8782336990356083, 3.574007851877245, 0.597785438197828, 0.6798214591587558, 0.612857004944467, 0.9787353259874915, 0.25352145953641986, 3, 3, 3, 1, 4.563107289167491, 3.5188842206811914, 1.0780402160357767]
APTIDAO: 
23.529443475197027
GEN: 1000
Individuo: 
[1.444226348817187, 3.9925273810303517, 3.574007851877245, 0.5506084582927235, 0.87965205056958, 0.612857004944467, 0.9787353259874915, 0.25352145953641986, 3, 3, 3, 1, 5.955959094553178, 3.5188842206811914, 1.0780402160357767]
APTIDAO: 
21.050576068356555
GEN: 1100
Individuo: 
[1.444226348817187, 4.015217158468352, 3.574007851877245, 0.5506084582927235, 0.8745582774695319, 0.612857004944467, 0.9913929473480253, 0.25352145953641986, 3, 3, 3, 1, 5.960768389367393, 3.5188842206811914, 1.0780402160357767]
APTIDAO: 
20.994475832436816
GEN: 1200
Individuo: 
[1.4089728927538838, 4.015217158468352, 3.574007851877245, 0.5447773766396137, 0.8745582774695319, 0.612857004944467, 0.9913929473480253, 0.25352145953641986, 3, 3, 3, 1, 5.960768389367393, 3.5188842206811914, 1.0780402160357767]
APTIDAO: 
20.94966314053706
GEN: 1300
Individuo: 
[1.4089728927538838, 4.015217158468352, 3.574007851877245, 0.5447773766396137, 0.8745582774695319, 0.612857004944467, 0.9913929473480253, 0.25352145953641986, 3, 3, 3, 1, 5.960768389367393, 3.5188842206811914, 1.0780402160357767]
APTIDAO: 
20.94966314053706
GEN: 1400
Individuo: 
[1.4089728927538838, 4.019664698464058, 3.606581812509265, 0.5406987892680363, 0.8745582774695319, 0.612857004944467, 0.9913929473480253, 0.25352145953641986, 3, 3, 3, 1, 5.960768389367393, 3.5505342548631798, 1.0780402160357767]
APTIDAO: 
20.936966807101452
GEN: 1500
Individuo: 
[1.4089728927538838, 4.036222219688337, 3.606581812509265, 0.5354993486534739, 0.8745582774695319, 0.612857004944467, 0.9913929473480253, 0.25352145953641986, 3, 3, 3, 1, 5.960768389367393, 3.5505342548631798, 1.0780402160357767]
APTIDAO: 
20.92553984260949
GEN: 1600
Individuo: 
[1.425136625773942, 4.036222219688337, 3.624622040015389, 0.5282677046687826, 0.8716135225024884, 0.612857004944467, 0.9913929473480253, 0.25352145953641986, 3, 3, 3, 1, 5.960768389367393, 3.5505342548631798, 1.0780402160357767]
APTIDAO: 
20.91413910008126
GEN: 1700
Individuo: 
[1.425136625773942, 4.036222219688337, 3.6151645851466347, 0.5282677046687826, 0.8716135225024884, 0.612857004944467, 0.9913929473480253, 0.25352145953641986, 3, 3, 3, 1, 5.960768389367393, 3.5505342548631798, 1.0780402160357767]
APTIDAO: 
20.913236326586826
GEN: 1800
Individuo: 
[1.425136625773942, 4.036222219688337, 3.6151645851466347, 0.5282677046687826, 0.8716135225024884, 0.612857004944467, 0.9913929473480253, 0.25352145953641986, 3, 3, 3, 1, 5.960768389367393, 3.5505342548631798, 1.0780402160357767]
APTIDAO: 
20.913236326586826
GEN: 1900
Individuo: 
[1.425136625773942, 4.036222219688337, 3.6151645851466347, 0.5282677046687826, 0.8716135225024884, 0.612857004944467, 0.9913929473480253, 0.2504746606911025, 3, 3, 3, 1, 5.960768389367393, 3.5505342548631798, 1.0780402160357767]
APTIDAO: 
20.905653255061694
GEN: 2000
Individuo: 
[1.425136625773942, 4.036222219688337, 3.6151645851466347, 0.5282677046687826, 0.8716135225024884, 0.6042711067992954, 0.9937739140034293, 0.2504746606911025, 3, 3, 3, 1, 5.960768389367393, 3.5129484783472575, 1.0780402160357767]
APTIDAO: 
20.637740726673385
GEN: 2100
Individuo: 
[1.425136625773942, 4.036222219688337, 3.6151645851466347, 0.5255462549884543, 0.8716135225024884, 0.6042711067992954, 0.9937739140034293, 0.2486787934436891, 3, 3, 3, 1, 5.960768389367393, 3.5129484783472575, 1.0780402160357767]
APTIDAO: 
20.47408696714894
GEN: 2200
Individuo: 
[1.425136625773942, 4.036222219688337, 3.6151645851466347, 0.5255462549884543, 0.8716135225024884, 0.6042711067992954, 0.9937739140034293, 0.2486787934436891, 3, 3, 3, 1, 5.960768389367393, 3.5129484783472575, 1.0780402160357767]
APTIDAO: 
20.47408696714894
GEN: 2300
Individuo: 
[1.425136625773942, 4.036222219688337, 3.6151645851466347, 0.5255462549884543, 0.8716135225024884, 0.6042711067992954, 0.9937739140034293, 0.2486787934436891, 3, 3, 3, 1, 5.960768389367393, 3.5129484783472575, 1.0780402160357767]
APTIDAO: 
20.47408696714894
GEN: 2400
Individuo: 
[1.425136625773942, 4.036222219688337, 3.6151645851466347, 0.5255462549884543, 0.8716135225024884, 0.604192710719054, 0.9937739140034293, 0.2486787934436891, 3, 3, 3, 1, 5.960768389367393, 3.5129484783472575, 1.0780402160357767]
APTIDAO: 
20.471965460384677
GEN: 2500
Individuo: 
[1.425136625773942, 4.036222219688337, 3.6151645851466347, 0.5255462549884543, 0.8716135225024884, 0.604192710719054, 0.9910071723333806, 0.2486787934436891, 3, 3, 3, 1, 5.960768389367393, 3.508314364613381, 1.0780402160357767]
APTIDAO: 
20.4591213877144
GEN: 2600
Individuo: 
[1.425136625773942, 4.036222219688337, 3.6151645851466347, 0.5255462549884543, 0.8716135225024884, 0.604192710719054, 0.9910071723333806, 0.2486787934436891, 3, 3, 3, 1, 5.960768389367393, 3.508314364613381, 1.0780402160357767]
APTIDAO: 
20.4591213877144
GEN: 2700
Individuo: 
[1.425136625773942, 4.036222219688337, 3.617507407078603, 0.5390000550017388, 0.8716135225024884, 0.604192710719054, 0.9910071723333806, 0.24673077020222087, 3, 3, 3, 1, 5.960768389367393, 3.508314364613381, 1.0780402160357767]
APTIDAO: 
20.411181920419484
GEN: 2800
Individuo: 
[1.425136625773942, 4.036222219688337, 3.617507407078603, 0.5341291754976275, 0.8739934087280535, 0.604192710719054, 0.9852414926071296, 0.24673077020222087, 3, 3, 3, 1, 5.960768389367393, 3.508314364613381, 1.0780402160357767]
APTIDAO: 
20.398388400492998
GEN: 2900
Individuo: 
[1.425136625773942, 4.036222219688337, 3.617507407078603, 0.5341291754976275, 0.8739934087280535, 0.604192710719054, 0.9854698787476991, 0.24673077020222087, 3, 3, 3, 1, 5.960768389367393, 3.508314364613381, 1.0780402160357767]
APTIDAO: 
20.39797862049652
GEN: 3000
Individuo: 
[1.425136625773942, 4.036222219688337, 3.8063403759316614, 0.46170187701720966, 0.8739934087280535, 0.5625987225223614, 0.9854698787476991, 0.2173854824189219, 4, 3, 3, 1, 5.965203759687408, 3.508314364613381, 1.0780402160357767]
APTIDAO: 
18.730721706770755
GEN: 3100
Individuo: 
[1.425136625773942, 4.036222219688337, 3.8063403759316614, 0.4552613971460259, 0.8739934087280535, 0.5625987225223614, 0.9854698787476991, 0.2173854824189219, 4, 3, 3, 1, 5.965203759687408, 3.508314364613381, 1.0780402160357767]
APTIDAO: 
18.719124927808835
GEN: 3200
Individuo: 
[1.425136625773942, 4.036222219688337, 3.788030363526566, 0.4552613971460259, 0.8739934087280535, 0.5625987225223614, 0.9854698787476991, 0.2173854824189219, 4, 3, 3, 1, 5.965203759687408, 3.48812493023807, 1.0780402160357767]
APTIDAO: 
18.691778979572387
GEN: 3300
Individuo: 
[1.425136625773942, 4.036222219688337, 3.788030363526566, 0.4552613971460259, 0.8739934087280535, 0.5625987225223614, 0.9897454927490551, 0.2173854824189219, 4, 3, 3, 1, 5.965203759687408, 3.48812493023807, 1.0780402160357767]
APTIDAO: 
18.69029182267338
GEN: 3400
Individuo: 
[1.425136625773942, 4.036222219688337, 3.7735745668286307, 0.4552613971460259, 0.8739934087280535, 0.5625987225223614, 0.9897454927490551, 0.2173854824189219, 4, 3, 3, 1, 5.965203759687408, 3.48812493023807, 1.0780402160357767]
APTIDAO: 
18.680898719520062
GEN: 3500
Individuo: 
[1.425136625773942, 4.036222219688337, 3.7735745668286307, 0.4651405628150309, 0.8739934087280535, 0.5625987225223614, 0.9897454927490551, 0.2173854824189219, 4, 3, 3, 1, 5.965203759687408, 3.48812493023807, 1.0780402160357767]
APTIDAO: 
18.666343926452964
GEN: 3600
Individuo: 
[1.425136625773942, 4.036222219688337, 3.7308121239341796, 0.4651405628150309, 0.8739934087280535, 0.5625987225223614, 0.9897454927490551, 0.2173854824189219, 4, 3, 3, 1, 5.965203759687408, 3.4757403001686735, 1.0780402160357767]
APTIDAO: 
18.643087111504027
GEN: 3700
Individuo: 
[1.420046386301524, 4.036222219688337, 3.7308121239341796, 0.4651405628150309, 0.8739934087280535, 0.5619636146909702, 0.9897454927490551, 0.2173854824189219, 4, 3, 3, 1, 5.965203759687408, 3.4757403001686735, 1.0780402160357767]
APTIDAO: 
18.640627721179026
GEN: 3800
Individuo: 
[1.420046386301524, 4.036222219688337, 3.7308121239341796, 0.4651405628150309, 0.8739934087280535, 0.5619636146909702, 0.9897454927490551, 0.2173854824189219, 4, 3, 3, 1, 5.936101097247612, 3.4757403001686735, 1.0780402160357767]
APTIDAO: 
18.627937819201982
GEN: 3900
Individuo: 
[1.420046386301524, 4.036222219688337, 3.7308121239341796, 0.4651405628150309, 0.8739934087280535, 0.5619636146909702, 0.9897454927490551, 0.2173854824189219, 4, 3, 3, 1, 5.936101097247612, 3.4757403001686735, 1.0780402160357767]
APTIDAO: 
18.627937819201982
GEN: 4000
Individuo: 
[1.420046386301524, 4.036222219688337, 3.7308121239341796, 0.4662131199978025, 0.8739934087280535, 0.5619636146909702, 0.9897454927490551, 0.2173854824189219, 4, 3, 3, 1, 5.936101097247612, 3.4757403001686735, 1.0780402160357767]
APTIDAO: 
18.625812860131006
GEN: 4100
Individuo: 
[1.4070530830147296, 4.0301652803991885, 3.7308121239341796, 0.4662131199978025, 0.8739934087280535, 0.5619636146909702, 0.9897454927490551, 0.2173854824189219, 4, 3, 3, 1, 5.936101097247612, 3.4757403001686735, 1.0780402160357767]
APTIDAO: 
18.62076675204143
GEN: 4200
Individuo: 
[1.407425933786548, 4.0301652803991885, 3.7308121239341796, 0.4662131199978025, 0.8739934087280535, 0.5619636146909702, 0.9897454927490551, 0.2173854824189219, 4, 3, 3, 1, 5.936101097247612, 3.4757403001686735, 1.0780402160357767]
APTIDAO: 
18.62073910886793
GEN: 4300
Individuo: 
[1.407425933786548, 4.0301652803991885, 3.7308121239341796, 0.4662131199978025, 0.8739934087280535, 0.5619636146909702, 0.9897454927490551, 0.2173854824189219, 4, 3, 3, 1, 5.936101097247612, 3.4757403001686735, 1.0783610469226714]
APTIDAO: 
18.620366615629333
GEN: 4400
Individuo: 
[1.407425933786548, 4.0301652803991885, 3.7308121239341796, 0.47529267968161537, 0.8739934087280535, 0.5619636146909702, 0.9897454927490551, 0.2173854824189219, 4, 3, 3, 1, 5.936101097247612, 3.4757403001686735, 1.0783610469226714]
APTIDAO: 
18.607456692842913
GEN: 4500
Individuo: 
[1.407425933786548, 4.0301652803991885, 3.7308121239341796, 0.47529267968161537, 0.8746468502857601, 0.5619636146909702, 0.9897454927490551, 0.2173854824189219, 4, 3, 3, 1, 5.936101097247612, 3.4757403001686735, 1.0783610469226714]
APTIDAO: 
18.604153462303213
GEN: 4600
Individuo: 
[1.407425933786548, 4.0301652803991885, 3.7308121239341796, 0.47529267968161537, 0.8746468502857601, 0.5619636146909702, 0.9897454927490551, 0.2173854824189219, 4, 3, 3, 1, 5.936101097247612, 3.4757403001686735, 1.0783610469226714]
APTIDAO: 
18.604153462303213
GEN: 4700
Individuo: 
[1.4019464102706376, 4.0301652803991885, 3.7308121239341796, 0.47529267968161537, 0.8746468502857601, 0.5619636146909702, 0.9897454927490551, 0.2173854824189219, 4, 3, 3, 1, 5.936101097247612, 3.4757403001686735, 1.0783610469226714]
APTIDAO: 
18.60346025088354
GEN: 4800
Individuo: 
[1.4019464102706376, 4.0301652803991885, 3.7308121239341796, 0.47529267968161537, 0.8776997747195886, 0.5619636146909702, 0.9897454927490551, 0.2173854824189219, 4, 3, 3, 1, 5.936101097247612, 3.4757403001686735, 1.0783610469226714]
APTIDAO: 
18.59792107779451
GEN: 4900
Individuo: 
[1.4019464102706376, 4.0301652803991885, 3.7232779476523965, 0.47529267968161537, 0.8776997747195886, 0.5619636146909702, 0.9897454927490551, 0.2173854824189219, 4, 3, 3, 1, 5.936101097247612, 3.4757403001686735, 1.0783610469226714]
APTIDAO: 
18.59363613754645
GEN: 5000
Individuo: 
[1.4019464102706376, 4.0301652803991885, 3.7019875625844407, 0.47529267968161537, 0.8776997747195886, 0.5619636146909702, 0.9897454927490551, 0.2173854824189219, 4, 3, 3, 1, 5.936101097247612, 3.4757403001686735, 1.0783610469226714]
APTIDAO: 
18.59349217451131
GEN: 5100
Individuo: 
[1.4019464102706376, 4.0301652803991885, 3.7019875625844407, 0.47529267968161537, 0.8776997747195886, 0.5619636146909702, 0.9897454927490551, 0.2173854824189219, 4, 3, 3, 1, 5.936101097247612, 3.4757403001686735, 1.079232874095314]
APTIDAO: 
18.5886936522536
GEN: 5200
Individuo: 
[1.4019464102706376, 4.035245046900012, 3.7019875625844407, 0.47529267968161537, 0.8776997747195886, 0.5619636146909702, 0.9897454927490551, 0.2173854824189219, 4, 3, 3, 1, 5.936101097247612, 3.4757403001686735, 1.079232874095314]
APTIDAO: 
18.588123462223475
GEN: 5300
Individuo: 
[1.4019464102706376, 4.035245046900012, 3.7019875625844407, 0.47529267968161537, 0.8776997747195886, 0.5619636146909702, 0.9897454927490551, 0.2179722424277833, 4, 3, 3, 1, 5.936101097247612, 3.4757403001686735, 1.079232874095314]
APTIDAO: 
18.57548876214866
GEN: 5400
Individuo: 
[1.4019464102706376, 4.035245046900012, 3.7019875625844407, 0.47529267968161537, 0.8776997747195886, 0.5619636146909702, 0.9897454927490551, 0.2179722424277833, 4, 3, 3, 1, 5.896447950271508, 3.485400739623407, 1.079232874095314]
APTIDAO: 
18.572999729145053
GEN: 5500
Individuo: 
[1.4019464102706376, 4.035245046900012, 3.7019875625844407, 0.4819215989897099, 0.8776997747195886, 0.5619636146909702, 0.9897454927490551, 0.2179722424277833, 4, 3, 3, 1, 5.896447950271508, 3.485400739623407, 1.079232874095314]
APTIDAO: 
18.56246067423209
GEN: 5600
Individuo: 
[1.4019464102706376, 4.035245046900012, 3.7019875625844407, 0.4819215989897099, 0.8776997747195886, 0.5619636146909702, 0.9897454927490551, 0.2188766179786233, 4, 3, 3, 1, 5.896447950271508, 3.488546536378197, 1.079232874095314]
APTIDAO: 
18.55008662366837
GEN: 5700
Individuo: 
[1.4019464102706376, 4.035245046900012, 3.7019875625844407, 0.4819215989897099, 0.8776997747195886, 0.5619636146909702, 0.989270309975126, 0.2188766179786233, 4, 3, 3, 1, 5.896447950271508, 3.488546536378197, 1.079232874095314]
APTIDAO: 
18.549926618748415
GEN: 5800
Individuo: 
[1.4019464102706376, 4.035245046900012, 3.7019875625844407, 0.47879736997748523, 0.8776997747195886, 0.5619636146909702, 0.989270309975126, 0.2188766179786233, 4, 3, 3, 1, 5.896447950271508, 3.488546536378197, 1.079232874095314]
APTIDAO: 
18.54807165793323
GEN: 5900
Individuo: 
[1.4019464102706376, 4.035245046900012, 3.690162002886899, 0.47879736997748523, 0.8776997747195886, 0.5619636146909702, 0.989270309975126, 0.2188766179786233, 4, 3, 3, 1, 5.896447950271508, 3.488546536378197, 1.079232874095314]
APTIDAO: 
18.54681460495765
GEN: 6000
Individuo: 
[1.4019464102706376, 4.035245046900012, 3.690162002886899, 0.48310508776465627, 0.8776997747195886, 0.5619636146909702, 0.989270309975126, 0.2188766179786233, 4, 3, 3, 1, 5.896447950271508, 3.488546536378197, 1.079232874095314]
APTIDAO: 
18.543571494726756
GEN: 6100
Individuo: 
[1.4019464102706376, 4.035245046900012, 3.690162002886899, 0.48310508776465627, 0.8776997747195886, 0.5619636146909702, 0.989270309975126, 0.2188766179786233, 4, 3, 3, 1, 5.896447950271508, 3.480719686514751, 1.079232874095314]
APTIDAO: 
18.54343278417534
GEN: 6200
Individuo: 
[1.3850102838899885, 4.035245046900012, 3.690162002886899, 0.48310508776465627, 0.8776997747195886, 0.5615991691309653, 0.989270309975126, 0.2188766179786233, 4, 3, 3, 1, 5.896447950271508, 3.480719686514751, 1.079232874095314]
APTIDAO: 
18.53883750720931
GEN: 6300
Individuo: 
[1.391109914966978, 4.035245046900012, 3.690162002886899, 0.48310508776465627, 0.8776997747195886, 0.5615991691309653, 0.989270309975126, 0.2188766179786233, 4, 3, 3, 1, 5.896447950271508, 3.480719686514751, 1.079232874095314]
APTIDAO: 
18.536765243103595
GEN: 6400
Individuo: 
[1.391109914966978, 4.035245046900012, 3.690162002886899, 0.48310508776465627, 0.8776997747195886, 0.5615991691309653, 0.989270309975126, 0.2188766179786233, 4, 3, 3, 1, 5.893058346507997, 3.480719686514751, 1.079232874095314]
APTIDAO: 
18.534941094864628
GEN: 6500
Individuo: 
[1.391109914966978, 4.035245046900012, 3.690162002886899, 0.48310508776465627, 0.8776997747195886, 0.5615991691309653, 0.989270309975126, 0.2188766179786233, 4, 3, 3, 1, 5.893058346507997, 3.474347849717524, 1.079232874095314]
APTIDAO: 
18.534679366094874
GEN: 6600
Individuo: 
[1.391109914966978, 4.035245046900012, 3.6840579512620923, 0.48310508776465627, 0.8776997747195886, 0.5615991691309653, 0.989270309975126, 0.2188766179786233, 4, 3, 3, 1, 5.893058346507997, 3.474347849717524, 1.079232874095314]
APTIDAO: 
18.53332958502855
GEN: 6700
Individuo: 
[1.391109914966978, 4.035245046900012, 3.6840579512620923, 0.48310508776465627, 0.8795072512346309, 0.5615991691309653, 0.989270309975126, 0.2188766179786233, 4, 3, 3, 1, 5.893058346507997, 3.474347849717524, 1.079232874095314]
APTIDAO: 
18.525532474026285
GEN: 6800
Individuo: 
[1.391109914966978, 4.035245046900012, 3.6840579512620923, 0.48310508776465627, 0.8795072512346309, 0.5615991691309653, 0.989270309975126, 0.2188766179786233, 4, 3, 3, 1, 5.893058346507997, 3.474347849717524, 1.079232874095314]
APTIDAO: 
18.525532474026285
GEN: 6900
Individuo: 
[1.391109914966978, 4.035245046900012, 3.6840579512620923, 0.48310508776465627, 0.8795072512346309, 0.5615991691309653, 0.989270309975126, 0.2188766179786233, 4, 3, 3, 1, 5.893058346507997, 3.474347849717524, 1.079232874095314]
APTIDAO: 
18.525532474026285
GEN: 7000
Individuo: 
[1.391109914966978, 4.035245046900012, 3.6669556573032427, 0.4873987750305878, 0.8795072512346309, 0.5615991691309653, 0.989270309975126, 0.2188766179786233, 4, 3, 3, 1, 5.893058346507997, 3.474347849717524, 1.079232874095314]
APTIDAO: 
18.519314079229215
GEN: 7100
Individuo: 
[1.391109914966978, 4.035245046900012, 3.6669556573032427, 0.4873987750305878, 0.8795072512346309, 0.5615991691309653, 0.989270309975126, 0.2188766179786233, 4, 3, 3, 1, 5.893058346507997, 3.486108070383825, 1.079232874095314]
APTIDAO: 
18.516776953483223
GEN: 7200
Individuo: 
[1.3904896238165763, 4.035245046900012, 3.6669556573032427, 0.4873987750305878, 0.8795072512346309, 0.5615991691309653, 0.989270309975126, 0.2188766179786233, 4, 3, 3, 1, 5.893058346507997, 3.486108070383825, 1.079232874095314]
APTIDAO: 
18.516496727645723
GEN: 7300
Individuo: 
[1.3904896238165763, 4.035245046900012, 3.6669556573032427, 0.4873987750305878, 0.8795072512346309, 0.5615991691309653, 0.989270309975126, 0.2188766179786233, 4, 3, 3, 1, 5.883621772141955, 3.486108070383825, 1.079232874095314]
APTIDAO: 
18.515553615173626
GEN: 7400
Individuo: 
[1.3904896238165763, 4.035245046900012, 3.6669556573032427, 0.4873987750305878, 0.8795072512346309, 0.5615991691309653, 0.989270309975126, 0.2188766179786233, 4, 3, 3, 1, 5.883621772141955, 3.486108070383825, 1.079232874095314]
APTIDAO: 
18.515553615173626
GEN: 7500
Individuo: 
[1.3904896238165763, 4.035245046900012, 3.6669556573032427, 0.4873987750305878, 0.8795072512346309, 0.5615991691309653, 0.989270309975126, 0.2188766179786233, 4, 3, 3, 1, 5.883621772141955, 3.486108070383825, 1.079232874095314]
APTIDAO: 
18.515553615173626
GEN: 7600
Individuo: 
[1.3904896238165763, 4.035245046900012, 3.6669556573032427, 0.4873987750305878, 0.8795072512346309, 0.5615991691309653, 0.989270309975126, 0.2188766179786233, 4, 3, 3, 1, 5.883621772141955, 3.486108070383825, 1.079232874095314]
APTIDAO: 
18.515553615173626
GEN: 7700
Individuo: 
[1.3904896238165763, 4.035245046900012, 3.6669556573032427, 0.4873987750305878, 0.8795072512346309, 0.5615991691309653, 0.989270309975126, 0.2188766179786233, 4, 3, 3, 1, 5.883621772141955, 3.486108070383825, 1.079232874095314]
APTIDAO: 
18.515553615173626
GEN: 7800
Individuo: 
[1.3904896238165763, 4.035245046900012, 3.6669556573032427, 0.4873987750305878, 0.8809863233017363, 0.560075381874803, 0.989270309975126, 0.2188766179786233, 4, 3, 3, 1, 5.868808578148708, 3.486108070383825, 1.079232874095314]
APTIDAO: 
18.485404287931193
GEN: 7900
Individuo: 
[1.3904896238165763, 4.035245046900012, 3.6648694703819165, 0.4873987750305878, 0.8809863233017363, 0.560075381874803, 0.989270309975126, 0.2188766179786233, 4, 3, 3, 1, 5.868808578148708, 3.486108070383825, 1.0789223522796092]
APTIDAO: 
18.48396425266346
GEN: 8000
Individuo: 
[1.3904896238165763, 4.035245046900012, 3.6648694703819165, 0.4873987750305878, 0.8809863233017363, 0.560075381874803, 0.989270309975126, 0.2188766179786233, 4, 3, 3, 1, 5.868808578148708, 3.486108070383825, 1.0789223522796092]
APTIDAO: 
18.48396425266346
GEN: 8100
Individuo: 
[1.3904896238165763, 4.035245046900012, 3.6648694703819165, 0.4873987750305878, 0.8809863233017363, 0.560075381874803, 0.989270309975126, 0.2188766179786233, 4, 3, 3, 1, 5.868808578148708, 3.486108070383825, 1.0789223522796092]
APTIDAO: 
18.48396425266346
GEN: 8200
Individuo: 
[1.3904896238165763, 4.035245046900012, 3.6648694703819165, 0.4873987750305878, 0.8809863233017363, 0.560075381874803, 0.989270309975126, 0.2188766179786233, 4, 3, 3, 1, 5.868808578148708, 3.486108070383825, 1.0789223522796092]
APTIDAO: 
18.48396425266346
GEN: 8300
Individuo: 
[1.3692359662433482, 4.035245046900012, 3.6648694703819165, 0.4873987750305878, 0.8823428038475587, 0.560075381874803, 0.989270309975126, 0.2188766179786233, 4, 3, 3, 1, 5.868808578148708, 3.486108070383825, 1.0789223522796092]
APTIDAO: 
18.472326587200673
GEN: 8400
Individuo: 
[1.3692359662433482, 4.035245046900012, 3.6648694703819165, 0.4873987750305878, 0.8823428038475587, 0.560075381874803, 0.989270309975126, 0.2188766179786233, 4, 3, 3, 1, 5.868808578148708, 3.486108070383825, 1.0789223522796092]
APTIDAO: 
18.472326587200673
GEN: 8500
Individuo: 
[1.3692359662433482, 4.035245046900012, 3.6648694703819165, 0.4873987750305878, 0.8823428038475587, 0.560075381874803, 0.989270309975126, 0.2188766179786233, 4, 3, 3, 1, 5.868808578148708, 3.486108070383825, 1.0789223522796092]
APTIDAO: 
18.472326587200673
GEN: 8600
Individuo: 
[1.3692359662433482, 4.035245046900012, 3.6648694703819165, 0.4873987750305878, 0.8823428038475587, 0.560075381874803, 0.989270309975126, 0.2188766179786233, 4, 3, 3, 1, 5.868808578148708, 3.486108070383825, 1.0789223522796092]
APTIDAO: 
18.472326587200673
GEN: 8700
Individuo: 
[1.3692359662433482, 4.035245046900012, 3.6648694703819165, 0.4873987750305878, 0.8823428038475587, 0.5576453102084276, 0.989270309975126, 0.21809934148446633, 4, 3, 3, 1, 5.868808578148708, 3.486108070383825, 1.078257195966132]
APTIDAO: 
18.447542442964544
GEN: 8800
Individuo: 
[1.3692359662433482, 4.035245046900012, 3.6648694703819165, 0.4873987750305878, 0.8823428038475587, 0.5576453102084276, 0.989270309975126, 0.21809934148446633, 4, 3, 3, 1, 5.841526228540611, 3.486108070383825, 1.078257195966132]
APTIDAO: 
18.43912861940202
GEN: 8900
Individuo: 
[1.3692359662433482, 4.035245046900012, 3.6648694703819165, 0.4873987750305878, 0.8823428038475587, 0.5576453102084276, 0.989270309975126, 0.21809934148446633, 4, 3, 3, 1, 5.841526228540611, 3.486108070383825, 1.078257195966132]
APTIDAO: 
18.43912861940202
GEN: 9000
Individuo: 
[1.3692359662433482, 4.035245046900012, 3.6648694703819165, 0.4873987750305878, 0.8823428038475587, 0.554747891196479, 0.989270309975126, 0.21809934148446633, 4, 3, 3, 1, 5.841526228540611, 3.4678388610762605, 1.078257195966132]
APTIDAO: 
18.415504546261896
GEN: 9100
Individuo: 
[1.3692359662433482, 4.035245046900012, 3.6648694703819165, 0.4873987750305878, 0.8823428038475587, 0.554747891196479, 0.989270309975126, 0.21809934148446633, 4, 3, 3, 1, 5.841526228540611, 3.4678388610762605, 1.0728545957780848]
APTIDAO: 
18.403081096314427
GEN: 9200
Individuo: 
[1.3672998088114139, 4.035245046900012, 3.6648694703819165, 0.4873987750305878, 0.8823428038475587, 0.5512013848015425, 0.989270309975126, 0.21809934148446633, 4, 3, 3, 1, 5.841526228540611, 3.4678388610762605, 1.0728545957780848]
APTIDAO: 
18.401930173765255
GEN: 9300
Individuo: 
[1.3672998088114139, 4.035245046900012, 3.5906993368679427, 0.4904997530151412, 0.88986510677216, 0.5512013848015425, 0.989270309975126, 0.21809934148446633, 4, 3, 3, 1, 5.841526228540611, 3.4678388610762605, 1.0728545957780848]
APTIDAO: 
18.339216975387647
GEN: 9400
Individuo: 
[1.3672998088114139, 4.035245046900012, 3.6114871128657224, 0.49237801619741006, 0.88986510677216, 0.5512013848015425, 0.989270309975126, 0.21809934148446633, 4, 3, 3, 1, 5.841526228540611, 3.4678388610762605, 1.0728545957780848]
APTIDAO: 
18.32948104173163
GEN: 9500
Individuo: 
[1.3672998088114139, 4.035245046900012, 3.6114871128657224, 0.49237801619741006, 0.88986510677216, 0.5512013848015425, 0.9846868223478779, 0.21809934148446633, 4, 3, 3, 1, 5.841526228540611, 3.4678388610762605, 1.0728545957780848]
APTIDAO: 
18.322292500776744
GEN: 9600
Individuo: 
[1.3672998088114139, 4.035245046900012, 3.6091821965242037, 0.5007986489145287, 0.88986510677216, 0.5512013848015425, 0.9846868223478779, 0.21805323422969178, 4, 3, 3, 1, 5.841526228540611, 3.4678388610762605, 1.0728545957780848]
APTIDAO: 
18.308582152216886
GEN: 9700
Individuo: 
[1.3672998088114139, 4.035245046900012, 3.6091821965242037, 0.5007986489145287, 0.88986510677216, 0.5512013848015425, 0.9846868223478779, 0.21805323422969178, 4, 3, 3, 1, 5.841526228540611, 3.4498080842971475, 1.0728545957780848]
APTIDAO: 
18.304863111820815
GEN: 9800
Individuo: 
[1.3672998088114139, 4.035245046900012, 3.6091821965242037, 0.5007986489145287, 0.88986510677216, 0.5512013848015425, 0.9846868223478779, 0.21805323422969178, 4, 3, 3, 1, 5.841526228540611, 3.4498080842971475, 1.0728545957780848]
APTIDAO: 
18.304863111820815
GEN: 9900
Individuo: 
[1.3672998088114139, 4.035245046900012, 3.6091821965242037, 0.5007986489145287, 0.88986510677216, 0.5512013848015425, 0.9846868223478779, 0.21805323422969178, 4, 3, 3, 1, 5.841526228540611, 3.4498080842971475, 1.0728545957780848]
APTIDAO: 
18.304863111820815
GEN: 10000
Individuo: 
[1.3672998088114139, 4.0292820064965085, 3.6091821965242037, 0.5007986489145287, 0.88986510677216, 0.5512013848015425, 0.9835872953908036, 0.21805323422969178, 4, 3, 3, 1, 5.841526228540611, 3.4498080842971475, 1.0728545957780848]
APTIDAO: 
18.302762907862466

--- RESULTADO FINAL ---
Erro (norma-1): 18.302762907862466
Parâmetros: [1.3672998088114139, 4.0292820064965085, 3.6091821965242037, 0.5007986489145287, 0.88986510677216, 0.5512013848015425, 0.9835872953908036, 0.21805323422969178, 4, 3, 3, 1, 5.841526228540611, 3.4498080842971475, 1.0728545957780848]
Tempo total: 00h 42m 30s
