SEED: 1778837425
METODO: ABCD_Hill
IND_SIZE: 15
GEN: 0
Individuo: 
[2.3007688349506505, 1.899832353553218, 0.5452521643895207, 3.018624284623762, 0.0864076790218695, 0.6287314664317558, 0.4988874612791443, 0.010936399832269511, 3, 4, 7, 6, 2.7559323785809737, 3.4706882255105986, 1.8282724968869757]
APTIDAO: 
195.78509398783493
GEN: 100
Individuo: 
[1.008081031194523, 4.352470980765049, 0.16487234946682466, 3.790045737798528, 0.2138205814612708, 0.5510441041162945, 0.9073796954428298, 0.3716525872273111, 1, 2, 2, 4, 2.7559323785809737, 2.0214727494181184, 1.8282724968869757]
APTIDAO: 
37.174472741903394
GEN: 200
Individuo: 
[1.008081031194523, 4.220478201405618, 0.2857032500946638, 3.611601826400491, 0.2138205814612708, 0.5542860555597665, 0.9073796954428298, 0.3627252435148046, 1, 2, 2, 4, 2.657217820586397, 2.0214727494181184, 1.8282724968869757]
APTIDAO: 
35.599727399315654
GEN: 300
Individuo: 
[0.996406199781384, 4.2692499772072665, 0.34219948903688024, 3.5844605831031044, 0.19809485574507182, 0.5542860555597665, 0.9415787954637702, 0.35551434410276034, 1, 2, 2, 4, 2.7421995561089476, 2.0214727494181184, 1.8282724968869757]
APTIDAO: 
34.62507941998036
GEN: 400
Individuo: 
[0.996406199781384, 4.288635772398917, 0.34219948903688024, 3.5844605831031044, 0.20189833116926997, 0.5542860555597665, 0.9415787954637702, 0.35551434410276034, 1, 2, 2, 4, 2.7421995561089476, 2.0214727494181184, 1.8282724968869757]
APTIDAO: 
34.61429086770745
GEN: 500
Individuo: 
[0.996406199781384, 4.288635772398917, 0.34897632857279465, 3.5844605831031044, 0.20189833116926997, 0.5542860555597665, 0.9415787954637702, 0.35551434410276034, 1, 2, 2, 4, 2.7421995561089476, 2.0214727494181184, 1.8282724968869757]
APTIDAO: 
34.61327009578582
GEN: 600
Individuo: 
[0.996406199781384, 4.288635772398917, 0.34897632857279465, 3.4630113021918234, 0.20518076959379233, 0.5542860555597665, 0.9415787954637702, 0.35551434410276034, 1, 2, 2, 4, 2.7421995561089476, 2.0214727494181184, 1.8282724968869757]
APTIDAO: 
34.472869454595326
GEN: 700
Individuo: 
[0.996406199781384, 4.461329639538586, 0.385001109446609, 3.3709987625639517, 0.20518076959379233, 0.5542860555597665, 0.9415787954637702, 0.35551434410276034, 1, 2, 2, 4, 2.7326511300080414, 2.0214727494181184, 1.8282724968869757]
APTIDAO: 
34.12482382402134
GEN: 800
Individuo: 
[0.996406199781384, 4.615133683786118, 0.385001109446609, 3.246319435297371, 0.2148155547926715, 0.5500037314260932, 0.9415787954637702, 0.35551434410276034, 1, 2, 2, 4, 2.7326511300080414, 2.0214727494181184, 1.8282724968869757]
APTIDAO: 
33.79469543751684
GEN: 900
Individuo: 
[0.996406199781384, 4.615133683786118, 0.45794877181486404, 3.0248455321749215, 0.2148155547926715, 0.5500037314260932, 0.9415787954637702, 0.35551434410276034, 1, 2, 2, 4, 2.7326511300080414, 2.0214727494181184, 1.8282724968869757]
APTIDAO: 
33.3538597119642
GEN: 1000
Individuo: 
[0.996406199781384, 4.707610766163521, 0.45794877181486404, 2.9071221147483524, 0.2251055203573963, 0.5500037314260932, 0.9415787954637702, 0.35551434410276034, 1, 2, 2, 4, 2.720534229591081, 2.0214727494181184, 1.8282724968869757]
APTIDAO: 
33.1023874481339
GEN: 1100
Individuo: 
[0.996406199781384, 4.734515278832977, 0.5102530947177051, 2.9071221147483524, 0.21544788782375185, 0.5500037314260932, 0.9415787954637702, 0.35551434410276034, 1, 2, 2, 4, 2.720534229591081, 2.0214727494181184, 1.813060627079984]
APTIDAO: 
32.95716248387975
GEN: 1200
Individuo: 
[0.996406199781384, 4.734515278832977, 0.5102530947177051, 2.886055035373119, 0.21544788782375185, 0.5500037314260932, 0.9353996367397573, 0.35551434410276034, 1, 2, 2, 4, 2.720534229591081, 2.0214727494181184, 1.813060627079984]
APTIDAO: 
32.903487841109914
GEN: 1300
Individuo: 
[0.996406199781384, 4.7905614540196115, 0.4776548497312061, 2.886055035373119, 0.21188270399138923, 0.5500037314260932, 0.9353996367397573, 0.35551434410276034, 1, 2, 2, 4, 2.720534229591081, 2.019749119642726, 1.8111090320713763]
APTIDAO: 
32.82234247809289
GEN: 1400
Individuo: 
[0.996406199781384, 4.903608330532612, 0.4790146285530781, 2.886055035373119, 0.2037571506115208, 0.5500037314260932, 0.9353996367397573, 0.35551434410276034, 1, 2, 2, 4, 2.720534229591081, 2.014590230747018, 1.8111090320713763]
APTIDAO: 
32.7178626258263
GEN: 1500
Individuo: 
[0.996406199781384, 4.903608330532612, 0.4790146285530781, 2.815880509646451, 0.19663985467502215, 0.5500037314260932, 0.9364099078032422, 0.35551434410276034, 1, 2, 2, 4, 2.720534229591081, 2.014590230747018, 1.7997039913673474]
APTIDAO: 
32.55053561167615
GEN: 1600
Individuo: 
[0.996406199781384, 4.903608330532612, 0.4790146285530781, 2.815880509646451, 0.18588198731499345, 0.5500037314260932, 0.9405071218133273, 0.35551434410276034, 1, 2, 2, 4, 2.720534229591081, 2.014590230747018, 1.7782235403565794]
APTIDAO: 
32.52344521391034
GEN: 1700
Individuo: 
[0.996406199781384, 4.903608330532612, 0.48080713521746826, 2.815880509646451, 0.18016679998209514, 0.5500037314260932, 0.9405071218133273, 0.35551434410276034, 1, 2, 2, 4, 2.720534229591081, 2.0083284364267704, 1.7782235403565794]
APTIDAO: 
32.51351752177836
GEN: 1800
Individuo: 
[0.996406199781384, 4.927996285978422, 0.4888685364556934, 2.796595476416961, 0.18016679998209514, 0.5500037314260932, 0.9384388318903446, 0.35551434410276034, 1, 2, 2, 4, 2.720534229591081, 2.0083284364267704, 1.7782235403565794]
APTIDAO: 
32.45138988832099
GEN: 1900
Individuo: 
[0.996406199781384, 4.927996285978422, 0.4888685364556934, 2.796595476416961, 0.17967263975542203, 0.5500037314260932, 0.9384388318903446, 0.35551434410276034, 1, 2, 2, 4, 2.720534229591081, 2.0083284364267704, 1.7782235403565794]
APTIDAO: 
32.451380982265825
GEN: 2000
Individuo: 
[0.996406199781384, 4.971112743914377, 0.4888685364556934, 2.796595476416961, 0.17967263975542203, 0.5500037314260932, 0.9384388318903446, 0.35551434410276034, 1, 2, 2, 4, 2.720534229591081, 2.0083284364267704, 1.7668304935569525]
APTIDAO: 
32.40324995118246
GEN: 2100
Individuo: 
[0.996406199781384, 4.971112743914377, 0.49116160169798295, 2.796595476416961, 0.175519408938681, 0.5500037314260932, 0.9384388318903446, 0.35551434410276034, 1, 2, 2, 4, 2.720534229591081, 2.0083284364267704, 1.7668304935569525]
APTIDAO: 
32.39983726664346
GEN: 2200
Individuo: 
[0.996406199781384, 4.971112743914377, 0.49116160169798295, 2.796595476416961, 0.175519408938681, 0.5500037314260932, 0.9348151721892335, 0.35551434410276034, 1, 2, 2, 4, 2.720534229591081, 2.0083284364267704, 1.7668304935569525]
APTIDAO: 
32.39340901176614
GEN: 2300
Individuo: 
[0.996406199781384, 4.971112743914377, 0.49116160169798295, 2.796595476416961, 0.175519408938681, 0.5500037314260932, 0.9348151721892335, 0.35551434410276034, 1, 2, 2, 4, 2.720534229591081, 1.9883463510625923, 1.7689850943305587]
APTIDAO: 
32.36305336721454
GEN: 2400
Individuo: 
[0.996406199781384, 4.971112743914377, 0.49116160169798295, 2.796595476416961, 0.17080816667213988, 0.5500037314260932, 0.9348151721892335, 0.35551434410276034, 1, 2, 2, 4, 2.720534229591081, 1.9883463510625923, 1.7689850943305587]
APTIDAO: 
32.362771835889035
GEN: 2500
Individuo: 
[0.996406199781384, 4.971112743914377, 0.514701405118757, 2.7178503772558007, 0.16566311072122852, 0.5500037314260932, 0.9348151721892335, 0.35551434410276034, 1, 2, 2, 4, 2.720534229591081, 1.9828569315888291, 1.7689850943305587]
APTIDAO: 
32.29496786849113
GEN: 2600
Individuo: 
[0.996406199781384, 4.98297999906024, 0.5237003986849338, 2.7178503772558007, 0.16566311072122852, 0.5584998962371017, 0.9348151721892335, 0.35551434410276034, 1, 2, 2, 4, 2.720534229591081, 1.9828569315888291, 1.7689850943305587]
APTIDAO: 
32.26702720737106
GEN: 2700
Individuo: 
[0.996406199781384, 4.98297999906024, 0.5219163073301889, 2.7178503772558007, 0.15043121194281625, 0.5584998962371017, 0.9348151721892335, 0.35551434410276034, 1, 2, 2, 4, 2.720534229591081, 1.9828569315888291, 1.7689850943305587]
APTIDAO: 
32.260583427714046
GEN: 2800
Individuo: 
[0.996406199781384, 4.98297999906024, 0.5219163073301889, 2.7178503772558007, 0.15716739880140831, 0.5584998962371017, 0.9348151721892335, 0.35551434410276034, 1, 2, 2, 4, 2.720534229591081, 1.9828569315888291, 1.768098591382262]
APTIDAO: 
32.25180084885146
GEN: 2900
Individuo: 
[0.996406199781384, 4.98297999906024, 0.5219163073301889, 2.7178503772558007, 0.15716739880140831, 0.5591636006057313, 0.9348151721892335, 0.35551434410276034, 1, 2, 2, 4, 2.720534229591081, 1.9828569315888291, 1.768098591382262]
APTIDAO: 
32.25165688782965
GEN: 3000
Individuo: 
[0.996406199781384, 4.993392565961832, 0.5240006707044649, 2.7178503772558007, 0.15716739880140831, 0.5591636006057313, 0.9348151721892335, 0.35551434410276034, 1, 2, 2, 4, 2.720534229591081, 1.9828569315888291, 1.768098591382262]
APTIDAO: 
32.23565270347658
GEN: 3100
Individuo: 
[0.996406199781384, 4.993392565961832, 0.5374152429463599, 2.7178503772558007, 0.04608769736484526, 0.5591636006057313, 0.930410615292608, 0.35551434410276034, 1, 2, 2, 4, 2.4616432511933097, 1.9846995229798108, 1.768098591382262]
APTIDAO: 
32.03205035494989
GEN: 3200
Individuo: 
[0.996406199781384, 4.993392565961832, 0.5374152429463599, 2.7178503772558007, 0.04608769736484526, 0.5591636006057313, 0.930410615292608, 0.3555315068681977, 1, 2, 2, 4, 2.4616432511933097, 1.9846995229798108, 1.768098591382262]
APTIDAO: 
32.031985502600364
GEN: 3300
Individuo: 
[0.996406199781384, 4.99504168175754, 0.5334847178965009, 2.7178503772558007, 0.04540506061540559, 0.5591636006057313, 0.930410615292608, 0.3555315068681977, 1, 2, 2, 4, 2.4616432511933097, 1.9801198049232185, 1.768098591382262]
APTIDAO: 
32.02274377003595
GEN: 3400
Individuo: 
[0.996406199781384, 4.99504168175754, 0.5334847178965009, 2.715586893762869, 0.04540506061540559, 0.5591636006057313, 0.9268197353566124, 0.3555315068681977, 1, 2, 2, 4, 2.4616432511933097, 1.9801198049232185, 1.768098591382262]
APTIDAO: 
32.0059849358023
GEN: 3500
Individuo: 
[0.996406199781384, 4.99504168175754, 0.5334847178965009, 2.715586893762869, 0.04882549011144978, 0.5591636006057313, 0.9268197353566124, 0.3555315068681977, 1, 2, 2, 4, 2.4616432511933097, 1.9801198049232185, 1.768098591382262]
APTIDAO: 
32.00563534678194
GEN: 3600
Individuo: 
[1.0013244178772134, 4.99504168175754, 0.5334847178965009, 2.715586893762869, 0.04882549011144978, 0.5591636006057313, 0.92689389748714, 0.3555315068681977, 1, 2, 2, 4, 2.4616432511933097, 1.9801198049232185, 1.768098591382262]
APTIDAO: 
32.00530576668937
GEN: 3700
Individuo: 
[1.0013244178772134, 4.99504168175754, 0.5334847178965009, 2.715586893762869, 0.046455597773533135, 0.5591636006057313, 0.9225975509568544, 0.3555315068681977, 1, 2, 2, 4, 2.4616432511933097, 1.9615206372518839, 1.7679079645832325]
APTIDAO: 
31.94599797156573
GEN: 3800
Individuo: 
[1.0013244178772134, 4.99504168175754, 0.5334847178965009, 2.715586893762869, 0.046455597773533135, 0.5591636006057313, 0.9214028020046441, 0.3555315068681977, 1, 2, 2, 4, 2.4616432511933097, 1.9615206372518839, 1.7679079645832325]
APTIDAO: 
31.94148730931757
GEN: 3900
Individuo: 
[1.0013244178772134, 4.99504168175754, 0.5334847178965009, 2.715586893762869, 0.046455597773533135, 0.5591636006057313, 0.9214028020046441, 0.3555315068681977, 1, 2, 2, 4, 2.4616432511933097, 1.9615206372518839, 1.7679079645832325]
APTIDAO: 
31.94148730931757
GEN: 4000
Individuo: 
[1.0013244178772134, 4.99504168175754, 0.5486992750833721, 2.7009231821701345, 0.046455597773533135, 0.5591636006057313, 0.9214028020046441, 0.3555315068681977, 1, 2, 2, 4, 2.4616432511933097, 1.9615206372518839, 1.7679079645832325]
APTIDAO: 
31.92323187210731
GEN: 4100
Individuo: 
[1.0013244178772134, 4.99504168175754, 0.544930624985681, 2.7009231821701345, 0.04395941742649649, 0.5563368685816962, 0.9214028020046441, 0.3555315068681977, 1, 2, 2, 4, 2.4406136762664183, 1.9615206372518839, 1.7679079645832325]
APTIDAO: 
31.91078299424309
GEN: 4200
Individuo: 
[1.0013244178772134, 4.99504168175754, 0.544930624985681, 2.7009231821701345, 0.04431041376343928, 0.5563368685816962, 0.9208137864894855, 0.3555315068681977, 1, 2, 2, 4, 2.4406136762664183, 1.9615206372518839, 1.7622001107521885]
APTIDAO: 
31.904873392771435
GEN: 4300
Individuo: 
[1.0013244178772134, 4.99504168175754, 0.544930624985681, 2.7009231821701345, 0.04449041838705709, 0.5563368685816962, 0.9208137864894855, 0.3555315068681977, 1, 2, 2, 4, 2.4406136762664183, 1.9615206372518839, 1.7622001107521885]
APTIDAO: 
31.904752593246286
GEN: 4400
Individuo: 
[1.0013244178772134, 4.99504168175754, 0.544930624985681, 2.696861054765993, 0.04449041838705709, 0.5563368685816962, 0.9208137864894855, 0.3555315068681977, 1, 2, 2, 4, 2.4406136762664183, 1.9615206372518839, 1.7622001107521885]
APTIDAO: 
31.903285335028364
GEN: 4500
Individuo: 
[1.0013244178772134, 4.99504168175754, 0.544930624985681, 2.696861054765993, 0.04449041838705709, 0.5563368685816962, 0.9208137864894855, 0.3555315068681977, 1, 2, 2, 4, 2.4406136762664183, 1.9615206372518839, 1.7622001107521885]
APTIDAO: 
31.903285335028364
GEN: 4600
Individuo: 
[1.0013244178772134, 4.99504168175754, 0.544930624985681, 2.696861054765993, 0.04449041838705709, 0.5563368685816962, 0.9208137864894855, 0.3555315068681977, 1, 2, 2, 4, 2.4406136762664183, 1.9615206372518839, 1.7622001107521885]
APTIDAO: 
31.903285335028364
GEN: 4700
Individuo: 
[1.0013244178772134, 4.99504168175754, 0.544930624985681, 2.696861054765993, 0.04501618993284413, 0.5563368685816962, 0.9208137864894855, 0.3555315068681977, 1, 2, 2, 4, 2.4406136762664183, 1.9615206372518839, 1.7622001107521885]
APTIDAO: 
31.90326577997916
GEN: 4800
Individuo: 
[1.0013244178772134, 4.99504168175754, 0.544930624985681, 2.696861054765993, 0.04501618993284413, 0.5563368685816962, 0.9208137864894855, 0.3555315068681977, 1, 2, 2, 4, 2.4406136762664183, 1.9615206372518839, 1.7622001107521885]
APTIDAO: 
31.90326577997916
GEN: 4900
Individuo: 
[1.0013244178772134, 4.99504168175754, 0.544930624985681, 2.696861054765993, 0.04501618993284413, 0.5563368685816962, 0.9208137864894855, 0.3555315068681977, 1, 2, 2, 4, 2.4406136762664183, 1.9615206372518839, 1.7622001107521885]
APTIDAO: 
31.90326577997916
GEN: 5000
Individuo: 
[1.0013244178772134, 4.99504168175754, 0.544930624985681, 2.696861054765993, 0.04501618993284413, 0.5563368685816962, 0.9208137864894855, 0.3555315068681977, 1, 2, 2, 4, 2.4406136762664183, 1.9615206372518839, 1.7622001107521885]
APTIDAO: 
31.90326577997916
GEN: 5100
Individuo: 
[1.0013244178772134, 4.99504168175754, 0.544930624985681, 2.696861054765993, 0.04501618993284413, 0.5563368685816962, 0.9208137864894855, 0.3555315068681977, 1, 2, 2, 4, 2.4406136762664183, 1.9615206372518839, 1.7622001107521885]
APTIDAO: 
31.90326577997916
GEN: 5200
Individuo: 
[1.0013244178772134, 4.99504168175754, 0.5483297205549186, 2.696861054765993, 0.041799445999380735, 0.5563368685816962, 0.9208137864894855, 0.3555315068681977, 1, 2, 2, 4, 2.4406136762664183, 1.9516727205459286, 1.7622001107521885]
APTIDAO: 
31.879156182183703
GEN: 5300
Individuo: 
[1.0013244178772134, 4.99504168175754, 0.5483297205549186, 2.696861054765993, 0.041799445999380735, 0.5563368685816962, 0.9208137864894855, 0.3555315068681977, 1, 2, 2, 4, 2.4406136762664183, 1.9516727205459286, 1.7622001107521885]
APTIDAO: 
31.879156182183703
GEN: 5400
Individuo: 
[1.0013244178772134, 4.99504168175754, 0.5483297205549186, 2.696861054765993, 0.041799445999380735, 0.5563368685816962, 0.9208137864894855, 0.3555315068681977, 1, 2, 2, 4, 2.4406136762664183, 1.9516727205459286, 1.7622001107521885]
APTIDAO: 
31.879156182183703
GEN: 5500
Individuo: 
[1.0013244178772134, 4.99504168175754, 0.5483297205549186, 2.696861054765993, 0.041799445999380735, 0.5563368685816962, 0.9208137864894855, 0.3555315068681977, 1, 2, 2, 4, 2.4406136762664183, 1.9516727205459286, 1.7622001107521885]
APTIDAO: 
31.879156182183703
GEN: 5600
Individuo: 
[1.0013244178772134, 4.99504168175754, 0.5483297205549186, 2.696861054765993, 0.041799445999380735, 0.5563368685816962, 0.9184845992319259, 0.3555315068681977, 1, 2, 2, 4, 2.4406136762664183, 1.9516727205459286, 1.7622001107521885]
APTIDAO: 
31.866805466399992
GEN: 5700
Individuo: 
[1.0013244178772134, 4.99504168175754, 0.5483297205549186, 2.696861054765993, 0.04395617238784831, 0.5563368685816962, 0.9184845992319259, 0.3555315068681977, 1, 2, 2, 4, 2.4406136762664183, 1.9506010514937604, 1.7622001107521885]
APTIDAO: 
31.86172148471668
GEN: 5800
Individuo: 
[1.0013244178772134, 4.99504168175754, 0.5483297205549186, 2.696861054765993, 0.04395617238784831, 0.5563368685816962, 0.9184845992319259, 0.3555315068681977, 1, 2, 2, 4, 2.4406136762664183, 1.9506010514937604, 1.7622001107521885]
APTIDAO: 
31.86172148471668
GEN: 5900
Individuo: 
[1.0013244178772134, 4.99504168175754, 0.5483297205549186, 2.6956672405687514, 0.04395617238784831, 0.5563368685816962, 0.9184845992319259, 0.3555315068681977, 1, 2, 2, 4, 2.4406136762664183, 1.9506010514937604, 1.7622001107521885]
APTIDAO: 
31.86008180393945
GEN: 6000
Individuo: 
[1.0013244178772134, 4.99504168175754, 0.5483297205549186, 2.6956672405687514, 0.04395617238784831, 0.5563368685816962, 0.9184845992319259, 0.3555315068681977, 1, 2, 2, 4, 2.4406136762664183, 1.9506010514937604, 1.7622001107521885]
APTIDAO: 
31.86008180393945
GEN: 6100
Individuo: 
[1.0013244178772134, 4.99504168175754, 0.5483297205549186, 2.6956672405687514, 0.04395617238784831, 0.5563368685816962, 0.9184845992319259, 0.3555315068681977, 1, 2, 2, 4, 2.4406136762664183, 1.9506010514937604, 1.7622001107521885]
APTIDAO: 
31.86008180393945
GEN: 6200
Individuo: 
[1.000020407189883, 4.99504168175754, 0.5483297205549186, 2.6921672438966224, 0.04395617238784831, 0.5563368685816962, 0.9184845992319259, 0.3555315068681977, 1, 2, 2, 4, 2.4406136762664183, 1.9506010514937604, 1.7622001107521885]
APTIDAO: 
31.85546266417494
GEN: 6300
Individuo: 
[1.000020407189883, 4.99504168175754, 0.5483297205549186, 2.6921672438966224, 0.04395617238784831, 0.5563368685816962, 0.9184845992319259, 0.3555315068681977, 1, 2, 2, 4, 2.4406136762664183, 1.9506010514937604, 1.7622001107521885]
APTIDAO: 
31.85546266417494
GEN: 6400
Individuo: 
[1.000020407189883, 4.99504168175754, 0.5483297205549186, 2.6921672438966224, 0.04395617238784831, 0.5563368685816962, 0.9184845992319259, 0.3555315068681977, 1, 2, 2, 4, 2.4406136762664183, 1.9506010514937604, 1.7622001107521885]
APTIDAO: 
31.85546266417494
GEN: 6500
Individuo: 
[1.000020407189883, 4.99504168175754, 0.5483297205549186, 2.683897594966374, 0.04395617238784831, 0.5563368685816962, 0.9184845992319259, 0.3555315068681977, 1, 2, 2, 4, 2.4406136762664183, 1.9506010514937604, 1.7622001107521885]
APTIDAO: 
31.852162640605428
GEN: 6600
Individuo: 
[1.000020407189883, 4.99504168175754, 0.5539604816013597, 2.683897594966374, 0.04395617238784831, 0.5563368685816962, 0.9184845992319259, 0.3555315068681977, 1, 2, 2, 4, 2.4406136762664183, 1.9506010514937604, 1.7622001107521885]
APTIDAO: 
31.84768007301896
GEN: 6700
Individuo: 
[1.000020407189883, 4.99504168175754, 0.5539604816013597, 2.683897594966374, 0.04395617238784831, 0.5563368685816962, 0.9184845992319259, 0.3555315068681977, 1, 2, 2, 4, 2.4406136762664183, 1.9506010514937604, 1.7622001107521885]
APTIDAO: 
31.84768007301896
GEN: 6800
Individuo: 
[1.000020407189883, 4.99504168175754, 0.5539604816013597, 2.6822498638123613, 0.04395617238784831, 0.5563368685816962, 0.9184845992319259, 0.3555315068681977, 1, 2, 2, 4, 2.4406136762664183, 1.9506010514937604, 1.7622001107521885]
APTIDAO: 
31.84677321350047
GEN: 6900
Individuo: 
[1.000020407189883, 4.99504168175754, 0.5539604816013597, 2.674282978136003, 0.04395617238784831, 0.5563368685816962, 0.9184845992319259, 0.3555315068681977, 1, 2, 2, 4, 2.4406136762664183, 1.9506010514937604, 1.7622001107521885]
APTIDAO: 
31.844446583516962
GEN: 7000
Individuo: 
[1.000020407189883, 4.99504168175754, 0.5539604816013597, 2.674282978136003, 0.04395617238784831, 0.5563368685816962, 0.9184845992319259, 0.3555315068681977, 1, 2, 2, 4, 2.4406136762664183, 1.9506010514937604, 1.7622001107521885]
APTIDAO: 
31.844446583516962
GEN: 7100
Individuo: 
[1.000020407189883, 4.99504168175754, 0.5539604816013597, 2.674282978136003, 0.04395617238784831, 0.5563368685816962, 0.9184845992319259, 0.3560737078271519, 1, 2, 2, 4, 2.4406136762664183, 1.9506010514937604, 1.7622001107521885]
APTIDAO: 
31.83870678714476
GEN: 7200
Individuo: 
[0.9990992789099096, 4.99504168175754, 0.5539604816013597, 2.674282978136003, 0.04395617238784831, 0.5563368685816962, 0.9184845992319259, 0.3560737078271519, 1, 2, 2, 4, 2.4406136762664183, 1.9506010514937604, 1.7622001107521885]
APTIDAO: 
31.8378320212539
GEN: 7300
Individuo: 
[0.9990992789099096, 4.99504168175754, 0.5539604816013597, 2.674282978136003, 0.04395617238784831, 0.5563368685816962, 0.9182145794663327, 0.3560737078271519, 1, 2, 2, 4, 2.4406136762664183, 1.9506010514937604, 1.7622001107521885]
APTIDAO: 
31.83711253078795
GEN: 7400
Individuo: 
[0.9990992789099096, 4.99504168175754, 0.5539604816013597, 2.674282978136003, 0.04395617238784831, 0.5563368685816962, 0.9182145794663327, 0.3560977739737723, 1, 2, 2, 4, 2.4406136762664183, 1.9506010514937604, 1.7622001107521885]
APTIDAO: 
31.836951225144638
GEN: 7500
Individuo: 
[0.9990992789099096, 4.99504168175754, 0.5539604816013597, 2.674282978136003, 0.045896160981435535, 0.5563368685816962, 0.9182145794663327, 0.3560977739737723, 1, 2, 2, 4, 2.4406136762664183, 1.9506010514937604, 1.7622001107521885]
APTIDAO: 
31.835643892585583
GEN: 7600
Individuo: 
[0.9990992789099096, 4.99504168175754, 0.5539604816013597, 2.674282978136003, 0.003033378494624744, 0.5563368685816962, 0.9182145794663327, 0.3560977739737723, 1, 2, 2, 4, 2.3506213014869717, 1.9506010514937604, 1.7622001107521885]
APTIDAO: 
31.779727844703817
GEN: 7700
Individuo: 
[0.9990992789099096, 4.99504168175754, 0.5539604816013597, 2.674282978136003, 0.006647334908009231, 0.5563368685816962, 0.9182145794663327, 0.3560977739737723, 1, 2, 2, 4, 2.3506213014869717, 1.9506010514937604, 1.7622001107521885]
APTIDAO: 
31.77464523165467
GEN: 7800
Individuo: 
[0.9990992789099096, 4.99504168175754, 0.5539604816013597, 2.674282978136003, 0.006647334908009231, 0.5563368685816962, 0.9182145794663327, 0.3560977739737723, 1, 2, 2, 4, 2.3506213014869717, 1.9506010514937604, 1.7622001107521885]
APTIDAO: 
31.77464523165467
GEN: 7900
Individuo: 
[0.9990992789099096, 4.99504168175754, 0.5539604816013597, 2.674282978136003, 0.005560271695554012, 0.5563368685816962, 0.9182145794663327, 0.3560977739737723, 1, 2, 2, 4, 2.3506213014869717, 1.9506010514937604, 1.760679874044635]
APTIDAO: 
31.773759018731177
GEN: 8000
Individuo: 
[0.9990992789099096, 4.99504168175754, 0.5539604816013597, 2.674282978136003, 0.005560271695554012, 0.5563368685816962, 0.9182145794663327, 0.3560977739737723, 1, 2, 2, 4, 2.3506213014869717, 1.9506010514937604, 1.760679874044635]
APTIDAO: 
31.773759018731177
GEN: 8100
Individuo: 
[0.9990992789099096, 4.99504168175754, 0.5539604816013597, 2.674282978136003, 0.00569535587115751, 0.5563368685816962, 0.9182145794663327, 0.3560977739737723, 1, 2, 2, 4, 2.3506213014869717, 1.9501796837971463, 1.760679874044635]
APTIDAO: 
31.77229920295571
GEN: 8200
Individuo: 
[0.9990992789099096, 4.99504168175754, 0.5596687402087976, 2.674282978136003, 0.006902557375944359, 0.5563368685816962, 0.9182145794663327, 0.35673209863390065, 1, 2, 2, 4, 2.3506213014869717, 1.9501796837971463, 1.760679874044635]
APTIDAO: 
31.76582174924045
GEN: 8300
Individuo: 
[0.9990992789099096, 4.99504168175754, 0.5596687402087976, 2.674282978136003, 0.006902557375944359, 0.5563368685816962, 0.9182145794663327, 0.35673209863390065, 1, 2, 2, 4, 2.3506213014869717, 1.9501796837971463, 1.760679874044635]
APTIDAO: 
31.76582174924045
GEN: 8400
Individuo: 
[0.9990992789099096, 4.99504168175754, 0.5596687402087976, 2.674282978136003, 0.006566730206429036, 0.5563368685816962, 0.9182145794663327, 0.35673209863390065, 1, 2, 2, 4, 2.3506213014869717, 1.9501796837971463, 1.758112254227271]
APTIDAO: 
31.762940131292886
GEN: 8500
Individuo: 
[0.9990992789099096, 4.99504168175754, 0.5596687402087976, 2.6669315384681114, 0.006566730206429036, 0.5563368685816962, 0.9170200832126979, 0.35673209863390065, 1, 2, 2, 4, 2.3506213014869717, 1.9501796837971463, 1.758112254227271]
APTIDAO: 
31.75789201929709
GEN: 8600
Individuo: 
[0.9990992789099096, 4.99504168175754, 0.5596687402087976, 2.6669315384681114, 0.0076929800738687465, 0.5563368685816962, 0.9170200832126979, 0.35673209863390065, 1, 2, 2, 4, 2.3506213014869717, 1.9501796837971463, 1.758112254227271]
APTIDAO: 
31.75678619892542
GEN: 8700
Individuo: 
[0.9990992789099096, 4.99504168175754, 0.5620513178281228, 2.6669315384681114, 0.0076929800738687465, 0.5563368685816962, 0.9170200832126979, 0.35673209863390065, 1, 2, 2, 4, 2.3506213014869717, 1.9501796837971463, 1.758112254227271]
APTIDAO: 
31.753925795091074
GEN: 8800
Individuo: 
[0.9990992789099096, 4.99504168175754, 0.5620513178281228, 2.6669315384681114, 0.007971954481048841, 0.5563368685816962, 0.9170200832126979, 0.35673209863390065, 1, 2, 2, 4, 2.3506213014869717, 1.9501796837971463, 1.758112254227271]
APTIDAO: 
31.753514676515344
GEN: 8900
Individuo: 
[0.9990992789099096, 4.99504168175754, 0.5620513178281228, 2.6669315384681114, 0.007971954481048841, 0.5563368685816962, 0.9170200832126979, 0.35673209863390065, 1, 2, 2, 4, 2.3506213014869717, 1.9501796837971463, 1.758112254227271]
APTIDAO: 
31.753514676515344
GEN: 9000
Individuo: 
[0.9990992789099096, 4.99504168175754, 0.5620513178281228, 2.6669315384681114, 0.007971954481048841, 0.5563368685816962, 0.9170200832126979, 0.35673209863390065, 1, 2, 2, 4, 2.3506213014869717, 1.9501796837971463, 1.758112254227271]
APTIDAO: 
31.753514676515344
GEN: 9100
Individuo: 
[0.9990992789099096, 4.99504168175754, 0.5620513178281228, 2.6669315384681114, 0.007971954481048841, 0.5563368685816962, 0.9170200832126979, 0.35673209863390065, 1, 2, 2, 4, 2.3506213014869717, 1.9501796837971463, 1.758112254227271]
APTIDAO: 
31.753514676515344
GEN: 9200
Individuo: 
[0.9990992789099096, 4.99504168175754, 0.5620513178281228, 2.6669315384681114, 0.007971954481048841, 0.5563368685816962, 0.9170200832126979, 0.35673209863390065, 1, 2, 2, 4, 2.3506213014869717, 1.9490212900983683, 1.758112254227271]
APTIDAO: 
31.751779494252624
GEN: 9300
Individuo: 
[0.9990992789099096, 4.99504168175754, 0.5614579039259049, 2.6669315384681114, 0.007572370409690694, 0.5563368685816962, 0.9170200832126979, 0.35673209863390065, 1, 2, 2, 4, 2.3506213014869717, 1.9464458033487106, 1.758112254227271]
APTIDAO: 
31.74996071077676
GEN: 9400
Individuo: 
[0.9990992789099096, 4.99504168175754, 0.5614579039259049, 2.6669315384681114, 0.006081283639325083, 0.5563368685816962, 0.9170200832126979, 0.35673209863390065, 1, 2, 2, 4, 2.3506213014869717, 1.9464458033487106, 1.758112254227271]
APTIDAO: 
31.74604687647422
GEN: 9500
Individuo: 
[0.9990992789099096, 4.99504168175754, 0.5614579039259049, 2.663873791687834, 0.006067303668904181, 0.5563368685816962, 0.9170200832126979, 0.35673209863390065, 1, 2, 2, 4, 2.3506213014869717, 1.9464458033487106, 1.758112254227271]
APTIDAO: 
31.745493323507088
GEN: 9600
Individuo: 
[0.9990992789099096, 4.99504168175754, 0.5614579039259049, 2.663873791687834, 0.006054611325052512, 0.5563368685816962, 0.9170200832126979, 0.35673209863390065, 1, 2, 2, 4, 2.3506213014869717, 1.9464458033487106, 1.758112254227271]
APTIDAO: 
31.745487523433127
GEN: 9700
Individuo: 
[0.9990992789099096, 4.99504168175754, 0.5614579039259049, 2.663873791687834, 0.005897481262019874, 0.5563368685816962, 0.9170200832126979, 0.35673209863390065, 1, 2, 2, 4, 2.3506213014869717, 1.9464458033487106, 1.758112254227271]
APTIDAO: 
31.74544699219013
GEN: 9800
Individuo: 
[0.9990992789099096, 4.99504168175754, 0.5665998888614362, 2.663873791687834, 0.005524650492630001, 0.5563368685816962, 0.9170200832126979, 0.35673209863390065, 1, 2, 2, 4, 2.3506213014869717, 1.9464458033487106, 1.758112254227271]
APTIDAO: 
31.744777868360917
GEN: 9900
Individuo: 
[0.9990992789099096, 4.99504168175754, 0.5665998888614362, 2.663873791687834, 0.00531252832500133, 0.5563368685816962, 0.9170200832126979, 0.35673209863390065, 1, 2, 2, 4, 2.3506213014869717, 1.9464458033487106, 1.758112254227271]
APTIDAO: 
31.744614170973566
GEN: 10000
Individuo: 
[0.9990992789099096, 4.99504168175754, 0.5665998888614362, 2.663873791687834, 0.005350942073833049, 0.5563368685816962, 0.9170200832126979, 0.35673209863390065, 1, 2, 2, 4, 2.3506213014869717, 1.9464458033487106, 1.758112254227271]
APTIDAO: 
31.744597304407904

--- RESULTADO FINAL ---
Erro (norma-1): 31.744597304407904
Parâmetros: [0.9990992789099096, 4.99504168175754, 0.5665998888614362, 2.663873791687834, 0.005350942073833049, 0.5563368685816962, 0.9170200832126979, 0.35673209863390065, 1, 2, 2, 4, 2.3506213014869717, 1.9464458033487106, 1.758112254227271]
Tempo total: 00h 51m 14s
