SEED: 1778490666
METODO: ABCD_Hill
IND_SIZE: 15
GEN: 0
Individuo: 
[4.551821924520955, 0.6873217111008588, 3.309148532501817, 1.0139070816826745, 0.826199521171523, 0.5036848065949869, 0.9786843524048763, 0.20029124265402756, 1, 9, 3, 1, 7.490554462354023, 3.3121284552715204, 2.2473491335474765]
APTIDAO: 
153.11956300177584
GEN: 100
Individuo: 
[1.2092771634969022, 0.11639842699328486, 4.971693004074992, 4.31345553270582, 0.6431775303823177, 0.5834609831512964, 0.9282853642439592, 0.22381750137175574, 1, 2, 4, 2, 3.9396507396341036, 4.183712321949896, 2.107267201917357]
APTIDAO: 
34.29645519738381
GEN: 200
Individuo: 
[1.1140620488792674, 0.1341733418042534, 4.6444670238632995, 4.837788373325803, 0.6422840408721509, 0.5834609831512964, 0.887006216377666, 0.22381750137175574, 1, 2, 4, 2, 3.9537478487276374, 3.7279355933023868, 2.107267201917357]
APTIDAO: 
31.85853326242571
GEN: 300
Individuo: 
[0.9901031989717065, 0.11019691308919731, 4.684614554109689, 4.837788373325803, 0.8913846765663292, 0.5221061762922248, 0.887006216377666, 0.22381750137175574, 1, 2, 4, 2, 3.9537478487276374, 3.7279355933023868, 2.107267201917357]
APTIDAO: 
31.066487617145786
GEN: 400
Individuo: 
[0.9901031989717065, 0.11462843994437222, 4.755013761958026, 4.910407506932954, 0.9059085112893521, 0.5221061762922248, 0.8780086026921388, 0.22381750137175574, 1, 2, 4, 2, 3.906790074662151, 3.5841171298907066, 2.107267201917357]
APTIDAO: 
30.727110618226174
GEN: 500
Individuo: 
[0.9901031989717065, 0.11462843994437222, 4.734401775752029, 4.910407506932954, 0.9059085112893521, 0.5221061762922248, 0.8780086026921388, 0.2253092878349681, 1, 2, 4, 2, 3.906790074662151, 3.561681176126606, 2.100365830337288]
APTIDAO: 
30.613551793096132
GEN: 600
Individuo: 
[1.0001960457878851, 0.10894914938112275, 4.734401775752029, 4.910407506932954, 0.9059085112893521, 0.5221061762922248, 0.8780086026921388, 0.2253092878349681, 1, 2, 4, 2, 3.885410673261899, 3.561681176126606, 2.075208921576063]
APTIDAO: 
30.533257861734707
GEN: 700
Individuo: 
[1.0001960457878851, 0.10894914938112275, 4.734401775752029, 4.910407506932954, 0.9059085112893521, 0.5221061762922248, 0.867752644459671, 0.22537766461566955, 1, 2, 4, 2, 3.89027150659503, 3.373730295223762, 2.075208921576063]
APTIDAO: 
30.276714537337853
GEN: 800
Individuo: 
[1.0001960457878851, 0.10894914938112275, 4.722560184592492, 4.887791430186553, 0.9059085112893521, 0.5174446003118522, 0.867752644459671, 0.22537766461566955, 1, 2, 4, 2, 3.89027150659503, 3.373730295223762, 2.075208921576063]
APTIDAO: 
30.180215377103874
GEN: 900
Individuo: 
[1.0001960457878851, 0.10894914938112275, 4.722560184592492, 4.887791430186553, 0.9080378278291347, 0.5174446003118522, 0.867752644459671, 0.22537766461566955, 1, 2, 4, 2, 3.89027150659503, 3.373730295223762, 2.075208921576063]
APTIDAO: 
30.179131255364414
GEN: 1000
Individuo: 
[1.0001960457878851, 0.10894914938112275, 4.722560184592492, 4.887791430186553, 0.9080378278291347, 0.5174446003118522, 0.867752644459671, 0.22537766461566955, 1, 2, 4, 2, 3.89027150659503, 3.404507497907536, 2.0746750636854383]
APTIDAO: 
30.171533411297805
GEN: 1100
Individuo: 
[1.0001960457878851, 0.10894914938112275, 4.722560184592492, 4.887791430186553, 0.9167870107939132, 0.5174446003118522, 0.867752644459671, 0.22630674408857018, 1, 2, 4, 2, 3.89027150659503, 3.404507497907536, 2.0746750636854383]
APTIDAO: 
30.140420666856215
GEN: 1200
Individuo: 
[1.0001960457878851, 0.10880132678135782, 4.722560184592492, 4.887791430186553, 0.9167870107939132, 0.5174446003118522, 0.867752644459671, 0.22642701575010893, 1, 2, 4, 2, 3.89027150659503, 3.404507497907536, 2.0746750636854383]
APTIDAO: 
30.138655067165665
GEN: 1300
Individuo: 
[1.0001960457878851, 0.10894914938112275, 4.722560184592492, 4.895204788741984, 0.9236491475448301, 0.5174446003118522, 0.867752644459671, 0.22642701575010893, 1, 2, 4, 2, 3.89027150659503, 3.404507497907536, 2.0746750636854383]
APTIDAO: 
30.137328318189066
GEN: 1400
Individuo: 
[1.0001960457878851, 0.10894914938112275, 4.722560184592492, 4.93840162552366, 0.9236491475448301, 0.5174446003118522, 0.867752644459671, 0.22642701575010893, 1, 2, 4, 2, 3.9885826552055166, 3.404507497907536, 2.035784158311281]
APTIDAO: 
30.05217941960545
GEN: 1500
Individuo: 
[1.0001960457878851, 0.11313400888038619, 4.722560184592492, 4.975944905473363, 0.9566211969326175, 0.5174446003118522, 0.867752644459671, 0.22642701575010893, 1, 2, 4, 2, 3.9885826552055166, 3.404507497907536, 2.035784158311281]
APTIDAO: 
30.02310182833386
GEN: 1600
Individuo: 
[1.0001960457878851, 0.11313400888038619, 4.722560184592492, 4.961075635358372, 0.9566211969326175, 0.5174446003118522, 0.867752644459671, 0.22869481942166714, 1, 2, 4, 2, 3.9885826552055166, 3.404507497907536, 2.035784158311281]
APTIDAO: 
29.943736708462268
GEN: 1700
Individuo: 
[1.0001960457878851, 0.10395818593730759, 4.722560184592492, 4.961075635358372, 0.9641771160809427, 0.5174446003118522, 0.867752644459671, 0.22869481942166714, 1, 2, 4, 2, 3.9885826552055166, 3.404507497907536, 2.035784158311281]
APTIDAO: 
29.90340161959475
GEN: 1800
Individuo: 
[1.0001960457878851, 0.12309304568628024, 4.722560184592492, 4.906423476017999, 0.9641771160809427, 0.5129463272119524, 0.8649406403478512, 0.22869481942166714, 1, 2, 4, 2, 3.9885826552055166, 3.404507497907536, 2.003112436675384]
APTIDAO: 
29.753929192954523
GEN: 1900
Individuo: 
[1.0001960457878851, 0.12309304568628024, 4.722560184592492, 4.906423476017999, 0.9641771160809427, 0.5129463272119524, 0.8649406403478512, 0.22869481942166714, 1, 2, 4, 2, 3.940816560089031, 3.404507497907536, 2.003112436675384]
APTIDAO: 
29.741665627224183
GEN: 2000
Individuo: 
[1.0001960457878851, 0.1279239103877009, 4.675805069530797, 4.906423476017999, 0.9641771160809427, 0.5129463272119524, 0.8649406403478512, 0.22869481942166714, 1, 2, 4, 2, 3.9585721725425302, 3.3678356759834824, 2.003112436675384]
APTIDAO: 
29.69948215469035
GEN: 2100
Individuo: 
[1.0001960457878851, 0.12574925075410237, 4.675805069530797, 4.906423476017999, 0.9641771160809427, 0.5129463272119524, 0.8649406403478512, 0.22869481942166714, 1, 2, 4, 2, 3.9585721725425302, 3.3678356759834824, 2.003112436675384]
APTIDAO: 
29.691878593308253
GEN: 2200
Individuo: 
[1.0001960457878851, 0.1331453500627575, 4.626429356402571, 4.862999986343403, 0.9641771160809427, 0.5129463272119524, 0.8649406403478512, 0.24833266189997374, 1, 2, 4, 2, 3.9585721725425302, 3.3678356759834824, 1.7862973878581054]
APTIDAO: 
28.35515682009866
GEN: 2300
Individuo: 
[1.0001960457878851, 0.1716461245355577, 4.488226191491799, 4.862999986343403, 0.9641771160809427, 0.5129463272119524, 0.8649406403478512, 0.24833266189997374, 1, 2, 4, 2, 3.9618749726389986, 3.4339475253919236, 1.7862973878581054]
APTIDAO: 
28.20303492468401
GEN: 2400
Individuo: 
[1.0001960457878851, 0.1716461245355577, 4.488226191491799, 4.87997163684245, 0.9873536141081246, 0.5129463272119524, 0.8632037054173636, 0.24833266189997374, 1, 2, 4, 2, 3.9618749726389986, 3.4339475253919236, 1.7862973878581054]
APTIDAO: 
28.18028210734797
GEN: 2500
Individuo: 
[1.0001960457878851, 0.17082549199840702, 4.488226191491799, 4.87997163684245, 0.9873536141081246, 0.5118344019944563, 0.8566221085143773, 0.24833266189997374, 1, 2, 4, 2, 3.9618749726389986, 3.363224976548421, 1.7862973878581054]
APTIDAO: 
28.057325897123828
GEN: 2600
Individuo: 
[1.0001960457878851, 0.17512667504080887, 4.488226191491799, 4.87997163684245, 0.9873536141081246, 0.5116637316904755, 0.8580743011272431, 0.24833266189997374, 1, 2, 4, 2, 3.9618749726389986, 3.363224976548421, 1.7618003511896831]
APTIDAO: 
27.99708078520085
GEN: 2700
Individuo: 
[1.0001960457878851, 0.17512667504080887, 4.488226191491799, 4.87997163684245, 0.9797049920472665, 0.5116637316904755, 0.8580743011272431, 0.24833266189997374, 1, 2, 4, 2, 3.9618749726389986, 3.363224976548421, 1.7618003511896831]
APTIDAO: 
27.984216403905563
GEN: 2800
Individuo: 
[1.0001960457878851, 0.17512667504080887, 4.47204866634655, 4.800653596639827, 0.9797049920472665, 0.5054880219946668, 0.8580743011272431, 0.24833266189997374, 1, 2, 4, 2, 3.9618749726389986, 3.363224976548421, 1.7618003511896831]
APTIDAO: 
27.94701868530995
GEN: 2900
Individuo: 
[1.0001960457878851, 0.17512667504080887, 4.47204866634655, 4.800653596639827, 0.9797049920472665, 0.5054880219946668, 0.8580743011272431, 0.24833266189997374, 1, 2, 4, 2, 3.9618749726389986, 3.363224976548421, 1.7618003511896831]
APTIDAO: 
27.94701868530995
GEN: 3000
Individuo: 
[1.0001960457878851, 0.17695412068495434, 4.47204866634655, 4.800653596639827, 0.9797049920472665, 0.5054880219946668, 0.8580743011272431, 0.24833266189997374, 1, 2, 4, 2, 3.9618749726389986, 3.363224976548421, 1.760630942176413]
APTIDAO: 
27.937804870208993
GEN: 3100
Individuo: 
[1.0001960457878851, 0.17963986382928918, 4.470862655198903, 4.800653596639827, 0.9797049920472665, 0.5054880219946668, 0.8580743011272431, 0.24945823403945844, 1, 2, 4, 2, 3.9461407646609916, 3.363224976548421, 1.760630942176413]
APTIDAO: 
27.912139957813974
GEN: 3200
Individuo: 
[1.0001960457878851, 0.17686694025695618, 4.470862655198903, 4.800653596639827, 0.9797049920472665, 0.5054880219946668, 0.8580743011272431, 0.24945823403945844, 1, 2, 4, 2, 3.9241921658914287, 3.363224976548421, 1.760630942176413]
APTIDAO: 
27.880827292394
GEN: 3300
Individuo: 
[1.0001960457878851, 0.18040154398187763, 4.45532128203281, 4.800653596639827, 0.9827910981116325, 0.5054880219946668, 0.854446881772998, 0.24945823403945844, 1, 2, 4, 2, 3.9241921658914287, 3.363224976548421, 1.7391133515594788]
APTIDAO: 
27.839150519414503
GEN: 3400
Individuo: 
[1.0001960457878851, 0.19701289980498, 4.399110980140491, 4.825985824263026, 0.9827910981116325, 0.5027945938924627, 0.854446881772998, 0.24945823403945844, 1, 2, 4, 2, 3.9170801488991014, 3.3470758296646093, 1.7391133515594788]
APTIDAO: 
27.70733013036905
GEN: 3500
Individuo: 
[1.0001960457878851, 0.19701289980498, 4.399110980140491, 4.825985824263026, 0.9827910981116325, 0.5027945938924627, 0.854446881772998, 0.24945823403945844, 1, 2, 4, 2, 3.9170801488991014, 3.3470758296646093, 1.7391133515594788]
APTIDAO: 
27.70733013036905
GEN: 3600
Individuo: 
[1.0001960457878851, 0.19701289980498, 4.395449943065234, 4.825985824263026, 0.9827910981116325, 0.5027945938924627, 0.854446881772998, 0.24945823403945844, 1, 2, 4, 2, 3.9170801488991014, 3.3470758296646093, 1.7391133515594788]
APTIDAO: 
27.706643440157144
GEN: 3700
Individuo: 
[1.0001960457878851, 0.19701289980498, 4.395449943065234, 4.825985824263026, 0.9827910981116325, 0.5027945938924627, 0.854446881772998, 0.24945823403945844, 1, 2, 4, 2, 3.9170801488991014, 3.3470758296646093, 1.7391133515594788]
APTIDAO: 
27.706643440157144
GEN: 3800
Individuo: 
[1.0001960457878851, 0.19552526175223386, 4.395449943065234, 4.825985824263026, 0.9827910981116325, 0.5005046167555297, 0.854446881772998, 0.24945823403945844, 1, 2, 4, 2, 3.903161527384001, 3.337020799801235, 1.7391133515594788]
APTIDAO: 
27.691027767308935
GEN: 3900
Individuo: 
[1.0001960457878851, 0.19552526175223386, 4.395449943065234, 4.825985824263026, 0.9872657862237119, 0.5005046167555297, 0.854446881772998, 0.24945823403945844, 1, 2, 4, 2, 3.903161527384001, 3.337020799801235, 1.7391133515594788]
APTIDAO: 
27.68622527806414
GEN: 4000
Individuo: 
[1.0001960457878851, 0.20179945403004962, 4.36815395071804, 4.825985824263026, 0.9872657862237119, 0.5005046167555297, 0.854446881772998, 0.24945823403945844, 1, 2, 4, 2, 3.903161527384001, 3.337020799801235, 1.7391133515594788]
APTIDAO: 
27.671568428884967
GEN: 4100
Individuo: 
[0.9994684293599004, 0.20179945403004962, 4.36815395071804, 4.825985824263026, 0.9872657862237119, 0.5005046167555297, 0.854446881772998, 0.2524614810166588, 1, 2, 4, 2, 3.903161527384001, 3.337020799801235, 1.7066984042619215]
APTIDAO: 
27.46428988168944
GEN: 4200
Individuo: 
[0.9994684293599004, 0.20179945403004962, 4.338919218456816, 4.825985824263026, 0.9902054146507123, 0.5005046167555297, 0.854446881772998, 0.2527671790000211, 1, 2, 4, 2, 3.903161527384001, 3.3345340114214714, 1.7066984042619215]
APTIDAO: 
27.442275262211762
GEN: 4300
Individuo: 
[0.9994684293599004, 0.21392939931519633, 4.338919218456816, 4.765025301787554, 0.997801716140042, 0.5005046167555297, 0.854446881772998, 0.2527671790000211, 1, 2, 4, 2, 3.903161527384001, 3.3345340114214714, 1.7066984042619215]
APTIDAO: 
27.409938911769768
GEN: 4400
Individuo: 
[0.9994684293599004, 0.21392939931519633, 4.338919218456816, 4.765025301787554, 0.997801716140042, 0.5005046167555297, 0.854446881772998, 0.2527671790000211, 1, 2, 4, 2, 3.903161527384001, 3.3345340114214714, 1.7066984042619215]
APTIDAO: 
27.409938911769768
GEN: 4500
Individuo: 
[0.9994684293599004, 0.21392939931519633, 4.338919218456816, 4.765025301787554, 0.997801716140042, 0.5005046167555297, 0.854446881772998, 0.2527671790000211, 1, 2, 4, 2, 3.903161527384001, 3.3345340114214714, 1.7066984042619215]
APTIDAO: 
27.409938911769768
GEN: 4600
Individuo: 
[0.9994684293599004, 0.2175857835705768, 4.338919218456816, 4.765025301787554, 0.997801716140042, 0.5005046167555297, 0.8524835910064312, 0.2527953090067061, 1, 2, 4, 2, 3.903161527384001, 3.3345340114214714, 1.7066984042619215]
APTIDAO: 
27.389792880611715
GEN: 4700
Individuo: 
[0.9994684293599004, 0.2175857835705768, 4.308597346085974, 4.765025301787554, 0.997801716140042, 0.5005046167555297, 0.8524835910064312, 0.25430192690025677, 1, 2, 4, 2, 3.903161527384001, 3.3345340114214714, 1.7066984042619215]
APTIDAO: 
27.36878959130846
GEN: 4800
Individuo: 
[0.9994684293599004, 0.2175857835705768, 4.308597346085974, 4.765025301787554, 0.9985712872614173, 0.5005046167555297, 0.8524835910064312, 0.25430192690025677, 1, 2, 4, 2, 3.903161527384001, 3.3345340114214714, 1.7066984042619215]
APTIDAO: 
27.364755298151028
GEN: 4900
Individuo: 
[0.9994684293599004, 0.2175857835705768, 4.308597346085974, 4.765025301787554, 0.9985712872614173, 0.5005046167555297, 0.8524835910064312, 0.25430192690025677, 1, 2, 4, 2, 3.903161527384001, 3.3345340114214714, 1.7066984042619215]
APTIDAO: 
27.364755298151028
GEN: 5000
Individuo: 
[0.9994684293599004, 0.2175857835705768, 4.308597346085974, 4.774151726681496, 0.9985712872614173, 0.5005046167555297, 0.8524835910064312, 0.25430192690025677, 1, 2, 4, 2, 3.903161527384001, 3.3345340114214714, 1.7066984042619215]
APTIDAO: 
27.36410751737999
GEN: 5100
Individuo: 
[0.9994684293599004, 0.22376875434284896, 4.308597346085974, 4.774151726681496, 0.9985712872614173, 0.5005046167555297, 0.8524835910064312, 0.25430192690025677, 1, 2, 4, 2, 3.903161527384001, 3.3345340114214714, 1.6828218930594614]
APTIDAO: 
27.2523353262311
GEN: 5200
Individuo: 
[0.9994684293599004, 0.22380872677257882, 4.29759449361053, 4.77264074987665, 0.9985712872614173, 0.5005046167555297, 0.8524835910064312, 0.25430192690025677, 1, 2, 4, 2, 3.9154782617563053, 3.3345340114214714, 1.6828218930594614]
APTIDAO: 
27.245664047107407
GEN: 5300
Individuo: 
[0.9994684293599004, 0.22380872677257882, 4.29759449361053, 4.77264074987665, 0.9985712872614173, 0.5005046167555297, 0.8524835910064312, 0.25430192690025677, 1, 2, 4, 2, 3.9154782617563053, 3.3345340114214714, 1.6828218930594614]
APTIDAO: 
27.245664047107407
GEN: 5400
Individuo: 
[0.9994684293599004, 0.22380872677257882, 4.29759449361053, 4.77264074987665, 0.9985712872614173, 0.5005046167555297, 0.8524835910064312, 0.25456289829699064, 1, 2, 4, 2, 3.9154782617563053, 3.3345340114214714, 1.6828218930594614]
APTIDAO: 
27.233593341004564
GEN: 5500
Individuo: 
[0.9994684293599004, 0.225793536501281, 4.29759449361053, 4.77264074987665, 0.9985712872614173, 0.5005046167555297, 0.8524835910064312, 0.25456289829699064, 1, 2, 4, 2, 3.9154782617563053, 3.3345340114214714, 1.6828218930594614]
APTIDAO: 
27.232978554539738
GEN: 5600
Individuo: 
[0.9994684293599004, 0.225793536501281, 4.29759449361053, 4.77264074987665, 0.9985712872614173, 0.5005046167555297, 0.8524835910064312, 0.25456289829699064, 1, 2, 4, 2, 3.9154782617563053, 3.3345340114214714, 1.6828218930594614]
APTIDAO: 
27.232978554539738
GEN: 5700
Individuo: 
[0.9994684293599004, 0.225793536501281, 4.261181156465236, 4.8202616783912005, 0.9985712872614173, 0.5005046167555297, 0.8524835910064312, 0.25456289829699064, 1, 2, 4, 2, 3.9154782617563053, 3.3345340114214714, 1.6828218930594614]
APTIDAO: 
27.22491677001976
GEN: 5800
Individuo: 
[0.9994684293599004, 0.225793536501281, 4.261181156465236, 4.8202616783912005, 0.9985712872614173, 0.5005046167555297, 0.8524835910064312, 0.25456289829699064, 1, 2, 4, 2, 3.9154782617563053, 3.3345340114214714, 1.6828218930594614]
APTIDAO: 
27.22491677001976
GEN: 5900
Individuo: 
[0.9994684293599004, 0.225793536501281, 4.261181156465236, 4.8202616783912005, 0.9985712872614173, 0.5005046167555297, 0.8524835910064312, 0.25456289829699064, 1, 2, 4, 2, 3.9154782617563053, 3.3345340114214714, 1.6828218930594614]
APTIDAO: 
27.22491677001976
GEN: 6000
Individuo: 
[0.9994684293599004, 0.22884062534677532, 4.261181156465236, 4.805511038321828, 0.9985712872614173, 0.5005046167555297, 0.8524835910064312, 0.25456289829699064, 1, 2, 4, 2, 3.9154782617563053, 3.3345340114214714, 1.6828218930594614]
APTIDAO: 
27.22118266694901
GEN: 6100
Individuo: 
[0.9994684293599004, 0.22884062534677532, 4.2319738372461035, 4.805511038321828, 0.9985712872614173, 0.5005046167555297, 0.8524835910064312, 0.25456289829699064, 1, 2, 4, 2, 3.9154782617563053, 3.3345340114214714, 1.6828218930594614]
APTIDAO: 
27.21562111402716
GEN: 6200
Individuo: 
[0.9994684293599004, 0.2328752154873349, 4.2319738372461035, 4.805511038321828, 0.9985712872614173, 0.5005046167555297, 0.8524835910064312, 0.25456289829699064, 1, 2, 4, 2, 3.9154782617563053, 3.3345340114214714, 1.6828218930594614]
APTIDAO: 
27.204055103459826
GEN: 6300
Individuo: 
[0.9994684293599004, 0.2328752154873349, 4.2319738372461035, 4.805511038321828, 0.9985712872614173, 0.5005046167555297, 0.8524835910064312, 0.25456289829699064, 1, 2, 4, 2, 3.896250233117983, 3.3345340114214714, 1.6828218930594614]
APTIDAO: 
27.20227864331188
GEN: 6400
Individuo: 
[0.9994684293599004, 0.23706573237134293, 4.212823695305597, 4.805511038321828, 0.9821722833951781, 0.5005046167555297, 0.8524835910064312, 0.25649736606807233, 1, 2, 4, 2, 3.896250233117983, 3.3345340114214714, 1.6299882040676283]
APTIDAO: 
27.122828875187917
GEN: 6500
Individuo: 
[0.9994684293599004, 0.25431093346004136, 4.212823695305597, 4.805511038321828, 0.964992435174459, 0.5005046167555297, 0.8524835910064312, 0.25649736606807233, 1, 2, 4, 2, 3.896250233117983, 3.3345340114214714, 1.6299882040676283]
APTIDAO: 
27.0594619306769
GEN: 6600
Individuo: 
[0.9994684293599004, 0.23753440977290996, 4.212823695305597, 4.829040147020289, 0.9508123707168102, 0.5005046167555297, 0.8524835910064312, 0.25649736606807233, 1, 2, 4, 2, 3.896250233117983, 3.318345622165955, 1.6299882040676283]
APTIDAO: 
27.02400922145502
GEN: 6700
Individuo: 
[0.9994684293599004, 0.23753440977290996, 4.212823695305597, 4.841596654473999, 0.9508123707168102, 0.5005046167555297, 0.8524835910064312, 0.25649736606807233, 1, 2, 4, 2, 3.896250233117983, 3.318345622165955, 1.6299882040676283]
APTIDAO: 
27.023061720131558
GEN: 6800
Individuo: 
[0.9994684293599004, 0.23753440977290996, 4.208998946733721, 4.841596654473999, 0.9508123707168102, 0.5005046167555297, 0.8524835910064312, 0.25649736606807233, 1, 2, 4, 2, 3.896250233117983, 3.320917578720067, 1.6299882040676283]
APTIDAO: 
27.02038161607622
GEN: 6900
Individuo: 
[0.9994684293599004, 0.23753440977290996, 4.202006995660979, 4.841596654473999, 0.9508123707168102, 0.5005046167555297, 0.8514367311444988, 0.25649736606807233, 1, 2, 4, 2, 3.896250233117983, 3.320917578720067, 1.6299882040676283]
APTIDAO: 
27.01105662051035
GEN: 7000
Individuo: 
[0.9994684293599004, 0.23753440977290996, 4.202006995660979, 4.841596654473999, 0.9535695248493313, 0.5005046167555297, 0.8514367311444988, 0.25649736606807233, 1, 2, 4, 2, 3.896250233117983, 3.320917578720067, 1.6299882040676283]
APTIDAO: 
27.010854517579006
GEN: 7100
Individuo: 
[0.9994684293599004, 0.23753440977290996, 4.202006995660979, 4.841596654473999, 0.9535695248493313, 0.5005046167555297, 0.8514367311444988, 0.25649736606807233, 1, 2, 4, 2, 3.896250233117983, 3.320917578720067, 1.6299882040676283]
APTIDAO: 
27.010854517579006
GEN: 7200
Individuo: 
[0.9994684293599004, 0.23753440977290996, 4.200249243082336, 4.841596654473999, 0.9535695248493313, 0.5005046167555297, 0.8514367311444988, 0.2575374261751812, 1, 2, 4, 2, 3.896250233117983, 3.320917578720067, 1.6299882040676283]
APTIDAO: 
26.945787134709196
GEN: 7300
Individuo: 
[0.9994684293599004, 0.23848213374189806, 4.200249243082336, 4.841596654473999, 0.9535695248493313, 0.5005046167555297, 0.8514367311444988, 0.2575374261751812, 1, 2, 4, 2, 3.896250233117983, 3.320917578720067, 1.6299882040676283]
APTIDAO: 
26.94555870703467
GEN: 7400
Individuo: 
[0.9990409867105231, 0.2372984905840912, 4.200249243082336, 4.841596654473999, 0.9589633787919454, 0.5005046167555297, 0.8514367311444988, 0.2575374261751812, 1, 2, 4, 2, 3.896250233117983, 3.320917578720067, 1.6299882040676283]
APTIDAO: 
26.940629359175105
GEN: 7500
Individuo: 
[0.9990409867105231, 0.2372984905840912, 4.200249243082336, 4.841596654473999, 0.9589633787919454, 0.5005046167555297, 0.8514367311444988, 0.2575374261751812, 1, 2, 4, 2, 3.896250233117983, 3.320917578720067, 1.6299882040676283]
APTIDAO: 
26.940629359175105
GEN: 7600
Individuo: 
[0.9990409867105231, 0.2372984905840912, 4.197384100405306, 4.841596654473999, 0.9589633787919454, 0.5005046167555297, 0.8514367311444988, 0.2575374261751812, 1, 2, 4, 2, 3.896250233117983, 3.3202889899726924, 1.6299882040676283]
APTIDAO: 
26.940067974631184
GEN: 7700
Individuo: 
[0.9990409867105231, 0.2372984905840912, 4.197384100405306, 4.841596654473999, 0.9589633787919454, 0.5005046167555297, 0.850484902266798, 0.2575374261751812, 1, 2, 4, 2, 3.896250233117983, 3.3202889899726924, 1.6299882040676283]
APTIDAO: 
26.937877629904847
GEN: 7800
Individuo: 
[0.9990409867105231, 0.2372984905840912, 4.197384100405306, 4.841596654473999, 0.9589633787919454, 0.5005046167555297, 0.850484902266798, 0.25780270032095837, 1, 2, 4, 2, 3.8894555514906934, 3.3202889899726924, 1.6299882040676283]
APTIDAO: 
26.923519455108973
GEN: 7900
Individuo: 
[0.9990409867105231, 0.2372984905840912, 4.197384100405306, 4.841596654473999, 0.9589633787919454, 0.5005046167555297, 0.850484902266798, 0.25780270032095837, 1, 2, 4, 2, 3.8894555514906934, 3.3202889899726924, 1.6299882040676283]
APTIDAO: 
26.923519455108973
GEN: 8000
Individuo: 
[0.9990409867105231, 0.23837760892388052, 4.197384100405306, 4.841596654473999, 0.9589633787919454, 0.5005046167555297, 0.850484902266798, 0.25780270032095837, 1, 2, 4, 2, 3.8894555514906934, 3.3202889899726924, 1.6299882040676283]
APTIDAO: 
26.920632540206224
GEN: 8100
Individuo: 
[0.9990409867105231, 0.23837760892388052, 4.197384100405306, 4.824498241627878, 0.9589633787919454, 0.5005046167555297, 0.850484902266798, 0.25780270032095837, 1, 2, 4, 2, 3.8894555514906934, 3.3077730122822993, 1.6299882040676283]
APTIDAO: 
26.910756695151754
GEN: 8200
Individuo: 
[0.9990409867105231, 0.23837760892388052, 4.197384100405306, 4.824498241627878, 0.9589633787919454, 0.5005046167555297, 0.850484902266798, 0.25780270032095837, 1, 2, 4, 2, 3.8894555514906934, 3.3077730122822993, 1.6299882040676283]
APTIDAO: 
26.910756695151754
GEN: 8300
Individuo: 
[0.9990409867105231, 0.23837760892388052, 4.197384100405306, 4.824498241627878, 0.9589633787919454, 0.5005046167555297, 0.850484902266798, 0.25780270032095837, 1, 2, 4, 2, 3.8894555514906934, 3.3077730122822993, 1.6299882040676283]
APTIDAO: 
26.910756695151754
GEN: 8400
Individuo: 
[0.9990409867105231, 0.23837760892388052, 4.197384100405306, 4.824498241627878, 0.961469921500626, 0.5005046167555297, 0.850484902266798, 0.25780270032095837, 1, 2, 4, 2, 3.8894555514906934, 3.3077730122822993, 1.6299882040676283]
APTIDAO: 
26.91036439588387
GEN: 8500
Individuo: 
[0.9990409867105231, 0.23936078167138977, 4.197384100405306, 4.824498241627878, 0.961469921500626, 0.5005046167555297, 0.850484902266798, 0.25780270032095837, 1, 2, 4, 2, 3.8894555514906934, 3.3077730122822993, 1.6299882040676283]
APTIDAO: 
26.909200258369193
GEN: 8600
Individuo: 
[0.9990409867105231, 0.23936078167138977, 4.197384100405306, 4.824498241627878, 0.961469921500626, 0.5005046167555297, 0.850484902266798, 0.25780270032095837, 1, 2, 4, 2, 3.8894555514906934, 3.3077730122822993, 1.6299882040676283]
APTIDAO: 
26.909200258369193
GEN: 8700
Individuo: 
[0.9990409867105231, 0.23936078167138977, 4.197384100405306, 4.824498241627878, 0.961469921500626, 0.5005046167555297, 0.850484902266798, 0.25780270032095837, 1, 2, 4, 2, 3.8894555514906934, 3.3077730122822993, 1.6299882040676283]
APTIDAO: 
26.909200258369193
GEN: 8800
Individuo: 
[0.9990409867105231, 0.23936078167138977, 4.197384100405306, 4.824498241627878, 0.961469921500626, 0.5005046167555297, 0.850484902266798, 0.25780270032095837, 1, 2, 4, 2, 3.8894555514906934, 3.3077730122822993, 1.6299882040676283]
APTIDAO: 
26.909200258369193
GEN: 8900
Individuo: 
[0.9990409867105231, 0.23936078167138977, 4.197384100405306, 4.824498241627878, 0.961469921500626, 0.5005046167555297, 0.850484902266798, 0.25780270032095837, 1, 2, 4, 2, 3.8894555514906934, 3.3005883564591, 1.6299882040676283]
APTIDAO: 
26.909195104560187
GEN: 9000
Individuo: 
[0.9990409867105231, 0.23936078167138977, 4.197384100405306, 4.824498241627878, 0.961469921500626, 0.5005046167555297, 0.850484902266798, 0.25780270032095837, 1, 2, 4, 2, 3.8894555514906934, 3.307248490657455, 1.6299882040676283]
APTIDAO: 
26.909175507168992
GEN: 9100
Individuo: 
[0.9990409867105231, 0.23936078167138977, 4.197384100405306, 4.824498241627878, 0.961469921500626, 0.5005046167555297, 0.850484902266798, 0.25780270032095837, 1, 2, 4, 2, 3.8894555514906934, 3.307248490657455, 1.6299882040676283]
APTIDAO: 
26.909175507168992
GEN: 9200
Individuo: 
[0.9990409867105231, 0.23936078167138977, 4.197384100405306, 4.824498241627878, 0.961469921500626, 0.4983689538549, 0.850484902266798, 0.25780270032095837, 1, 2, 4, 2, 3.8894555514906934, 3.307248490657455, 1.6299882040676283]
APTIDAO: 
26.908252549401755
GEN: 9300
Individuo: 
[0.9990409867105231, 0.23936078167138977, 4.202307771713401, 4.824498241627878, 0.961469921500626, 0.4983689538549, 0.8482972316807068, 0.25780270032095837, 1, 2, 4, 2, 3.8894555514906934, 3.307248490657455, 1.6299882040676283]
APTIDAO: 
26.905464317169347
GEN: 9400
Individuo: 
[0.9990409867105231, 0.23936078167138977, 4.202307771713401, 4.824498241627878, 0.961469921500626, 0.4983689538549, 0.8482972316807068, 0.25780270032095837, 1, 2, 4, 2, 3.8808802159835123, 3.307248490657455, 1.6299882040676283]
APTIDAO: 
26.893155461882724
GEN: 9500
Individuo: 
[0.9990409867105231, 0.23936078167138977, 4.202307771713401, 4.824498241627878, 0.9661488616314273, 0.4983689538549, 0.8482972316807068, 0.25780270032095837, 1, 2, 4, 2, 3.8808802159835123, 3.307248490657455, 1.6299882040676283]
APTIDAO: 
26.890005444050257
GEN: 9600
Individuo: 
[0.9990409867105231, 0.24001708507987765, 4.202307771713401, 4.816822314926585, 0.9661488616314273, 0.4983689538549, 0.8482972316807068, 0.25780270032095837, 1, 2, 4, 2, 3.8808802159835123, 3.307248490657455, 1.6299882040676283]
APTIDAO: 
26.8872223179541
GEN: 9700
Individuo: 
[0.9990409867105231, 0.24001708507987765, 4.202307771713401, 4.816822314926585, 0.9661488616314273, 0.4983689538549, 0.8482972316807068, 0.25780270032095837, 1, 2, 4, 2, 3.8808802159835123, 3.307248490657455, 1.6299882040676283]
APTIDAO: 
26.8872223179541
GEN: 9800
Individuo: 
[0.9990409867105231, 0.24001708507987765, 4.202307771713401, 4.816822314926585, 0.9661488616314273, 0.4983689538549, 0.8482972316807068, 0.2581490060268691, 1, 2, 4, 2, 3.8808802159835123, 3.307248490657455, 1.6299882040676283]
APTIDAO: 
26.8708624828828
GEN: 9900
Individuo: 
[0.9990409867105231, 0.24001708507987765, 4.202307771713401, 4.816822314926585, 0.9661488616314273, 0.4983689538549, 0.8482972316807068, 0.2581490060268691, 1, 2, 4, 2, 3.8808802159835123, 3.2747625920500676, 1.6287165044494698]
APTIDAO: 
26.855403756450826
GEN: 10000
Individuo: 
[0.9990409867105231, 0.24001708507987765, 4.202307771713401, 4.816822314926585, 0.9661488616314273, 0.4956346169459311, 0.8482972316807068, 0.2581490060268691, 1, 2, 4, 2, 3.8808802159835123, 3.2747625920500676, 1.6225015432135679]
APTIDAO: 
26.84366045907749

--- RESULTADO FINAL ---
Erro (norma-1): 26.84366045907749
Parâmetros: [0.9990409867105231, 0.24001708507987765, 4.202307771713401, 4.816822314926585, 0.9661488616314273, 0.4956346169459311, 0.8482972316807068, 0.2581490060268691, 1, 2, 4, 2, 3.8808802159835123, 3.2747625920500676, 1.6225015432135679]
Tempo total: 00h 55m 40s
