SEED: 1778434285
METODO: ABCD_Hill
IND_SIZE: 15
GEN: 0
Individuo: 
[2.265952489878887, 1.3552615204545366, 3.52857928760036, 0.2983477833892184, 0.5312039507799734, 0.7960758252812444, 0.771801462794716, 0.5269289420587974, 4, 6, 5, 3, 6.86887271069452, 4.4387632602639275, 1.6656251560877229]
APTIDAO: 
150.6567880038193
GEN: 100
Individuo: 
[1.03405603621523, 0.33603640564054843, 4.411102375660953, 4.335789512529661, 0.14749648744899654, 0.8753562355511098, 0.9921874823473669, 0.43477948513476194, 1, 1, 4, 6, 2.2172989433401997, 6.657459785158373, 1.6602065258385141]
APTIDAO: 
30.38901555546672
GEN: 200
Individuo: 
[1.03405603621523, 0.33603640564054843, 4.411102375660953, 4.337574513310125, 0.14149951374516415, 0.8141705210985317, 0.9962487276647655, 0.3988375660493051, 1, 1, 4, 5, 2.2760847264220616, 6.386970693306387, 1.4896370120624989]
APTIDAO: 
25.27560179689287
GEN: 300
Individuo: 
[1.0084466242067558, 0.367747291292069, 4.411102375660953, 4.337574513310125, 0.14265147406861708, 0.8141705210985317, 0.997496895720748, 0.3988375660493051, 1, 1, 4, 5, 2.281297055785292, 5.9587096164844615, 1.5347686314898308]
APTIDAO: 
23.878148214645876
GEN: 400
Individuo: 
[1.0084466242067558, 0.367747291292069, 4.411102375660953, 4.337574513310125, 0.1397224648067768, 0.8141705210985317, 0.997496895720748, 0.3988375660493051, 1, 1, 4, 5, 2.281297055785292, 5.844347297735392, 1.540449429800309]
APTIDAO: 
23.695760876853125
GEN: 500
Individuo: 
[1.0084466242067558, 0.367747291292069, 4.411102375660953, 4.288337811720417, 0.14144024177538747, 0.8141705210985317, 0.997496895720748, 0.3988375660493051, 1, 1, 4, 5, 2.281297055785292, 5.844347297735392, 1.536802263563262]
APTIDAO: 
23.682639143648704
GEN: 600
Individuo: 
[1.0084466242067558, 0.367747291292069, 4.411102375660953, 4.288337811720417, 0.14144024177538747, 0.8141705210985317, 0.997496895720748, 0.3988375660493051, 1, 1, 4, 5, 2.281297055785292, 5.844347297735392, 1.536802263563262]
APTIDAO: 
23.682639143648704
GEN: 700
Individuo: 
[1.0084466242067558, 0.367747291292069, 4.411102375660953, 4.288337811720417, 0.14144024177538747, 0.8141705210985317, 0.997496895720748, 0.3988375660493051, 1, 1, 4, 5, 2.281297055785292, 5.803831932359632, 1.536802263563262]
APTIDAO: 
23.66012399721048
GEN: 800
Individuo: 
[1.0009748023604224, 0.367747291292069, 4.411102375660953, 4.288337811720417, 0.14144024177538747, 0.8141705210985317, 0.997496895720748, 0.4002018415321902, 1, 1, 4, 5, 2.281297055785292, 5.803831932359632, 1.536802263563262]
APTIDAO: 
23.608049335226166
GEN: 900
Individuo: 
[1.000027789629415, 0.367747291292069, 4.411102375660953, 4.288337811720417, 0.14144024177538747, 0.8141705210985317, 0.997496895720748, 0.4002018415321902, 1, 1, 4, 5, 2.281297055785292, 5.803831932359632, 1.536802263563262]
APTIDAO: 
23.606727535464294
GEN: 1000
Individuo: 
[1.000027789629415, 0.367747291292069, 4.411102375660953, 4.311797860116866, 0.13989788291874783, 0.8141705210985317, 0.997496895720748, 0.4002018415321902, 1, 1, 4, 5, 2.281297055785292, 5.803831932359632, 1.536802263563262]
APTIDAO: 
23.599787310990283
GEN: 1100
Individuo: 
[0.9991453505435272, 0.367747291292069, 4.411102375660953, 4.311797860116866, 0.13989788291874783, 0.8141705210985317, 0.997496895720748, 0.4002018415321902, 1, 1, 4, 5, 2.281297055785292, 5.803831932359632, 1.536802263563262]
APTIDAO: 
23.598888873151477
GEN: 1200
Individuo: 
[0.9991453505435272, 0.367747291292069, 4.411102375660953, 4.3111772407801485, 0.1388126521615194, 0.8141705210985317, 0.997496895720748, 0.4002018415321902, 1, 1, 4, 5, 2.281297055785292, 5.803831932359632, 1.536802263563262]
APTIDAO: 
23.59378528910693
GEN: 1300
Individuo: 
[0.9991453505435272, 0.367747291292069, 4.411102375660953, 4.3111772407801485, 0.1386234557657786, 0.8141705210985317, 0.9979784336079136, 0.4002018415321902, 1, 1, 4, 5, 2.281297055785292, 5.803831932359632, 1.536802263563262]
APTIDAO: 
23.591241463785167
GEN: 1400
Individuo: 
[0.9991453505435272, 0.367747291292069, 4.411102375660953, 4.3111772407801485, 0.1386234557657786, 0.8141705210985317, 0.9979784336079136, 0.4002018415321902, 1, 1, 4, 5, 2.281297055785292, 5.803831932359632, 1.536802263563262]
APTIDAO: 
23.591241463785167
GEN: 1500
Individuo: 
[0.9991453505435272, 0.367747291292069, 4.411102375660953, 4.3111772407801485, 0.1386234557657786, 0.8141705210985317, 0.9979784336079136, 0.4002018415321902, 1, 1, 4, 5, 2.281297055785292, 5.803831932359632, 1.536802263563262]
APTIDAO: 
23.591241463785167
GEN: 1600
Individuo: 
[0.9991453505435272, 0.367747291292069, 4.411102375660953, 4.3111772407801485, 0.1386234557657786, 0.8141705210985317, 0.9979784336079136, 0.4002018415321902, 1, 1, 4, 5, 2.281297055785292, 5.803831932359632, 1.536802263563262]
APTIDAO: 
23.591241463785167
GEN: 1700
Individuo: 
[0.9991453505435272, 0.367747291292069, 4.411102375660953, 4.3111772407801485, 0.1386234557657786, 0.8141705210985317, 0.9979784336079136, 0.4002018415321902, 1, 1, 4, 5, 2.281297055785292, 5.803831932359632, 1.536802263563262]
APTIDAO: 
23.591241463785167
GEN: 1800
Individuo: 
[0.9991453505435272, 0.367747291292069, 4.411102375660953, 4.3111772407801485, 0.1386234557657786, 0.8141705210985317, 0.9979784336079136, 0.4002018415321902, 1, 1, 4, 5, 2.281297055785292, 5.803831932359632, 1.536802263563262]
APTIDAO: 
23.591241463785167
GEN: 1900
Individuo: 
[0.9991453505435272, 0.367747291292069, 4.411102375660953, 4.3111772407801485, 0.1386234557657786, 0.8141705210985317, 0.9979784336079136, 0.4002018415321902, 1, 1, 4, 5, 2.281297055785292, 5.803831932359632, 1.536802263563262]
APTIDAO: 
23.591241463785167
GEN: 2000
Individuo: 
[0.9991453505435272, 0.367747291292069, 4.411102375660953, 4.3111772407801485, 0.13742441878228445, 0.8141705210985317, 0.9979784336079136, 0.4002018415321902, 1, 1, 4, 5, 2.281297055785292, 5.803831932359632, 1.536802263563262]
APTIDAO: 
23.590880956104744
GEN: 2100
Individuo: 
[0.9991453505435272, 0.367747291292069, 4.411102375660953, 4.3111772407801485, 0.13742441878228445, 0.8141705210985317, 0.9979784336079136, 0.40104099890838374, 1, 1, 4, 5, 2.281297055785292, 5.752073693491684, 1.536802263563262]
APTIDAO: 
23.587076543426214
GEN: 2200
Individuo: 
[0.9991453505435272, 0.3654210969122439, 4.411102375660953, 4.3111772407801485, 0.1355691379171158, 0.8141705210985317, 0.9974479229869596, 0.40104099890838374, 1, 1, 4, 5, 2.281297055785292, 5.752073693491684, 1.536802263563262]
APTIDAO: 
23.57232757553319
GEN: 2300
Individuo: 
[0.9991453505435272, 0.3654210969122439, 4.411102375660953, 4.3111772407801485, 0.1355691379171158, 0.8141705210985317, 0.9974479229869596, 0.40104099890838374, 1, 1, 4, 5, 2.281297055785292, 5.752073693491684, 1.536802263563262]
APTIDAO: 
23.57232757553319
GEN: 2400
Individuo: 
[0.9991453505435272, 0.3654210969122439, 4.411102375660953, 4.3111772407801485, 0.1355691379171158, 0.8141705210985317, 0.9974479229869596, 0.40104099890838374, 1, 1, 4, 5, 2.281297055785292, 5.752073693491684, 1.536802263563262]
APTIDAO: 
23.57232757553319
GEN: 2500
Individuo: 
[0.9991453505435272, 0.3654210969122439, 4.411102375660953, 4.3111772407801485, 0.1355691379171158, 0.8141705210985317, 0.9974479229869596, 0.40104099890838374, 1, 1, 4, 5, 2.281297055785292, 5.752073693491684, 1.536802263563262]
APTIDAO: 
23.57232757553319
GEN: 2600
Individuo: 
[0.9991453505435272, 0.3654210969122439, 4.411102375660953, 4.3111772407801485, 0.1354857053671717, 0.8141705210985317, 0.9974479229869596, 0.40104099890838374, 1, 1, 4, 5, 2.281297055785292, 5.752073693491684, 1.536802263563262]
APTIDAO: 
23.572289157476764
GEN: 2700
Individuo: 
[0.9991453505435272, 0.3654210969122439, 4.411102375660953, 4.292106632001323, 0.1354857053671717, 0.8141705210985317, 0.9974479229869596, 0.40104099890838374, 1, 1, 4, 5, 2.281297055785292, 5.732465721900792, 1.536802263563262]
APTIDAO: 
23.56769617365405
GEN: 2800
Individuo: 
[0.9991453505435272, 0.3654210969122439, 4.411102375660953, 4.292106632001323, 0.1354857053671717, 0.8141705210985317, 0.9974479229869596, 0.4008110328455719, 1, 1, 4, 5, 2.281297055785292, 5.732465721900792, 1.536802263563262]
APTIDAO: 
23.56468428577632
GEN: 2900
Individuo: 
[0.9991453505435272, 0.3654210969122439, 4.411102375660953, 4.292106632001323, 0.1354857053671717, 0.8141705210985317, 0.9974479229869596, 0.4008110328455719, 1, 1, 4, 5, 2.281297055785292, 5.732465721900792, 1.536802263563262]
APTIDAO: 
23.56468428577632
GEN: 3000
Individuo: 
[0.9991453505435272, 0.37052604499200464, 4.411102375660953, 4.292106632001323, 0.1354857053671717, 0.8141705210985317, 0.9974479229869596, 0.4008110328455719, 1, 1, 4, 5, 2.281297055785292, 5.732465721900792, 1.5266662709022203]
APTIDAO: 
23.553543390956804
GEN: 3100
Individuo: 
[0.9991453505435272, 0.37052604499200464, 4.411102375660953, 4.292106632001323, 0.13118304042440898, 0.8141705210985317, 0.9974479229869596, 0.4008110328455719, 1, 1, 4, 5, 2.281297055785292, 5.732465721900792, 1.5266662709022203]
APTIDAO: 
23.523951590299966
GEN: 3200
Individuo: 
[0.9991453505435272, 0.37052604499200464, 4.411102375660953, 4.292106632001323, 0.13118304042440898, 0.8141705210985317, 0.9974479229869596, 0.4008110328455719, 1, 1, 4, 5, 2.281297055785292, 5.732465721900792, 1.5266662709022203]
APTIDAO: 
23.523951590299966
GEN: 3300
Individuo: 
[0.9991453505435272, 0.37052604499200464, 4.411102375660953, 4.292106632001323, 0.13118304042440898, 0.8141705210985317, 0.9974479229869596, 0.4008110328455719, 1, 1, 4, 5, 2.2798854269901367, 5.732465721900792, 1.5266662709022203]
APTIDAO: 
23.523934326240894
GEN: 3400
Individuo: 
[0.9991453505435272, 0.37052604499200464, 4.411102375660953, 4.292106632001323, 0.13118304042440898, 0.8141705210985317, 0.9974479229869596, 0.4008110328455719, 1, 1, 4, 5, 2.281297055785292, 5.732465721900792, 1.52592852170973]
APTIDAO: 
23.52169015941049
GEN: 3500
Individuo: 
[0.9991453505435272, 0.37052604499200464, 4.5633948116966385, 4.292106632001323, 0.13118304042440898, 0.8141705210985317, 0.9974479229869596, 0.4008110328455719, 1, 1, 4, 5, 2.281297055785292, 5.732465721900792, 1.52592852170973]
APTIDAO: 
23.397380384899723
GEN: 3600
Individuo: 
[0.9991453505435272, 0.3372364534611365, 4.653105363626477, 4.292106632001323, 0.13118304042440898, 0.8141705210985317, 0.9974479229869596, 0.4008110328455719, 1, 1, 4, 5, 2.3036369941097967, 5.732465721900792, 1.52592852170973]
APTIDAO: 
23.087926364988007
GEN: 3700
Individuo: 
[0.9991453505435272, 0.34543607108338303, 4.653105363626477, 4.133368015088984, 0.13118304042440898, 0.8141705210985317, 0.9974479229869596, 0.4008110328455719, 1, 1, 4, 5, 2.3036369941097967, 5.732465721900792, 1.5105967882496876]
APTIDAO: 
22.84940326290038
GEN: 3800
Individuo: 
[0.9991453505435272, 0.3651041785946511, 4.653105363626477, 4.133368015088984, 0.13464014220745604, 0.8141705210985317, 0.9980389762466848, 0.4008110328455719, 1, 1, 4, 5, 2.3036369941097967, 5.732465721900792, 1.5105967882496876]
APTIDAO: 
22.780130883900917
GEN: 3900
Individuo: 
[0.9991453505435272, 0.361392346584811, 4.653105363626477, 4.083161420777679, 0.13464014220745604, 0.8141705210985317, 0.9980389762466848, 0.4008110328455719, 1, 1, 4, 5, 2.3036369941097967, 5.732465721900792, 1.5105967882496876]
APTIDAO: 
22.767962599368868
GEN: 4000
Individuo: 
[0.9991453505435272, 0.3681463695590747, 4.653105363626477, 4.083161420777679, 0.14135523645288237, 0.8141705210985317, 0.9980389762466848, 0.4008110328455719, 1, 1, 4, 5, 2.3036369941097967, 5.791225740974998, 1.5105967882496876]
APTIDAO: 
22.736358092383213
GEN: 4100
Individuo: 
[0.9991453505435272, 0.3383958643692081, 4.796525362078437, 4.083161420777679, 0.13947133500983813, 0.8135644227944551, 0.9980389762466848, 0.4008110328455719, 1, 1, 4, 5, 2.3036369941097967, 5.779224921100132, 1.5105967882496876]
APTIDAO: 
22.539789732977848
GEN: 4200
Individuo: 
[0.9991453505435272, 0.3383958643692081, 4.796525362078437, 4.083161420777679, 0.13947133500983813, 0.8135644227944551, 0.9980389762466848, 0.4008110328455719, 1, 1, 4, 5, 2.3022737645228077, 5.779224921100132, 1.5295232749505394]
APTIDAO: 
22.48134581957165
GEN: 4300
Individuo: 
[0.9991453505435272, 0.3383958643692081, 4.8814426714594665, 3.9572977670172476, 0.13947133500983813, 0.8135644227944551, 0.9980389762466848, 0.40298136785636524, 1, 1, 4, 5, 2.3022737645228077, 5.781661594038919, 1.5169628232923091]
APTIDAO: 
22.194707252196416
GEN: 4400
Individuo: 
[0.9991453505435272, 0.3558405263724762, 4.8814426714594665, 3.9572977670172476, 0.1410448783080461, 0.8156467677997035, 0.9980389762466848, 0.40298136785636524, 1, 1, 4, 5, 2.3022737645228077, 5.781661594038919, 1.5169628232923091]
APTIDAO: 
22.1529400940869
GEN: 4500
Individuo: 
[0.9991453505435272, 0.3558405263724762, 4.945881788907249, 3.8614707995549473, 0.1410448783080461, 0.8156467677997035, 0.9980389762466848, 0.40298136785636524, 1, 1, 4, 5, 2.3022737645228077, 5.769806375721151, 1.5077072244690823]
APTIDAO: 
21.882612099249613
GEN: 4600
Individuo: 
[0.9991453505435272, 0.36549094949146194, 4.967454686835329, 3.8290577744185446, 0.1410448783080461, 0.8156467677997035, 0.9980389762466848, 0.40298136785636524, 1, 1, 4, 5, 2.3022737645228077, 5.769806375721151, 1.5076722214475717]
APTIDAO: 
21.80047183950123
GEN: 4700
Individuo: 
[0.9991453505435272, 0.36549094949146194, 4.967454686835329, 3.8042150288839576, 0.14134446259983136, 0.8156467677997035, 0.9980389762466848, 0.40298136785636524, 1, 1, 4, 5, 2.3022737645228077, 5.769806375721151, 1.5076722214475717]
APTIDAO: 
21.79032540139194
GEN: 4800
Individuo: 
[0.9991453505435272, 0.3728698053693149, 4.967454686835329, 3.7984733725263653, 0.13931072185032367, 0.8156467677997035, 0.9980389762466848, 0.40298136785636524, 1, 1, 4, 5, 2.3022737645228077, 5.769806375721151, 1.492989553897246]
APTIDAO: 
21.753625658861083
GEN: 4900
Individuo: 
[0.9991453505435272, 0.3728698053693149, 4.967454686835329, 3.7984733725263653, 0.13931072185032367, 0.8156467677997035, 0.9980389762466848, 0.40298136785636524, 1, 1, 4, 5, 2.3022737645228077, 5.744363176973913, 1.492989553897246]
APTIDAO: 
21.752351284688377
GEN: 5000
Individuo: 
[0.9991453505435272, 0.3728698053693149, 4.967454686835329, 3.7984733725263653, 0.13931072185032367, 0.8156467677997035, 0.9980389762466848, 0.40298136785636524, 1, 1, 4, 5, 2.3022737645228077, 5.744363176973913, 1.492989553897246]
APTIDAO: 
21.752351284688377
GEN: 5100
Individuo: 
[0.9991453505435272, 0.3728698053693149, 4.967454686835329, 3.7984733725263653, 0.13931072185032367, 0.8156467677997035, 0.9980389762466848, 0.4037547403464437, 1, 1, 4, 5, 2.3022737645228077, 5.744363176973913, 1.492989553897246]
APTIDAO: 
21.741420866763562
GEN: 5200
Individuo: 
[0.9991453505435272, 0.3728698053693149, 4.9935858449386545, 3.7739443558531556, 0.13931072185032367, 0.8156467677997035, 0.9980389762466848, 0.4037547403464437, 1, 1, 4, 5, 2.3022737645228077, 5.744363176973913, 1.492989553897246]
APTIDAO: 
21.676110195349487
GEN: 5300
Individuo: 
[0.9991453505435272, 0.3728698053693149, 4.9935858449386545, 3.7739443558531556, 0.13931072185032367, 0.8156467677997035, 0.9980389762466848, 0.4037547403464437, 1, 1, 4, 5, 2.3022737645228077, 5.744363176973913, 1.492989553897246]
APTIDAO: 
21.676110195349487
GEN: 5400
Individuo: 
[0.9991453505435272, 0.3728698053693149, 4.9935858449386545, 3.7739443558531556, 0.13931072185032367, 0.8156467677997035, 0.9980389762466848, 0.4037547403464437, 1, 1, 4, 5, 2.3022737645228077, 5.744363176973913, 1.492989553897246]
APTIDAO: 
21.676110195349487
GEN: 5500
Individuo: 
[0.9991453505435272, 0.3728698053693149, 4.9935858449386545, 3.7739443558531556, 0.13931072185032367, 0.8156467677997035, 0.9980389762466848, 0.4037547403464437, 1, 1, 4, 5, 2.3022737645228077, 5.744363176973913, 1.492989553897246]
APTIDAO: 
21.676110195349487
GEN: 5600
Individuo: 
[0.9991453505435272, 0.3728698053693149, 4.9935858449386545, 3.7739443558531556, 0.13931072185032367, 0.8156467677997035, 0.9980389762466848, 0.4037547403464437, 1, 1, 4, 5, 2.3022737645228077, 5.744363176973913, 1.492989553897246]
APTIDAO: 
21.676110195349487
GEN: 5700
Individuo: 
[0.9991453505435272, 0.3728698053693149, 4.9935858449386545, 3.7739443558531556, 0.13931072185032367, 0.8156467677997035, 0.9980389762466848, 0.4037547403464437, 1, 1, 4, 5, 2.3022737645228077, 5.744363176973913, 1.492989553897246]
APTIDAO: 
21.676110195349487
GEN: 5800
Individuo: 
[0.9991453505435272, 0.3728698053693149, 4.9935858449386545, 3.7739443558531556, 0.13931072185032367, 0.8156467677997035, 0.9980389762466848, 0.4037547403464437, 1, 1, 4, 5, 2.3022737645228077, 5.744363176973913, 1.492989553897246]
APTIDAO: 
21.676110195349487
GEN: 5900
Individuo: 
[0.9991453505435272, 0.3728698053693149, 4.9935858449386545, 3.7739443558531556, 0.13931072185032367, 0.8156467677997035, 0.9980389762466848, 0.4037547403464437, 1, 1, 4, 5, 2.3022737645228077, 5.744363176973913, 1.492989553897246]
APTIDAO: 
21.676110195349487
GEN: 6000
Individuo: 
[0.9991453505435272, 0.3728698053693149, 4.9935858449386545, 3.7739443558531556, 0.13931072185032367, 0.8156467677997035, 0.9980389762466848, 0.4037547403464437, 1, 1, 4, 5, 2.3022737645228077, 5.744363176973913, 1.492989553897246]
APTIDAO: 
21.676110195349487
GEN: 6100
Individuo: 
[0.9991453505435272, 0.3728698053693149, 4.9935858449386545, 3.7739443558531556, 0.13931072185032367, 0.8156467677997035, 0.9980389762466848, 0.4037547403464437, 1, 1, 4, 5, 2.3022737645228077, 5.744363176973913, 1.492989553897246]
APTIDAO: 
21.676110195349487
GEN: 6200
Individuo: 
[0.9991453505435272, 0.3728698053693149, 4.998204355969006, 3.7739443558531556, 0.13931072185032367, 0.8156467677997035, 0.9980389762466848, 0.4037547403464437, 1, 1, 4, 5, 2.3022737645228077, 5.744363176973913, 1.492989553897246]
APTIDAO: 
21.668843668750046
GEN: 6300
Individuo: 
[0.9991453505435272, 0.3728698053693149, 4.998204355969006, 3.7739443558531556, 0.13931072185032367, 0.8156467677997035, 0.9980389762466848, 0.4037547403464437, 1, 1, 4, 5, 2.3022737645228077, 5.744363176973913, 1.492989553897246]
APTIDAO: 
21.668843668750046
GEN: 6400
Individuo: 
[0.9991453505435272, 0.3728698053693149, 4.998204355969006, 3.7739443558531556, 0.13931072185032367, 0.8156467677997035, 0.9980389762466848, 0.4037547403464437, 1, 1, 4, 5, 2.3022737645228077, 5.744363176973913, 1.492989553897246]
APTIDAO: 
21.668843668750046
GEN: 6500
Individuo: 
[0.9991453505435272, 0.3728698053693149, 4.998204355969006, 3.7583081452416778, 0.13931072185032367, 0.8156467677997035, 0.9980389762466848, 0.4037547403464437, 1, 1, 4, 5, 2.3022737645228077, 5.744363176973913, 1.492989553897246]
APTIDAO: 
21.662741988824504
GEN: 6600
Individuo: 
[0.9991453505435272, 0.3728698053693149, 4.998204355969006, 3.7583081452416778, 0.13931072185032367, 0.8156467677997035, 0.9980389762466848, 0.4037547403464437, 1, 1, 4, 5, 2.3022737645228077, 5.744363176973913, 1.492989553897246]
APTIDAO: 
21.662741988824504
GEN: 6700
Individuo: 
[0.9991453505435272, 0.3790782686251854, 4.998204355969006, 3.7583081452416778, 0.13931072185032367, 0.8156467677997035, 0.9980389762466848, 0.4037547403464437, 1, 1, 4, 5, 2.3022737645228077, 5.744363176973913, 1.492989553897246]
APTIDAO: 
21.662715848463694
GEN: 6800
Individuo: 
[0.9991453505435272, 0.3790782686251854, 4.998204355969006, 3.7583081452416778, 0.13931072185032367, 0.8156467677997035, 0.9980389762466848, 0.4037547403464437, 1, 1, 4, 5, 2.3022737645228077, 5.706699374778505, 1.492989553897246]
APTIDAO: 
21.657787943110606
GEN: 6900
Individuo: 
[0.9991453505435272, 0.3790782686251854, 4.998204355969006, 3.7522196544198176, 0.13757879398737757, 0.8156467677997035, 0.9980389762466848, 0.4037547403464437, 1, 1, 4, 5, 2.3022737645228077, 5.706699374778505, 1.492989553897246]
APTIDAO: 
21.65080937346982
GEN: 7000
Individuo: 
[0.9991453505435272, 0.3790087943337006, 4.998204355969006, 3.729713373548031, 0.13757879398737757, 0.8156467677997035, 0.9980389762466848, 0.4037547403464437, 1, 1, 4, 5, 2.3022737645228077, 5.706699374778505, 1.492989553897246]
APTIDAO: 
21.65036338433896
GEN: 7100
Individuo: 
[0.9991453505435272, 0.3790087943337006, 4.998204355969006, 3.729713373548031, 0.13757879398737757, 0.8156467677997035, 0.9980389762466848, 0.4037547403464437, 1, 1, 4, 5, 2.3022737645228077, 5.706699374778505, 1.492989553897246]
APTIDAO: 
21.65036338433896
GEN: 7200
Individuo: 
[0.9991453505435272, 0.3790087943337006, 4.998204355969006, 3.729713373548031, 0.13757879398737757, 0.8156467677997035, 0.9980389762466848, 0.4037547403464437, 1, 1, 4, 5, 2.3022737645228077, 5.706699374778505, 1.492989553897246]
APTIDAO: 
21.65036338433896
GEN: 7300
Individuo: 
[0.9991453505435272, 0.3840040370792137, 4.998204355969006, 3.729713373548031, 0.13757879398737757, 0.8156467677997035, 0.9980389762466848, 0.4037547403464437, 1, 1, 4, 5, 2.3014791161926578, 5.706699374778505, 1.492989553897246]
APTIDAO: 
21.643129237998707
GEN: 7400
Individuo: 
[0.9991453505435272, 0.3840040370792137, 4.998204355969006, 3.7284502673026765, 0.13810248957397303, 0.8156467677997035, 0.9980389762466848, 0.4037547403464437, 1, 1, 4, 5, 2.3014791161926578, 5.706699374778505, 1.4844987687562585]
APTIDAO: 
21.636885103438985
GEN: 7500
Individuo: 
[0.9991453505435272, 0.3840040370792137, 4.998204355969006, 3.7284502673026765, 0.13810248957397303, 0.8156467677997035, 0.9980389762466848, 0.4037547403464437, 1, 1, 4, 5, 2.3014791161926578, 5.706699374778505, 1.4874545478896337]
APTIDAO: 
21.633006763587613
GEN: 7600
Individuo: 
[0.9991453505435272, 0.3840040370792137, 4.998204355969006, 3.7284502673026765, 0.13810248957397303, 0.8156467677997035, 0.9980389762466848, 0.4037547403464437, 1, 1, 4, 5, 2.3014791161926578, 5.706699374778505, 1.4874545478896337]
APTIDAO: 
21.633006763587613
GEN: 7700
Individuo: 
[0.9991453505435272, 0.38689366554246396, 4.998204355969006, 3.7284502673026765, 0.1380751290081703, 0.8156467677997035, 0.9980389762466848, 0.4037547403464437, 1, 1, 4, 5, 2.3014791161926578, 5.706699374778505, 1.4874545478896337]
APTIDAO: 
21.632503392652435
GEN: 7800
Individuo: 
[0.9991453505435272, 0.3875196091652148, 4.998204355969006, 3.7160446579486193, 0.1380751290081703, 0.8156467677997035, 0.9980389762466848, 0.4037547403464437, 1, 1, 4, 5, 2.3014791161926578, 5.706699374778505, 1.4874545478896337]
APTIDAO: 
21.62948747045606
GEN: 7900
Individuo: 
[0.9991453505435272, 0.3875196091652148, 4.998204355969006, 3.7160446579486193, 0.13777569571484288, 0.8156467677997035, 0.9980389762466848, 0.4037547403464437, 1, 1, 4, 5, 2.3014791161926578, 5.706699374778505, 1.4874545478896337]
APTIDAO: 
21.62932357665225
GEN: 8000
Individuo: 
[0.9991453505435272, 0.3875196091652148, 4.998204355969006, 3.7160446579486193, 0.1380751290081703, 0.8156467677997035, 0.9980389762466848, 0.4037785094255899, 1, 1, 4, 5, 2.3023041630708416, 5.706699374778505, 1.4874545478896337]
APTIDAO: 
21.629167001428424
GEN: 8100
Individuo: 
[0.9991453505435272, 0.3891848658829446, 4.998204355969006, 3.7160446579486193, 0.1380751290081703, 0.8156467677997035, 0.9980389762466848, 0.4037785094255899, 1, 1, 4, 5, 2.3023041630708416, 5.706699374778505, 1.4874545478896337]
APTIDAO: 
21.62902810258292
GEN: 8200
Individuo: 
[0.9991453505435272, 0.3891848658829446, 4.998204355969006, 3.7160446579486193, 0.1380751290081703, 0.8156467677997035, 0.9980389762466848, 0.4037785094255899, 1, 1, 4, 5, 2.3023041630708416, 5.706699374778505, 1.4874545478896337]
APTIDAO: 
21.62902810258292
GEN: 8300
Individuo: 
[0.9991453505435272, 0.3891848658829446, 4.998204355969006, 3.7160446579486193, 0.1380751290081703, 0.8156467677997035, 0.9980389762466848, 0.4037785094255899, 1, 1, 4, 5, 2.3023041630708416, 5.706699374778505, 1.4874545478896337]
APTIDAO: 
21.62902810258292
GEN: 8400
Individuo: 
[0.9991453505435272, 0.3891848658829446, 4.998204355969006, 3.7160446579486193, 0.1380751290081703, 0.8156467677997035, 0.9980389762466848, 0.4037785094255899, 1, 1, 4, 5, 2.3023041630708416, 5.706699374778505, 1.4874545478896337]
APTIDAO: 
21.62902810258292
GEN: 8500
Individuo: 
[0.9991453505435272, 0.3891848658829446, 4.998204355969006, 3.7160446579486193, 0.1380751290081703, 0.8156467677997035, 0.9980389762466848, 0.4037785094255899, 1, 1, 4, 5, 2.3023041630708416, 5.706699374778505, 1.4874545478896337]
APTIDAO: 
21.62902810258292
GEN: 8600
Individuo: 
[0.9991453505435272, 0.3891848658829446, 4.998204355969006, 3.7160446579486193, 0.1380751290081703, 0.8156467677997035, 0.9980389762466848, 0.4037785094255899, 1, 1, 4, 5, 2.3023041630708416, 5.698083600930119, 1.4874545478896337]
APTIDAO: 
21.627570151353165
GEN: 8700
Individuo: 
[0.9991453505435272, 0.3891848658829446, 4.998204355969006, 3.711634461838438, 0.1380751290081703, 0.8156467677997035, 0.9980389762466848, 0.4037785094255899, 1, 1, 4, 5, 2.3023041630708416, 5.698083600930119, 1.483086880354659]
APTIDAO: 
21.624548461696055
GEN: 8800
Individuo: 
[0.9991453505435272, 0.3891848658829446, 4.998204355969006, 3.711634461838438, 0.1361780693797093, 0.8156467677997035, 0.9980389762466848, 0.4037785094255899, 1, 1, 4, 5, 2.3023041630708416, 5.698083600930119, 1.483086880354659]
APTIDAO: 
21.623118757875968
GEN: 8900
Individuo: 
[0.9991453505435272, 0.391373284233772, 4.998204355969006, 3.711634461838438, 0.1361780693797093, 0.8156467677997035, 0.998935807081468, 0.4037785094255899, 1, 1, 4, 5, 2.3023041630708416, 5.695594040185889, 1.483086880354659]
APTIDAO: 
21.621130027294285
GEN: 9000
Individuo: 
[0.9991453505435272, 0.391373284233772, 4.998204355969006, 3.711634461838438, 0.1361780693797093, 0.8156467677997035, 0.998935807081468, 0.4037785094255899, 1, 1, 4, 5, 2.3023041630708416, 5.695594040185889, 1.483086880354659]
APTIDAO: 
21.621130027294285
GEN: 9100
Individuo: 
[0.9991453505435272, 0.391373284233772, 4.998204355969006, 3.711634461838438, 0.1365293732189531, 0.8156467677997035, 0.998935807081468, 0.4037785094255899, 1, 1, 4, 5, 2.3023041630708416, 5.695594040185889, 1.483086880354659]
APTIDAO: 
21.62102294936673
GEN: 9200
Individuo: 
[0.9991453505435272, 0.391373284233772, 4.998204355969006, 3.711634461838438, 0.1365293732189531, 0.8156467677997035, 0.998935807081468, 0.4037785094255899, 1, 1, 4, 5, 2.3023041630708416, 5.695594040185889, 1.483086880354659]
APTIDAO: 
21.62102294936673
GEN: 9300
Individuo: 
[0.9991453505435272, 0.391373284233772, 4.998204355969006, 3.711634461838438, 0.1365293732189531, 0.8156467677997035, 0.998935807081468, 0.4037785094255899, 1, 1, 4, 5, 2.3023041630708416, 5.695594040185889, 1.4806226039509736]
APTIDAO: 
21.61874101068067
GEN: 9400
Individuo: 
[0.9991453505435272, 0.391373284233772, 4.998204355969006, 3.711634461838438, 0.1365293732189531, 0.8156467677997035, 0.998935807081468, 0.4037785094255899, 1, 1, 4, 5, 2.3023041630708416, 5.695594040185889, 1.4806226039509736]
APTIDAO: 
21.61874101068067
GEN: 9500
Individuo: 
[0.9991453505435272, 0.391373284233772, 4.998204355969006, 3.711634461838438, 0.1365293732189531, 0.8156467677997035, 0.998935807081468, 0.4037785094255899, 1, 1, 4, 5, 2.3023041630708416, 5.695594040185889, 1.4806226039509736]
APTIDAO: 
21.61874101068067
GEN: 9600
Individuo: 
[0.9991453505435272, 0.391373284233772, 4.998204355969006, 3.711634461838438, 0.1365293732189531, 0.8156467677997035, 0.998935807081468, 0.4037785094255899, 1, 1, 4, 5, 2.3023041630708416, 5.695594040185889, 1.4806226039509736]
APTIDAO: 
21.61874101068067
GEN: 9700
Individuo: 
[0.9991453505435272, 0.391373284233772, 4.998204355969006, 3.711634461838438, 0.1365293732189531, 0.8156467677997035, 0.998935807081468, 0.4037785094255899, 1, 1, 4, 5, 2.3023041630708416, 5.695594040185889, 1.4806226039509736]
APTIDAO: 
21.61874101068067
GEN: 9800
Individuo: 
[0.9991453505435272, 0.391373284233772, 4.998204355969006, 3.711634461838438, 0.1365293732189531, 0.8156467677997035, 0.998935807081468, 0.4037785094255899, 1, 1, 4, 5, 2.3023041630708416, 5.695594040185889, 1.4806226039509736]
APTIDAO: 
21.61874101068067
GEN: 9900
Individuo: 
[0.9991453505435272, 0.391373284233772, 4.998204355969006, 3.711634461838438, 0.1365293732189531, 0.8156467677997035, 0.998935807081468, 0.4037785094255899, 1, 1, 4, 5, 2.3023041630708416, 5.695594040185889, 1.4806226039509736]
APTIDAO: 
21.61874101068067
GEN: 10000
Individuo: 
[0.9991453505435272, 0.391373284233772, 4.998204355969006, 3.711634461838438, 0.1365293732189531, 0.8156467677997035, 0.998935807081468, 0.4037785094255899, 1, 1, 4, 5, 2.3023041630708416, 5.695594040185889, 1.4806226039509736]
APTIDAO: 
21.61874101068067

--- RESULTADO FINAL ---
Erro (norma-1): 21.61874101068067
Parâmetros: [0.9991453505435272, 0.391373284233772, 4.998204355969006, 3.711634461838438, 0.1365293732189531, 0.8156467677997035, 0.998935807081468, 0.4037785094255899, 1, 1, 4, 5, 2.3023041630708416, 5.695594040185889, 1.4806226039509736]
Tempo total: 00h 57m 12s
