SEED: 1778981565
METODO: ABCD_Hill
IND_SIZE: 15
GEN: 0
Individuo: 
[0.2558723474402552, 0.4134219678268616, 1.530415945575318, 4.254625885516493, 0.2798629441779038, 0.8263624700167934, 0.4604141530230686, 0.023301856945550616, 4, 3, 6, 4, 5.763489443791055, 9.822338671921655, 1.5979124485681704]
APTIDAO: 
181.23826713631598
GEN: 100
Individuo: 
[0.9951858062350764, 0.3492337882482891, 3.630109130766026, 4.506113320065438, 0.35669545330913616, 0.8263624700167934, 0.6048404661186226, 0.19972502297669842, 1, 3, 5, 1, 5.763489443791055, 1.7444777623471952, 1.5979124485681704]
APTIDAO: 
46.53101165139628
GEN: 200
Individuo: 
[1.1229945033118875, 0.31696700998172994, 3.956128031670741, 4.506113320065438, 0.19994454496568714, 0.8263624700167934, 0.6139788333284086, 0.18545795380162197, 1, 3, 6, 1, 5.763489443791055, 1.7444777623471952, 1.5979124485681704]
APTIDAO: 
42.030179937777696
GEN: 300
Individuo: 
[1.041271306833795, 0.3264088508596279, 4.018596495501342, 4.506113320065438, 0.19776835001598764, 0.8263624700167934, 0.6139788333284086, 0.18545795380162197, 1, 3, 6, 1, 5.763489443791055, 1.7444777623471952, 1.5979124485681704]
APTIDAO: 
41.769309395151936
GEN: 400
Individuo: 
[0.9739645922162747, 0.3264088508596279, 4.062491179623984, 4.506113320065438, 0.1563222959577782, 0.8263624700167934, 0.6409676753107446, 0.18545795380162197, 1, 3, 6, 1, 5.763489443791055, 1.7444777623471952, 1.5979124485681704]
APTIDAO: 
40.93275522284978
GEN: 500
Individuo: 
[0.9739645922162747, 0.3264088508596279, 4.151865339348028, 4.506113320065438, 0.152787987783778, 0.8263624700167934, 0.6413747648528411, 0.184587732421729, 1, 3, 6, 1, 5.763489443791055, 1.8571899706228785, 1.5979124485681704]
APTIDAO: 
40.0777087444365
GEN: 600
Individuo: 
[0.9739645922162747, 0.29407211071314504, 4.151865339348028, 4.506113320065438, 0.13364456949128858, 0.8263624700167934, 0.6444205233582525, 0.184587732421729, 1, 3, 6, 1, 5.763489443791055, 1.8571899706228785, 1.5979124485681704]
APTIDAO: 
39.9663669018468
GEN: 700
Individuo: 
[0.9920580925003192, 0.29407211071314504, 4.151865339348028, 4.546905337476223, 0.14087519106966304, 0.8263624700167934, 0.6444205233582525, 0.184587732421729, 1, 3, 6, 1, 5.763489443791055, 1.8571899706228785, 1.5979124485681704]
APTIDAO: 
39.88357918420221
GEN: 800
Individuo: 
[0.9920580925003192, 0.29378159556509786, 4.189837462384048, 4.642493896316615, 0.14087519106966304, 0.8263624700167934, 0.6444205233582525, 0.184587732421729, 1, 3, 6, 1, 5.763489443791055, 1.94200244230474, 1.5979124485681704]
APTIDAO: 
39.72564343971412
GEN: 900
Individuo: 
[0.9920580925003192, 0.272068944927208, 4.189837462384048, 4.642493896316615, 0.14338397955061932, 0.8263624700167934, 0.6514548286980486, 0.184587732421729, 1, 3, 6, 1, 5.763489443791055, 1.94200244230474, 1.5979124485681704]
APTIDAO: 
39.38878520367536
GEN: 1000
Individuo: 
[0.9920580925003192, 0.272068944927208, 4.189837462384048, 4.808612241484185, 0.0032120728273621114, 0.7294505205800017, 0.6549883669801797, 0.14581138870029828, 7, 3, 6, 1, 5.763489443791055, 1.9179129644243886, 1.5979124485681704]
APTIDAO: 
31.98960083418563
GEN: 1100
Individuo: 
[0.9920580925003192, 0.23952139156279592, 4.26916455438774, 4.978522749418873, 0.0012252062780429057, 0.7294505205800017, 0.6549883669801797, 0.14581138870029828, 5, 3, 6, 1, 5.763489443791055, 1.959389068447202, 1.5979124485681704]
APTIDAO: 
31.21888297019946
GEN: 1200
Individuo: 
[0.9949090157034645, 0.23952139156279592, 4.26916455438774, 4.978522749418873, 0.0011164448487004624, 0.7294505205800017, 0.6549883669801797, 0.1458499180491789, 8, 3, 6, 1, 5.763489443791055, 1.959389068447202, 1.5979124485681704]
APTIDAO: 
31.208161246537582
GEN: 1300
Individuo: 
[0.9957339195795457, 0.23952139156279592, 4.275259143996016, 4.986803974395992, 0.003927385618878183, 0.7294505205800017, 0.6549883669801797, 0.1458499180491789, 8, 3, 6, 1, 5.763489443791055, 1.959389068447202, 1.5979124485681704]
APTIDAO: 
31.18278367038561
GEN: 1400
Individuo: 
[0.9957339195795457, 0.22940944959658152, 4.275259143996016, 4.986803974395992, 0.034985268424439844, 0.7294505205800017, 0.6549883669801797, 0.1458499180491789, 8, 3, 6, 1, 5.763489443791055, 1.959389068447202, 1.5979124485681704]
APTIDAO: 
31.169375646301273
GEN: 1500
Individuo: 
[0.9957339195795457, 0.22769640352464668, 4.312225092540876, 4.986803974395992, 0.0296638376750864, 0.7294505205800017, 0.6549883669801797, 0.1458499180491789, 3, 3, 6, 1, 5.763489443791055, 1.959389068447202, 1.5979124485681704]
APTIDAO: 
31.09214978241067
GEN: 1600
Individuo: 
[0.9980561621197841, 0.21570518421395127, 4.312225092540876, 4.986803974395992, 0.025695570158692876, 0.7294505205800017, 0.6549883669801797, 0.1458499180491789, 3, 3, 6, 1, 5.8420102803840095, 1.959389068447202, 1.5979124485681704]
APTIDAO: 
30.990636033118758
GEN: 1700
Individuo: 
[0.9980561621197841, 0.21570518421395127, 4.312225092540876, 4.986803974395992, 0.06139211973517131, 0.7294505205800017, 0.6549883669801797, 0.1458499180491789, 2, 3, 6, 1, 5.8420102803840095, 1.959389068447202, 1.5979124485681704]
APTIDAO: 
30.98048220615935
GEN: 1800
Individuo: 
[0.9989598657796612, 0.21426822245470725, 4.312225092540876, 4.986803974395992, 0.023318891607417035, 0.7294505205800017, 0.6549883669801797, 0.1458499180491789, 2, 3, 6, 1, 5.8420102803840095, 1.9338226980119346, 1.5979124485681704]
APTIDAO: 
30.96326131356047
GEN: 1900
Individuo: 
[0.9989598657796612, 0.21426822245470725, 4.316011818207659, 4.986803974395992, 0.023318891607417035, 0.7294505205800017, 0.6549883669801797, 0.1458499180491789, 3, 3, 6, 1, 5.8420102803840095, 1.9338226980119346, 1.5979124485681704]
APTIDAO: 
30.962074057276297
GEN: 2000
Individuo: 
[0.9989598657796612, 0.20715626781076185, 4.363827441284602, 4.986803974395992, 0.007578733951753241, 0.7294052605975319, 0.6549883669801797, 0.1458499180491789, 2, 3, 6, 1, 5.8420102803840095, 1.9403712647745983, 1.5979124485681704]
APTIDAO: 
30.9287199158949
GEN: 2100
Individuo: 
[0.9989598657796612, 0.20715626781076185, 4.363827441284602, 4.986803974395992, 0.007578733951753241, 0.7294052605975319, 0.6549883669801797, 0.1458499180491789, 3, 3, 6, 1, 5.8420102803840095, 1.9403712647745983, 1.5979124485681704]
APTIDAO: 
30.928671322722103
GEN: 2200
Individuo: 
[0.9989598657796612, 0.20715626781076185, 4.363827441284602, 4.986803974395992, 0.02540488121759636, 0.7294052605975319, 0.6549883669801797, 0.1458499180491789, 6, 3, 6, 1, 5.8420102803840095, 1.956027035186004, 1.5947754668074972]
APTIDAO: 
30.86471064958633
GEN: 2300
Individuo: 
[0.9989598657796612, 0.20715626781076185, 4.363827441284602, 4.986803974395992, 0.02540488121759636, 0.7294052605975319, 0.6549883669801797, 0.1458499180491789, 6, 3, 6, 1, 5.8420102803840095, 1.956027035186004, 1.5947754668074972]
APTIDAO: 
30.86471064958633
GEN: 2400
Individuo: 
[0.9989598657796612, 0.20715626781076185, 4.363827441284602, 4.986803974395992, 0.008207271705325817, 0.7294052605975319, 0.6582529571188869, 0.1458499180491789, 7, 3, 6, 1, 5.8420102803840095, 1.9733286441751938, 1.5947754668074972]
APTIDAO: 
30.835403577183023
GEN: 2500
Individuo: 
[0.9989598657796612, 0.20245256380293325, 4.363827441284602, 4.986803974395992, 0.021136877852153683, 0.6468068782961285, 0.6582529571188869, 0.14248221509324943, 1, 3, 6, 1, 5.8420102803840095, 1.9733286441751938, 1.4514671939747916]
APTIDAO: 
28.84327428697584
GEN: 2600
Individuo: 
[0.9989598657796612, 0.20948791896094793, 4.363827441284602, 4.986803974395992, 0.025564051949782816, 0.6468068782961285, 0.6582529571188869, 0.14258492761824348, 1, 3, 6, 1, 5.8420102803840095, 1.9733286441751938, 1.4514671939747916]
APTIDAO: 
28.81873358630946
GEN: 2700
Individuo: 
[0.9989598657796612, 0.20948791896094793, 4.363827441284602, 4.986803974395992, 0.025564051949782816, 0.6468068782961285, 0.6582529571188869, 0.14258492761824348, 1, 3, 6, 1, 5.8420102803840095, 1.9733286441751938, 1.4514671939747916]
APTIDAO: 
28.81873358630946
GEN: 2800
Individuo: 
[0.9989598657796612, 0.20948791896094793, 4.363827441284602, 4.986803974395992, 0.025961086010750666, 0.6468068782961285, 0.6582529571188869, 0.14258492761824348, 1, 3, 6, 1, 5.8420102803840095, 1.9733286441751938, 1.4514671939747916]
APTIDAO: 
28.817854412216082
GEN: 2900
Individuo: 
[0.9989598657796612, 0.20948791896094793, 4.363827441284602, 4.986803974395992, 0.026190473816525926, 0.6468068782961285, 0.6582529571188869, 0.14258492761824348, 1, 3, 6, 1, 5.8420102803840095, 1.9733286441751938, 1.4514671939747916]
APTIDAO: 
28.81733722514713
GEN: 3000
Individuo: 
[0.9989598657796612, 0.20948791896094793, 4.363827441284602, 4.986803974395992, 0.026190473816525926, 0.6468068782961285, 0.6582529571188869, 0.14258492761824348, 1, 3, 6, 1, 5.8420102803840095, 1.9733286441751938, 1.4514671939747916]
APTIDAO: 
28.81733722514713
GEN: 3100
Individuo: 
[0.9989598657796612, 0.20948791896094793, 4.363827441284602, 4.986803974395992, 0.026933768120769426, 0.6468068782961285, 0.6582529571188869, 0.14258492761824348, 1, 3, 6, 1, 5.8420102803840095, 1.9733286441751938, 1.4514671939747916]
APTIDAO: 
28.816512596415855
GEN: 3200
Individuo: 
[0.9989598657796612, 0.20837304106059215, 4.363827441284602, 4.986803974395992, 0.025752099967451734, 0.6468068782961285, 0.6582529571188869, 0.14258492761824348, 1, 3, 6, 1, 5.8420102803840095, 1.959056814266882, 1.4514671939747916]
APTIDAO: 
28.81356846204927
GEN: 3300
Individuo: 
[0.9989598657796612, 0.20837304106059215, 4.377081457998688, 4.986803974395992, 0.027371899513951956, 0.6468068782961285, 0.6582529571188869, 0.14258492761824348, 1, 3, 6, 1, 5.8420102803840095, 1.959056814266882, 1.4514671939747916]
APTIDAO: 
28.810279934638835
GEN: 3400
Individuo: 
[0.9989598657796612, 0.20837304106059215, 4.377081457998688, 4.993829773431809, 0.027371899513951956, 0.6468068782961285, 0.6582529571188869, 0.14258492761824348, 1, 3, 6, 1, 5.8420102803840095, 1.959056814266882, 1.4514671939747916]
APTIDAO: 
28.806591152056402
GEN: 3500
Individuo: 
[0.9989598657796612, 0.20837304106059215, 4.377081457998688, 4.993829773431809, 0.027371899513951956, 0.6468068782961285, 0.6582529571188869, 0.14258492761824348, 1, 3, 6, 1, 5.8420102803840095, 1.959056814266882, 1.4514671939747916]
APTIDAO: 
28.806591152056402
GEN: 3600
Individuo: 
[0.9989598657796612, 0.20837304106059215, 4.377081457998688, 4.993829773431809, 0.027371899513951956, 0.6468068782961285, 0.6582529571188869, 0.14258492761824348, 1, 3, 6, 1, 5.8420102803840095, 1.959056814266882, 1.4514671939747916]
APTIDAO: 
28.806591152056402
GEN: 3700
Individuo: 
[0.9989598657796612, 0.20837304106059215, 4.377081457998688, 4.993829773431809, 0.031564904446918784, 0.6468068782961285, 0.6582529571188869, 0.14293160175768574, 1, 3, 6, 1, 5.8420102803840095, 1.9708398838934702, 1.4514671939747916]
APTIDAO: 
28.780126846627923
GEN: 3800
Individuo: 
[0.9989598657796612, 0.20837304106059215, 4.377081457998688, 4.993829773431809, 0.04263956807434941, 0.6468068782961285, 0.6582529571188869, 0.14340162650563854, 1, 3, 6, 1, 5.8420102803840095, 1.9708398838934702, 1.4514671939747916]
APTIDAO: 
28.75545991735663
GEN: 3900
Individuo: 
[0.9989598657796612, 0.20837304106059215, 4.377081457998688, 4.993829773431809, 0.040594286334006476, 0.6468068782961285, 0.6582529571188869, 0.14340162650563854, 1, 3, 6, 1, 5.8420102803840095, 1.9708398838934702, 1.4514671939747916]
APTIDAO: 
28.75180284113334
GEN: 4000
Individuo: 
[0.9989598657796612, 0.2044214607866394, 4.377081457998688, 4.993829773431809, 0.040594286334006476, 0.6468068782961285, 0.6582529571188869, 0.14340162650563854, 1, 3, 6, 1, 5.8420102803840095, 1.9708398838934702, 1.4514671939747916]
APTIDAO: 
28.743904649962
GEN: 4100
Individuo: 
[0.9989598657796612, 0.2044214607866394, 4.377081457998688, 4.993829773431809, 0.040594286334006476, 0.6468068782961285, 0.6582529571188869, 0.14340162650563854, 1, 3, 6, 1, 5.8420102803840095, 1.9708398838934702, 1.4514671939747916]
APTIDAO: 
28.743904649962
GEN: 4200
Individuo: 
[0.9989598657796612, 0.20433633205146848, 4.377081457998688, 4.993829773431809, 0.040594286334006476, 0.6468068782961285, 0.6582529571188869, 0.14340162650563854, 1, 3, 6, 1, 5.8420102803840095, 1.9708398838934702, 1.4514671939747916]
APTIDAO: 
28.743750236444626
GEN: 4300
Individuo: 
[0.9989598657796612, 0.20433633205146848, 4.377081457998688, 4.993829773431809, 0.040594286334006476, 0.6468068782961285, 0.6582529571188869, 0.14340162650563854, 1, 3, 6, 1, 5.8420102803840095, 1.9708398838934702, 1.4514671939747916]
APTIDAO: 
28.743750236444626
GEN: 4400
Individuo: 
[0.9989598657796612, 0.20433633205146848, 4.377081457998688, 4.993829773431809, 0.040497943902683166, 0.6468068782961285, 0.6582529571188869, 0.14340162650563854, 1, 3, 6, 1, 5.8420102803840095, 1.9708398838934702, 1.4514671939747916]
APTIDAO: 
28.743704049769704
GEN: 4500
Individuo: 
[0.9989598657796612, 0.20337537429782962, 4.377081457998688, 4.993829773431809, 0.04043723958510985, 0.6468068782961285, 0.6582529571188869, 0.14340162650563854, 1, 3, 6, 1, 5.8420102803840095, 1.9708398838934702, 1.4514671939747916]
APTIDAO: 
28.74351093235873
GEN: 4600
Individuo: 
[0.9989598657796612, 0.20337537429782962, 4.390031635864659, 4.993829773431809, 0.04043723958510985, 0.6468068782961285, 0.6582529571188869, 0.14340162650563854, 1, 3, 6, 1, 5.8420102803840095, 1.97557068231278, 1.4514671939747916]
APTIDAO: 
28.738615624651164
GEN: 4700
Individuo: 
[0.9989598657796612, 0.20145566646198518, 4.390031635864659, 4.993829773431809, 0.04043723958510985, 0.6468068782961285, 0.6582529571188869, 0.14340162650563854, 1, 3, 6, 1, 5.8420102803840095, 1.97557068231278, 1.4514671939747916]
APTIDAO: 
28.735164561250944
GEN: 4800
Individuo: 
[0.9989598657796612, 0.20145566646198518, 4.390031635864659, 4.993829773431809, 0.04043723958510985, 0.6468068782961285, 0.6582529571188869, 0.14340162650563854, 1, 3, 6, 1, 5.8420102803840095, 1.97557068231278, 1.4514671939747916]
APTIDAO: 
28.735164561250944
GEN: 4900
Individuo: 
[0.9989598657796612, 0.20145566646198518, 4.390031635864659, 4.993829773431809, 0.04043723958510985, 0.6468068782961285, 0.6582529571188869, 0.14340162650563854, 1, 3, 6, 1, 5.8420102803840095, 1.97557068231278, 1.4514671939747916]
APTIDAO: 
28.735164561250944
GEN: 5000
Individuo: 
[0.9989598657796612, 0.20145566646198518, 4.390031635864659, 4.993829773431809, 0.04043723958510985, 0.6468068782961285, 0.6596672399554526, 0.14340162650563854, 1, 3, 6, 1, 5.8420102803840095, 1.97557068231278, 1.4514671939747916]
APTIDAO: 
28.73362834840682
GEN: 5100
Individuo: 
[0.9989598657796612, 0.20145566646198518, 4.390031635864659, 4.993829773431809, 0.03838205013863461, 0.6468068782961285, 0.6596672399554526, 0.14340162650563854, 1, 3, 6, 1, 5.8420102803840095, 1.97557068231278, 1.4514671939747916]
APTIDAO: 
28.721573631849434
GEN: 5200
Individuo: 
[0.9989598657796612, 0.20145566646198518, 4.390031635864659, 4.993829773431809, 0.03838205013863461, 0.6468068782961285, 0.6596672399554526, 0.14340162650563854, 1, 3, 6, 1, 5.8420102803840095, 1.97557068231278, 1.4514671939747916]
APTIDAO: 
28.721573631849434
GEN: 5300
Individuo: 
[0.9989598657796612, 0.20145566646198518, 4.390031635864659, 4.993829773431809, 0.03838205013863461, 0.6468068782961285, 0.6596672399554526, 0.14340162650563854, 1, 3, 6, 1, 5.8420102803840095, 1.97557068231278, 1.4514671939747916]
APTIDAO: 
28.721573631849434
GEN: 5400
Individuo: 
[0.9989598657796612, 0.20145566646198518, 4.273662627901607, 4.993829773431809, 0.023567286795672673, 0.5325636526426757, 0.6596672399554526, 0.14340162650563854, 1, 3, 6, 1, 3.503511137646304, 1.97557068231278, 1.4514671939747916]
APTIDAO: 
28.298447835638765
GEN: 5500
Individuo: 
[0.9989598657796612, 0.20774709185371462, 4.291934226528369, 4.993829773431809, 0.0243351728055361, 0.5325636526426757, 0.6628569787131883, 0.14340162650563854, 1, 3, 6, 1, 3.503511137646304, 2.0141852003045573, 1.4514671939747916]
APTIDAO: 
28.195554525198595
GEN: 5600
Individuo: 
[0.9989598657796612, 0.20774709185371462, 4.291934226528369, 4.993829773431809, 0.026369653428945986, 0.5325636526426757, 0.6628569787131883, 0.14340162650563854, 1, 3, 6, 1, 3.503511137646304, 2.0141852003045573, 1.4514671939747916]
APTIDAO: 
28.194534101621798
GEN: 5700
Individuo: 
[0.9989598657796612, 0.20774709185371462, 4.291934226528369, 4.993829773431809, 0.031201703842137173, 0.5325636526426757, 0.6628569787131883, 0.14388383673018798, 1, 3, 6, 1, 3.503511137646304, 2.0141852003045573, 1.4514671939747916]
APTIDAO: 
28.17702929873354
GEN: 5800
Individuo: 
[0.9989598657796612, 0.20774709185371462, 4.291934226528369, 4.993829773431809, 0.03128790843536211, 0.5325636526426757, 0.6628569787131883, 0.14388383673018798, 1, 3, 6, 1, 3.503511137646304, 2.0141852003045573, 1.4514671939747916]
APTIDAO: 
28.176984501814534
GEN: 5900
Individuo: 
[0.9989598657796612, 0.20774709185371462, 4.291934226528369, 4.993829773431809, 0.03391081367817902, 0.5325636526426757, 0.6628569787131883, 0.14388383673018798, 1, 3, 6, 1, 3.503511137646304, 2.02871203705014, 1.4514671939747916]
APTIDAO: 
28.15672172582245
GEN: 6000
Individuo: 
[0.9989598657796612, 0.21207033427516975, 4.291934226528369, 4.993829773431809, 0.034479998267593334, 0.5325636526426757, 0.6628569787131883, 0.14388383673018798, 1, 3, 6, 1, 3.503511137646304, 2.033983439020895, 1.4514671939747916]
APTIDAO: 
28.15207044691457
GEN: 6100
Individuo: 
[0.9989598657796612, 0.2120654178487974, 4.291934226528369, 4.993829773431809, 0.03532578884943656, 0.5325636526426757, 0.6628569787131883, 0.14388383673018798, 1, 3, 6, 1, 3.503511137646304, 2.033983439020895, 1.4514671939747916]
APTIDAO: 
28.15151416580636
GEN: 6200
Individuo: 
[0.9989598657796612, 0.2120654178487974, 4.291934226528369, 4.993829773431809, 0.03532578884943656, 0.5325636526426757, 0.6628569787131883, 0.14388383673018798, 1, 3, 6, 1, 3.503511137646304, 2.033983439020895, 1.4514671939747916]
APTIDAO: 
28.15151416580636
GEN: 6300
Individuo: 
[0.9989598657796612, 0.2120654178487974, 4.2789853264041335, 4.993829773431809, 0.03592757736859942, 0.5325636526426757, 0.6628569787131883, 0.14388383673018798, 1, 3, 6, 1, 3.503511137646304, 2.033983439020895, 1.4514671939747916]
APTIDAO: 
28.150474532419796
GEN: 6400
Individuo: 
[0.9989598657796612, 0.2120654178487974, 4.2789853264041335, 4.993829773431809, 0.03592757736859942, 0.5325636526426757, 0.6628569787131883, 0.14388383673018798, 1, 3, 6, 1, 3.503511137646304, 2.0334925898599137, 1.4514671939747916]
APTIDAO: 
28.149739448337176
GEN: 6500
Individuo: 
[0.9989598657796612, 0.2120654178487974, 4.2789853264041335, 4.993829773431809, 0.03666849253248031, 0.5325636526426757, 0.6628569787131883, 0.14388383673018798, 1, 3, 6, 1, 3.503511137646304, 2.0334925898599137, 1.4514671939747916]
APTIDAO: 
28.14921513050184
GEN: 6600
Individuo: 
[0.9989598657796612, 0.2120654178487974, 4.2789853264041335, 4.993829773431809, 0.03666849253248031, 0.5325636526426757, 0.6628569787131883, 0.14388383673018798, 1, 3, 6, 1, 3.503511137646304, 2.0334925898599137, 1.4514671939747916]
APTIDAO: 
28.14921513050184
GEN: 6700
Individuo: 
[0.9989598657796612, 0.2120654178487974, 4.2789853264041335, 4.993829773431809, 0.03666849253248031, 0.5325636526426757, 0.6628569787131883, 0.14388383673018798, 1, 3, 6, 1, 3.503511137646304, 2.0334925898599137, 1.4514671939747916]
APTIDAO: 
28.14921513050184
GEN: 6800
Individuo: 
[0.9989598657796612, 0.2120654178487974, 4.2789853264041335, 4.993829773431809, 0.03629736395755308, 0.5325636526426757, 0.6628569787131883, 0.14388383673018798, 1, 3, 6, 1, 3.5013433469481496, 2.0334925898599137, 1.4514671939747916]
APTIDAO: 
28.149003891318692
GEN: 6900
Individuo: 
[0.9989598657796612, 0.2120654178487974, 4.2789853264041335, 4.993829773431809, 0.03629736395755308, 0.5325636526426757, 0.6628569787131883, 0.14388383673018798, 1, 3, 6, 1, 3.5013433469481496, 2.0334925898599137, 1.4514671939747916]
APTIDAO: 
28.149003891318692
GEN: 7000
Individuo: 
[0.9989598657796612, 0.2120654178487974, 4.2789853264041335, 4.993829773431809, 0.03629736395755308, 0.5325636526426757, 0.6628569787131883, 0.14388383673018798, 1, 3, 6, 1, 3.5013433469481496, 2.0334925898599137, 1.4514671939747916]
APTIDAO: 
28.149003891318692
GEN: 7100
Individuo: 
[0.9989598657796612, 0.2120654178487974, 4.280475247810666, 4.993829773431809, 0.03639505123969963, 0.5325636526426757, 0.6628569787131883, 0.14388383673018798, 1, 3, 6, 1, 3.5013433469481496, 2.0334925898599137, 1.4514671939747916]
APTIDAO: 
28.148476364911264
GEN: 7200
Individuo: 
[0.9989598657796612, 0.2120654178487974, 4.280475247810666, 4.993829773431809, 0.03639505123969963, 0.5325636526426757, 0.6628569787131883, 0.14388383673018798, 1, 3, 6, 1, 3.5013433469481496, 2.0334925898599137, 1.4514671939747916]
APTIDAO: 
28.148476364911264
GEN: 7300
Individuo: 
[0.9989598657796612, 0.2120654178487974, 4.280475247810666, 4.99409919149617, 0.03639505123969963, 0.5325636526426757, 0.6628569787131883, 0.14388383673018798, 1, 3, 6, 1, 3.5013433469481496, 2.0334925898599137, 1.4514671939747916]
APTIDAO: 
28.148249254884206
GEN: 7400
Individuo: 
[0.9989598657796612, 0.2120654178487974, 4.280475247810666, 4.99409919149617, 0.03639505123969963, 0.5325636526426757, 0.6628569787131883, 0.14388383673018798, 1, 3, 6, 1, 3.5013433469481496, 2.0334925898599137, 1.4514671939747916]
APTIDAO: 
28.148249254884206
GEN: 7500
Individuo: 
[0.9989598657796612, 0.2120654178487974, 4.280475247810666, 4.99409919149617, 0.03639505123969963, 0.5325636526426757, 0.6628569787131883, 0.14388383673018798, 1, 3, 6, 1, 3.5013433469481496, 2.0334925898599137, 1.4514671939747916]
APTIDAO: 
28.148249254884206
GEN: 7600
Individuo: 
[0.9989598657796612, 0.2120654178487974, 4.280475247810666, 4.99409919149617, 0.03639505123969963, 0.5325636526426757, 0.6628569787131883, 0.14388383673018798, 1, 3, 6, 1, 3.5013433469481496, 2.0322728594754897, 1.4514671939747916]
APTIDAO: 
28.14783997171852
GEN: 7700
Individuo: 
[0.9989598657796612, 0.2120654178487974, 4.280475247810666, 4.99409919149617, 0.03639505123969963, 0.5325636526426757, 0.6628569787131883, 0.14388383673018798, 1, 3, 6, 1, 3.5013433469481496, 2.0322728594754897, 1.4514671939747916]
APTIDAO: 
28.14783997171852
GEN: 7800
Individuo: 
[0.9989598657796612, 0.2120654178487974, 4.280475247810666, 4.994932771844602, 0.03639505123969963, 0.5324905364770749, 0.6628569787131883, 0.14388383673018798, 1, 3, 6, 1, 3.5013433469481496, 2.0322728594754897, 1.4514671939747916]
APTIDAO: 
28.14693781949018
GEN: 7900
Individuo: 
[0.9989598657796612, 0.2120654178487974, 4.280475247810666, 4.994932771844602, 0.03636696861836788, 0.5324905364770749, 0.6628569787131883, 0.14388383673018798, 1, 3, 6, 1, 3.5013433469481496, 2.0322728594754897, 1.4514671939747916]
APTIDAO: 
28.146921190863655
GEN: 8000
Individuo: 
[0.9989598657796612, 0.21279700849175007, 4.280475247810666, 4.994932771844602, 0.03636696861836788, 0.5324905364770749, 0.6628569787131883, 0.14388383673018798, 1, 3, 6, 1, 3.5013433469481496, 2.0322728594754897, 1.4514671939747916]
APTIDAO: 
28.14637962587573
GEN: 8100
Individuo: 
[0.9989598657796612, 0.21279700849175007, 4.280475247810666, 4.994932771844602, 0.03638896834161388, 0.5324905364770749, 0.6628569787131883, 0.14388383673018798, 1, 3, 6, 1, 3.5013433469481496, 2.0322728594754897, 1.4514671939747916]
APTIDAO: 
28.14636806360211
GEN: 8200
Individuo: 
[0.9989598657796612, 0.21279700849175007, 4.280475247810666, 4.994932771844602, 0.03638896834161388, 0.5324905364770749, 0.6628569787131883, 0.14388383673018798, 1, 3, 6, 1, 3.5013433469481496, 2.0322728594754897, 1.4514671939747916]
APTIDAO: 
28.14636806360211
GEN: 8300
Individuo: 
[0.9989598657796612, 0.21279700849175007, 4.280475247810666, 4.994932771844602, 0.03638896834161388, 0.5324905364770749, 0.6628569787131883, 0.14388383673018798, 1, 3, 6, 1, 3.5013433469481496, 2.0322728594754897, 1.4514671939747916]
APTIDAO: 
28.14636806360211
GEN: 8400
Individuo: 
[0.9989598657796612, 0.21279700849175007, 4.280475247810666, 4.994932771844602, 0.03638896834161388, 0.5324905364770749, 0.6628569787131883, 0.14388383673018798, 1, 3, 6, 1, 3.5013433469481496, 2.0322728594754897, 1.4514671939747916]
APTIDAO: 
28.14636806360211
GEN: 8500
Individuo: 
[0.9989598657796612, 0.21279700849175007, 4.280475247810666, 4.994932771844602, 0.03638896834161388, 0.5324905364770749, 0.6628569787131883, 0.14388383673018798, 1, 3, 6, 1, 3.5013433469481496, 2.0322728594754897, 1.4514671939747916]
APTIDAO: 
28.14636806360211
GEN: 8600
Individuo: 
[0.9989598657796612, 0.21279700849175007, 4.280475247810666, 4.994932771844602, 0.03638896834161388, 0.5324905364770749, 0.6628569787131883, 0.14388383673018798, 1, 3, 6, 1, 3.5013433469481496, 2.0322728594754897, 1.4514671939747916]
APTIDAO: 
28.14636806360211
GEN: 8700
Individuo: 
[0.9989598657796612, 0.21279700849175007, 4.280475247810666, 4.994932771844602, 0.03638896834161388, 0.5324905364770749, 0.6628569787131883, 0.14388383673018798, 1, 3, 6, 1, 3.5013433469481496, 2.0322728594754897, 1.4514671939747916]
APTIDAO: 
28.14636806360211
GEN: 8800
Individuo: 
[0.9989598657796612, 0.21279700849175007, 4.280475247810666, 4.994932771844602, 0.03638896834161388, 0.5324905364770749, 0.6628569787131883, 0.14388383673018798, 1, 3, 6, 1, 3.5013433469481496, 2.0322728594754897, 1.4514671939747916]
APTIDAO: 
28.14636806360211
GEN: 8900
Individuo: 
[0.9989598657796612, 0.21279700849175007, 4.280475247810666, 4.996322718934942, 0.03615192681508521, 0.5324905364770749, 0.6628569787131883, 0.144077196836807, 1, 3, 6, 1, 3.5013433469481496, 2.0322728594754897, 1.4514671939747916]
APTIDAO: 
28.140073408790833
GEN: 9000
Individuo: 
[0.9989598657796612, 0.21279700849175007, 4.280475247810666, 4.996322718934942, 0.03615192681508521, 0.5324905364770749, 0.6628569787131883, 0.144077196836807, 1, 3, 6, 1, 3.5013433469481496, 2.0322728594754897, 1.4514671939747916]
APTIDAO: 
28.140073408790833
GEN: 9100
Individuo: 
[0.9989598657796612, 0.21279700849175007, 4.280475247810666, 4.996322718934942, 0.03615192681508521, 0.5324905364770749, 0.6628569787131883, 0.144077196836807, 1, 3, 6, 1, 3.5013433469481496, 2.0322728594754897, 1.4514671939747916]
APTIDAO: 
28.140073408790833
GEN: 9200
Individuo: 
[0.9989598657796612, 0.21279700849175007, 4.280475247810666, 4.996322718934942, 0.03685891281209666, 0.5324905364770749, 0.6628569787131883, 0.144077196836807, 1, 3, 6, 1, 3.5013433469481496, 2.0322728594754897, 1.4514671939747916]
APTIDAO: 
28.13829574150753
GEN: 9300
Individuo: 
[0.9989598657796612, 0.21279700849175007, 4.280475247810666, 4.996322718934942, 0.03782013363012592, 0.5324905364770749, 0.6628569787131883, 0.144077196836807, 1, 3, 6, 1, 3.5013433469481496, 2.0322728594754897, 1.4514671939747916]
APTIDAO: 
28.137590405047973
GEN: 9400
Individuo: 
[0.9989598657796612, 0.21279700849175007, 4.280475247810666, 4.999248630898253, 0.03782013363012592, 0.5324905364770749, 0.6628569787131883, 0.144077196836807, 1, 3, 6, 1, 3.5013433469481496, 2.0322728594754897, 1.4514671939747916]
APTIDAO: 
28.136691770263116
GEN: 9500
Individuo: 
[0.9989598657796612, 0.21279700849175007, 4.280475247810666, 4.999248630898253, 0.04241062413507495, 0.5324905364770749, 0.6628569787131883, 0.14431252352124133, 1, 3, 6, 1, 3.5013433469481496, 2.0322728594754897, 1.4514671939747916]
APTIDAO: 
28.130048907623035
GEN: 9600
Individuo: 
[0.9989598657796612, 0.21279700849175007, 4.280475247810666, 4.999248630898253, 0.04241062413507495, 0.5324905364770749, 0.6638925261514472, 0.14431252352124133, 1, 3, 6, 1, 3.5091411528863503, 2.0322728594754897, 1.4514671939747916]
APTIDAO: 
28.12681320277044
GEN: 9700
Individuo: 
[0.9989598657796612, 0.21279700849175007, 4.280475247810666, 4.999248630898253, 0.04151878596060748, 0.5324905364770749, 0.6638925261514472, 0.14431252352124133, 1, 3, 6, 1, 3.5091411528863503, 2.0356115273070254, 1.4514671939747916]
APTIDAO: 
28.123008923888765
GEN: 9800
Individuo: 
[0.9989598657796612, 0.21279700849175007, 4.280475247810666, 4.999248630898253, 0.0426006850631923, 0.5324905364770749, 0.6638925261514472, 0.14431252352124133, 1, 3, 6, 1, 3.5091411528863503, 2.0356115273070254, 1.4514671939747916]
APTIDAO: 
28.122003335263106
GEN: 9900
Individuo: 
[0.9989598657796612, 0.21279700849175007, 4.276271926416416, 4.999248630898253, 0.04423286964785117, 0.5324905364770749, 0.6638925261514472, 0.14431252352124133, 1, 3, 6, 1, 3.5091411528863503, 2.0356115273070254, 1.4514671939747916]
APTIDAO: 
28.120689380052728
GEN: 10000
Individuo: 
[0.9989598657796612, 0.21279700849175007, 4.276271926416416, 4.999248630898253, 0.04423286964785117, 0.5324905364770749, 0.6638925261514472, 0.14431252352124133, 1, 3, 6, 1, 3.5091411528863503, 2.0356115273070254, 1.4514671939747916]
APTIDAO: 
28.120689380052728

--- RESULTADO FINAL ---
Erro (norma-1): 28.120689380052728
Parâmetros: [0.9989598657796612, 0.21279700849175007, 4.276271926416416, 4.999248630898253, 0.04423286964785117, 0.5324905364770749, 0.6638925261514472, 0.14431252352124133, 1, 3, 6, 1, 3.5091411528863503, 2.0356115273070254, 1.4514671939747916]
Tempo total: 00h 56m 59s
