SEED: 1778461231
METODO: ABCD_Hill
IND_SIZE: 15
GEN: 0
Individuo: 
[2.441404547238623, 2.6959638190768764, 3.4966140496803626, 2.01105704677045, 0.5616406691159799, 0.34108039807183954, 0.21723922676132573, 0.12931051553258807, 1, 5, 7, 2, 8.632921041944428, 1.6742959198457097, 2.7200470763532376]
APTIDAO: 
173.47754744201612
GEN: 100
Individuo: 
[0.8125802753651696, 3.583057237666221, 0.7548982017785316, 1.8070201553657603, 0.09887238199742789, 0.3868163262190099, 0.8484530224640771, 0.1736261098834628, 3, 1, 3, 2, 1.4797155669310902, 2.340799765407665, 2.5232983925799477]
APTIDAO: 
38.39471549605211
GEN: 200
Individuo: 
[0.8884378728437502, 1.8832080529075084, 2.431755977850374, 1.660699544885684, 0.14931303831587175, 0.3868163262190099, 0.8655983776825801, 0.1736261098834628, 2, 1, 3, 2, 1.4797155669310902, 2.4645882498328193, 2.4548681344055656]
APTIDAO: 
29.279597805911312
GEN: 300
Individuo: 
[1.0362318625463374, 1.6710072019341764, 2.7010973064389434, 1.660699544885684, 0.005639745128509731, 0.3987758267572171, 0.8655983776825801, 0.1736261098834628, 9, 1, 3, 2, 1.4797155669310902, 2.4645882498328193, 2.4548681344055656]
APTIDAO: 
28.172684622208514
GEN: 400
Individuo: 
[0.9944500817806802, 1.6710072019341764, 2.7010973064389434, 1.6746359698116657, 0.0367950377832542, 0.41401393170257106, 0.8655983776825801, 0.18154302073112397, 9, 1, 3, 2, 1.4797155669310902, 2.4645882498328193, 2.4281167102578203]
APTIDAO: 
26.90818316171148
GEN: 500
Individuo: 
[0.9944500817806802, 1.6710072019341764, 2.6829428457519358, 1.6746359698116657, 0.00144026367920427, 0.4325880022748742, 0.8655983776825801, 0.18154302073112397, 6, 1, 3, 2, 1.4797155669310902, 2.490858021319397, 2.4548681344055656]
APTIDAO: 
26.403659079263445
GEN: 600
Individuo: 
[0.9944500817806802, 1.6710072019341764, 2.6829428457519358, 1.6746359698116657, 0.00144026367920427, 0.4325880022748742, 0.8655983776825801, 0.18154302073112397, 6, 1, 3, 2, 1.4797155669310902, 2.490858021319397, 2.4548681344055656]
APTIDAO: 
26.403659079263445
GEN: 700
Individuo: 
[0.9959496261891908, 1.6225852107377825, 2.6829428457519358, 1.7041432624029105, 0.0010181264435904632, 0.4325880022748742, 0.8655983776825801, 0.18154302073112397, 3, 1, 3, 2, 1.4797155669310902, 2.490858021319397, 2.4548681344055656]
APTIDAO: 
26.327286481943457
GEN: 800
Individuo: 
[0.9959496261891908, 1.6225852107377825, 2.614113115045083, 1.753043793980876, 0.0011350770551944779, 0.4325880022748742, 0.8655983776825801, 0.18154302073112397, 1, 1, 3, 2, 1.4797155669310902, 2.490858021319397, 2.4548681344055656]
APTIDAO: 
26.25688905417661
GEN: 900
Individuo: 
[0.9959496261891908, 1.6225852107377825, 2.614113115045083, 1.753043793980876, 0.0011055434646673262, 0.4325880022748742, 0.8655983776825801, 0.18427876645946464, 3, 1, 3, 2, 1.4797155669310902, 2.490858021319397, 2.4548681344055656]
APTIDAO: 
26.080309092107953
GEN: 1000
Individuo: 
[0.9959496261891908, 1.6225852107377825, 2.614113115045083, 1.753043793980876, 0.0011425328579004327, 0.44152172533680367, 0.8655983776825801, 0.18427876645946464, 9, 1, 3, 2, 1.4797155669310902, 2.490858021319397, 2.4548681344055656]
APTIDAO: 
25.805316545703345
GEN: 1100
Individuo: 
[0.9959496261891908, 1.617987868362722, 2.614113115045083, 1.7737207118222096, 0.007495738842447435, 0.44152172533680367, 0.8655983776825801, 0.18502118459323577, 8, 1, 3, 2, 1.4797155669310902, 2.490858021319397, 2.43911125323874]
APTIDAO: 
25.69040458139862
GEN: 1200
Individuo: 
[0.9959496261891908, 1.5978564433816367, 2.614113115045083, 1.7737207118222096, 0.006675121853612798, 0.44152172533680367, 0.8655983776825801, 0.18701334516962947, 1, 1, 3, 2, 1.4797155669310902, 2.490858021319397, 2.434811489680734]
APTIDAO: 
25.525285473476025
GEN: 1300
Individuo: 
[0.9959496261891908, 1.582965527529249, 2.614113115045083, 1.8469401617683243, 0.001062412131709406, 0.44152172533680367, 0.8655983776825801, 0.18891533373040936, 5, 1, 3, 2, 1.4797155669310902, 2.490858021319397, 2.3627937141227027]
APTIDAO: 
25.284714928018193
GEN: 1400
Individuo: 
[0.9959496261891908, 1.5354104901997445, 2.614113115045083, 1.8469401617683243, 0.0012631477137387214, 0.44758921762768383, 0.8655983776825801, 0.18891533373040936, 8, 1, 3, 2, 1.4797155669310902, 2.490858021319397, 2.37386518477967]
APTIDAO: 
25.13357010292271
GEN: 1500
Individuo: 
[0.9959496261891908, 1.5354104901997445, 2.5719581358836145, 1.8469401617683243, 0.004778759074239505, 0.45195999765004613, 0.8655983776825801, 0.19118038025292636, 1, 1, 3, 2, 1.4797155669310902, 2.491359630105213, 2.37386518477967]
APTIDAO: 
24.912037144500637
GEN: 1600
Individuo: 
[0.9959496261891908, 1.5354104901997445, 2.5719581358836145, 1.8469401617683243, 0.00129515008408749, 0.45541706827073053, 0.8616567319026522, 0.19118038025292636, 8, 1, 3, 2, 1.4797155669310902, 2.491359630105213, 2.37386518477967]
APTIDAO: 
24.810552967252903
GEN: 1700
Individuo: 
[0.9959496261891908, 1.5354104901997445, 2.5719581358836145, 1.8615504864248331, 0.001022186977523895, 0.45541706827073053, 0.8617525889401952, 0.19118038025292636, 8, 1, 3, 2, 1.4797155669310902, 2.491359630105213, 2.37386518477967]
APTIDAO: 
24.789076698264992
GEN: 1800
Individuo: 
[0.9959496261891908, 1.5354104901997445, 2.5719581358836145, 1.8615504864248331, 0.0012199459338630974, 0.46069561934726977, 0.8617525889401952, 0.19171195214818276, 7, 1, 3, 2, 1.4797155669310902, 2.4996785335510414, 2.37386518477967]
APTIDAO: 
24.683831377204278
GEN: 1900
Individuo: 
[0.9959496261891908, 1.5354104901997445, 2.592318715616145, 1.8615504864248331, 0.001389715984189334, 0.46069561934726977, 0.8617525889401952, 0.19171195214818276, 4, 1, 3, 2, 1.4797155669310902, 2.4996785335510414, 2.389897188569452]
APTIDAO: 
24.65851142131132
GEN: 2000
Individuo: 
[0.9959496261891908, 1.5354104901997445, 2.582632203681455, 1.8615504864248331, 0.007163650808549084, 0.4626431130125986, 0.8617525889401952, 0.19171195214818276, 4, 1, 3, 2, 1.4797155669310902, 2.4996785335510414, 2.389897188569452]
APTIDAO: 
24.63909018473952
GEN: 2100
Individuo: 
[0.9959496261891908, 1.5354104901997445, 2.582632203681455, 1.8685583219185984, 0.0015412983418069141, 0.4626431130125986, 0.8617525889401952, 0.19171195214818276, 9, 1, 3, 2, 1.4797155669310902, 2.4996785335510414, 2.4052445260186666]
APTIDAO: 
24.63278581724843
GEN: 2200
Individuo: 
[0.9959496261891908, 1.5354104901997445, 2.582632203681455, 1.8889491255680824, 0.0018627375647415163, 0.4626431130125986, 0.8648660021155535, 0.19332469772668617, 7, 1, 3, 2, 1.4797155669310902, 2.4996785335510414, 2.357675324173007]
APTIDAO: 
24.558999905735728
GEN: 2300
Individuo: 
[0.9959496261891908, 1.5354104901997445, 2.5733898369972965, 1.8685583219185984, 0.0010460429766748324, 0.4626431130125986, 0.8648660021155535, 0.19332469772668617, 5, 1, 3, 2, 1.4797155669310902, 2.50171919585358, 2.3813210742308213]
APTIDAO: 
24.5203861702396
GEN: 2400
Individuo: 
[0.9976032290528355, 1.5354104901997445, 2.5733898369972965, 1.8685583219185984, 0.0010460429766748324, 0.4688440720618872, 0.8648660021155535, 0.19371763207480458, 5, 1, 3, 2, 1.4797155669310902, 2.527552200946447, 2.3813210742308213]
APTIDAO: 
24.370755866561208
GEN: 2500
Individuo: 
[0.9976032290528355, 1.5147809490799735, 2.5733898369972965, 1.890387021415901, 0.011168337387421382, 0.4688440720618872, 0.8648660021155535, 0.19508781625551652, 2, 1, 3, 2, 1.4797155669310902, 2.527552200946447, 2.3813210742308213]
APTIDAO: 
24.312283047002648
GEN: 2600
Individuo: 
[0.9976032290528355, 1.5147809490799735, 2.5733898369972965, 1.890387021415901, 0.006144373610349306, 0.47936567628513926, 0.8648660021155535, 0.19926378392674565, 1, 1, 3, 2, 1.4797155669310902, 2.527552200946447, 2.3813210742308213]
APTIDAO: 
24.038403657466706
GEN: 2700
Individuo: 
[0.9976032290528355, 1.5147809490799735, 2.5733898369972965, 1.890387021415901, 0.008950239483918548, 0.47936567628513926, 0.8648660021155535, 0.19926378392674565, 1, 1, 3, 2, 1.4797155669310902, 2.5325198937691806, 2.3813210742308213]
APTIDAO: 
24.016157326357394
GEN: 2800
Individuo: 
[0.9976032290528355, 1.5147809490799735, 2.5733898369972965, 1.890387021415901, 0.009769948514439358, 0.47936567628513926, 0.8648660021155535, 0.19926378392674565, 1, 1, 3, 2, 1.4797155669310902, 2.5325198937691806, 2.3693210874829953]
APTIDAO: 
24.014203158247202
GEN: 2900
Individuo: 
[0.9976032290528355, 1.5147809490799735, 2.5733898369972965, 1.890387021415901, 0.007365765393624769, 0.4824641180056324, 0.8648660021155535, 0.19926378392674565, 1, 1, 3, 2, 1.4797155669310902, 2.5597624573423996, 2.3693210874829953]
APTIDAO: 
23.918424195254687
GEN: 3000
Individuo: 
[0.9976032290528355, 1.5147809490799735, 2.575777479478725, 1.8926021137461881, 0.006845776275889778, 0.4824641180056324, 0.8648660021155535, 0.19926378392674565, 1, 1, 3, 2, 1.4797155669310902, 2.5597624573423996, 2.3693210874829953]
APTIDAO: 
23.9164146841004
GEN: 3100
Individuo: 
[0.9976032290528355, 1.5147809490799735, 2.575777479478725, 1.8926021137461881, 0.001201602790958394, 0.4824641180056324, 0.8714667580931168, 0.19926378392674565, 9, 1, 3, 2, 1.4797155669310902, 2.5597624573423996, 2.3693210874829953]
APTIDAO: 
23.822920033695702
GEN: 3200
Individuo: 
[0.9976032290528355, 1.5147809490799735, 2.575777479478725, 1.907394827070303, 0.0012546425036385565, 0.4824641180056324, 0.8714667580931168, 0.19926378392674565, 1, 1, 3, 2, 1.4797155669310902, 2.5597624573423996, 2.3693210874829953]
APTIDAO: 
23.81752153711163
GEN: 3300
Individuo: 
[0.9976032290528355, 1.5147809490799735, 2.5655962253719795, 1.907394827070303, 0.0011433679690792719, 0.4824641180056324, 0.8714667580931168, 0.19926378392674565, 1, 1, 3, 2, 1.4797155669310902, 2.5597624573423996, 2.3693210874829953]
APTIDAO: 
23.81304949658172
GEN: 3400
Individuo: 
[0.9976032290528355, 1.5147809490799735, 2.5655962253719795, 1.907394827070303, 0.0011433679690792719, 0.4824641180056324, 0.8714667580931168, 0.19926378392674565, 1, 1, 3, 2, 1.4797155669310902, 2.5597624573423996, 2.3693210874829953]
APTIDAO: 
23.81304949658172
GEN: 3500
Individuo: 
[0.9976032290528355, 1.5147809490799735, 2.5655962253719795, 1.907394827070303, 0.0011416730851475576, 0.4844880476867987, 0.8714667580931168, 0.19926378392674565, 9, 1, 3, 2, 1.4797155669310902, 2.5597624573423996, 2.3693210874829953]
APTIDAO: 
23.774726460695344
GEN: 3600
Individuo: 
[0.9976032290528355, 1.5147809490799735, 2.5655962253719795, 1.907394827070303, 0.0011416730851475576, 0.4844880476867987, 0.8714667580931168, 0.19963445459398502, 1, 1, 3, 2, 1.4797155669310902, 2.564512863021294, 2.3693210874829953]
APTIDAO: 
23.762363745106526
GEN: 3700
Individuo: 
[0.9976032290528355, 1.5147809490799735, 2.5655962253719795, 1.9208018873933994, 0.0014576247133349408, 0.4844880476867987, 0.8714667580931168, 0.19963445459398502, 8, 1, 3, 2, 1.4797155669310902, 2.564512863021294, 2.3510550796229093]
APTIDAO: 
23.741994089716172
GEN: 3800
Individuo: 
[0.9976032290528355, 1.5147809490799735, 2.5655962253719795, 1.9208018873933994, 0.0014576247133349408, 0.4844880476867987, 0.8714667580931168, 0.19963445459398502, 8, 1, 3, 2, 1.4797155669310902, 2.564512863021294, 2.3510550796229093]
APTIDAO: 
23.741994089716172
GEN: 3900
Individuo: 
[0.9976032290528355, 1.5147809490799735, 2.5466844882993747, 1.9208018873933994, 0.0010181312318140595, 0.4844880476867987, 0.8714667580931168, 0.19963445459398502, 6, 1, 3, 2, 1.4797155669310902, 2.564512863021294, 2.3510550796229093]
APTIDAO: 
23.73331426458783
GEN: 4000
Individuo: 
[0.9976032290528355, 1.5147809490799735, 2.5307588129008534, 1.9208018873933994, 0.0010586299805444342, 0.4844880476867987, 0.8714667580931168, 0.19963445459398502, 6, 1, 3, 2, 1.4797155669310902, 2.564512863021294, 2.3510550796229093]
APTIDAO: 
23.731263617651816
GEN: 4100
Individuo: 
[0.9976032290528355, 1.5147809490799735, 2.5307588129008534, 1.9208018873933994, 0.001087750262794084, 0.4844880476867987, 0.8714667580931168, 0.20060098468108345, 1, 1, 3, 2, 1.4797155669310902, 2.564512863021294, 2.3471394209473235]
APTIDAO: 
23.701404016333896
GEN: 4200
Individuo: 
[0.9976032290528355, 1.5147809490799735, 2.5307588129008534, 1.9208018873933994, 0.0010116790275586623, 0.4844880476867987, 0.8714667580931168, 0.20060098468108345, 1, 1, 3, 2, 1.4797155669310902, 2.564512863021294, 2.3471394209473235]
APTIDAO: 
23.70137447608139
GEN: 4300
Individuo: 
[0.9831578028444454, 1.568175996417948, 2.5307588129008534, 1.8767577128939372, 0.005874810672095456, 0.4844880476867987, 0.9042735866367715, 0.20060098468108345, 1, 1, 3, 2, 1.4797155669310902, 2.7879739483395105, 2.3471394209473235]
APTIDAO: 
23.394607150934604
GEN: 4400
Individuo: 
[1.0011331805675316, 1.575748821947738, 2.5307588129008534, 1.8767577128939372, 0.004831986692401273, 0.4844880476867987, 0.9042735866367715, 0.20060098468108345, 1, 1, 3, 2, 1.4797155669310902, 2.7879739483395105, 2.3471394209473235]
APTIDAO: 
23.37226701696462
GEN: 4500
Individuo: 
[1.0011331805675316, 1.575748821947738, 2.5307588129008534, 1.8767577128939372, 0.003277130329240021, 0.48926503811714706, 0.9042735866367715, 0.20060098468108345, 9, 1, 3, 2, 1.4797155669310902, 2.7879739483395105, 2.3447754543107004]
APTIDAO: 
23.310565933411738
GEN: 4600
Individuo: 
[1.000390194179342, 1.575748821947738, 2.5307588129008534, 1.8767577128939372, 0.0010868496844420926, 0.48926503811714706, 0.9042735866367715, 0.2022560197768127, 7, 1, 3, 2, 1.4797155669310902, 2.7879739483395105, 2.3447754543107004]
APTIDAO: 
23.30685665312771
GEN: 4700
Individuo: 
[1.000390194179342, 1.5854421940749484, 2.605697837217776, 1.8080943234358138, 0.0013280112782407968, 0.48926503811714706, 0.9042735866367715, 0.2022560197768127, 1, 1, 3, 2, 1.4797155669310902, 2.7879739483395105, 2.3447754543107004]
APTIDAO: 
23.2101074262702
GEN: 4800
Individuo: 
[1.000390194179342, 1.5854421940749484, 2.605697837217776, 1.8080943234358138, 0.0012614166095479217, 0.49341880797847787, 0.9042735866367715, 0.2022560197768127, 4, 1, 3, 2, 1.4797155669310902, 2.7879739483395105, 2.3447754543107004]
APTIDAO: 
23.161350119616134
GEN: 4900
Individuo: 
[1.000390194179342, 1.6021232561548655, 2.605697837217776, 1.8080943234358138, 0.001191390927778002, 0.49341880797847787, 0.9042735866367715, 0.2022560197768127, 4, 1, 3, 2, 1.4797155669310902, 2.7879739483395105, 2.3447754543107004]
APTIDAO: 
23.159131772889566
GEN: 5000
Individuo: 
[1.000390194179342, 1.6021232561548655, 2.605697837217776, 1.8080943234358138, 0.0011963930385627667, 0.49341880797847787, 0.9026100514048587, 0.2022560197768127, 4, 1, 3, 2, 1.4797155669310902, 2.7879739483395105, 2.3447754543107004]
APTIDAO: 
23.151189275371582
GEN: 5100
Individuo: 
[1.000390194179342, 1.6021232561548655, 2.605697837217776, 1.8080943234358138, 0.001180758292480718, 0.49341880797847787, 0.9026100514048587, 0.2022560197768127, 4, 1, 3, 2, 1.4797155669310902, 2.7879739483395105, 2.3447754543107004]
APTIDAO: 
23.151189242601944
GEN: 5200
Individuo: 
[1.000390194179342, 1.5872084434935987, 2.645792392395403, 1.8080943234358138, 0.0010248393935384631, 0.49341880797847787, 0.9026100514048587, 0.2022560197768127, 8, 1, 3, 2, 1.4797155669310902, 2.7879739483395105, 2.333931148105217]
APTIDAO: 
23.12655737583276
GEN: 5300
Individuo: 
[1.000390194179342, 1.5872084434935987, 2.645792392395403, 1.8080943234358138, 0.0010248393935384631, 0.49341880797847787, 0.9026100514048587, 0.2022560197768127, 8, 1, 3, 2, 1.4797155669310902, 2.801345357930054, 2.333931148105217]
APTIDAO: 
23.10935631503809
GEN: 5400
Individuo: 
[1.000390194179342, 1.5777274160738297, 2.645792392395403, 1.8054815620901976, 0.0010006218487465456, 0.49341880797847787, 0.9026100514048587, 0.2022560197768127, 6, 1, 3, 2, 1.4797155669310902, 2.801345357930054, 2.333931148105217]
APTIDAO: 
23.10412122270744
GEN: 5500
Individuo: 
[0.9986112706241353, 1.5777274160738297, 2.6540758838818745, 1.8054815620901976, 0.0010006218487465456, 0.49341880797847787, 0.9026100514048587, 0.2022560197768127, 6, 1, 3, 2, 1.4797155669310902, 2.801345357930054, 2.333931148105217]
APTIDAO: 
23.102929742070952
GEN: 5600
Individuo: 
[0.9986112706241353, 1.5777274160738297, 2.6540758838818745, 1.8054815620901976, 0.0011270892145824843, 0.49341880797847787, 0.9026100514048587, 0.2022560197768127, 6, 1, 3, 2, 1.4797155669310902, 2.801345357930054, 2.333931148105217]
APTIDAO: 
23.102929235680744
GEN: 5700
Individuo: 
[0.9986112706241353, 1.5659404381512327, 2.6540758838818745, 1.8054815620901976, 0.0011270892145824843, 0.49341880797847787, 0.9026100514048587, 0.2022560197768127, 5, 1, 3, 2, 1.4797155669310902, 2.801345357930054, 2.329915391303082]
APTIDAO: 
23.09759626434474
GEN: 5800
Individuo: 
[0.9986112706241353, 1.5659404381512327, 2.6769022655914165, 1.8054815620901976, 0.001011545560301441, 0.49341880797847787, 0.9026100514048587, 0.2022560197768127, 5, 1, 3, 2, 1.4797155669310902, 2.801345357930054, 2.329915391303082]
APTIDAO: 
23.093422904236114
GEN: 5900
Individuo: 
[0.9986112706241353, 1.5659404381512327, 2.6769022655914165, 1.8054815620901976, 0.001011545560301441, 0.49341880797847787, 0.9026100514048587, 0.2022560197768127, 5, 1, 3, 2, 1.4797155669310902, 2.801345357930054, 2.329915391303082]
APTIDAO: 
23.093422904236114
GEN: 6000
Individuo: 
[0.9986112706241353, 1.5659404381512327, 2.6769022655914165, 1.8054815620901976, 0.001011545560301441, 0.49341880797847787, 0.9026100514048587, 0.2022560197768127, 5, 1, 3, 2, 1.4797155669310902, 2.801345357930054, 2.329915391303082]
APTIDAO: 
23.093422904236114
GEN: 6100
Individuo: 
[0.9986112706241353, 1.5659404381512327, 2.6769022655914165, 1.8054815620901976, 0.001011545560301441, 0.49341880797847787, 0.9026100514048587, 0.2022560197768127, 7, 1, 3, 2, 1.4797155669310902, 2.801345357930054, 2.325578523854946]
APTIDAO: 
23.091730839375284
GEN: 6200
Individuo: 
[0.9986112706241353, 1.5659404381512327, 2.6769022655914165, 1.8054815620901976, 0.0010247630191057475, 0.4942816112711676, 0.9052407948082549, 0.2022560197768127, 7, 1, 3, 2, 1.4797155669310902, 2.8282477902607037, 2.313755598753053]
APTIDAO: 
23.053169053283014
GEN: 6300
Individuo: 
[0.9986112706241353, 1.5659404381512327, 2.721872978102094, 1.8054815620901976, 0.0010247630191057475, 0.4942816112711676, 0.9052407948082549, 0.2022560197768127, 8, 1, 3, 2, 1.4797155669310902, 2.8584082737731813, 2.313755598753053]
APTIDAO: 
23.051206494272975
GEN: 6400
Individuo: 
[0.9986112706241353, 1.5659404381512327, 2.7021834015142785, 1.7916030485411987, 0.0010247630191057475, 0.4942816112711676, 0.9052407948082549, 0.2022560197768127, 8, 1, 3, 2, 1.4797155669310902, 2.8584082737731813, 2.3097747595853053]
APTIDAO: 
23.04300754823683
GEN: 6500
Individuo: 
[0.9986112706241353, 1.5659404381512327, 2.7021834015142785, 1.7916030485411987, 0.0011236891584780282, 0.4942816112711676, 0.9068571843445772, 0.20407213664339108, 8, 1, 3, 2, 1.4797155669310902, 2.846091981137105, 2.3097747595853053]
APTIDAO: 
22.95443627109121
GEN: 6600
Individuo: 
[0.9986112706241353, 1.5659404381512327, 2.7021834015142785, 1.7916030485411987, 0.001342584757254524, 0.4942816112711676, 0.9068571843445772, 0.20407213664339108, 8, 1, 3, 2, 1.4797155669310902, 2.846091981137105, 2.3097747595853053]
APTIDAO: 
22.954435773590877
GEN: 6700
Individuo: 
[0.9986112706241353, 1.5659404381512327, 2.7021834015142785, 1.7916030485411987, 0.001342584757254524, 0.4942816112711676, 0.9068571843445772, 0.20407213664339108, 8, 1, 3, 2, 1.4797155669310902, 2.846091981137105, 2.3097747595853053]
APTIDAO: 
22.954435773590877
GEN: 6800
Individuo: 
[0.9986112706241353, 1.5659404381512327, 2.7021834015142785, 1.7916030485411987, 0.0012930572393162402, 0.4942816112711676, 0.9068571843445772, 0.20407213664339108, 8, 1, 3, 2, 1.4797155669310902, 2.846091981137105, 2.3097747595853053]
APTIDAO: 
22.95443498392087
GEN: 6900
Individuo: 
[0.9986112706241353, 1.5659404381512327, 2.7021834015142785, 1.7916030485411987, 0.0012930572393162402, 0.4942816112711676, 0.9068571843445772, 0.20407213664339108, 8, 1, 3, 2, 1.4797155669310902, 2.846091981137105, 2.303550368617345]
APTIDAO: 
22.934872103772747
GEN: 7000
Individuo: 
[0.9986112706241353, 1.5659404381512327, 2.7021834015142785, 1.7916030485411987, 0.0023032361527512506, 0.4942816112711676, 0.9068571843445772, 0.20407213664339108, 8, 1, 3, 2, 1.4797155669310902, 2.8453023229826755, 2.301598255313651]
APTIDAO: 
22.93096079447446
GEN: 7100
Individuo: 
[0.9986112706241353, 1.5659404381512327, 2.7021834015142785, 1.7916030485411987, 0.001129085600247435, 0.4942816112711676, 0.9068571843445772, 0.20407213664339108, 7, 1, 3, 2, 1.4797155669310902, 2.8453023229826755, 2.301598255313651]
APTIDAO: 
22.930955451653297
GEN: 7200
Individuo: 
[0.9986112706241353, 1.5659404381512327, 2.7021834015142785, 1.7916030485411987, 0.0011133580142352298, 0.4942816112711676, 0.9068571843445772, 0.20436449027005202, 7, 1, 3, 2, 1.4797155669310902, 2.8453023229826755, 2.301598255313651]
APTIDAO: 
22.928378643515273
GEN: 7300
Individuo: 
[0.9986112706241353, 1.5585203317076308, 2.7021834015142785, 1.7916030485411987, 0.0011459839200741288, 0.4942816112711676, 0.9068571843445772, 0.20436449027005202, 7, 1, 3, 2, 1.4797155669310902, 2.8453023229826755, 2.301598255313651]
APTIDAO: 
22.92830741456755
GEN: 7400
Individuo: 
[0.9986112706241353, 1.5585203317076308, 2.7021834015142785, 1.7916030485411987, 0.0012421801375331531, 0.4942816112711676, 0.9068571843445772, 0.20436449027005202, 7, 1, 3, 2, 1.4797155669310902, 2.8453023229826755, 2.301598255313651]
APTIDAO: 
22.928307197351465
GEN: 7500
Individuo: 
[0.9986112706241353, 1.5585203317076308, 2.7021834015142785, 1.7916030485411987, 0.0012421801375331531, 0.4942816112711676, 0.9068571843445772, 0.20436449027005202, 7, 1, 3, 2, 1.4797155669310902, 2.8453023229826755, 2.301598255313651]
APTIDAO: 
22.928307197351465
GEN: 7600
Individuo: 
[0.9986112706241353, 1.547197726503714, 2.6806844883059378, 1.8177182640730967, 0.0012784368534672352, 0.4942816112711676, 0.9068571843445772, 0.20436449027005202, 6, 1, 3, 2, 1.4797155669310902, 2.8453023229826755, 2.2878146948023117]
APTIDAO: 
22.904038183837965
GEN: 7700
Individuo: 
[0.9998438019841455, 1.547197726503714, 2.6806844883059378, 1.8177182640730967, 0.0012125777815508863, 0.4942816112711676, 0.9068571843445772, 0.20443597045898637, 5, 1, 3, 2, 1.4797155669310902, 2.8453023229826755, 2.2878146948023117]
APTIDAO: 
22.900711297411746
GEN: 7800
Individuo: 
[0.9998438019841455, 1.547197726503714, 2.6806844883059378, 1.8177182640730967, 0.0012125777815508863, 0.4942816112711676, 0.9068571843445772, 0.20443597045898637, 5, 1, 3, 2, 1.4797155669310902, 2.8453023229826755, 2.2878146948023117]
APTIDAO: 
22.900711297411746
GEN: 7900
Individuo: 
[0.9998438019841455, 1.547197726503714, 2.6806844883059378, 1.8177182640730967, 0.0012125777815508863, 0.4942816112711676, 0.9068571843445772, 0.20443597045898637, 5, 1, 3, 2, 1.4797155669310902, 2.8453023229826755, 2.2878146948023117]
APTIDAO: 
22.900711297411746
GEN: 8000
Individuo: 
[0.9998438019841455, 1.547197726503714, 2.6806844883059378, 1.8177182640730967, 0.0010715740883706698, 0.4942816112711676, 0.9068571843445772, 0.20471724458414411, 5, 1, 3, 2, 1.4797155669310902, 2.8453023229826755, 2.2878146948023117]
APTIDAO: 
22.890702640134617
GEN: 8100
Individuo: 
[0.9998438019841455, 1.547197726503714, 2.6806844883059378, 1.820144723237066, 0.0010715740883706698, 0.4942816112711676, 0.9068571843445772, 0.20471724458414411, 6, 1, 3, 2, 1.4797155669310902, 2.8453023229826755, 2.2878146948023117]
APTIDAO: 
22.890299821818356
GEN: 8200
Individuo: 
[0.9998438019841455, 1.547197726503714, 2.6806844883059378, 1.819688865877994, 0.0010659651513376773, 0.4942816112711676, 0.9068571843445772, 0.20471724458414411, 6, 1, 3, 2, 1.4797155669310902, 2.8453023229826755, 2.2878146948023117]
APTIDAO: 
22.890191196440142
GEN: 8300
Individuo: 
[0.9998438019841455, 1.547197726503714, 2.6806844883059378, 1.819688865877994, 0.0010960312308785946, 0.4942816112711676, 0.9068571843445772, 0.20471724458414411, 6, 1, 3, 2, 1.4797155669310902, 2.8453023229826755, 2.2878146948023117]
APTIDAO: 
22.890190403114044
GEN: 8400
Individuo: 
[0.9998438019841455, 1.547197726503714, 2.6806844883059378, 1.819688865877994, 0.0010960312308785946, 0.4942816112711676, 0.9068571843445772, 0.20471724458414411, 6, 1, 3, 2, 1.4797155669310902, 2.8453023229826755, 2.2878146948023117]
APTIDAO: 
22.890190403114044
GEN: 8500
Individuo: 
[0.9998438019841455, 1.547197726503714, 2.6806844883059378, 1.819688865877994, 0.0010960312308785946, 0.49581147890002547, 0.9068571843445772, 0.20471724458414411, 6, 1, 3, 2, 1.4797155669310902, 2.8453023229826755, 2.2878146948023117]
APTIDAO: 
22.88496045085888
GEN: 8600
Individuo: 
[0.9998438019841455, 1.547197726503714, 2.6806844883059378, 1.819688865877994, 0.0013508478843268284, 0.4964190923245625, 0.9068571843445772, 0.20492965875689304, 6, 1, 3, 2, 1.4797155669310902, 2.8453023229826755, 2.289226551845209]
APTIDAO: 
22.87545536078522
GEN: 8700
Individuo: 
[0.9998438019841455, 1.547197726503714, 2.6806844883059378, 1.8253504909647749, 0.0010476156513783855, 0.4964190923245625, 0.9068571843445772, 0.20492965875689304, 9, 1, 3, 2, 1.4797155669310902, 2.8553312600418517, 2.289226551845209]
APTIDAO: 
22.872455128838965
GEN: 8800
Individuo: 
[0.9998438019841455, 1.547197726503714, 2.6806844883059378, 1.8253504909647749, 0.0012261642764942336, 0.4964190923245625, 0.9068571843445772, 0.20492965875689304, 4, 1, 3, 2, 1.4797155669310902, 2.8553312600418517, 2.2793915255374637]
APTIDAO: 
22.861507714247086
GEN: 8900
Individuo: 
[0.9998438019841455, 1.547197726503714, 2.6806844883059378, 1.8253504909647749, 0.0011569751277624289, 0.4964190923245625, 0.9068571843445772, 0.20492965875689304, 5, 1, 3, 2, 1.4797155669310902, 2.8553312600418517, 2.2793915255374637]
APTIDAO: 
22.861506940376334
GEN: 9000
Individuo: 
[0.9998438019841455, 1.547197726503714, 2.6806844883059378, 1.8253504909647749, 0.001171236695069773, 0.4964190923245625, 0.9082907862992553, 0.20492965875689304, 8, 1, 3, 2, 1.4797155669310902, 2.8553312600418517, 2.2793915255374637]
APTIDAO: 
22.858488725994736
GEN: 9100
Individuo: 
[0.9998438019841455, 1.547197726503714, 2.6806844883059378, 1.8253504909647749, 0.0013128170623590615, 0.4964190923245625, 0.9082907862992553, 0.20492965875689304, 8, 1, 3, 2, 1.4797155669310902, 2.8553312600418517, 2.2793915255374637]
APTIDAO: 
22.85848814908394
GEN: 9200
Individuo: 
[0.9998438019841455, 1.547197726503714, 2.6806844883059378, 1.8253504909647749, 0.0010342630809744506, 0.4964190923245625, 0.9082907862992553, 0.20492965875689304, 5, 1, 3, 2, 1.4797155669310902, 2.8553312600418517, 2.28595632895128]
APTIDAO: 
22.85441252722713
GEN: 9300
Individuo: 
[0.9998438019841455, 1.547197726503714, 2.6806844883059378, 1.8253504909647749, 0.0014789508868753986, 0.4964190923245625, 0.9082907862992553, 0.20492965875689304, 4, 1, 3, 2, 1.4797155669310902, 2.8650067107959125, 2.28595632895128]
APTIDAO: 
22.85078296309638
GEN: 9400
Individuo: 
[0.9998438019841455, 1.547197726503714, 2.6806844883059378, 1.8253504909647749, 0.00122873986561961, 0.4964190923245625, 0.9082907862992553, 0.20492965875689304, 3, 1, 3, 2, 1.4797155669310902, 2.8650067107959125, 2.28595632895128]
APTIDAO: 
22.850780986511126
GEN: 9500
Individuo: 
[0.9998438019841455, 1.541544733825211, 2.6806844883059378, 1.8253504909647749, 0.0010064308846408048, 0.4964190923245625, 0.9082907862992553, 0.20492965875689304, 8, 1, 3, 2, 1.4797155669310902, 2.8650067107959125, 2.28595632895128]
APTIDAO: 
22.84832190607448
GEN: 9600
Individuo: 
[0.9998438019841455, 1.541544733825211, 2.67866796038759, 1.8253504909647749, 0.0010064308846408048, 0.4964190923245625, 0.9082907862992553, 0.20492965875689304, 6, 1, 3, 2, 1.4797155669310902, 2.8641045138697208, 2.28595632895128]
APTIDAO: 
22.847999071751083
GEN: 9700
Individuo: 
[0.9998438019841455, 1.541544733825211, 2.67866796038759, 1.8253504909647749, 0.001106167086463102, 0.4964190923245625, 0.9082907862992553, 0.20492965875689304, 6, 1, 3, 2, 1.4797155669310902, 2.8641045138697208, 2.28595632895128]
APTIDAO: 
22.847998844501863
GEN: 9800
Individuo: 
[0.9998438019841455, 1.541544733825211, 2.67866796038759, 1.8253504909647749, 0.0010906838445027703, 0.4968232404238472, 0.9082907862992553, 0.20492965875689304, 7, 1, 3, 2, 1.4797155669310902, 2.868096883800578, 2.28595632895128]
APTIDAO: 
22.847509660419075
GEN: 9900
Individuo: 
[0.9998438019841455, 1.541544733825211, 2.67866796038759, 1.8253504909647749, 0.0010906838445027703, 0.4968232404238472, 0.9082907862992553, 0.20492965875689304, 8, 1, 3, 2, 1.4797155669310902, 2.868096883800578, 2.28595632895128]
APTIDAO: 
22.847509630933256
GEN: 10000
Individuo: 
[0.9998438019841455, 1.541544733825211, 2.67866796038759, 1.8253504909647749, 0.0010906838445027703, 0.4968232404238472, 0.9082907862992553, 0.20492965875689304, 8, 1, 3, 2, 1.4797155669310902, 2.868096883800578, 2.28595632895128]
APTIDAO: 
22.847509630933256

--- RESULTADO FINAL ---
Erro (norma-1): 22.847509630933256
Parâmetros: [0.9998438019841455, 1.541544733825211, 2.67866796038759, 1.8253504909647749, 0.0010906838445027703, 0.4968232404238472, 0.9082907862992553, 0.20492965875689304, 8, 1, 3, 2, 1.4797155669310902, 2.868096883800578, 2.28595632895128]
Tempo total: 00h 40m 25s
