SEED: 1778663936
METODO: ABCD_Hill
IND_SIZE: 15
GEN: 0
Individuo: 
[0.4819923175999281, 0.5948467888055414, 3.503141240166792, 1.4372500786372056, 0.8559958937800412, 0.8804899602899995, 0.5239980780375952, 0.23780255506420192, 9, 9, 4, 9, 3.371682175072718, 3.6328270654524433, 2.6971482322941767]
APTIDAO: 
165.42106112387228
GEN: 100
Individuo: 
[1.0008207326699927, 1.3094987727186107, 3.9865959258691217, 1.9037910135439502, 0.11474484018975707, 0.9364170168044831, 0.6920350028045267, 0.2648437993335889, 1, 1, 4, 3, 2.5130494659240585, 1.72441102922597, 2.473307532848611]
APTIDAO: 
29.24393941366957
GEN: 200
Individuo: 
[1.0008207326699927, 1.3094987727186107, 3.9865959258691217, 1.8882959207414234, 0.11474484018975707, 0.9378776145951448, 0.6920350028045267, 0.2648437993335889, 1, 1, 4, 3, 2.5130494659240585, 1.817921905741405, 2.473307532848611]
APTIDAO: 
29.017205895538176
GEN: 300
Individuo: 
[1.0008207326699927, 1.2465733212836625, 4.0872541376658456, 1.8882959207414234, 0.11474484018975707, 0.9629224210247068, 0.6965596318935234, 0.2648437993335889, 1, 1, 4, 3, 2.5130494659240585, 1.817921905741405, 2.4202138542333698]
APTIDAO: 
28.37826974454123
GEN: 400
Individuo: 
[1.0008207326699927, 1.2465733212836625, 4.0872541376658456, 1.8882959207414234, 0.11474484018975707, 0.9618237846081552, 0.6965596318935234, 0.29849855883776183, 1, 1, 4, 3, 2.5130494659240585, 1.817921905741405, 2.0748087370821726]
APTIDAO: 
24.522075289412317
GEN: 500
Individuo: 
[1.0008207326699927, 1.2465733212836625, 4.0872541376658456, 1.8981974180877195, 0.11474484018975707, 0.9618237846081552, 0.6965596318935234, 0.29849855883776183, 1, 1, 4, 3, 2.5130494659240585, 1.817921905741405, 2.0748087370821726]
APTIDAO: 
24.49186454677318
GEN: 600
Individuo: 
[1.0008207326699927, 1.2360542229338165, 4.0872541376658456, 1.8981974180877195, 0.11474484018975707, 0.6961839724844191, 0.6965596318935234, 0.293413611406284, 1, 1, 4, 3, 2.0136260815942912, 1.817921905741405, 2.0748087370821726]
APTIDAO: 
23.997155190638296
GEN: 700
Individuo: 
[1.0008207326699927, 1.2360542229338165, 3.9241899587535323, 1.8981974180877195, 0.11474484018975707, 0.7103883321789, 0.6964954201831517, 0.293413611406284, 1, 1, 4, 3, 2.0136260815942912, 1.8787766100777479, 2.0748087370821726]
APTIDAO: 
23.43065339464337
GEN: 800
Individuo: 
[1.0008207326699927, 1.2360542229338165, 3.9241899587535323, 1.9665326554432618, 0.11474484018975707, 0.7120584048111788, 0.6964954201831517, 0.293413611406284, 1, 1, 4, 3, 2.0136260815942912, 1.8787766100777479, 2.0748087370821726]
APTIDAO: 
23.270533320250806
GEN: 900
Individuo: 
[1.0008207326699927, 1.2360542229338165, 3.854178379328782, 1.9665326554432618, 0.11474484018975707, 0.7090527068749545, 0.7017476307434141, 0.293413611406284, 1, 1, 4, 3, 2.0136260815942912, 1.8787766100777479, 2.0748087370821726]
APTIDAO: 
23.08144237770359
GEN: 1000
Individuo: 
[1.0008207326699927, 1.2360542229338165, 3.854178379328782, 1.9665326554432618, 0.11474484018975707, 0.709915554792741, 0.7017476307434141, 0.293413611406284, 1, 1, 4, 3, 2.0075332834081463, 1.9158136731943514, 2.0748087370821726]
APTIDAO: 
22.931641499429013
GEN: 1100
Individuo: 
[1.0008207326699927, 1.2360542229338165, 3.8476558462730464, 1.9714085827592578, 0.11474484018975707, 0.709915554792741, 0.7017476307434141, 0.293413611406284, 1, 1, 4, 3, 2.0075332834081463, 1.9158136731943514, 2.0748087370821726]
APTIDAO: 
22.924443415150346
GEN: 1200
Individuo: 
[1.0008207326699927, 1.2360542229338165, 3.8476558462730464, 1.9714085827592578, 0.11474484018975707, 0.7092465923541367, 0.7017476307434141, 0.29819482197544084, 1, 1, 4, 3, 2.0075332834081463, 1.9158136731943514, 2.0748087370821726]
APTIDAO: 
22.858934603868107
GEN: 1300
Individuo: 
[1.0008207326699927, 1.2180377204548143, 3.8476558462730464, 1.9714085827592578, 0.11474484018975707, 0.7092465923541367, 0.7021950305203174, 0.29633736038857483, 1, 1, 4, 3, 2.0075332834081463, 1.9158136731943514, 2.0748087370821726]
APTIDAO: 
22.813610222104597
GEN: 1400
Individuo: 
[1.0002493122062677, 1.2180377204548143, 3.8476558462730464, 1.98809415015585, 0.11474484018975707, 0.7092465923541367, 0.7021950305203174, 0.29633736038857483, 1, 1, 4, 3, 2.0075332834081463, 1.9158136731943514, 2.0748087370821726]
APTIDAO: 
22.78422890886016
GEN: 1500
Individuo: 
[1.0002493122062677, 1.2201605104761013, 3.8476558462730464, 1.98809415015585, 0.11474484018975707, 0.7092465923541367, 0.7021950305203174, 0.29633736038857483, 1, 1, 4, 3, 2.0075332834081463, 1.9158136731943514, 2.0142293849075927]
APTIDAO: 
22.664699371558328
GEN: 1600
Individuo: 
[1.0002493122062677, 1.227526807079291, 3.8476558462730464, 1.98809415015585, 0.11474484018975707, 0.7092465923541367, 0.7070722459778347, 0.3020216896701815, 1, 1, 4, 3, 2.0075332834081463, 1.944078886104883, 2.0142293849075927]
APTIDAO: 
22.401428899953054
GEN: 1700
Individuo: 
[1.0002493122062677, 1.227526807079291, 3.8476558462730464, 1.9996409646773987, 0.11474484018975707, 0.7092465923541367, 0.7070722459778347, 0.3020216896701815, 1, 1, 4, 3, 2.0016453255194095, 1.962348734549109, 1.9645294089879286]
APTIDAO: 
22.038158625589098
GEN: 1800
Individuo: 
[1.0002493122062677, 1.227526807079291, 3.8476558462730464, 1.9996409646773987, 0.11474484018975707, 0.7092465923541367, 0.7070722459778347, 0.3033601584759433, 1, 1, 4, 3, 2.0016453255194095, 1.962348734549109, 1.9645294089879286]
APTIDAO: 
22.035236048172447
GEN: 1900
Individuo: 
[1.0002493122062677, 1.2369907492114942, 3.7922106151820945, 1.9996409646773987, 0.11474484018975707, 0.7092465923541367, 0.7070722459778347, 0.3033601584759433, 1, 1, 4, 3, 2.0016453255194095, 1.968490084992591, 1.9645294089879286]
APTIDAO: 
21.999664218647276
GEN: 2000
Individuo: 
[1.0002493122062677, 1.2369907492114942, 3.8084416010685374, 1.9996409646773987, 0.11474484018975707, 0.7092465923541367, 0.7070722459778347, 0.3033601584759433, 1, 1, 4, 3, 2.0016453255194095, 1.968490084992591, 1.9645294089879286]
APTIDAO: 
21.99834484982798
GEN: 2100
Individuo: 
[1.0002493122062677, 1.2369907492114942, 3.8084416010685374, 1.9996409646773987, 0.11474484018975707, 0.7092465923541367, 0.7070722459778347, 0.3047729492458782, 1, 1, 4, 3, 2.0016453255194095, 1.968490084992591, 1.9063737409640706]
APTIDAO: 
21.850123600203695
GEN: 2200
Individuo: 
[1.0002493122062677, 1.2369907492114942, 3.8084416010685374, 1.9996409646773987, 0.11474484018975707, 0.7092465923541367, 0.7073197787215328, 0.3047729492458782, 1, 1, 4, 3, 2.0016453255194095, 1.968490084992591, 1.9063737409640706]
APTIDAO: 
21.845919591437212
GEN: 2300
Individuo: 
[1.0002493122062677, 1.2170182974748511, 3.8084416010685374, 2.0505290379170007, 0.11474484018975707, 0.7092465923541367, 0.7073197787215328, 0.3047729492458782, 1, 1, 4, 3, 2.0022466869134417, 1.968490084992591, 1.9063737409640706]
APTIDAO: 
21.818389138725212
GEN: 2400
Individuo: 
[1.0002493122062677, 1.2170182974748511, 3.8084416010685374, 2.025153040226941, 0.11474484018975707, 0.7092465923541367, 0.7073197787215328, 0.3047729492458782, 1, 1, 4, 3, 2.0022466869134417, 1.968490084992591, 1.9063737409640706]
APTIDAO: 
21.806162255435506
GEN: 2500
Individuo: 
[1.0002493122062677, 1.2170182974748511, 3.8084416010685374, 2.025153040226941, 0.11474484018975707, 0.7092465923541367, 0.7073197787215328, 0.3047729492458782, 1, 1, 4, 3, 2.0022466869134417, 1.968490084992591, 1.9087405694214048]
APTIDAO: 
21.80460766457908
GEN: 2600
Individuo: 
[1.0002493122062677, 1.2170182974748511, 3.771783037451597, 2.025153040226941, 0.11474484018975707, 0.7092465923541367, 0.7073197787215328, 0.3047729492458782, 1, 1, 4, 3, 2.0022466869134417, 1.968490084992591, 1.9087405694214048]
APTIDAO: 
21.797415364861575
GEN: 2700
Individuo: 
[1.0002493122062677, 1.2170182974748511, 3.739629438640457, 2.050698964358693, 0.11474484018975707, 0.7092465923541367, 0.7073197787215328, 0.3047729492458782, 1, 1, 4, 3, 2.0022466869134417, 1.968490084992591, 1.9087405694214048]
APTIDAO: 
21.763641420240596
GEN: 2800
Individuo: 
[1.0002493122062677, 1.2025385880839201, 3.755293372530627, 2.050698964358693, 0.11474484018975707, 0.7092465923541367, 0.7073197787215328, 0.3047729492458782, 1, 1, 4, 3, 2.0022466869134417, 1.9880431157510874, 1.9087405694214048]
APTIDAO: 
21.735000712309397
GEN: 2900
Individuo: 
[1.0002493122062677, 1.2025385880839201, 3.7892874179626066, 2.050698964358693, 0.11474484018975707, 0.7140866673474366, 0.7073197787215328, 0.3047729492458782, 1, 1, 4, 3, 2.0022466869134417, 1.9880431157510874, 1.9087405694214048]
APTIDAO: 
21.721676838334343
GEN: 3000
Individuo: 
[1.0002493122062677, 1.2025385880839201, 3.7892874179626066, 2.050698964358693, 0.11474484018975707, 0.7140866673474366, 0.7073197787215328, 0.3047729492458782, 1, 1, 4, 3, 2.0022466869134417, 1.9880431157510874, 1.9087405694214048]
APTIDAO: 
21.721676838334343
GEN: 3100
Individuo: 
[1.0002493122062677, 1.2025385880839201, 3.7892874179626066, 2.050698964358693, 0.11474484018975707, 0.7140866673474366, 0.711679207915, 0.3073599557934015, 1, 1, 4, 3, 2.0022466869134417, 2.009262329769251, 1.9067747700063205]
APTIDAO: 
21.61016943648358
GEN: 3200
Individuo: 
[1.0002493122062677, 1.2025385880839201, 3.826225536190817, 2.050698964358693, 0.11474484018975707, 0.7140866673474366, 0.7174523127205286, 0.3073599557934015, 1, 1, 4, 3, 2.0022466869134417, 2.051052103870937, 1.9006701460468458]
APTIDAO: 
21.427866056688128
GEN: 3300
Individuo: 
[1.0002493122062677, 1.2025385880839201, 3.8177656054842295, 2.050698964358693, 0.11474484018975707, 0.7140866673474366, 0.7174523127205286, 0.3073599557934015, 1, 1, 4, 3, 2.0022466869134417, 2.073133254866992, 1.9006701460468458]
APTIDAO: 
21.328138235819562
GEN: 3400
Individuo: 
[1.0002493122062677, 1.2025385880839201, 3.8177656054842295, 2.050698964358693, 0.11474484018975707, 0.7140866673474366, 0.7174523127205286, 0.3073599557934015, 1, 1, 4, 3, 2.0022466869134417, 2.073133254866992, 1.8700233919967155]
APTIDAO: 
21.288677145091842
GEN: 3500
Individuo: 
[1.0002493122062677, 1.2025385880839201, 3.8177656054842295, 2.050698964358693, 0.11474484018975707, 0.7140866673474366, 0.7174523127205286, 0.3073599557934015, 1, 1, 4, 3, 2.007591220026857, 2.073133254866992, 1.8700233919967155]
APTIDAO: 
21.287722791934137
GEN: 3600
Individuo: 
[1.0002493122062677, 1.2025385880839201, 3.8177656054842295, 2.050698964358693, 0.11474484018975707, 0.7129842005346608, 0.7203806101982696, 0.3073599557934015, 1, 1, 4, 3, 2.007591220026857, 2.073133254866992, 1.8700233919967155]
APTIDAO: 
21.209885532868178
GEN: 3700
Individuo: 
[1.0002493122062677, 1.2025385880839201, 3.8177656054842295, 2.050698964358693, 0.11474484018975707, 0.7129842005346608, 0.7203806101982696, 0.3073599557934015, 1, 1, 4, 3, 2.007591220026857, 2.073133254866992, 1.8700233919967155]
APTIDAO: 
21.209885532868178
GEN: 3800
Individuo: 
[1.0002493122062677, 1.2025385880839201, 3.8177656054842295, 2.0372126888843245, 0.11474484018975707, 0.7129842005346608, 0.7203806101982696, 0.3073599557934015, 1, 1, 4, 3, 2.007591220026857, 2.094751473466722, 1.8700233919967155]
APTIDAO: 
21.200775796845853
GEN: 3900
Individuo: 
[1.0002493122062677, 1.2025385880839201, 3.886452405252129, 2.0372126888843245, 0.11474484018975707, 0.7129842005346608, 0.7203806101982696, 0.3073599557934015, 1, 1, 4, 3, 2.007591220026857, 2.094751473466722, 1.8700233919967155]
APTIDAO: 
21.18727249408343
GEN: 4000
Individuo: 
[1.0002493122062677, 1.195662697064895, 3.886452405252129, 2.0372126888843245, 0.11474484018975707, 0.7129842005346608, 0.7203806101982696, 0.3073599557934015, 1, 1, 4, 3, 2.007591220026857, 2.094751473466722, 1.8700233919967155]
APTIDAO: 
21.172001472762965
GEN: 4100
Individuo: 
[1.0002493122062677, 1.195662697064895, 3.886452405252129, 2.0372126888843245, 0.11474484018975707, 0.7129842005346608, 0.7244656752849823, 0.3073599557934015, 1, 1, 4, 3, 2.007591220026857, 2.1389837347485137, 1.8700233919967155]
APTIDAO: 
21.05493929931314
GEN: 4200
Individuo: 
[1.0002493122062677, 1.195662697064895, 3.886452405252129, 2.0372126888843245, 0.11474484018975707, 0.7129842005346608, 0.7244656752849823, 0.3073599557934015, 1, 1, 4, 3, 2.0069128228771618, 2.1179922104083233, 1.8700233919967155]
APTIDAO: 
21.040542335216166
GEN: 4300
Individuo: 
[1.0002493122062677, 1.195662697064895, 3.915046261390088, 2.024290567028865, 0.11474484018975707, 0.7129842005346608, 0.7244656752849823, 0.3073599557934015, 1, 1, 4, 3, 2.0069128228771618, 2.1179922104083233, 1.8700233919967155]
APTIDAO: 
21.02465064836203
GEN: 4400
Individuo: 
[1.0002493122062677, 1.195662697064895, 3.915046261390088, 2.020202530872382, 0.11474484018975707, 0.7129842005346608, 0.7244656752849823, 0.3073599557934015, 1, 1, 4, 3, 2.0069128228771618, 2.1179922104083233, 1.8700233919967155]
APTIDAO: 
21.020353981683314
GEN: 4500
Individuo: 
[1.0002493122062677, 1.195662697064895, 3.915046261390088, 2.020202530872382, 0.11474484018975707, 0.7129842005346608, 0.7244656752849823, 0.30942975631184294, 1, 1, 4, 3, 2.0069128228771618, 2.1315443301645502, 1.8454783150367151]
APTIDAO: 
20.96224804997817
GEN: 4600
Individuo: 
[1.0002493122062677, 1.195662697064895, 3.915046261390088, 2.020202530872382, 0.11474484018975707, 0.7129842005346608, 0.7244656752849823, 0.30947932722534777, 1, 1, 4, 3, 2.0069128228771618, 2.1315443301645502, 1.8454783150367151]
APTIDAO: 
20.960234600576324
GEN: 4700
Individuo: 
[1.0002493122062677, 1.195662697064895, 3.915046261390088, 2.0120547279374925, 0.11474484018975707, 0.7129842005346608, 0.7244656752849823, 0.3179077463073993, 1, 1, 4, 3, 2.0069128228771618, 2.1315443301645502, 1.7615463123004278]
APTIDAO: 
20.854024511797526
GEN: 4800
Individuo: 
[1.0002493122062677, 1.195662697064895, 3.915046261390088, 2.0120547279374925, 0.11474484018975707, 0.7129842005346608, 0.7244656752849823, 0.3179077463073993, 1, 1, 4, 3, 2.0069128228771618, 2.1536397600450488, 1.7615463123004278]
APTIDAO: 
20.849649182662613
GEN: 4900
Individuo: 
[1.0002493122062677, 1.195662697064895, 3.933037361973795, 2.010848972065801, 0.11474484018975707, 0.7129842005346608, 0.7244656752849823, 0.3179077463073993, 1, 1, 4, 3, 2.0069128228771618, 2.1536397600450488, 1.7615463123004278]
APTIDAO: 
20.848457219860684
GEN: 5000
Individuo: 
[1.0002493122062677, 1.195662697064895, 3.9597603512133333, 2.010848972065801, 0.09929480505127691, 0.7129842005346608, 0.7304734943122039, 0.3179077463073993, 1, 1, 4, 3, 2.0069128228771618, 2.1536397600450488, 1.7464404981090724]
APTIDAO: 
20.697382388319866
GEN: 5100
Individuo: 
[1.0002493122062677, 1.195662697064895, 3.9792758445041603, 2.010848972065801, 0.09821825431032583, 0.7129842005346608, 0.7349218729751381, 0.3179077463073993, 1, 1, 4, 3, 1.997708443692892, 2.1536397600450488, 1.7464404981090724]
APTIDAO: 
20.540525067919777
GEN: 5200
Individuo: 
[1.0002493122062677, 1.195662697064895, 3.9792758445041603, 2.010848972065801, 0.10387821314077203, 0.7129842005346608, 0.7349218729751381, 0.31806969218862524, 1, 1, 4, 3, 1.997708443692892, 2.199529848809818, 1.7464404981090724]
APTIDAO: 
20.468626202324504
GEN: 5300
Individuo: 
[1.0002493122062677, 1.195662697064895, 3.9792758445041603, 2.0079129402278446, 0.09804329224529125, 0.7129842005346608, 0.7378586266228557, 0.31806969218862524, 1, 1, 4, 3, 1.997708443692892, 2.199529848809818, 1.743107926044708]
APTIDAO: 
20.39605677037166
GEN: 5400
Individuo: 
[1.0002493122062677, 1.195662697064895, 3.9792758445041603, 2.0079129402278446, 0.10166080376258964, 0.7129842005346608, 0.739108268840092, 0.31806969218862524, 1, 1, 4, 3, 1.997708443692892, 2.199529848809818, 1.743107926044708]
APTIDAO: 
20.379980162560866
GEN: 5500
Individuo: 
[1.0002493122062677, 1.195662697064895, 3.9792758445041603, 2.0079129402278446, 0.09901051963173217, 0.7129842005346608, 0.739108268840092, 0.31806969218862524, 1, 1, 4, 3, 1.997708443692892, 2.199529848809818, 1.743107926044708]
APTIDAO: 
20.35887417889674
GEN: 5600
Individuo: 
[1.0002493122062677, 1.195662697064895, 4.013729063803693, 2.0079129402278446, 0.09914261978539378, 0.7129842005346608, 0.739108268840092, 0.31806969218862524, 1, 1, 4, 3, 1.997708443692892, 2.210224292619683, 1.743107926044708]
APTIDAO: 
20.345186232608896
GEN: 5700
Individuo: 
[1.0002493122062677, 1.195662697064895, 4.013729063803693, 2.0079129402278446, 0.09914261978539378, 0.7129842005346608, 0.739108268840092, 0.31806969218862524, 1, 1, 4, 3, 1.997708443692892, 2.214151843547482, 1.743107926044708]
APTIDAO: 
20.34187925939749
GEN: 5800
Individuo: 
[1.0002493122062677, 1.195662697064895, 4.013729063803693, 2.0079129402278446, 0.09914261978539378, 0.7129842005346608, 0.7406419433419891, 0.31806969218862524, 1, 1, 4, 3, 1.997708443692892, 2.2457825789032935, 1.743107926044708]
APTIDAO: 
20.291619664171762
GEN: 5900
Individuo: 
[1.0002493122062677, 1.1796586567663792, 4.013729063803693, 2.0079129402278446, 0.10455601961901108, 0.7129842005346608, 0.7406419433419891, 0.31806969218862524, 1, 1, 4, 3, 1.997708443692892, 2.2457825789032935, 1.7517233440401698]
APTIDAO: 
20.25867009030354
GEN: 6000
Individuo: 
[1.0002493122062677, 1.1796586567663792, 4.023310393882468, 2.0079129402278446, 0.10455601961901108, 0.7129842005346608, 0.7420257403959676, 0.31806969218862524, 1, 1, 4, 3, 2.000974843981781, 2.2457825789032935, 1.7517233440401698]
APTIDAO: 
20.220967394825426
GEN: 6100
Individuo: 
[1.0002493122062677, 1.1698450004810406, 4.023310393882468, 2.0079129402278446, 0.10455601961901108, 0.7129842005346608, 0.7420257403959676, 0.31806969218862524, 1, 1, 4, 3, 2.000974843981781, 2.2597162936746162, 1.7517233440401698]
APTIDAO: 
20.2151078012505
GEN: 6200
Individuo: 
[1.0002493122062677, 1.175116517344985, 4.061297273782446, 2.0079129402278446, 0.10455601961901108, 0.7129842005346608, 0.7420257403959676, 0.31806969218862524, 1, 1, 4, 3, 2.000974843981781, 2.2597162936746162, 1.7517233440401698]
APTIDAO: 
20.198096879802037
GEN: 6300
Individuo: 
[1.0002493122062677, 1.1642487819315654, 4.070179963052947, 2.0075452321613576, 0.10455601961901108, 0.7129842005346608, 0.7438675266491606, 0.31806969218862524, 1, 1, 4, 3, 2.000974843981781, 2.2747230556617666, 1.7517233440401698]
APTIDAO: 
20.134126579323564
GEN: 6400
Individuo: 
[1.0002493122062677, 1.1642487819315654, 4.104455055187352, 2.0075452321613576, 0.10455601961901108, 0.7129842005346608, 0.7438675266491606, 0.31806969218862524, 1, 1, 4, 3, 2.000974843981781, 2.2747230556617666, 1.7452791063690234]
APTIDAO: 
20.12236142312047
GEN: 6500
Individuo: 
[1.0002493122062677, 1.152496360770337, 4.121559235300488, 2.0075452321613576, 0.10455601961901108, 0.7129842005346608, 0.7438675266491606, 0.31806969218862524, 1, 1, 4, 3, 2.000974843981781, 2.2747230556617666, 1.7452791063690234]
APTIDAO: 
20.113835659751338
GEN: 6600
Individuo: 
[1.0002493122062677, 1.152496360770337, 4.136720260172902, 2.0075452321613576, 0.10455601961901108, 0.7129842005346608, 0.7438675266491606, 0.31806969218862524, 1, 1, 4, 3, 2.000974843981781, 2.2747230556617666, 1.7452791063690234]
APTIDAO: 
20.111265872902806
GEN: 6700
Individuo: 
[1.0002493122062677, 1.152496360770337, 4.136720260172902, 2.0075452321613576, 0.10455601961901108, 0.7129842005346608, 0.7438675266491606, 0.31806969218862524, 1, 1, 4, 3, 2.000974843981781, 2.2747230556617666, 1.7452791063690234]
APTIDAO: 
20.111265872902806
GEN: 6800
Individuo: 
[1.0002493122062677, 1.152496360770337, 4.136720260172902, 2.0075452321613576, 0.10455601961901108, 0.7129842005346608, 0.7438675266491606, 0.31806969218862524, 1, 1, 4, 3, 2.000974843981781, 2.274969115310551, 1.7452791063690234]
APTIDAO: 
20.111146557381154
GEN: 6900
Individuo: 
[1.0002493122062677, 1.152496360770337, 4.137077331342268, 2.0075452321613576, 0.02815429101933605, 0.7129842005346608, 0.7438675266491606, 0.31806969218862524, 1, 1, 4, 3, 1.8593023320741107, 2.274969115310551, 1.7452791063690234]
APTIDAO: 
20.006425376223685
GEN: 7000
Individuo: 
[1.0002493122062677, 1.152496360770337, 4.137077331342268, 2.0075452321613576, 0.024430445761651612, 0.7129842005346608, 0.7438675266491606, 0.31806969218862524, 1, 1, 4, 3, 1.8593023320741107, 2.274969115310551, 1.7452791063690234]
APTIDAO: 
19.99027798394923
GEN: 7100
Individuo: 
[1.0002493122062677, 1.152496360770337, 4.137077331342268, 2.0239167082785747, 0.024430445761651612, 0.7129842005346608, 0.7438675266491606, 0.31806969218862524, 1, 1, 4, 3, 1.8593023320741107, 2.274969115310551, 1.7452791063690234]
APTIDAO: 
19.977123157516957
GEN: 7200
Individuo: 
[1.0002493122062677, 1.152496360770337, 4.133112310702772, 2.0239167082785747, 0.024430445761651612, 0.7129842005346608, 0.7438675266491606, 0.31806969218862524, 1, 1, 4, 3, 1.855799639181086, 2.274969115310551, 1.7452791063690234]
APTIDAO: 
19.976893724613653
GEN: 7300
Individuo: 
[1.0002493122062677, 1.152496360770337, 4.133112310702772, 2.0239167082785747, 0.023640708517752934, 0.7129842005346608, 0.7438675266491606, 0.31806969218862524, 1, 1, 4, 3, 1.855799639181086, 2.274969115310551, 1.7502370687382958]
APTIDAO: 
19.97339723038744
GEN: 7400
Individuo: 
[1.0002493122062677, 1.152496360770337, 4.133112310702772, 2.0239167082785747, 0.023640708517752934, 0.7129842005346608, 0.7438675266491606, 0.31806969218862524, 1, 1, 4, 3, 1.855799639181086, 2.274969115310551, 1.7502370687382958]
APTIDAO: 
19.97339723038744
GEN: 7500
Individuo: 
[1.0002493122062677, 1.152496360770337, 4.133112310702772, 2.0239167082785747, 0.023856125436937617, 0.7129842005346608, 0.7438675266491606, 0.31806969218862524, 1, 1, 4, 3, 1.855799639181086, 2.274969115310551, 1.7502370687382958]
APTIDAO: 
19.97326599716242
GEN: 7600
Individuo: 
[1.0002493122062677, 1.152496360770337, 4.133112310702772, 2.0239167082785747, 0.023856125436937617, 0.7129842005346608, 0.7438675266491606, 0.31806969218862524, 1, 1, 4, 3, 1.855799639181086, 2.274969115310551, 1.7502370687382958]
APTIDAO: 
19.97326599716242
GEN: 7700
Individuo: 
[1.0002493122062677, 1.152496360770337, 4.133112310702772, 2.0239167082785747, 0.023856125436937617, 0.7129842005346608, 0.7438675266491606, 0.31806969218862524, 1, 1, 4, 3, 1.855799639181086, 2.274969115310551, 1.7502370687382958]
APTIDAO: 
19.97326599716242
GEN: 7800
Individuo: 
[1.0002493122062677, 1.152496360770337, 4.133112310702772, 2.0239167082785747, 0.023856125436937617, 0.7129842005346608, 0.7438675266491606, 0.31806969218862524, 1, 1, 4, 3, 1.855799639181086, 2.274969115310551, 1.7502370687382958]
APTIDAO: 
19.97326599716242
GEN: 7900
Individuo: 
[1.0002493122062677, 1.152496360770337, 4.133112310702772, 2.0239167082785747, 0.023856125436937617, 0.7129842005346608, 0.7438675266491606, 0.31806969218862524, 1, 1, 4, 3, 1.855799639181086, 2.274969115310551, 1.7502370687382958]
APTIDAO: 
19.97326599716242
GEN: 8000
Individuo: 
[1.0002493122062677, 1.152496360770337, 4.133112310702772, 2.0239167082785747, 0.02408112641326414, 0.7129842005346608, 0.7438675266491606, 0.31806969218862524, 1, 1, 4, 3, 1.855799639181086, 2.274969115310551, 1.7502370687382958]
APTIDAO: 
19.973126632247503
GEN: 8100
Individuo: 
[1.0002493122062677, 1.152496360770337, 4.133112310702772, 2.0239167082785747, 0.02438153788850417, 0.7129842005346608, 0.7438675266491606, 0.31806969218862524, 1, 1, 4, 3, 1.855799639181086, 2.280459874409583, 1.7502370687382958]
APTIDAO: 
19.97129636475744
GEN: 8200
Individuo: 
[1.0002493122062677, 1.152496360770337, 4.133112310702772, 2.0239167082785747, 0.022214735682282057, 0.7129842005346608, 0.7474919653627843, 0.31806969218862524, 1, 1, 4, 3, 1.855799639181086, 2.280459874409583, 1.7502370687382958]
APTIDAO: 
19.886901291681948
GEN: 8300
Individuo: 
[1.0002493122062677, 1.152496360770337, 4.133112310702772, 2.0239167082785747, 0.019711697332006305, 0.7129842005346608, 0.7474919653627843, 0.31806969218862524, 1, 1, 4, 3, 1.855799639181086, 2.280459874409583, 1.7502370687382958]
APTIDAO: 
19.86782639145819
GEN: 8400
Individuo: 
[1.0002493122062677, 1.152496360770337, 4.133112310702772, 2.0239167082785747, 0.019711697332006305, 0.7129842005346608, 0.7474919653627843, 0.31806969218862524, 1, 1, 4, 3, 1.855799639181086, 2.280459874409583, 1.7502370687382958]
APTIDAO: 
19.86782639145819
GEN: 8500
Individuo: 
[1.0002493122062677, 1.152496360770337, 4.133112310702772, 2.0239167082785747, 0.019711697332006305, 0.7129842005346608, 0.7474919653627843, 0.31806969218862524, 1, 1, 4, 3, 1.855799639181086, 2.280459874409583, 1.7502370687382958]
APTIDAO: 
19.86782639145819
GEN: 8600
Individuo: 
[1.0002493122062677, 1.152496360770337, 4.133112310702772, 2.0239167082785747, 0.019711697332006305, 0.7129842005346608, 0.7474919653627843, 0.31806969218862524, 1, 1, 4, 3, 1.855799639181086, 2.280459874409583, 1.748195162777552]
APTIDAO: 
19.866176959690225
GEN: 8700
Individuo: 
[1.0002493122062677, 1.152496360770337, 4.133112310702772, 2.0239167082785747, 0.019711697332006305, 0.7129842005346608, 0.7474919653627843, 0.31806969218862524, 1, 1, 4, 3, 1.855799639181086, 2.280459874409583, 1.748195162777552]
APTIDAO: 
19.866176959690225
GEN: 8800
Individuo: 
[1.0002493122062677, 1.152496360770337, 4.133112310702772, 2.0239167082785747, 0.019773171972169296, 0.7129842005346608, 0.7474919653627843, 0.31806969218862524, 1, 1, 4, 3, 1.855799639181086, 2.280459874409583, 1.748195162777552]
APTIDAO: 
19.866143144506815
GEN: 8900
Individuo: 
[1.0002493122062677, 1.152496360770337, 4.136615440832861, 2.0239167082785747, 0.019773171972169296, 0.7129842005346608, 0.7474919653627843, 0.31806969218862524, 1, 1, 4, 3, 1.855799639181086, 2.280459874409583, 1.748195162777552]
APTIDAO: 
19.865575183097214
GEN: 9000
Individuo: 
[1.0002493122062677, 1.152496360770337, 4.136615440832861, 2.0239167082785747, 0.019773171972169296, 0.7129842005346608, 0.7474919653627843, 0.31806969218862524, 1, 1, 4, 3, 1.855799639181086, 2.280459874409583, 1.748195162777552]
APTIDAO: 
19.865575183097214
GEN: 9100
Individuo: 
[1.0002493122062677, 1.152496360770337, 4.136615440832861, 2.0239167082785747, 0.015209482715935288, 0.7129842005346608, 0.7507245489804591, 0.31806969218862524, 1, 1, 4, 3, 1.855799639181086, 2.280459874409583, 1.748195162777552]
APTIDAO: 
19.79272110483894
GEN: 9200
Individuo: 
[1.0002493122062677, 1.152496360770337, 4.136615440832861, 2.0239167082785747, 0.005274876879305801, 0.724778486739286, 0.7507245489804591, 0.31806969218862524, 1, 1, 4, 3, 1.855799639181086, 2.280459874409583, 1.748195162777552]
APTIDAO: 
19.771556938995477
GEN: 9300
Individuo: 
[1.0002493122062677, 1.152496360770337, 4.136615440832861, 2.0239167082785747, 0.005274876879305801, 0.724778486739286, 0.7507245489804591, 0.31806969218862524, 1, 1, 4, 3, 1.855799639181086, 2.280459874409583, 1.748195162777552]
APTIDAO: 
19.771556938995477
GEN: 9400
Individuo: 
[1.0002493122062677, 1.152496360770337, 4.136615440832861, 2.0239167082785747, 0.005392882758968975, 0.724778486739286, 0.7507245489804591, 0.31806969218862524, 1, 1, 4, 3, 1.855799639181086, 2.280459874409583, 1.748195162777552]
APTIDAO: 
19.771540633694016
GEN: 9500
Individuo: 
[1.0002493122062677, 1.152496360770337, 4.136615440832861, 2.0239167082785747, 0.005392882758968975, 0.724778486739286, 0.7507245489804591, 0.31806969218862524, 1, 1, 4, 3, 1.855799639181086, 2.2830313485833282, 1.748195162777552]
APTIDAO: 
19.76914457211305
GEN: 9600
Individuo: 
[1.0002493122062677, 1.152496360770337, 4.136615440832861, 2.0239167082785747, 0.008268220848971188, 0.724778486739286, 0.7507245489804591, 0.31806969218862524, 1, 1, 4, 3, 1.855799639181086, 2.3003807195077486, 1.7400146397007445]
APTIDAO: 
19.743374788496176
GEN: 9700
Individuo: 
[1.0002493122062677, 1.1559873756881884, 4.136615440832861, 2.0239167082785747, 0.008268220848971188, 0.724778486739286, 0.7507245489804591, 0.31806969218862524, 1, 1, 4, 3, 1.855799639181086, 2.3003807195077486, 1.7400146397007445]
APTIDAO: 
19.741843495920595
GEN: 9800
Individuo: 
[1.0002493122062677, 1.1559873756881884, 4.136615440832861, 2.0462713959395518, 0.01017497754427618, 0.724778486739286, 0.7507245489804591, 0.31806969218862524, 1, 1, 4, 3, 1.855799639181086, 2.3171865113161036, 1.7400146397007445]
APTIDAO: 
19.731867307136813
GEN: 9900
Individuo: 
[1.0002493122062677, 1.1440427921964489, 4.136615440832861, 2.0462713959395518, 0.009483980270385129, 0.724778486739286, 0.7507245489804591, 0.3185162315654073, 1, 1, 4, 3, 1.855799639181086, 2.3171865113161036, 1.7400146397007445]
APTIDAO: 
19.723604834415422
GEN: 10000
Individuo: 
[1.0002493122062677, 1.1440427921964489, 4.136615440832861, 2.0462713959395518, 0.009483980270385129, 0.724778486739286, 0.7507245489804591, 0.3185162315654073, 1, 1, 4, 3, 1.855799639181086, 2.3171865113161036, 1.7400146397007445]
APTIDAO: 
19.723604834415422

--- RESULTADO FINAL ---
Erro (norma-1): 19.723604834415422
Parâmetros: [1.0002493122062677, 1.1440427921964489, 4.136615440832861, 2.0462713959395518, 0.009483980270385129, 0.724778486739286, 0.7507245489804591, 0.3185162315654073, 1, 1, 4, 3, 1.855799639181086, 2.3171865113161036, 1.7400146397007445]
Tempo total: 00h 44m 46s
