GEN: 0
Individuo: 
[0.696474452654981, 0.6966734886355458, 0.49450251699278625, 4.265347282133755, 3.2408588097722193, 0.9637017070562309, 0.7233872919891846, 0.12220189538869096, 0.6932436974595266, 0.7994907411848188, 0.7511664519848167, 0.3517941160012355, 9.582030825543324, 11.968857134842839, 20.169330008312315, 7.4546198518636615, 13.631289875351204, 12.461429009356525, 23.912724327071942, 8.063064771501445, 9.32733321616056, 8.376455178366701, 3.037960322255276, 2.3931108754005677, 4.939015787138798, 2.668112879475615, 4.333772936363692, 6.823488132075374, 9.193944249560518, 5.900415745416497, 5.6487410786086185, 1.0498783775007916, 3.6249665569046914, 9.977705411598944, 1.5503603747666912, 4.226003630401398, 0.7617100149828798, 0.9528786303291034]
APTIDAO: 
115.45854756435756
GEN: 100
Individuo: 
[0.8812267858597791, 1.7410643157181178, 0.49450251699278625, 4.265347282133755, 3.2408588097722193, 0.557279114899397, 0.7233872919891846, 0.1378321075950569, 0.6932436974595266, 0.5626165713882468, 0.7511664519848167, 0.4990411053482407, 4.912756912231519, 18.37778153850502, 1.1781930739053066, 19.244738672653423, 6.47535862790933, 17.154907764418756, 3.3502556535823924, 6.62502633836572, 6.170575520326408, 8.376455178366701, 3.037960322255276, 2.3931108754005677, 6.349711821063585, 2.668112879475615, 3.763391208038573, 6.823488132075374, 9.121872273420502, 5.900415745416497, 9.824781591863678, 1.2133719647327794, 3.601435189776375, 9.555612530433017, 1.3252573025379513, 2.124711283655571, 0.675688452085443, 0.8812297340786049]
APTIDAO: 
37.27832038222923
GEN: 200
Individuo: 
[0.8812267858597791, 1.7410643157181178, 0.49450251699278625, 4.265347282133755, 3.1843945361847643, 0.4871237236927157, 0.7219520838305099, 0.1378321075950569, 0.6932436974595266, 0.5656211247685864, 0.7511664519848167, 0.4990411053482407, 4.912756912231519, 16.028893294164572, 1.9046363043976517, 19.244738672653423, 8.633756578223684, 16.72820251952932, 3.3502556535823924, 6.62502633836572, 6.170575520326408, 8.376455178366701, 3.037960322255276, 2.086584626156559, 2.8640122282060583, 2.917508689723862, 3.763391208038573, 6.823488132075374, 1.718364564475273, 5.900415745416497, 9.824781591863678, 1.2133719647327794, 2.853652205811002, 7.335483646686083, 1.3252573025379513, 1.1030471289664436, 0.8313456155829907, 0.8812297340786049]
APTIDAO: 
36.44174833859054
GEN: 300
Individuo: 
[0.8812267858597791, 1.7410643157181178, 0.49450251699278625, 4.265347282133755, 3.1843945361847643, 0.4871237236927157, 0.6843016302358361, 0.1378321075950569, 0.6932436974595266, 0.3440866135195112, 0.7511664519848167, 0.4903717317700184, 4.912756912231519, 13.894736876072102, 1.9046363043976517, 19.244738672653423, 7.965115815013602, 5.441844009005633, 3.7221803940872413, 6.62502633836572, 6.170575520326408, 8.376455178366701, 3.037960322255276, 2.086584626156559, 2.8640122282060583, 3.852806344694187, 3.763391208038573, 6.823488132075374, 3.8864935326554235, 5.900415745416497, 3.1966570145007593, 1.2133719647327794, 2.1094434110311657, 7.335483646686083, 1.3252573025379513, 1.0876338092296598, 0.8340976652695503, 0.8948087971598457]
APTIDAO: 
33.92201134490572
GEN: 400
Individuo: 
[0.8812267858597791, 1.7410643157181178, 0.49450251699278625, 4.265347282133755, 3.1843945361847643, 0.4871237236927157, 0.6843016302358361, 0.1383872439846235, 0.6932436974595266, 0.3402786048840396, 0.7511664519848167, 0.4903717317700184, 4.858315362844461, 15.861510032780194, 1.9046363043976517, 18.93411804409337, 22.827227863059907, 5.441844009005633, 3.7221803940872413, 6.62502633836572, 6.170575520326408, 8.376455178366701, 3.037960322255276, 2.086584626156559, 2.8640122282060583, 3.852806344694187, 3.151906092055616, 6.823488132075374, 1.4294660233577612, 5.900415745416497, 3.1966570145007593, 1.1692037523067143, 1.3866420296693598, 7.335483646686083, 0.9333502347695342, 1.945614254630582, 0.8340976652695503, 0.8948087971598457]
APTIDAO: 
33.747339514131326
GEN: 500
Individuo: 
[0.8812267858597791, 1.7410643157181178, 0.49450251699278625, 4.265347282133755, 3.1843945361847643, 0.4871237236927157, 0.6843016302358361, 0.1383872439846235, 0.6932436974595266, 0.3402786048840396, 0.7474982160470103, 0.5049882419000614, 4.858315362844461, 14.351969598893115, 1.9046363043976517, 18.93411804409337, 24.2947478050634, 5.80060262012511, 3.216312049904463, 6.62502633836572, 6.170575520326408, 8.376455178366701, 3.037960322255276, 2.086584626156559, 2.8640122282060583, 3.852806344694187, 3.151906092055616, 6.823488132075374, 1.4294660233577612, 3.9785596020754506, 2.4315426329995424, 1.1692037523067143, 0.9991193437559069, 7.335483646686083, 0.9333502347695342, 1.2617213283697368, 1.017322863952868, 1.121021192508009]
APTIDAO: 
33.719988959090614
GEN: 600
Individuo: 
[0.8812267858597791, 1.7410643157181178, 0.49450251699278625, 4.265347282133755, 3.1843945361847643, 0.49327634368588846, 0.6838218268442121, 0.1383872439846235, 0.6932436974595266, 0.3402786048840396, 0.7474982160470103, 0.5105396115159109, 4.858315362844461, 14.351969598893115, 1.3197938031452217, 18.4198660058242, 24.75009132719359, 5.80060262012511, 3.7481469577683013, 6.62502633836572, 6.170575520326408, 8.376455178366701, 3.037960322255276, 2.086584626156559, 2.0079691469374907, 4.667869292092922, 3.151906092055616, 6.823488132075374, 1.4294660233577612, 3.9785596020754506, 3.103457266135785, 1.1692037523067143, 0.9991193437559069, 5.720186619584775, 0.8449146571505249, 2.434619150204086, 1.017322863952868, 0.9693825681183267]
APTIDAO: 
33.68937053266326
GEN: 700
Individuo: 
[0.8812267858597791, 1.7410643157181178, 0.49450251699278625, 4.265347282133755, 3.1843945361847643, 0.49327634368588846, 0.6838218268442121, 0.1383872439846235, 0.6932436974595266, 0.3402786048840396, 0.7474982160470103, 0.5089786704601078, 4.858315362844461, 13.427108476815606, 1.3197938031452217, 18.4198660058242, 24.75009132719359, 5.80060262012511, 3.7481469577683013, 6.62502633836572, 6.170575520326408, 8.376455178366701, 3.037960322255276, 2.086584626156559, 2.0079691469374907, 4.667869292092922, 3.151906092055616, 6.823488132075374, 1.4294660233577612, 3.9785596020754506, 2.8553171402700306, 1.1692037523067143, 0.7676255694507815, 5.720186619584775, 0.8449146571505249, 2.434619150204086, 1.017322863952868, 0.9693825681183267]
APTIDAO: 
33.68283957864561
GEN: 800
Individuo: 
[0.8812267858597791, 1.7410643157181178, 0.49450251699278625, 4.265347282133755, 3.1843945361847643, 0.49327634368588846, 0.6793045304307361, 0.1383872439846235, 0.6932436974595266, 0.3389889463262117, 0.7474982160470103, 0.5089786704601078, 4.42664655008083, 13.427108476815606, 1.3197938031452217, 18.4198660058242, 24.75009132719359, 5.816031634138677, 3.405600174901432, 6.62502633836572, 6.170575520326408, 8.376455178366701, 3.037960322255276, 2.086584626156559, 2.0079691469374907, 4.8650094538198845, 3.151906092055616, 6.823488132075374, 4.696876467838377, 3.9785596020754506, 2.8553171402700306, 1.401607020510373, 0.7676255694507815, 5.720186619584775, 0.8449146571505249, 2.434619150204086, 1.1880686829264964, 1.7325774914128802]
APTIDAO: 
33.59439860940606
GEN: 900
Individuo: 
[0.8812267858597791, 1.7410643157181178, 0.49450251699278625, 4.265347282133755, 3.1843945361847643, 0.49327634368588846, 0.6793045304307361, 0.17032106736800603, 0.6569749552850657, 0.3389889463262117, 0.7474982160470103, 0.5089786704601078, 4.42664655008083, 13.427108476815606, 1.3197938031452217, 18.4198660058242, 4.458936999270705, 5.816031634138677, 3.405600174901432, 6.62502633836572, 6.170575520326408, 8.376455178366701, 3.037960322255276, 2.086584626156559, 2.0079691469374907, 4.8650094538198845, 2.1384271540514117, 7.412727427339127, 4.696876467838377, 3.9785596020754506, 2.8553171402700306, 1.401607020510373, 0.7676255694507815, 5.720186619584775, 0.8449146571505249, 3.4032311913005397, 1.1880686829264964, 1.7325774914128802]
APTIDAO: 
33.294843786155624
GEN: 1000
Individuo: 
[0.8812267858597791, 1.7410643157181178, 0.49450251699278625, 4.280518094433199, 3.1843945361847643, 0.5048362815021957, 0.6793045304307361, 0.17032106736800603, 0.6569749552850657, 0.33886889000535925, 0.7474982160470103, 0.5089786704601078, 4.42664655008083, 12.669741688604788, 1.3200752929111232, 18.4198660058242, 5.712456448696061, 5.816031634138677, 3.405600174901432, 6.62502633836572, 6.170575520326408, 8.376455178366701, 2.350936596253513, 2.086584626156559, 1.802141241820629, 4.8650094538198845, 2.1384271540514117, 7.412727427339127, 2.8913076405288445, 3.9785596020754506, 2.8553171402700306, 1.401607020510373, 0.6848457248600281, 6.350541222912501, 0.8449146571505249, 3.3081709278155795, 1.1880686829264964, 1.7325774914128802]
APTIDAO: 
33.162054853845
GEN: 1100
Individuo: 
[0.8812267858597791, 1.7410643157181178, 0.49450251699278625, 4.265347282133755, 3.1843945361847643, 0.49848993826329907, 0.6793045304307361, 0.17032106736800603, 0.6569749552850657, 0.33886889000535925, 0.7474982160470103, 0.5089786704601078, 4.514259723573499, 12.669741688604788, 1.3200752929111232, 18.4198660058242, 5.712456448696061, 5.816031634138677, 3.758655350678878, 6.62502633836572, 6.170575520326408, 8.376455178366701, 3.037960322255276, 2.086584626156559, 0.8615806638547576, 4.8650094538198845, 2.1384271540514117, 7.412727427339127, 2.8913076405288445, 3.9785596020754506, 2.8553171402700306, 1.1680922596715628, 0.6848457248600281, 6.350541222912501, 0.8449146571505249, 3.3081709278155795, 1.1880686829264964, 0.7535757894884368]
APTIDAO: 
33.20152686760849
GEN: 1200
Individuo: 
[0.8812267858597791, 1.7483821104348056, 0.5157345636952694, 4.265347282133755, 3.1843945361847643, 0.49848993826329907, 0.6647093505578061, 0.17032106736800603, 0.6569749552850657, 0.33886889000535925, 0.7474982160470103, 0.5195444096793769, 4.514259723573499, 12.669741688604788, 1.2821103401500902, 17.30792368549942, 24.268456116305348, 5.816031634138677, 3.155040139896609, 6.62502633836572, 9.557633724385314, 10.0, 3.037960322255276, 2.086584626156559, 0.8615806638547576, 4.758056672361055, 2.1384271540514117, 7.412727427339127, 2.8913076405288445, 3.9785596020754506, 5.095220723218797, 1.1680922596715628, 0.6848457248600281, 6.878198264658693, 1.1543039525837175, 5.928799693106062, 1.1880686829264964, 0.9862539149457222]
APTIDAO: 
32.75515410625664
GEN: 1300
Individuo: 
[0.8812267858597791, 1.7483821104348056, 0.5157345636952694, 4.265347282133755, 3.1843945361847643, 0.49848993826329907, 0.6647093505578061, 0.17032106736800603, 0.6569749552850657, 0.33886889000535925, 0.7474982160470103, 0.5195444096793769, 4.514259723573499, 12.669741688604788, 1.0661370103410066, 17.30792368549942, 24.346864102560193, 5.816031634138677, 3.3746640038942117, 6.62502633836572, 9.557633724385314, 10.0, 3.037960322255276, 2.086584626156559, 0.8615806638547576, 4.758056672361055, 2.1384271540514117, 7.412727427339127, 2.8913076405288445, 3.9785596020754506, 5.095220723218797, 1.1680922596715628, 0.6848457248600281, 7.821495168351943, 1.1543039525837175, 4.328989256302673, 1.1880686829264964, 0.6439685552535587]
APTIDAO: 
32.75515410625664
GEN: 1400
Individuo: 
[0.8812267858597791, 1.7483821104348056, 0.5157345636952694, 4.265347282133755, 3.1843945361847643, 0.49314475679213465, 0.6647093505578061, 0.17032106736800603, 0.6569749552850657, 0.33886889000535925, 0.7474982160470103, 0.5352264568969443, 4.921804957676943, 12.669741688604788, 1.6922505100490164, 17.30792368549942, 24.165261005686997, 5.816031634138677, 3.054157777346216, 6.62502633836572, 9.557633724385314, 10.0, 3.037960322255276, 2.086584626156559, 1.0898016081825592, 4.758056672361055, 2.1384271540514117, 7.412727427339127, 2.8913076405288445, 3.9785596020754506, 3.5037741808729446, 0.8465556392166101, 0.6848457248600281, 10.0, 1.1543039525837175, 5.413804297447477, 1.1880686829264964, 1.2457287194526387]
APTIDAO: 
32.68459459973635
GEN: 1500
Individuo: 
[0.8812267858597791, 1.7483821104348056, 0.5157345636952694, 4.265300165569791, 3.1843945361847643, 0.49314475679213465, 0.6644250640263142, 0.17032106736800603, 0.6569749552850657, 0.33886889000535925, 0.7474982160470103, 0.5432623764894803, 4.921804957676943, 12.669741688604788, 1.6922505100490164, 17.30792368549942, 24.165261005686997, 5.923481565577912, 3.054157777346216, 6.62502633836572, 9.557633724385314, 10.0, 4.711064722365063, 2.086584626156559, 1.0898016081825592, 4.633045836902661, 2.1384271540514117, 7.412727427339127, 2.8913076405288445, 3.9785596020754506, 2.0564930965962107, 0.8465556392166101, 0.6848457248600281, 10.0, 1.1543039525837175, 5.413804297447477, 1.143350737612268, 1.2457287194526387]
APTIDAO: 
32.671648772011224
GEN: 1600
Individuo: 
[0.8812267858597791, 1.7483821104348056, 0.5157345636952694, 4.265300165569791, 3.20499099916684, 0.49314475679213465, 0.6644250640263142, 0.17032106736800603, 0.6569749552850657, 0.33886889000535925, 0.7474982160470103, 0.5432623764894803, 4.921804957676943, 12.669741688604788, 1.961219433677252, 18.902634509909344, 24.165261005686997, 5.923481565577912, 3.054157777346216, 6.62502633836572, 9.557633724385314, 10.0, 4.711064722365063, 2.5575928158706787, 1.0898016081825592, 4.633045836902661, 2.1384271540514117, 7.412727427339127, 2.8913076405288445, 3.9785596020754506, 2.0564930965962107, 0.8465556392166101, 0.6848457248600281, 10.0, 0.9006524958864052, 5.413804297447477, 1.143350737612268, 1.2457287194526387]
APTIDAO: 
32.61261382007957
GEN: 1700
Individuo: 
[0.8812267858597791, 1.7483821104348056, 0.5157345636952694, 4.265300165569791, 3.2101709560912974, 0.49314475679213465, 0.6644250640263142, 0.17032106736800603, 0.6569749552850657, 0.33886889000535925, 0.7474982160470103, 0.5454964605354077, 4.750999422489051, 12.669741688604788, 1.961219433677252, 18.902634509909344, 24.165261005686997, 5.923481565577912, 3.676016195293626, 6.62502633836572, 9.557633724385314, 10.0, 4.711064722365063, 3.4043687531995195, 1.0898016081825592, 4.633045836902661, 2.1384271540514117, 7.412727427339127, 2.8913076405288445, 3.9785596020754506, 1.6924951034913231, 0.9174046944206995, 0.6848457248600281, 10.0, 0.9006524958864052, 5.413804297447477, 1.143350737612268, 1.1583073355875786]
APTIDAO: 
32.605086500627046
GEN: 1800
Individuo: 
[0.8812267858597791, 1.7483821104348056, 0.5157345636952694, 4.255535587510152, 3.2101709560912974, 0.49314475679213465, 0.6644250640263142, 0.17032106736800603, 0.6569749552850657, 0.33886889000535925, 0.7474982160470103, 0.5454964605354077, 4.750999422489051, 12.669741688604788, 1.961219433677252, 18.902634509909344, 24.165261005686997, 5.923481565577912, 3.676016195293626, 6.62502633836572, 9.557633724385314, 10.0, 4.2708824110532255, 3.4043687531995195, 1.0898016081825592, 4.633045836902661, 2.1384271540514117, 7.412727427339127, 2.8913076405288445, 3.9785596020754506, 1.6924951034913231, 0.9174046944206995, 0.6848457248600281, 10.0, 0.9006524958864052, 5.413804297447477, 1.143350737612268, 1.1583073355875786]
APTIDAO: 
32.597097998813766
GEN: 1900
Individuo: 
[0.8812267858597791, 1.7486290124123118, 0.5157345636952694, 4.255535587510152, 3.2101709560912974, 0.49218544996828073, 0.6644250640263142, 0.17032106736800603, 0.6569749552850657, 0.33886889000535925, 0.7474982160470103, 0.5484494744713334, 4.750999422489051, 12.594834233706736, 1.961219433677252, 18.902634509909344, 24.089539560345465, 5.923481565577912, 3.834046681540176, 6.62502633836572, 6.370484332534213, 10.0, 4.2708824110532255, 3.4043687531995195, 1.8903312755381285, 4.633045836902661, 2.1384271540514117, 7.412727427339127, 2.8913076405288445, 3.9785596020754506, 2.2901471377874993, 0.9174046944206995, 0.43567505201088297, 10.0, 0.9006524958864052, 5.5909878760880325, 1.143350737612268, 1.3536782267376575]
APTIDAO: 
32.59197718812856
GEN: 2000
Individuo: 
[0.8812267858597791, 1.7486290124123118, 0.5157345636952694, 4.255535587510152, 3.2101709560912974, 0.49314475679213465, 0.6644250640263142, 0.17032106736800603, 0.6569749552850657, 0.33886889000535925, 0.7474982160470103, 0.5484494744713334, 4.750999422489051, 12.594834233706736, 1.961219433677252, 18.902634509909344, 24.089539560345465, 5.923481565577912, 3.8682132028498173, 6.62502633836572, 6.370484332534213, 10.0, 4.2708824110532255, 3.4043687531995195, 1.0898016081825592, 4.633045836902661, 2.1384271540514117, 7.412727427339127, 2.8913076405288445, 3.9785596020754506, 2.2901471377874993, 0.9174046944206995, 0.43567505201088297, 10.0, 0.9006524958864052, 5.5909878760880325, 1.143350737612268, 1.6019083838609562]
APTIDAO: 
32.59412932067786
GEN: 2100
Individuo: 
[0.8812267858597791, 1.7486290124123118, 0.5157345636952694, 4.255535587510152, 3.2101709560912974, 0.49314475679213465, 0.6644250640263142, 0.17032106736800603, 0.6569749552850657, 0.33886889000535925, 0.7474982160470103, 0.5484494744713334, 4.231265185605368, 11.472226860541706, 1.961219433677252, 18.902634509909344, 24.089539560345465, 5.923481565577912, 3.258712743995185, 6.62502633836572, 6.370484332534213, 10.0, 4.2708824110532255, 3.4043687531995195, 1.0898016081825592, 4.633045836902661, 2.1384271540514117, 7.412727427339127, 2.8913076405288445, 3.9785596020754506, 2.2901471377874993, 0.5126220953737946, 0.5327545241204428, 10.0, 0.9006524958864052, 5.5909878760880325, 1.143350737612268, 1.980725606784291]
APTIDAO: 
32.58783585350307
GEN: 2200
Individuo: 
[0.8812267858597791, 1.7486290124123118, 0.5157345636952694, 4.255535587510152, 3.2101709560912974, 0.49314475679213465, 0.6599324090560532, 0.17073856773006893, 0.656475775242107, 0.33886889000535925, 0.7474982160470103, 0.5610751215034689, 4.231265185605368, 11.472226860541706, 1.961219433677252, 18.902634509909344, 24.089539560345465, 5.781370673136319, 3.186506365679079, 6.62502633836572, 6.370484332534213, 10.0, 4.2708824110532255, 3.4043687531995195, 1.0898016081825592, 5.119492565072799, 2.052254003080246, 10.0, 2.8913076405288445, 3.9785596020754506, 2.4809261459642538, 0.5126220953737946, 0.5327545241204428, 10.0, 0.9006524958864052, 5.5909878760880325, 0.8037889836677327, 2.624610759019279]
APTIDAO: 
32.50822582146679
GEN: 2300
Individuo: 
[0.9013500238377574, 1.7486290124123118, 0.4810471457292547, 4.255535587510152, 3.2101709560912974, 0.49314475679213465, 0.6543477367460973, 0.17073856773006893, 0.656475775242107, 0.33886889000535925, 0.7474982160470103, 0.5610751215034689, 4.231265185605368, 11.472226860541706, 1.961219433677252, 18.902634509909344, 24.626942302407436, 5.781370673136319, 3.186506365679079, 6.288523809775869, 6.370484332534213, 6.207644685870758, 4.2708824110532255, 3.4043687531995195, 1.0898016081825592, 6.30522113697978, 2.052254003080246, 10.0, 2.8913076405288445, 3.9785596020754506, 2.4809261459642538, 0.5126220953737946, 0.5327545241204428, 10.0, 0.9006524958864052, 3.4211939528581246, 0.8037889836677327, 2.624610759019279]
APTIDAO: 
32.115317630634024
GEN: 2400
Individuo: 
[0.9013500238377574, 1.7486290124123118, 0.4810471457292547, 4.255535587510152, 3.2101709560912974, 0.49314475679213465, 0.6461952054925122, 0.17073856773006893, 0.656475775242107, 0.33886889000535925, 0.7474982160470103, 0.5690050284596235, 4.231265185605368, 10.9327346587146, 1.961219433677252, 18.902634509909344, 23.37620182564289, 5.781370673136319, 3.1237054096677297, 6.288523809775869, 6.370484332534213, 6.207644685870758, 4.2708824110532255, 3.4043687531995195, 1.0898016081825592, 5.8318792333501195, 2.052254003080246, 10.0, 2.8913076405288445, 3.9785596020754506, 0.9774375889218783, 0.5126220953737946, 0.9092141402736132, 10.0, 0.9006524958864052, 1.4395988062052751, 0.8037889836677327, 2.2753284873747215]
APTIDAO: 
32.01633057338088
GEN: 2500
Individuo: 
[0.9013500238377574, 1.7486290124123118, 0.4810471457292547, 4.255535587510152, 3.2101709560912974, 0.49314475679213465, 0.6461952054925122, 0.1722467580095979, 0.656475775242107, 0.33886889000535925, 0.7474982160470103, 0.5690050284596235, 4.231265185605368, 10.649962478985673, 1.961219433677252, 18.902634509909344, 24.714747593471223, 5.0112305136370825, 3.1237054096677297, 6.288523809775869, 6.370484332534213, 6.207644685870758, 4.2708824110532255, 3.4043687531995195, 1.0898016081825592, 5.8318792333501195, 2.002052486929866, 10.0, 2.8913076405288445, 3.9785596020754506, 0.9774375889218783, 0.5126220953737946, 0.6462088803375009, 10.0, 0.9006524958864052, 0.774354923000843, 0.9178174819976673, 2.2753284873747215]
APTIDAO: 
31.979286045161576
GEN: 2600
Individuo: 
[0.9013500238377574, 1.7486290124123118, 0.4810471457292547, 4.255535587510152, 3.2101709560912974, 0.49314475679213465, 0.6461952054925122, 0.1722467580095979, 0.656475775242107, 0.33886889000535925, 0.7474982160470103, 0.5761023548995505, 4.231265185605368, 10.649962478985673, 1.961219433677252, 18.219730697826957, 24.714747593471223, 5.0112305136370825, 3.224882470233406, 6.288523809775869, 6.370484332534213, 6.207644685870758, 4.2708824110532255, 3.4043687531995195, 1.0898016081825592, 5.8318792333501195, 2.002052486929866, 10.0, 2.8913076405288445, 3.9785596020754506, 0.7978734347816769, 0.5126220953737946, 0.6462088803375009, 10.0, 1.1814941937079055, 0.774354923000843, 0.9178174819976673, 1.0833727408990586]
APTIDAO: 
31.970135132494345
GEN: 2700
Individuo: 
[0.9013500238377574, 1.7486290124123118, 0.4810471457292547, 4.255535587510152, 3.2101709560912974, 0.49314475679213465, 0.6375456761814406, 0.1722467580095979, 0.656475775242107, 0.33886889000535925, 0.7474982160470103, 0.5761023548995505, 4.231265185605368, 9.736397451249434, 1.961219433677252, 18.219730697826957, 24.714747593471223, 5.0112305136370825, 3.4400223587016328, 6.288523809775869, 6.370484332534213, 6.207644685870758, 4.2708824110532255, 3.4043687531995195, 1.0898016081825592, 3.8741834478663635, 2.002052486929866, 10.0, 2.8913076405288445, 3.9785596020754506, 0.7978734347816769, 0.5126220953737946, 0.713097828032497, 10.0, 1.1814941937079055, 0.774354923000843, 0.9178174819976673, 1.0906304772588056]
APTIDAO: 
31.92378460503276
GEN: 2800
Individuo: 
[0.9013500238377574, 1.7486290124123118, 0.4810471457292547, 4.255535587510152, 3.2101709560912974, 0.49314475679213465, 0.6375456761814406, 0.17365316227942165, 0.656475775242107, 0.33886889000535925, 0.7474982160470103, 0.594133170868143, 4.680920801930624, 9.736397451249434, 1.961219433677252, 18.219730697826957, 22.908563550617195, 5.0112305136370825, 3.4400223587016328, 6.288523809775869, 6.370484332534213, 6.207644685870758, 4.2708824110532255, 3.4043687531995195, 1.0898016081825592, 3.8741834478663635, 3.636379827628957, 10.0, 2.8913076405288445, 3.9785596020754506, 0.8853337274308046, 1.4933303562046296, 0.713097828032497, 10.0, 1.1814941937079055, 0.9970427478156837, 0.9178174819976673, 1.0906304772588056]
APTIDAO: 
31.82747240770177
GEN: 2900
Individuo: 
[1.0064960164369114, 1.7486290124123118, 0.4810471457292547, 4.255535587510152, 3.2101709560912974, 0.49314475679213465, 0.6033517738670676, 0.17544540070287276, 0.656475775242107, 0.33886889000535925, 0.7474982160470103, 0.5879416850614545, 4.231265185605368, 9.736397451249434, 1.961219433677252, 16.93169848341964, 22.908563550617195, 5.106332205473447, 2.7979262807294694, 8.235423064984156, 6.370484332534213, 6.207644685870758, 4.2708824110532255, 3.4043687531995195, 1.0898016081825592, 2.7971159756122255, 3.3826866804347353, 10.0, 2.8913076405288445, 3.9785596020754506, 1.2022064727827098, 0.5126220953737946, 0.713097828032497, 10.0, 1.1392321110400818, 0.9970427478156837, 0.550956135663308, 0.8146066667047153]
APTIDAO: 
30.235006544864518
GEN: 3000
Individuo: 
[1.0064960164369114, 1.7486290124123118, 0.4810471457292547, 4.255535587510152, 3.2101709560912974, 0.49314475679213465, 0.6033517738670676, 0.17365316227942165, 0.656475775242107, 0.33886889000535925, 0.7474982160470103, 0.5879416850614545, 4.231265185605368, 9.736397451249434, 1.961219433677252, 16.93169848341964, 24.39384566868077, 5.106332205473447, 2.0302024004002344, 8.235423064984156, 6.370484332534213, 6.207644685870758, 4.2708824110532255, 3.4043687531995195, 1.0898016081825592, 2.7971159756122255, 3.636379827628957, 10.0, 2.8913076405288445, 3.9785596020754506, 1.2022064727827098, 0.5126220953737946, 0.713097828032497, 10.0, 1.1392321110400818, 1.3059248703425905, 0.550956135663308, 1.532639483909566]
APTIDAO: 
30.23537118119965
GEN: 3100
Individuo: 
[1.0064960164369114, 1.7486290124123118, 0.4810471457292547, 4.255535587510152, 3.2101709560912974, 0.49314475679213465, 0.6033517738670676, 0.17809253952148468, 0.656475775242107, 0.33886889000535925, 0.7474982160470103, 0.5255555712486613, 4.231265185605368, 9.736397451249434, 1.961219433677252, 16.93169848341964, 24.39384566868077, 5.106332205473447, 2.0302024004002344, 8.235423064984156, 6.370484332534213, 6.207644685870758, 4.2708824110532255, 3.4043687531995195, 1.0898016081825592, 2.7971159756122255, 2.6990809484384766, 10.0, 2.8913076405288445, 3.9785596020754506, 0.8001891906597846, 0.5126220953737946, 0.713097828032497, 10.0, 1.1392321110400818, 1.3059248703425905, 0.550956135663308, 1.532639483909566]
APTIDAO: 
30.157592501834554
GEN: 3200
Individuo: 
[1.0064960164369114, 1.7486290124123118, 0.4774822692967452, 4.255535587510152, 3.2101709560912974, 0.48879276407296557, 0.6033517738670676, 0.18024104155014908, 0.656475775242107, 0.33886889000535925, 0.7474982160470103, 0.5255555712486613, 4.932682654425097, 9.254824930833589, 1.961219433677252, 16.93169848341964, 24.39384566868077, 5.106332205473447, 2.0302024004002344, 8.235423064984156, 6.370484332534213, 4.635456683072218, 4.2708824110532255, 3.4043687531995195, 0.8381767366857782, 2.7971159756122255, 3.0936246990029335, 10.0, 2.8913076405288445, 3.9785596020754506, 0.8001891906597846, 0.9958510309285988, 0.6972606688807671, 10.0, 1.1392321110400818, 1.3059248703425905, 0.550956135663308, 1.532639483909566]
APTIDAO: 
30.105062381479136
GEN: 3300
Individuo: 
[1.0064960164369114, 1.7486290124123118, 0.4774822692967452, 4.255224489910088, 3.189134790367949, 0.48879276407296557, 0.6033517738670676, 0.18024104155014908, 0.656475775242107, 0.33886889000535925, 0.7474982160470103, 0.5255555712486613, 4.626681314373148, 8.525417820502499, 1.961219433677252, 16.93169848341964, 24.39384566868077, 5.106332205473447, 2.4698041183661976, 8.235423064984156, 6.370484332534213, 4.635456683072218, 4.858930693888046, 1.9349800393638088, 0.8381767366857782, 2.7971159756122255, 3.0936246990029335, 10.0, 2.8913076405288445, 3.9785596020754506, 0.8001891906597846, 1.36461358197453, 0.7387894962853109, 10.0, 1.1392321110400818, 1.3059248703425905, 0.550956135663308, 2.660308134345438]
APTIDAO: 
30.081387009946372
GEN: 3400
Individuo: 
[1.0293677470013864, 1.7486290124123118, 0.4774822692967452, 4.255224489910088, 3.1596559426564874, 0.48879276407296557, 0.6033517738670676, 0.18024104155014908, 0.656475775242107, 0.33886889000535925, 0.7474982160470103, 0.5255555712486613, 4.626681314373148, 8.525417820502499, 1.961219433677252, 17.343286260369798, 24.39384566868077, 5.106332205473447, 2.413678043283122, 7.7109611386255645, 6.370484332534213, 4.635456683072218, 4.858930693888046, 1.9596643470211852, 0.8381767366857782, 2.7971159756122255, 3.0936246990029335, 10.0, 2.8913076405288445, 3.9785596020754506, 0.8001891906597846, 1.36461358197453, 0.7387894962853109, 10.0, 1.1717165342514684, 1.3059248703425905, 0.550956135663308, 1.9291913841821906]
APTIDAO: 
29.902244655484544
GEN: 3500
Individuo: 
[1.0293677470013864, 1.7486290124123118, 0.4666819985999165, 4.255224489910088, 3.1596559426564874, 0.4932026461291749, 0.6033517738670676, 0.18024104155014908, 0.656475775242107, 0.33886889000535925, 0.7474982160470103, 0.5293016849528398, 4.3847196813473985, 8.525417820502499, 1.961219433677252, 17.343286260369798, 24.39384566868077, 5.256155533324426, 2.413678043283122, 7.7109611386255645, 6.370484332534213, 3.5838506245366664, 4.858930693888046, 1.9596643470211852, 0.45715204238780127, 2.7971159756122255, 3.0936246990029335, 10.0, 2.8913076405288445, 3.9785596020754506, 1.1890885033202176, 1.0888929534772303, 0.7387894962853109, 10.0, 1.1717165342514684, 1.3059248703425905, 0.9534989936419443, 1.9291913841821906]
APTIDAO: 
29.83895881291238
GEN: 3600
Individuo: 
[1.0293677470013864, 1.7486290124123118, 0.44780903256654725, 4.255224489910088, 3.1596559426564874, 0.4932026461291749, 0.6033517738670676, 0.18024104155014908, 0.656475775242107, 0.33886889000535925, 0.7474982160470103, 0.5293016849528398, 4.3847196813473985, 8.525417820502499, 1.1018188122474353, 17.343286260369798, 24.86999996948633, 5.554147974153533, 2.956267372488327, 7.7109611386255645, 6.370484332534213, 2.791801257502216, 4.858930693888046, 1.9596643470211852, 0.45715204238780127, 2.7971159756122255, 3.0936246990029335, 10.0, 2.8913076405288445, 3.9785596020754506, 1.1890885033202176, 1.0888929534772303, 0.7387894962853109, 10.0, 1.1717165342514684, 1.0734638888126038, 1.074681333376327, 2.965834931237153]
APTIDAO: 
29.80213709581902
GEN: 3700
Individuo: 
[1.0293677470013864, 1.7486290124123118, 0.44780903256654725, 4.255224489910088, 3.1596559426564874, 0.5169367459365944, 0.6033517738670676, 0.18024104155014908, 0.656475775242107, 0.3470598327335106, 0.7474982160470103, 0.5192940177219204, 4.3847196813473985, 8.525417820502499, 1.1018188122474353, 17.343286260369798, 11.872749571505295, 5.554147974153533, 2.413678043283122, 7.7109611386255645, 6.370484332534213, 2.791801257502216, 4.858930693888046, 1.9596643470211852, 0.9197345777480231, 2.7971159756122255, 3.0936246990029335, 10.0, 2.0921746217965387, 3.9785596020754506, 0.788466440282116, 1.0888929534772303, 0.7387894962853109, 10.0, 1.1717165342514684, 1.4712322077777311, 1.074681333376327, 1.9291913841821906]
APTIDAO: 
29.733904365641983
GEN: 3800
Individuo: 
[1.0293677470013864, 1.7486290124123118, 0.4550936341132637, 4.255224489910088, 3.1659791542783515, 0.5169367459365944, 0.6033517738670676, 0.18024104155014908, 0.656475775242107, 0.3470598327335106, 0.7474982160470103, 0.5192940177219204, 4.3847196813473985, 8.525417820502499, 1.1018188122474353, 17.343286260369798, 22.902493448309457, 5.554147974153533, 2.9593812840386033, 7.7109611386255645, 6.370484332534213, 1.786898675814584, 4.858930693888046, 2.3462057361651243, 0.9197345777480231, 2.7971159756122255, 3.0936246990029335, 10.0, 2.0921746217965387, 3.9785596020754506, 0.788466440282116, 1.0888929534772303, 0.7387894962853109, 10.0, 1.1717165342514684, 1.8297628800281749, 1.074681333376327, 2.3817823501634643]
APTIDAO: 
29.641924793397127
GEN: 3900
Individuo: 
[1.0293677470013864, 1.7486290124123118, 0.4550936341132637, 4.255224489910088, 3.1659791542783515, 0.5062065670785023, 0.6033517738670676, 0.18024104155014908, 0.656475775242107, 0.3470598327335106, 0.7474982160470103, 0.5192940177219204, 4.3847196813473985, 8.525417820502499, 1.950279045838703, 17.343286260369798, 24.764518108148213, 5.554147974153533, 2.9593812840386033, 7.7109611386255645, 6.370484332534213, 1.786898675814584, 4.858930693888046, 2.3462057361651243, 0.4879729873503862, 2.7971159756122255, 3.0936246990029335, 10.0, 2.0921746217965387, 3.9785596020754506, 0.788466440282116, 1.0888929534772303, 0.7387894962853109, 7.821395752374603, 1.1717165342514684, 2.0870737005030806, 1.074681333376327, 2.3817823501634643]
APTIDAO: 
29.64080156127858
GEN: 4000
Individuo: 
[1.0293677470013864, 1.7486290124123118, 0.4550936341132637, 4.255224489910088, 3.1659791542783515, 0.5062065670785023, 0.6033517738670676, 0.18024104155014908, 0.656475775242107, 0.3470598327335106, 0.7474982160470103, 0.5282923745906567, 4.201042741133663, 8.525417820502499, 1.950279045838703, 17.343286260369798, 24.764518108148213, 5.554147974153533, 2.508676813009729, 7.7109611386255645, 6.370484332534213, 1.786898675814584, 4.858930693888046, 2.3462057361651243, 0.4879729873503862, 2.7971159756122255, 3.0936246990029335, 10.0, 2.0921746217965387, 3.9785596020754506, 0.9301612795453923, 1.0626909282543533, 0.7387894962853109, 7.821395752374603, 1.1717165342514684, 2.0870737005030806, 1.074681333376327, 2.104706666992173]
APTIDAO: 
29.6302499701136
GEN: 4100
Individuo: 
[1.0293677470013864, 1.7486290124123118, 0.4550936341132637, 4.246031949920086, 3.1659791542783515, 0.5062065670785023, 0.6033517738670676, 0.18076660399548106, 0.656475775242107, 0.3470598327335106, 0.7474982160470103, 0.5282923745906567, 4.229346989499899, 8.525417820502499, 1.950279045838703, 17.343286260369798, 24.764518108148213, 5.554147974153533, 2.508676813009729, 7.7109611386255645, 6.370484332534213, 1.786898675814584, 3.398198419290219, 2.3462057361651243, 0.4879729873503862, 2.7971159756122255, 2.327853835853632, 10.0, 2.0921746217965387, 3.9785596020754506, 0.9301612795453923, 2.0606385313304227, 0.7387894962853109, 7.821395752374603, 1.1717165342514684, 2.0870737005030806, 1.074681333376327, 2.104706666992173]
APTIDAO: 
29.60185283416604
GEN: 4200
Individuo: 
[1.0293677470013864, 1.7486290124123118, 0.4550936341132637, 4.246031949920086, 3.1659791542783515, 0.5062065670785023, 0.6033517738670676, 0.18076660399548106, 0.656475775242107, 0.3470598327335106, 0.7474982160470103, 0.5282923745906567, 4.918245240690517, 8.525417820502499, 1.3314112439210506, 17.343286260369798, 24.764518108148213, 5.554147974153533, 2.508676813009729, 7.7109611386255645, 6.370484332534213, 1.786898675814584, 3.398198419290219, 2.3462057361651243, 0.4879729873503862, 2.7971159756122255, 2.327853835853632, 10.0, 2.0921746217965387, 3.9785596020754506, 0.9301612795453923, 0.8323916998036234, 0.7387894962853109, 4.862946146269003, 1.1717165342514684, 2.0870737005030806, 1.074681333376327, 2.104706666992173]
APTIDAO: 
29.60185283416604
GEN: 4300
Individuo: 
[1.0293677470013864, 1.7486290124123118, 0.4550936341132637, 4.246031949920086, 3.1659791542783515, 0.5062065670785023, 0.6033517738670676, 0.18321597354243374, 0.656475775242107, 0.3470598327335106, 0.7474982160470103, 0.5282923745906567, 4.918245240690517, 8.525417820502499, 1.2832792488762839, 17.343286260369798, 24.764518108148213, 5.554147974153533, 2.4736946163270046, 7.7109611386255645, 6.370484332534213, 1.786898675814584, 3.398198419290219, 2.3462057361651243, 0.4879729873503862, 2.7971159756122255, 2.327622847845931, 10.0, 2.0921746217965387, 3.9785596020754506, 0.9301612795453923, 0.8323916998036234, 0.7387894962853109, 1.1250721235193557, 1.1717165342514684, 2.0870737005030806, 1.074681333376327, 1.7991456106059514]
APTIDAO: 
29.57949136586319
GEN: 4400
Individuo: 
[1.0293677470013864, 1.7486290124123118, 0.44383795767821654, 4.246031949920086, 3.1659791542783515, 0.5062065670785023, 0.6033517738670676, 0.21501627541761115, 0.633106619788274, 0.3470598327335106, 0.7474982160470103, 0.5168758926283367, 4.918245240690517, 8.525417820502499, 1.2832792488762839, 17.343286260369798, 24.747882842240603, 5.28328267534359, 2.4736946163270046, 7.7109611386255645, 6.370484332534213, 1.7969704788808005, 3.398198419290219, 2.3462057361651243, 0.4879729873503862, 2.7971159756122255, 1.189551393267513, 10.0, 2.0921746217965387, 3.9785596020754506, 0.6921210102210053, 0.8323916998036234, 0.7387894962853109, 1.1250721235193557, 1.1717165342514684, 2.434149219254507, 1.0280873142779385, 1.7991456106059514]
APTIDAO: 
29.299120576391566
GEN: 4500
Individuo: 
[1.0293677470013864, 1.7486290124123118, 0.44383795767821654, 4.246031949920086, 3.1659791542783515, 0.5062065670785023, 0.5966218632310816, 0.21501627541761115, 0.6322174683927188, 0.3470598327335106, 0.7474982160470103, 0.5548348761311863, 4.918245240690517, 8.525417820502499, 1.4466470152016242, 17.343286260369798, 24.747785178830792, 5.390909269965825, 2.4736946163270046, 7.7109611386255645, 6.370484332534213, 1.7969704788808005, 3.398198419290219, 2.3462057361651243, 0.4879729873503862, 3.974660768696984, 1.189551393267513, 7.494527724017815, 2.0921746217965387, 3.9785596020754506, 0.688327468680613, 0.8323916998036234, 0.7387894962853109, 1.4612993469607198, 1.1717165342514684, 1.6699736883400371, 0.6318047765476574, 1.7991456106059514]
APTIDAO: 
29.219787392371078
GEN: 4600
Individuo: 
[1.0293677470013864, 1.7486290124123118, 0.44383795767821654, 4.246031949920086, 3.1659791542783515, 0.5046721992910175, 0.5873190979653472, 0.21501627541761115, 0.6322174683927188, 0.3470598327335106, 0.7474982160470103, 0.5548348761311863, 4.268670039972222, 8.907249774802748, 1.0678428658415655, 17.343286260369798, 24.747785178830792, 5.390909269965825, 2.0130734213584085, 7.7109611386255645, 6.370484332534213, 1.7969704788808005, 3.398198419290219, 2.3462057361651243, 0.687551311058059, 4.678736591579657, 1.189551393267513, 7.494527724017815, 2.0921746217965387, 3.9785596020754506, 0.688327468680613, 0.7355287931707821, 0.5185522712846894, 1.0764196783174695, 1.1717165342514684, 1.6699736883400371, 0.6318047765476574, 0.5930057630063813]
APTIDAO: 
29.16246802164508
GEN: 4700
Individuo: 
[1.0323090372851929, 1.7486290124123118, 0.4419294645332796, 4.246031949920086, 3.1659791542783515, 0.5046721992910175, 0.5873190979653472, 0.21678523607462458, 0.6322174683927188, 0.3470598327335106, 0.7474982160470103, 0.5548348761311863, 4.268670039972222, 8.920906521276713, 1.0274703037952333, 17.19776371697979, 24.747785178830792, 5.2496121660157895, 2.697265678125091, 7.911949066605617, 6.370484332534213, 1.5458846651287088, 3.398198419290219, 2.3462057361651243, 0.687551311058059, 4.678736591579657, 1.0489147958369691, 7.494527724017815, 2.0921746217965387, 3.9785596020754506, 0.688327468680613, 0.7355287931707821, 0.8051985548046715, 2.087529874031521, 1.1658989766584573, 1.6699736883400371, 0.4627818230392948, 0.8386708858293492]
APTIDAO: 
29.08853902984245
GEN: 4800
Individuo: 
[1.0323090372851929, 1.7486290124123118, 0.4419294645332796, 4.246031949920086, 3.1659791542783515, 0.5046721992910175, 0.5873190979653472, 0.21678523607462458, 0.6322174683927188, 0.35264837118822395, 0.7474982160470103, 0.5548348761311863, 4.268670039972222, 7.656482275520218, 1.2348451562381477, 17.19776371697979, 24.747785178830792, 5.263356364964899, 2.697265678125091, 7.911949066605617, 6.370484332534213, 1.5458846651287088, 3.398198419290219, 2.3462057361651243, 0.687551311058059, 4.678736591579657, 1.0489147958369691, 7.494527724017815, 1.3671704981850907, 3.9785596020754506, 0.688327468680613, 0.7355287931707821, 0.8303399107632073, 2.7619151504561845, 1.1658989766584573, 1.6699736883400371, 0.6281900861384894, 0.8386708858293492]
APTIDAO: 
29.02520965097879
GEN: 4900
Individuo: 
[1.0323090372851929, 1.7486290124123118, 0.4419294645332796, 4.246031949920086, 3.1659791542783515, 0.48991317452351174, 0.5873190979653472, 0.21678523607462458, 0.6322174683927188, 0.3567775484896245, 0.7474982160470103, 0.5548348761311863, 4.613336319920737, 7.123050844760867, 1.2872638980892166, 17.19776371697979, 24.747785178830792, 5.263356364964899, 2.697265678125091, 7.911949066605617, 6.370484332534213, 1.5458846651287088, 3.398198419290219, 2.3462057361651243, 0.6772578557782659, 4.678736591579657, 1.0489147958369691, 7.494527724017815, 2.1136687276802575, 3.9785596020754506, 0.688327468680613, 0.5917851062416725, 1.3134482713756932, 4.983400920216467, 1.1658989766584573, 1.6699736883400371, 0.6281900861384894, 0.8386708858293492]
APTIDAO: 
28.91644344361727
GEN: 5000
Individuo: 
[1.0323090372851929, 1.7486290124123118, 0.4419294645332796, 4.246031949920086, 3.1879066154565385, 0.48991317452351174, 0.5873190979653472, 0.21678523607462458, 0.6322174683927188, 0.3567775484896245, 0.7474982160470103, 0.5548348761311863, 4.613336319920737, 7.222630363276245, 1.4377317235635447, 17.19776371697979, 24.747785178830792, 5.263356364964899, 2.00649279436927, 7.911949066605617, 6.370484332534213, 1.5458846651287088, 3.398198419290219, 3.860572706408335, 0.6772578557782659, 4.678736591579657, 1.0489147958369691, 7.494527724017815, 2.1136687276802575, 3.9785596020754506, 0.688327468680613, 0.5917851062416725, 2.1225365505987575, 10.0, 1.1658989766584573, 1.6699736883400371, 0.6281900861384894, 1.1184509797595614]
APTIDAO: 
28.909034984010407
GEN: 5100
Individuo: 
[1.0323090372851929, 1.7486290124123118, 0.4419294645332796, 4.246031949920086, 3.1879066154565385, 0.48991317452351174, 0.5873190979653472, 0.21678523607462458, 0.6301920892438733, 0.3567775484896245, 0.7474982160470103, 0.5548348761311863, 4.0872095033177205, 7.222630363276245, 1.4377317235635447, 17.19776371697979, 24.747785178830792, 5.263356364964899, 2.00649279436927, 7.911949066605617, 6.370484332534213, 1.5458846651287088, 3.398198419290219, 3.860572706408335, 0.6772578557782659, 4.678736591579657, 1.0489147958369691, 3.242353140118187, 2.1136687276802575, 3.9785596020754506, 0.688327468680613, 0.9474161369896269, 2.1225365505987575, 10.0, 1.1658989766584573, 1.6699736883400371, 0.6281900861384894, 1.1184509797595614]
APTIDAO: 
28.903806761443374
GEN: 5200
Individuo: 
[1.0323090372851929, 1.7486290124123118, 0.4419294645332796, 4.246031949920086, 3.1879066154565385, 0.48991317452351174, 0.5873190979653472, 0.21678523607462458, 0.6301920892438733, 0.3567775484896245, 0.7474982160470103, 0.5548348761311863, 4.0872095033177205, 7.222630363276245, 1.4377317235635447, 17.19776371697979, 24.747785178830792, 5.783748593418969, 2.9368012896142104, 7.911949066605617, 6.370484332534213, 1.5458846651287088, 3.398198419290219, 3.860572706408335, 0.6772578557782659, 4.678736591579657, 1.0489147958369691, 3.242353140118187, 2.1136687276802575, 3.9785596020754506, 0.688327468680613, 0.9474161369896269, 2.1225365505987575, 10.0, 1.1658989766584573, 1.6699736883400371, 0.8380004457523891, 0.7978453797236448]
APTIDAO: 
28.903806761443374
GEN: 5300
Individuo: 
[1.0323090372851929, 1.7486290124123118, 0.4419294645332796, 4.246031949920086, 3.1879066154565385, 0.48991317452351174, 0.5873190979653472, 0.2178666168010226, 0.6301920892438733, 0.3567775484896245, 0.7474982160470103, 0.5548348761311863, 4.0872095033177205, 7.910843105247072, 1.4377317235635447, 17.824527573556693, 24.747785178830792, 5.867158831563529, 2.646971810718852, 7.911949066605617, 6.370484332534213, 1.5458846651287088, 3.398198419290219, 3.860572706408335, 0.6772578557782659, 4.678736591579657, 0.94443229849853, 3.242353140118187, 2.1136687276802575, 3.9785596020754506, 0.688327468680613, 0.9474161369896269, 1.288502016384913, 10.0, 1.2066717356999834, 1.6699736883400371, 1.541407226852439, 1.1669567720434002]
APTIDAO: 
28.88424179204932
GEN: 5400
Individuo: 
[1.0323090372851929, 1.7486290124123118, 0.4451883466064278, 4.246031949920086, 3.1885275893482232, 0.48991317452351174, 0.5873190979653472, 0.2178666168010226, 0.6301920892438733, 0.36542758592323493, 0.7474982160470103, 0.5548348761311863, 4.0872095033177205, 7.910843105247072, 1.4377317235635447, 17.824527573556693, 24.766628877917324, 5.867158831563529, 2.646971810718852, 7.911949066605617, 6.370484332534213, 1.2366000460338795, 3.398198419290219, 3.702293003484959, 0.6772578557782659, 4.678736591579657, 0.94443229849853, 3.242353140118187, 2.391963754510911, 3.9785596020754506, 0.688327468680613, 0.9474161369896269, 1.288502016384913, 10.0, 1.2066717356999834, 2.5761094422067217, 1.541407226852439, 1.1669567720434002]
APTIDAO: 
28.80421964773614
GEN: 5500
Individuo: 
[1.0323090372851929, 1.7486290124123118, 0.4451883466064278, 4.246031949920086, 3.1885275893482232, 0.4921573686556306, 0.5873190979653472, 0.21948625040549377, 0.6301920892438733, 0.36542758592323493, 0.7474982160470103, 0.5548348761311863, 4.0872095033177205, 7.910843105247072, 1.4377317235635447, 17.824527573556693, 24.766628877917324, 5.867158831563529, 2.7751699817289683, 7.911949066605617, 6.370484332534213, 1.2366000460338795, 3.398198419290219, 3.702293003484959, 1.3235590589703663, 4.678736591579657, 1.3364884099649643, 3.242353140118187, 2.391963754510911, 3.9785596020754506, 0.688327468680613, 0.9474161369896269, 1.288502016384913, 10.0, 1.2066717356999834, 2.5761094422067217, 1.541407226852439, 1.051011708246835]
APTIDAO: 
28.78179070560015
GEN: 5600
Individuo: 
[1.0323090372851929, 1.7486290124123118, 0.4451883466064278, 4.246031949920086, 3.1885275893482232, 0.4921573686556306, 0.5873190979653472, 0.21948625040549377, 0.6301920892438733, 0.36542758592323493, 0.7474982160470103, 0.5548348761311863, 4.0872095033177205, 7.910843105247072, 1.4377317235635447, 17.959051025338294, 24.766628877917324, 5.867158831563529, 2.6835588510607282, 7.911949066605617, 6.370484332534213, 1.2366000460338795, 3.398198419290219, 3.702293003484959, 1.3235590589703663, 4.678736591579657, 1.3364884099649643, 3.242353140118187, 2.391963754510911, 3.9785596020754506, 0.688327468680613, 0.9474161369896269, 1.288502016384913, 10.0, 0.9244029876392281, 2.5761094422067217, 1.541407226852439, 1.265491368205044]
APTIDAO: 
28.78179070560015
GEN: 5700
Individuo: 
[1.0323090372851929, 1.7486290124123118, 0.4451883466064278, 4.246031949920086, 3.1885275893482232, 0.4921573686556306, 0.5873190979653472, 0.21948625040549377, 0.6301920892438733, 0.36542758592323493, 0.7474982160470103, 0.5548348761311863, 4.0872095033177205, 7.910843105247072, 1.927251320383867, 17.959051025338294, 24.766628877917324, 5.867158831563529, 2.306525165156673, 7.911949066605617, 6.370484332534213, 1.2366000460338795, 3.398198419290219, 3.702293003484959, 1.3235590589703663, 4.678736591579657, 1.3364884099649643, 3.242353140118187, 2.391963754510911, 3.9785596020754506, 0.688327468680613, 0.9474161369896269, 1.288502016384913, 10.0, 0.9244029876392281, 2.5761094422067217, 1.541407226852439, 1.060271767523619]
APTIDAO: 
28.78179070560015
GEN: 5800
Individuo: 
[1.0475211773576374, 1.7486290124123118, 0.4451883466064278, 4.149752412920343, 3.1885275893482232, 0.4921573686556306, 0.5737161329185877, 0.21948625040549377, 0.6301920892438733, 0.36542758592323493, 0.7474982160470103, 0.6040818370294396, 4.0872095033177205, 6.708802234782904, 1.927251320383867, 17.959051025338294, 24.766628877917324, 5.867158831563529, 2.306525165156673, 9.897889995948681, 6.370484332534213, 1.2366000460338795, 4.789188172852469, 3.702293003484959, 1.3235590589703663, 4.928288936428184, 1.3364884099649643, 3.242353140118187, 2.391963754510911, 3.9785596020754506, 0.7204363554151144, 0.9474161369896269, 0.5958172043870769, 10.0, 0.9244029876392281, 2.5761094422067217, 1.541407226852439, 1.060271767523619]
APTIDAO: 
28.511818067683613
GEN: 5900
Individuo: 
[1.0475211773576374, 1.7503204570043935, 0.4451883466064278, 4.149752412920343, 3.1885275893482232, 0.4887853650549007, 0.5737161329185877, 0.21948625040549377, 0.6301920892438733, 0.36542758592323493, 0.7474982160470103, 0.6040818370294396, 4.0872095033177205, 6.708802234782904, 1.927251320383867, 17.959051025338294, 24.766628877917324, 5.867158831563529, 2.306525165156673, 9.897889995948681, 5.4634539022552175, 1.2366000460338795, 4.789188172852469, 3.702293003484959, 1.7525353849627778, 4.928288936428184, 1.3364884099649643, 3.242353140118187, 2.391963754510911, 3.9785596020754506, 0.7204363554151144, 0.9474161369896269, 0.5958172043870769, 10.0, 0.9244029876392281, 2.5761094422067217, 1.541407226852439, 1.060271767523619]
APTIDAO: 
28.502569848118902
GEN: 6000
Individuo: 
[1.0475211773576374, 1.7503204570043935, 0.4451883466064278, 4.149752412920343, 3.1885275893482232, 0.4887853650549007, 0.5737161329185877, 0.21948625040549377, 0.6301920892438733, 0.36542758592323493, 0.7474982160470103, 0.6040818370294396, 4.0872095033177205, 6.708802234782904, 1.8397459461187948, 17.703391246707536, 24.766628877917324, 5.867158831563529, 2.892785620593278, 9.897889995948681, 5.4634539022552175, 1.2366000460338795, 4.789188172852469, 3.702293003484959, 1.7525353849627778, 4.928288936428184, 1.3364884099649643, 3.242353140118187, 2.391963754510911, 3.9785596020754506, 0.7204363554151144, 0.9474161369896269, 0.5958172043870769, 5.723259669624991, 0.48581903220960293, 2.5761094422067217, 1.541407226852439, 1.2961013578042984]
APTIDAO: 
28.502569848118902
GEN: 6100
Individuo: 
[1.0475211773576374, 1.7503204570043935, 0.4451883466064278, 4.149752412920343, 3.1885275893482232, 0.4887853650549007, 0.5737161329185877, 0.21948625040549377, 0.6301920892438733, 0.36542758592323493, 0.7474982160470103, 0.6040818370294396, 4.0872095033177205, 6.708802234782904, 1.8397459461187948, 17.959051025338294, 24.766628877917324, 5.867158831563529, 2.1544897024358476, 9.897889995948681, 5.4634539022552175, 1.2366000460338795, 4.789188172852469, 3.702293003484959, 1.7525353849627778, 4.928288936428184, 1.3364884099649643, 3.242353140118187, 2.391963754510911, 3.9785596020754506, 0.7204363554151144, 0.9474161369896269, 0.5958172043870769, 5.723259669624991, 0.9244029876392281, 2.5761094422067217, 1.541407226852439, 0.9804036200339501]
APTIDAO: 
28.502569848118902
GEN: 6200
Individuo: 
[1.0475211773576374, 1.7503204570043935, 0.4451883466064278, 4.149752412920343, 3.1885275893482232, 0.4887853650549007, 0.5737161329185877, 0.21948625040549377, 0.6301920892438733, 0.36552072849214867, 0.7474982160470103, 0.6001669747818275, 4.698701939469437, 6.708802234782904, 1.8948001935834748, 17.959051025338294, 24.185336119872336, 5.867158831563529, 2.617152669350635, 9.897889995948681, 5.4634539022552175, 1.2366000460338795, 4.789188172852469, 3.702293003484959, 1.7525353849627778, 4.928288936428184, 1.3364884099649643, 3.242353140118187, 1.3449434137438987, 3.9785596020754506, 0.6045305791632313, 0.8841555527035413, 0.5958172043870769, 6.002586399398574, 0.9244029876392281, 0.6980894482821726, 1.541407226852439, 0.9714205026432254]
APTIDAO: 
28.49772887450952
GEN: 6300
Individuo: 
[1.0475211773576374, 1.7503204570043935, 0.4451883466064278, 4.149752412920343, 3.1885275893482232, 0.4887853650549007, 0.5737161329185877, 0.21948625040549377, 0.6301920892438733, 0.36552072849214867, 0.7474982160470103, 0.6012153820002797, 4.698701939469437, 6.708802234782904, 1.8948001935834748, 17.959051025338294, 24.185336119872336, 5.514411575756987, 2.088704870480641, 9.897889995948681, 5.4634539022552175, 1.2366000460338795, 4.789188172852469, 3.702293003484959, 1.7525353849627778, 4.928288936428184, 1.3364884099649643, 3.242353140118187, 1.3449434137438987, 3.9785596020754506, 0.8960440921532373, 0.8841555527035413, 0.5958172043870769, 6.002586399398574, 0.9244029876392281, 0.6980894482821726, 0.898111891939152, 0.7807943984737916]
APTIDAO: 
28.49721860213401
GEN: 6400
Individuo: 
[1.0475211773576374, 1.7503204570043935, 0.4451883466064278, 4.149752412920343, 3.1885275893482232, 0.4887853650549007, 0.5737161329185877, 0.21948625040549377, 0.6301920892438733, 0.36552072849214867, 0.742214226513677, 0.6012153820002797, 4.698701939469437, 6.573260342580046, 1.8926197258280861, 16.800162043348326, 24.185336119872336, 5.514411575756987, 2.91207348463546, 9.897889995948681, 5.4634539022552175, 1.2366000460338795, 4.789188172852469, 3.702293003484959, 1.7525353849627778, 4.928288936428184, 1.3364884099649643, 3.242353140118187, 1.3449434137438987, 3.2426927644162693, 0.8960440921532373, 0.8841555527035413, 0.8000944513905053, 4.782400660660243, 0.7242649315173754, 0.6980894482821726, 0.898111891939152, 1.291917039085126]
APTIDAO: 
28.441090751154125
GEN: 6500
Individuo: 
[1.0475211773576374, 1.7503204570043935, 0.4451883466064278, 4.149752412920343, 3.1885275893482232, 0.4887853650549007, 0.5737161329185877, 0.21948625040549377, 0.6301920892438733, 0.36552072849214867, 0.7421499967317841, 0.6012153820002797, 4.698701939469437, 6.573260342580046, 1.8948001935834748, 16.79789618377609, 24.185336119872336, 5.514411575756987, 2.696805649340868, 9.897889995948681, 5.4634539022552175, 1.2366000460338795, 4.789188172852469, 3.702293003484959, 1.7525353849627778, 4.928288936428184, 1.3364884099649643, 3.242353140118187, 1.3449434137438987, 2.4321617554794135, 0.8960440921532373, 0.8841555527035413, 0.8000944513905053, 6.002586399398574, 0.5106213658969806, 0.6980894482821726, 0.898111891939152, 0.8170492844933505]
APTIDAO: 
28.43998254078976
GEN: 6600
Individuo: 
[1.0475211773576374, 1.7503204570043935, 0.4451883466064278, 4.155304266041928, 3.1885275893482232, 0.4887853650549007, 0.5737161329185877, 0.21948625040549377, 0.6301920892438733, 0.367303466343671, 0.7421499967317841, 0.6012153820002797, 4.698701939469437, 6.573260342580046, 1.8948001935834748, 16.79789618377609, 24.185336119872336, 5.562882543786161, 2.5821395072263744, 9.897889995948681, 5.4634539022552175, 1.2366000460338795, 6.465437046746359, 3.702293003484959, 1.7525353849627778, 4.928288936428184, 1.3364884099649643, 3.242353140118187, 1.914932896214673, 2.4321617554794135, 0.8960440921532373, 0.8841555527035413, 0.8000944513905053, 6.002586399398574, 0.5106213658969806, 0.6980894482821726, 0.8733468046890547, 0.6220528492772881]
APTIDAO: 
28.419926199370305
GEN: 6700
Individuo: 
[1.1566420532862733, 1.7503204570043935, 0.19835781706802255, 4.155304266041928, 3.1885275893482232, 0.4887853650549007, 0.5737161329185877, 0.22036319446477096, 0.6301920892438733, 0.367303466343671, 0.7421499967317841, 0.6012153820002797, 4.698701939469437, 6.573260342580046, 1.8948001935834748, 16.79789618377609, 12.964451901547584, 5.562882543786161, 2.0020773211979086, 7.475868358170099, 5.4634539022552175, 0.5179902683128655, 6.465437046746359, 3.702293003484959, 1.7525353849627778, 4.928288936428184, 1.0469301336847952, 3.242353140118187, 1.914932896214673, 2.4321617554794135, 0.8960440921532373, 0.8841555527035413, 0.8000944513905053, 6.002586399398574, 0.5106213658969806, 4.457816250429963, 0.8733468046890547, 0.7288128080174426]
APTIDAO: 
28.080889215406106
GEN: 6800
Individuo: 
[1.1566420532862733, 1.7503204570043935, 0.19835781706802255, 4.155304266041928, 3.1885275893482232, 0.4887853650549007, 0.5737161329185877, 0.22036319446477096, 0.6301920892438733, 0.367303466343671, 0.7421499967317841, 0.5998024829336602, 4.698701939469437, 6.573260342580046, 1.8948001935834748, 16.79789618377609, 11.211596799649962, 5.3498256178413675, 2.516098217114739, 7.475868358170099, 5.4634539022552175, 0.5179902683128655, 6.465437046746359, 3.702293003484959, 1.7525353849627778, 4.928288936428184, 1.0469301336847952, 3.242353140118187, 1.914932896214673, 2.4321617554794135, 0.8111831841009621, 0.8841555527035413, 0.8000944513905053, 6.002586399398574, 0.5106213658969806, 4.717297502221696, 0.5474746817976073, 1.1215573220102615]
APTIDAO: 
28.077536183973567
GEN: 6900
Individuo: 
[1.1566420532862733, 1.7503204570043935, 0.2004632199241959, 4.155304266041928, 3.1885275893482232, 0.4887853650549007, 0.567890409376767, 0.22036319446477096, 0.6301920892438733, 0.367303466343671, 0.7421499967317841, 0.5822014426708464, 4.127126332974486, 6.573260342580046, 1.8948001935834748, 16.79789618377609, 10.69626537787527, 5.566101906642618, 2.516098217114739, 7.475868358170099, 5.4634539022552175, 0.48760645176976275, 6.465437046746359, 3.702293003484959, 1.7525353849627778, 5.821916883296934, 1.0469301336847952, 3.242353140118187, 1.914932896214673, 2.4321617554794135, 0.6515139946525765, 0.9694638794998289, 0.8000944513905053, 6.002586399398574, 0.5106213658969806, 6.109407757477185, 0.6518068432647275, 1.1215573220102615]
APTIDAO: 
28.04598196679778
GEN: 7000
Individuo: 
[1.1566420532862733, 1.7503204570043935, 0.20691328634888057, 4.155304266041928, 3.1885275893482232, 0.5039102248377372, 0.567890409376767, 0.22036319446477096, 0.6301920892438733, 0.37462640987476226, 0.7421499967317841, 0.5822014426708464, 4.559730099845043, 6.31570422839984, 1.8948001935834748, 16.79789618377609, 16.258792604676316, 5.494974846615976, 2.4738702663605103, 7.475868358170099, 5.4634539022552175, 0.6149207413133425, 6.465437046746359, 3.702293003484959, 1.8152154535812868, 5.821916883296934, 1.0469301336847952, 3.242353140118187, 2.2668625101525848, 2.4321617554794135, 0.6515139946525765, 1.1503616010655735, 1.2788391814971967, 6.002586399398574, 0.5106213658969806, 10.0, 0.934365044003372, 0.6191088682353033]
APTIDAO: 
27.856968697080596
GEN: 7100
Individuo: 
[1.1566420532862733, 1.7503204570043935, 0.21201550684639456, 4.155304266041928, 3.1885275893482232, 0.5039102248377372, 0.567890409376767, 0.22036319446477096, 0.6301920892438733, 0.37462640987476226, 0.7421499967317841, 0.5822014426708464, 4.540818384688789, 6.31570422839984, 1.5977028701066256, 16.79789618377609, 16.17874126382903, 5.494974846615976, 2.4738702663605103, 7.475868358170099, 5.4634539022552175, 0.6082834412137628, 6.465437046746359, 3.702293003484959, 1.8152154535812868, 5.821916883296934, 1.0469301336847952, 3.242353140118187, 2.2668625101525848, 2.4321617554794135, 0.6515139946525765, 0.8288855599122084, 1.2788391814971967, 5.035270549318097, 0.5106213658969806, 8.478029600124852, 0.934365044003372, 0.6191088682353033]
APTIDAO: 
27.839909269241634
GEN: 7200
Individuo: 
[1.1566420532862733, 1.7503204570043935, 0.21191425363297722, 4.155304266041928, 3.1885275893482232, 0.5039102248377372, 0.567890409376767, 0.22036319446477096, 0.6301920892438733, 0.37462640987476226, 0.7421499967317841, 0.5822014426708464, 4.023557544623471, 6.31570422839984, 1.5560889140870848, 16.79789618377609, 13.091656248660836, 5.237300181033358, 2.3615492931229354, 7.475868358170099, 5.4634539022552175, 0.6746072389898123, 6.465437046746359, 3.702293003484959, 1.8152154535812868, 5.821916883296934, 1.0469301336847952, 3.242353140118187, 2.2668625101525848, 2.4321617554794135, 0.6515139946525765, 1.0913793670981833, 1.2788391814971967, 6.91207202833836, 0.5106213658969806, 7.344674255195001, 0.8268843869419388, 0.4170692285153346]
APTIDAO: 
27.838456178233262
GEN: 7300
Individuo: 
[1.1566420532862733, 1.7503204570043935, 0.21191425363297722, 4.155304266041928, 3.1885275893482232, 0.5039102248377372, 0.567890409376767, 0.22036319446477096, 0.6301920892438733, 0.37462640987476226, 0.7421499967317841, 0.5822014426708464, 4.023557544623471, 6.31570422839984, 1.3102739742131229, 16.79789618377609, 13.091656248660836, 5.73791326196016, 2.4182359494635337, 7.475868358170099, 5.4634539022552175, 0.6746072389898123, 6.465437046746359, 3.702293003484959, 1.8152154535812868, 5.821916883296934, 1.0469301336847952, 3.242353140118187, 2.2668625101525848, 2.4321617554794135, 0.6515139946525765, 1.0913793670981833, 1.2788391814971967, 6.320352898283378, 0.5106213658969806, 7.344674255195001, 0.9316184677610334, 1.3946495988457113]
APTIDAO: 
27.838456178233262
GEN: 7400
Individuo: 
[1.1566420532862733, 1.7503204570043935, 0.216056484009765, 4.155304266041928, 3.1885275893482232, 0.5039102248377372, 0.5671035901635748, 0.22036319446477096, 0.6301920892438733, 0.37462640987476226, 0.7421499967317841, 0.576412221011993, 4.368280137258751, 6.31570422839984, 1.0804638071333708, 16.79789618377609, 13.091656248660836, 5.73791326196016, 2.630672808485871, 7.475868358170099, 5.4634539022552175, 0.7430279722240449, 6.465437046746359, 3.702293003484959, 1.8152154535812868, 10.0, 1.0469301336847952, 3.242353140118187, 2.2668625101525848, 2.4321617554794135, 0.7370878496700058, 0.7975011786711301, 1.2788391814971967, 3.1351616963167355, 0.5106213658969806, 7.344674255195001, 0.9316184677610334, 0.7851063203567062]
APTIDAO: 
27.822516357461826
GEN: 7500
Individuo: 
[1.1566420532862733, 1.7503204570043935, 0.216056484009765, 4.155304266041928, 3.1885275893482232, 0.5039102248377372, 0.5671035901635748, 0.22036319446477096, 0.6301920892438733, 0.37462640987476226, 0.7421499967317841, 0.5703440090085411, 4.368280137258751, 6.099721593855607, 1.803971342930907, 16.79789618377609, 11.277185742900345, 5.73791326196016, 2.630672808485871, 7.475868358170099, 5.4634539022552175, 0.7430279722240449, 6.465437046746359, 3.702293003484959, 1.8152154535812868, 10.0, 1.0469301336847952, 3.242353140118187, 2.2668625101525848, 2.4321617554794135, 1.0259118116592352, 0.7975011786711301, 1.6088890785902497, 3.8613582119476955, 0.5106213658969806, 10.0, 0.9316184677610334, 0.7851063203567062]
APTIDAO: 
27.818372710473028
GEN: 7600
Individuo: 
[1.1566420532862733, 1.7503204570043935, 0.216056484009765, 4.155304266041928, 3.1885275893482232, 0.5039102248377372, 0.5671035901635748, 0.22036319446477096, 0.6301920892438733, 0.37462640987476226, 0.7421499967317841, 0.5703440090085411, 4.027606350540215, 6.202327591890332, 1.803971342930907, 16.79789618377609, 11.277185742900345, 5.73791326196016, 2.630672808485871, 7.475868358170099, 5.4634539022552175, 0.7430279722240449, 6.465437046746359, 3.702293003484959, 1.8152154535812868, 10.0, 1.0469301336847952, 3.242353140118187, 2.2668625101525848, 2.4321617554794135, 1.0259118116592352, 0.6132999072446012, 1.0887227495921743, 3.8613582119476955, 0.5106213658969806, 10.0, 0.9316184677610334, 0.7851063203567062]
APTIDAO: 
27.818372710473028
GEN: 7700
Individuo: 
[1.1566420532862733, 1.7503204570043935, 0.216056484009765, 4.155304266041928, 3.1885275893482232, 0.5039102248377372, 0.5671035901635748, 0.22036319446477096, 0.6301920892438733, 0.37462640987476226, 0.7421499967317841, 0.5703440090085411, 4.569374874613423, 6.202327591890332, 1.7713001632734902, 16.79789618377609, 11.019646370688005, 5.73791326196016, 2.630672808485871, 7.475868358170099, 5.4634539022552175, 0.7430279722240449, 6.465437046746359, 3.702293003484959, 1.8152154535812868, 10.0, 1.0469301336847952, 3.242353140118187, 2.2668625101525848, 2.4321617554794135, 1.0259118116592352, 0.6955159131673491, 1.0887227495921743, 3.7555032400478954, 0.5106213658969806, 10.0, 0.9316184677610334, 0.7851063203567062]
APTIDAO: 
27.818372710473028
GEN: 7800
Individuo: 
[1.1566420532862733, 1.7503204570043935, 0.21697359645038264, 4.155304266041928, 3.1885275893482232, 0.5039102248377372, 0.5671035901635748, 0.22036319446477096, 0.6301920892438733, 0.37462640987476226, 0.7421499967317841, 0.5703440090085411, 4.569374874613423, 6.202327591890332, 1.7713001632734902, 16.79789618377609, 11.277185742900345, 5.73791326196016, 2.1153904513240174, 7.475868358170099, 5.4634539022552175, 0.5760398155143871, 6.465437046746359, 3.702293003484959, 1.8152154535812868, 10.0, 1.0469301336847952, 3.242353140118187, 2.2668625101525848, 2.4321617554794135, 1.0259118116592352, 0.6955159131673491, 1.0887227495921743, 3.7555032400478954, 0.5106213658969806, 10.0, 0.9316184677610334, 1.0490955528599644]
APTIDAO: 
27.818038200377195
GEN: 7900
Individuo: 
[1.1566420532862733, 1.7503204570043935, 0.21697359645038264, 4.155304266041928, 3.1885275893482232, 0.5039102248377372, 0.5671035901635748, 0.22036319446477096, 0.6301920892438733, 0.37462640987476226, 0.7421499967317841, 0.5703440090085411, 4.569374874613423, 6.202327591890332, 1.9866593468270348, 16.79789618377609, 11.06384166294394, 5.73791326196016, 2.1153904513240174, 7.475868358170099, 5.4634539022552175, 0.5760398155143871, 6.465437046746359, 3.702293003484959, 1.8152154535812868, 10.0, 1.0469301336847952, 3.242353140118187, 2.2668625101525848, 2.4321617554794135, 1.0259118116592352, 0.6955159131673491, 1.0887227495921743, 2.543289672240891, 0.5106213658969806, 8.822944097872416, 0.9316184677610334, 1.0490955528599644]
APTIDAO: 
27.818038200377195
GEN: 8000
Individuo: 
[1.1566420532862733, 1.7503204570043935, 0.21697359645038264, 4.155304266041928, 3.1885275893482232, 0.5039102248377372, 0.5671035901635748, 0.22036319446477096, 0.6301920892438733, 0.37462640987476226, 0.7421499967317841, 0.5703440090085411, 4.569374874613423, 6.202327591890332, 1.9866593468270348, 16.79789618377609, 11.277185742900345, 5.009987897344457, 2.8049164004908334, 7.475868358170099, 5.4634539022552175, 0.5760398155143871, 6.465437046746359, 3.702293003484959, 1.8152154535812868, 10.0, 1.0469301336847952, 3.242353140118187, 2.2668625101525848, 2.4321617554794135, 1.0259118116592352, 0.6955159131673491, 1.0887227495921743, 2.543289672240891, 0.5106213658969806, 10.0, 1.53538146789526, 1.4587105447851787]
APTIDAO: 
27.818038200377195
GEN: 8100
Individuo: 
[1.1566420532862733, 1.7503204570043935, 0.21697359645038264, 4.155304266041928, 3.1885275893482232, 0.5039102248377372, 0.5671035901635748, 0.22036319446477096, 0.6301920892438733, 0.37733985304067114, 0.7421499967317841, 0.5703440090085411, 4.569374874613423, 6.202327591890332, 1.5894224334066278, 16.79789618377609, 24.921852573599296, 5.009987897344457, 2.8049164004908334, 7.475868358170099, 5.4634539022552175, 0.5760398155143871, 6.465437046746359, 3.702293003484959, 1.8152154535812868, 10.0, 1.0469301336847952, 3.242353140118187, 2.55574268131101, 2.4321617554794135, 1.0259118116592352, 0.6955159131673491, 1.0887227495921743, 2.32978626883016, 0.5106213658969806, 3.128939065145804, 1.53538146789526, 1.4587105447851787]
APTIDAO: 
27.802745452506766
GEN: 8200
Individuo: 
[1.1566420532862733, 1.7503204570043935, 0.21697359645038264, 4.159140444361935, 3.1885275893482232, 0.5039102248377372, 0.5671035901635748, 0.22036319446477096, 0.6301920892438733, 0.37733985304067114, 0.7421499967317841, 0.5703440090085411, 4.569374874613423, 6.202327591890332, 1.5894224334066278, 16.79789618377609, 24.921852573599296, 5.009987897344457, 2.8049164004908334, 7.475868358170099, 5.4634539022552175, 0.5760398155143871, 5.824182767782143, 3.702293003484959, 1.8152154535812868, 10.0, 1.0469301336847952, 3.242353140118187, 2.55574268131101, 2.4321617554794135, 1.0259118116592352, 0.6955159131673491, 1.0887227495921743, 2.32978626883016, 0.5106213658969806, 3.128939065145804, 1.53538146789526, 1.4587105447851787]
APTIDAO: 
27.792011056512955
GEN: 8300
Individuo: 
[1.1566420532862733, 1.7503204570043935, 0.21697359645038264, 4.159140444361935, 3.1885275893482232, 0.5039102248377372, 0.5671035901635748, 0.22157746331869124, 0.6301920892438733, 0.37879140985373927, 0.7415218983294176, 0.5703440090085411, 4.569374874613423, 6.202327591890332, 1.6498886434801172, 16.79789618377609, 12.870153290218521, 5.009987897344457, 2.8049164004908334, 7.475868358170099, 5.4634539022552175, 0.5760398155143871, 5.824182767782143, 3.702293003484959, 1.8152154535812868, 10.0, 0.6594395760341274, 3.242353140118187, 1.5475921177321528, 3.190484503641653, 1.0259118116592352, 0.6955159131673491, 1.0887227495921743, 3.558401411423123, 0.5106213658969806, 0.8856480532672898, 1.53538146789526, 1.4587105447851787]
APTIDAO: 
27.743401582616894
GEN: 8400
Individuo: 
[1.1566420532862733, 1.7503204570043935, 0.21697359645038264, 4.159140444361935, 3.1885275893482232, 0.5039102248377372, 0.5671035901635748, 0.22157746331869124, 0.6301920892438733, 0.37733985304067114, 0.7415218983294176, 0.5689185936871664, 4.569374874613423, 6.202327591890332, 1.6498886434801172, 16.744594493360793, 12.870153290218521, 5.8891822755526855, 2.8049164004908334, 7.475868358170099, 5.4634539022552175, 0.5760398155143871, 5.824182767782143, 3.702293003484959, 1.8152154535812868, 10.0, 0.6594395760341274, 3.242353140118187, 2.55574268131101, 3.190484503641653, 0.8909712386004354, 0.6955159131673491, 1.0887227495921743, 3.558401411423123, 0.7130457731199972, 0.8856480532672898, 1.2441352600982998, 1.4587105447851787]
APTIDAO: 
27.74918718220877
GEN: 8500
Individuo: 
[1.1566420532862733, 1.7503204570043935, 0.21697359645038264, 4.159140444361935, 3.1885275893482232, 0.5039102248377372, 0.5671035901635748, 0.22157746331869124, 0.6301920892438733, 0.37733985304067114, 0.7415218983294176, 0.5689185936871664, 4.569374874613423, 6.202327591890332, 1.836609058097508, 16.79789618377609, 13.726240414531686, 5.009987897344457, 2.2708297156794006, 7.475868358170099, 5.4634539022552175, 0.5760398155143871, 5.824182767782143, 3.702293003484959, 1.8152154535812868, 10.0, 0.6594395760341274, 3.242353140118187, 2.55574268131101, 3.190484503641653, 0.8909712386004354, 0.6955159131673491, 1.0887227495921743, 3.359525688129119, 0.5106213658969806, 0.7065291639059205, 1.53538146789526, 0.9991895688554746]
APTIDAO: 
27.74905516740689
GEN: 8600
Individuo: 
[1.1566420532862733, 1.7503204570043935, 0.21697359645038264, 4.159140444361935, 3.1885275893482232, 0.5039102248377372, 0.5671035901635748, 0.22157746331869124, 0.6301920892438733, 0.37733985304067114, 0.7415218983294176, 0.5689185936871664, 4.569374874613423, 6.202327591890332, 1.6035003401875607, 16.79789618377609, 13.534280051396374, 5.009987897344457, 2.6666025378432616, 7.475868358170099, 5.4634539022552175, 0.5760398155143871, 5.824182767782143, 3.702293003484959, 1.8152154535812868, 10.0, 0.6594395760341274, 3.242353140118187, 2.55574268131101, 3.190484503641653, 0.8909712386004354, 0.6955159131673491, 1.0887227495921743, 1.752026337246111, 0.5106213658969806, 0.8219089567497149, 1.53538146789526, 0.8632681957458324]
APTIDAO: 
27.74905516740689
GEN: 8700
Individuo: 
[1.1566420532862733, 1.7503204570043935, 0.21697359645038264, 4.159140444361935, 3.1885275893482232, 0.5039102248377372, 0.5671035901635748, 0.22157746331869124, 0.6301920892438733, 0.37733985304067114, 0.7415218983294176, 0.5689185936871664, 4.569374874613423, 6.698599966208925, 1.6035003401875607, 16.79789618377609, 13.534280051396374, 5.243029910257084, 2.790927770599297, 7.475868358170099, 5.4634539022552175, 0.5760398155143871, 5.824182767782143, 3.702293003484959, 1.8152154535812868, 10.0, 0.6594395760341274, 3.242353140118187, 2.55574268131101, 3.190484503641653, 0.8909712386004354, 0.6955159131673491, 0.6586207863710826, 1.752026337246111, 0.5106213658969806, 0.8219089567497149, 1.8915069716910782, 1.1759429930400962]
APTIDAO: 
27.74905516740689
GEN: 8800
Individuo: 
[1.1566420532862733, 1.7503204570043935, 0.21697359645038264, 4.159140444361935, 3.1885275893482232, 0.5039102248377372, 0.5671035901635748, 0.22157746331869124, 0.6301920892438733, 0.37733985304067114, 0.7415218983294176, 0.5689185936871664, 4.569374874613423, 6.698599966208925, 1.5281498610605226, 16.79789618377609, 13.534280051396374, 5.243029910257084, 2.790927770599297, 7.475868358170099, 5.4634539022552175, 0.5760398155143871, 5.824182767782143, 3.702293003484959, 1.8152154535812868, 10.0, 0.6594395760341274, 3.242353140118187, 2.55574268131101, 3.190484503641653, 0.8909712386004354, 0.6955159131673491, 0.6586207863710826, 2.611235257908491, 0.5106213658969806, 0.8219089567497149, 1.8915069716910782, 1.1759429930400962]
APTIDAO: 
27.74905516740689
GEN: 8900
Individuo: 
[1.1566420532862733, 1.7503204570043935, 0.21697359645038264, 4.159140444361935, 3.1885275893482232, 0.5039102248377372, 0.5671035901635748, 0.22157746331869124, 0.6301920892438733, 0.37733985304067114, 0.7415218983294176, 0.5689185936871664, 4.569374874613423, 6.698599966208925, 1.5281498610605226, 16.79789618377609, 13.534280051396374, 5.506685125863855, 2.6249730871540087, 7.475868358170099, 5.4634539022552175, 0.5760398155143871, 5.824182767782143, 3.702293003484959, 1.8152154535812868, 10.0, 0.6594395760341274, 3.242353140118187, 2.55574268131101, 3.190484503641653, 0.8909712386004354, 0.6955159131673491, 0.6586207863710826, 2.611235257908491, 0.5106213658969806, 0.8219089567497149, 1.8361373729287838, 1.029158318302773]
APTIDAO: 
27.74905516740689
GEN: 9000
Individuo: 
[1.1566420532862733, 1.7503204570043935, 0.21697359645038264, 4.160181143599747, 3.1885275893482232, 0.5039102248377372, 0.5671035901635748, 0.22157746331869124, 0.6301920892438733, 0.37733985304067114, 0.7415218983294176, 0.568831575782381, 4.569374874613423, 6.698599966208925, 1.0218019503824944, 16.79789618377609, 13.690661292160438, 5.847706180774988, 2.3213589176083627, 7.475868358170099, 5.4634539022552175, 0.5760398155143871, 5.1583101288662965, 3.702293003484959, 1.8152154535812868, 10.0, 0.6594395760341274, 3.242353140118187, 2.55574268131101, 3.190484503641653, 1.0746029321501285, 0.6955159131673491, 0.6586207863710826, 2.0227251291235415, 0.5106213658969806, 0.9561123894315563, 1.311349573985935, 0.594878078269413]
APTIDAO: 
27.748735241026825
GEN: 9100
Individuo: 
[1.1566420532862733, 1.7503204570043935, 0.21697359645038264, 4.160181143599747, 3.1885275893482232, 0.5039102248377372, 0.5671035901635748, 0.22157746331869124, 0.6301920892438733, 0.37733985304067114, 0.7415218983294176, 0.568831575782381, 4.569374874613423, 6.698599966208925, 1.7215947990406557, 16.79789618377609, 13.690661292160438, 5.847706180774988, 2.3213589176083627, 7.475868358170099, 5.4634539022552175, 0.5760398155143871, 5.1583101288662965, 3.702293003484959, 1.8152154535812868, 10.0, 0.6594395760341274, 3.242353140118187, 2.55574268131101, 3.190484503641653, 1.0746029321501285, 0.6955159131673491, 0.6586207863710826, 2.34394083630779, 0.5106213658969806, 0.9561123894315563, 1.311349573985935, 0.594878078269413]
APTIDAO: 
27.748735241026825
GEN: 9200
Individuo: 
[1.1566420532862733, 1.7503204570043935, 0.21697359645038264, 4.160181143599747, 3.1885275893482232, 0.5039102248377372, 0.5671035901635748, 0.22157746331869124, 0.6301920892438733, 0.37733985304067114, 0.7415218983294176, 0.568831575782381, 4.569374874613423, 6.698599966208925, 1.8915280440551863, 16.79789618377609, 13.690661292160438, 5.847706180774988, 2.026604450260871, 7.475868358170099, 5.4634539022552175, 0.5760398155143871, 5.1583101288662965, 3.702293003484959, 1.8152154535812868, 10.0, 0.6594395760341274, 3.242353140118187, 2.55574268131101, 3.190484503641653, 1.0746029321501285, 0.6955159131673491, 0.6586207863710826, 1.4661502549243943, 0.5106213658969806, 0.9561123894315563, 1.311349573985935, 0.8615644918596196]
APTIDAO: 
27.748735241026825
GEN: 9300
Individuo: 
[1.1566420532862733, 1.7503204570043935, 0.20916594838165542, 4.160181143599747, 3.1885275893482232, 0.5039102248377372, 0.5663553125740055, 0.22344617132536793, 0.6301920892438733, 0.380927614510143, 0.7415218983294176, 0.568831575782381, 4.569374874613423, 6.698599966208925, 1.2108543557303253, 16.79789618377609, 13.690661292160438, 5.847706180774988, 2.4016066535550227, 7.475868358170099, 5.4634539022552175, 0.9087109852660528, 5.1583101288662965, 3.702293003484959, 1.8152154535812868, 10.0, 1.0832018425812462, 3.242353140118187, 1.5855503486129947, 3.190484503641653, 1.0746029321501285, 0.6955159131673491, 0.6586207863710826, 3.0466241915410754, 0.5106213658969806, 0.9561123894315563, 1.311349573985935, 0.8478751916239908]
APTIDAO: 
27.6812023542976
GEN: 9400
Individuo: 
[1.1566420532862733, 1.7503204570043935, 0.21395938742153797, 4.160181143599747, 3.1885275893482232, 0.5039102248377372, 0.5663553125740055, 0.22344617132536793, 0.6301920892438733, 0.380927614510143, 0.7415218983294176, 0.568831575782381, 4.569374874613423, 6.698599966208925, 1.2108543557303253, 16.79789618377609, 23.41984386799348, 5.847706180774988, 2.119747378632277, 7.475868358170099, 5.4634539022552175, 0.693944451830994, 5.1583101288662965, 3.702293003484959, 1.8152154535812868, 10.0, 1.0832018425812462, 3.242353140118187, 1.5855503486129947, 3.190484503641653, 1.0746029321501285, 0.6955159131673491, 0.6586207863710826, 3.0466241915410754, 0.5106213658969806, 1.3206562574647958, 1.311349573985935, 0.6951666000363873]
APTIDAO: 
27.67631219457616
GEN: 9500
Individuo: 
[1.1566420532862733, 1.7503204570043935, 0.21395938742153797, 4.160181143599747, 3.1885275893482232, 0.5039102248377372, 0.5663553125740055, 0.22344617132536793, 0.6301920892438733, 0.380927614510143, 0.7415218983294176, 0.568831575782381, 4.161735187434337, 6.698599966208925, 1.2108543557303253, 16.14295434283743, 14.195841287318117, 5.847706180774988, 2.119747378632277, 7.475868358170099, 5.4634539022552175, 0.693944451830994, 5.1583101288662965, 3.702293003484959, 1.8152154535812868, 10.0, 1.0832018425812462, 3.242353140118187, 1.5855503486129947, 3.190484503641653, 1.0746029321501285, 1.4070606144402908, 0.6586207863710826, 3.0466241915410754, 0.6342962648424756, 0.5414189927234144, 1.311349573985935, 0.6951666000363873]
APTIDAO: 
27.676005277543254
GEN: 9600
Individuo: 
[1.1566420532862733, 1.7503204570043935, 0.2113540833533114, 4.160181143599747, 3.1885275893482232, 0.5039102248377372, 0.5663553125740055, 0.22344617132536793, 0.6301920892438733, 0.380927614510143, 0.7415218983294176, 0.568831575782381, 4.002714536995925, 6.698599966208925, 1.2108543557303253, 16.14295434283743, 17.137137229790245, 5.847706180774988, 2.7605606228879944, 7.475868358170099, 5.4634539022552175, 0.5491494608123142, 5.1583101288662965, 3.702293003484959, 1.8152154535812868, 10.0, 1.0832018425812462, 3.242353140118187, 1.5855503486129947, 3.190484503641653, 1.0746029321501285, 1.0415596960824791, 0.6586207863710826, 3.0466241915410754, 0.6342962648424756, 0.7540335601893029, 1.311349573985935, 1.0139042621461252]
APTIDAO: 
27.672440942852667
GEN: 9700
Individuo: 
[1.1566420532862733, 1.7503204570043935, 0.2113540833533114, 4.160181143599747, 3.1885275893482232, 0.5039102248377372, 0.5663553125740055, 0.22344617132536793, 0.6301920892438733, 0.380927614510143, 0.7415218983294176, 0.568831575782381, 4.002714536995925, 6.698599966208925, 1.7800917990267846, 16.14295434283743, 17.137137229790245, 5.847706180774988, 2.7605606228879944, 7.475868358170099, 5.4634539022552175, 0.5491494608123142, 5.1583101288662965, 3.702293003484959, 1.8152154535812868, 10.0, 1.0832018425812462, 3.242353140118187, 1.5855503486129947, 3.190484503641653, 1.0746029321501285, 1.0415596960824791, 0.6586207863710826, 1.6971603866819673, 0.6342962648424756, 0.7540335601893029, 1.311349573985935, 1.0139042621461252]
APTIDAO: 
27.672440942852667
GEN: 9800
Individuo: 
[1.1566420532862733, 1.7503204570043935, 0.2110066366045965, 4.160181143599747, 3.1885275893482232, 0.5039102248377372, 0.5663553125740055, 0.22344617132536793, 0.6301920892438733, 0.380927614510143, 0.7415218983294176, 0.568831575782381, 4.002714536995925, 6.698599966208925, 1.7800917990267846, 16.33255205862374, 17.137137229790245, 5.847706180774988, 2.089387823770195, 7.475868358170099, 5.4634539022552175, 0.34115143575367146, 5.1583101288662965, 3.702293003484959, 1.8152154535812868, 10.0, 1.0832018425812462, 3.242353140118187, 1.5855503486129947, 3.190484503641653, 1.0746029321501285, 1.0415596960824791, 0.6586207863710826, 1.6971603866819673, 0.5982265746090297, 0.7540335601893029, 1.311349573985935, 0.7095420055336453]
APTIDAO: 
27.67205382962811
GEN: 9900
Individuo: 
[1.1566420532862733, 1.7503204570043935, 0.21204888509859193, 4.160181143599747, 3.1885275893482232, 0.5039102248377372, 0.5637847016808969, 0.22344617132536793, 0.6301920892438733, 0.380927614510143, 0.7415218983294176, 0.568831575782381, 4.136497572791526, 6.698599966208925, 1.718826638974329, 16.33255205862374, 20.427943885230288, 5.435929150697622, 2.3086292155252357, 7.475868358170099, 5.4634539022552175, 0.4002509756192517, 5.1583101288662965, 3.702293003484959, 1.8152154535812868, 9.588788574163562, 1.0832018425812462, 3.242353140118187, 1.5855503486129947, 3.190484503641653, 1.0746029321501285, 1.1376517703015157, 0.6586207863710826, 1.5623037946622556, 0.5982265746090297, 0.6174354240542325, 1.4987831836706074, 0.9110442230929248]
APTIDAO: 
27.659658134692688
GEN: 10000
Individuo: 
[1.1566420532862733, 1.7503204570043935, 0.21204888509859193, 4.160181143599747, 3.1885275893482232, 0.5039102248377372, 0.5637847016808969, 0.22344617132536793, 0.6301920892438733, 0.380927614510143, 0.7415218983294176, 0.568831575782381, 4.136497572791526, 6.245051306832158, 1.2073876726488169, 16.33255205862374, 23.20782801086996, 5.435929150697622, 2.3086292155252357, 7.475868358170099, 5.4634539022552175, 0.4002509756192517, 5.1583101288662965, 3.702293003484959, 1.8152154535812868, 9.588788574163562, 1.0832018425812462, 3.242353140118187, 1.5855503486129947, 3.190484503641653, 1.0746029321501285, 1.1376517703015157, 0.6047303999644431, 0.7500074825061097, 0.5982265746090297, 0.915507104592364, 1.4987831836706074, 0.9110442230929248]
APTIDAO: 
27.65942587732216

--- RESULTADO FINAL ---
Erro (norma-1): 27.65942587732216
Parâmetros: [1.1566420532862733, 1.7503204570043935, 0.21204888509859193, 4.160181143599747, 3.1885275893482232, 0.5039102248377372, 0.5637847016808969, 0.22344617132536793, 0.6301920892438733, 0.380927614510143, 0.7415218983294176, 0.568831575782381, 4.136497572791526, 6.245051306832158, 1.2073876726488169, 16.33255205862374, 23.20782801086996, 5.435929150697622, 2.3086292155252357]
Tempo total: 03h 22m 32s
