SEED: 1778328244
BOUNDS: tau=[0.1, 5.0]  K=[0.1, 1.0]  N=[1.0, 25.0]
GEN: 0
Individuo: 
[2.073168779167457, 3.4700023736383736, 2.5716068032831987, 4.357954049239299, 2.007814879785684, 0.6690738909795206, 0.26635734739713135, 0.6950594280736808, 0.3412059973046978, 0.6585026307646163, 0.9640979738238155, 0.9521496656952929, 21.790286092523306, 14.866222494813655, 20.71114075601711, 20.013037487497208, 16.774206972524112, 5.495186463642025, 2.70403305303895, 4.515462688626728, 5.3244221057947625, 2.12317247821856, 2.8881359213888387, 7.522571642022422, 1.5443676283673522, 9.824226095713314, 8.905280093354632, 8.990925540872233, 5.726876835716133, 3.9179592836635257, 9.52106448069219, 4.596943770057735, 8.381435830855002, 10.0, 9.006919684653159, 0.5205271415333727, 0.3691353789011933, 5.391897388653565]
APTIDAO: 
117.68362940046693
GEN: 100
Individuo: 
[1.896414706461315, 3.4700023736383736, 2.5716068032831987, 0.31920077469915514, 1.327288536863216, 0.6690738909795206, 0.46833005241081765, 0.5287959700794905, 0.3636146336932098, 0.30009598372944796, 0.9640979738238155, 0.29464476774329584, 24.694716455849374, 7.423848858933891, 11.110929927814365, 3.4191903919348436, 2.435337009253657, 1.4325288816461734, 2.70403305303895, 9.565499882070176, 5.3244221057947625, 2.12317247821856, 1.4773239564121097, 6.746923527887142, 1.5443676283673522, 6.834610901296311, 10.0, 8.98277947322686, 9.279711004888874, 3.9179592836635257, 5.674787292235222, 5.163425873437798, 6.623968343260264, 6.522304789283601, 7.44058424322342, 0.45861320755984847, 0.2627458103452381, 5.391897388653565]
APTIDAO: 
38.06107793792168
GEN: 200
Individuo: 
[1.896414706461315, 3.4700023736383736, 2.5716068032831987, 0.66573047757039, 1.327288536863216, 0.6463344888356326, 0.46833005241081765, 0.5287959700794905, 0.3636146336932098, 0.30009598372944796, 0.9574054070943128, 0.29464476774329584, 23.162627053052308, 24.384838013220364, 6.310897988657233, 2.333326510374198, 2.4396349114284814, 1.2922726523343382, 2.70403305303895, 9.565499882070176, 5.3244221057947625, 2.12317247821856, 0.963947495637293, 6.746923527887142, 0.5220614477046016, 6.834610901296311, 10.0, 8.98277947322686, 9.279711004888874, 4.363039037028374, 5.674787292235222, 3.065059862686644, 10.0, 10.0, 8.356938327172797, 0.6408130157398491, 0.7076000637155806, 5.391897388653565]
APTIDAO: 
34.46252642096893
GEN: 300
Individuo: 
[1.896414706461315, 3.4700023736383736, 2.489804456316184, 0.66573047757039, 1.327288536863216, 0.6463344888356326, 0.4709512966434147, 0.5236339185466048, 0.3636146336932098, 0.26460593356220946, 0.9593392390622537, 0.29464476774329584, 24.202095241368603, 20.833417628142463, 6.310897988657233, 2.333326510374198, 2.250125698772713, 1.357016322499388, 2.70403305303895, 9.565499882070176, 5.3244221057947625, 1.9532398951483014, 0.963947495637293, 6.746923527887142, 0.5220614477046016, 3.207329186267176, 10.0, 8.98277947322686, 6.219035826846248, 3.2063014332712934, 5.674787292235222, 2.579740589981273, 3.0844668360108365, 10.0, 8.356938327172797, 0.5886108836386221, 0.7939492043812395, 5.391897388653565]
APTIDAO: 
33.68514688928764
GEN: 400
Individuo: 
[1.896414706461315, 3.4700023736383736, 2.489804456316184, 0.6708051309220256, 1.327288536863216, 0.6463344888356326, 0.4765829192226843, 0.5236339185466048, 0.3636146336932098, 0.26460593356220946, 0.9593392390622537, 0.29464476774329584, 24.202095241368603, 21.21291153474277, 6.310897988657233, 2.333326510374198, 2.250125698772713, 1.1852832181616333, 2.70403305303895, 9.565499882070176, 5.3244221057947625, 1.9532398951483014, 1.037111262486288, 6.746923527887142, 0.5220614477046016, 0.6211216013433609, 10.0, 8.98277947322686, 6.219035826846248, 3.2063014332712934, 5.674787292235222, 2.579740589981273, 2.0325483590548408, 10.0, 8.356938327172797, 0.5886108836386221, 0.8382587772719569, 5.391897388653565]
APTIDAO: 
33.66030809156502
GEN: 500
Individuo: 
[1.896414706461315, 3.4529125639014597, 2.505321211987693, 0.6708051309220256, 1.327288536863216, 0.6463344888356326, 0.4765829192226843, 0.5236339185466048, 0.3636146336932098, 0.26105467793901516, 0.9473329794403106, 0.29464476774329584, 21.247876215309986, 22.983879697811986, 6.310897988657233, 2.333326510374198, 2.250125698772713, 1.0443665654432592, 2.70403305303895, 9.565499882070176, 2.4120492942330833, 1.4351288279728722, 1.037111262486288, 6.746923527887142, 0.5220614477046016, 0.6211216013433609, 10.0, 8.98277947322686, 10.0, 3.534444022596668, 5.674787292235222, 2.4347394948848717, 1.6729107472016946, 10.0, 8.356938327172797, 0.5886108836386221, 0.7588849541257967, 5.391897388653565]
APTIDAO: 
33.46380162741928
GEN: 600
Individuo: 
[1.8345097259974519, 3.4529125639014597, 2.505321211987693, 0.6249536120375171, 1.396644620002071, 0.6463344888356326, 0.4765829192226843, 0.5221615885508688, 0.3636146336932098, 0.26105467793901516, 0.9473329794403106, 0.2987702562218331, 21.247876215309986, 24.533163623233612, 6.310897988657233, 2.333326510374198, 2.250125698772713, 1.0583068853264563, 2.70403305303895, 5.742878581194293, 2.4120492942330833, 1.4351288279728722, 1.0627152310967785, 3.0415738906516965, 0.5220614477046016, 0.6211216013433609, 7.761986851290602, 8.98277947322686, 10.0, 3.534444022596668, 5.840484038157867, 2.4347394948848717, 0.9178741065175751, 10.0, 8.356938327172797, 0.5886108836386221, 0.9366723443881751, 5.391897388653565]
APTIDAO: 
32.86660418511478
GEN: 700
Individuo: 
[1.8345097259974519, 3.4529125639014597, 2.505321211987693, 0.6249536120375171, 1.396644620002071, 0.6463344888356326, 0.4765829192226843, 0.5221615885508688, 0.3636146336932098, 0.26105467793901516, 0.9473329794403106, 0.2987702562218331, 21.247876215309986, 24.533163623233612, 6.1337786796139, 2.333326510374198, 2.119463635583784, 1.8261350991192122, 2.70403305303895, 5.742878581194293, 2.4120492942330833, 1.4351288279728722, 1.0627152310967785, 3.0415738906516965, 0.5220614477046016, 0.6211216013433609, 7.761986851290602, 8.98277947322686, 10.0, 3.534444022596668, 5.840484038157867, 2.4347394948848717, 0.9178741065175751, 8.582861860389329, 8.356938327172797, 0.6260013022163009, 1.0297949899437497, 5.391897388653565]
APTIDAO: 
32.86660418511478
GEN: 800
Individuo: 
[1.8345097259974519, 2.4116253416747178, 2.5663861828491403, 1.481824661523412, 1.396644620002071, 0.6463344888356326, 0.4765829192226843, 0.5221615885508688, 0.3636146336932098, 0.26105467793901516, 0.9473329794403106, 0.2987702562218331, 8.241382701832107, 11.276503700930933, 6.23236009178204, 2.333326510374198, 2.737333166517642, 1.5086562536260535, 2.70403305303895, 5.742878581194293, 1.2833291902888457, 1.6906351905892805, 1.3181178200283685, 3.0415738906516965, 0.5220614477046016, 0.6211216013433609, 7.761986851290602, 8.98277947322686, 10.0, 3.534444022596668, 5.840484038157867, 1.9080794914136021, 0.584993599574004, 7.273146161799299, 8.356938327172797, 0.8753070793400007, 0.760735260912116, 5.391897388653565]
APTIDAO: 
31.477579565605254
GEN: 900
Individuo: 
[1.8345097259974519, 3.3017642464278665, 2.5663861828491403, 0.622226999858939, 1.396644620002071, 0.6463344888356326, 0.4765829192226843, 0.5221615885508688, 0.3636146336932098, 0.26105467793901516, 0.9473329794403106, 0.2987702562218331, 22.835600674181485, 11.276503700930933, 6.23236009178204, 2.333326510374198, 2.8239852808349926, 1.0994930577189002, 2.70403305303895, 5.742878581194293, 2.3900882517533732, 1.6906351905892805, 1.042745272703613, 3.0415738906516965, 0.5220614477046016, 0.6211216013433609, 7.761986851290602, 8.98277947322686, 10.0, 3.534444022596668, 5.840484038157867, 2.4413198898902677, 0.584993599574004, 7.273146161799299, 8.356938327172797, 0.8468284197228445, 0.3417715708304631, 5.391897388653565]
APTIDAO: 
32.253426626999335
GEN: 1000
Individuo: 
[1.8345097259974519, 3.3017642464278665, 2.5663861828491403, 0.622226999858939, 1.396644620002071, 0.6463344888356326, 0.4765829192226843, 0.5105648381748827, 0.3636146336932098, 0.26105467793901516, 0.9473329794403106, 0.2987702562218331, 19.708806714831866, 11.276503700930933, 6.23236009178204, 2.8286481000956765, 2.8239852808349926, 1.7763191247751082, 2.5034004942171104, 5.742878581194293, 2.3900882517533732, 1.6906351905892805, 1.042745272703613, 3.0415738906516965, 0.5220614477046016, 0.6211216013433609, 6.537648580974419, 8.98277947322686, 10.0, 3.534444022596668, 5.840484038157867, 1.8374776944586855, 0.584993599574004, 7.273146161799299, 10.0, 0.8468284197228445, 0.5921797509177674, 2.5678093346877766]
APTIDAO: 
32.0739494198273
GEN: 1100
Individuo: 
[1.8345097259974519, 3.061567504542253, 2.930978617002528, 0.7640787031769537, 1.396644620002071, 0.6463344888356326, 0.4765829192226843, 0.5105648381748827, 0.3636146336932098, 0.26105467793901516, 0.9473329794403106, 0.2987702562218331, 19.708806714831866, 12.25504035345109, 8.63753667975656, 2.8286481000956765, 2.8239852808349926, 1.0291317701682685, 2.5034004942171104, 5.742878581194293, 3.0411975733539665, 0.8961489175067443, 1.4741787216996003, 3.0415738906516965, 0.5220614477046016, 0.6211216013433609, 6.537648580974419, 8.98277947322686, 10.0, 3.534444022596668, 5.840484038157867, 1.8374776944586855, 0.8873196768520039, 10.0, 10.0, 0.8468284197228445, 0.8538837146715414, 2.5678093346877766]
APTIDAO: 
30.67802513053945
GEN: 1200
Individuo: 
[1.8345097259974519, 3.061567504542253, 2.930978617002528, 0.7640787031769537, 1.396644620002071, 0.6463344888356326, 0.4765829192226843, 0.5105648381748827, 0.3636146336932098, 0.26105467793901516, 0.9382684087656848, 0.29715331438169423, 19.708806714831866, 12.25504035345109, 7.672748604827657, 2.8286481000956765, 2.8239852808349926, 1.0150948771706751, 2.5034004942171104, 5.742878581194293, 3.0411975733539665, 0.8961489175067443, 1.4741787216996003, 3.0415738906516965, 0.5220614477046016, 0.6211216013433609, 6.537648580974419, 8.98277947322686, 10.0, 2.773329470816636, 8.392246982703918, 1.8374776944586855, 0.8873196768520039, 10.0, 10.0, 0.8468284197228445, 1.1126923265195514, 2.5678093346877766]
APTIDAO: 
30.60202452225993
GEN: 1300
Individuo: 
[1.8345097259974519, 2.8513404210606046, 3.5980455770551725, 0.7640787031769537, 1.396644620002071, 0.6463344888356326, 0.4765829192226843, 0.5107744639087963, 0.36444369164454943, 0.26105467793901516, 0.9382684087656848, 0.29715331438169423, 19.708806714831866, 12.25504035345109, 8.58219408589506, 2.8286481000956765, 2.8239852808349926, 1.6404864495155078, 2.5034004942171104, 5.742878581194293, 3.4031122321638145, 1.181969709909072, 1.4741787216996003, 3.0415738906516965, 0.5220614477046016, 0.6211216013433609, 4.682288064425849, 4.777691974363986, 10.0, 2.773329470816636, 8.392246982703918, 1.8374776944586855, 0.8873196768520039, 8.290130165797013, 10.0, 0.8468284197228445, 1.1176680327414388, 2.5678093346877766]
APTIDAO: 
30.44673557561862
GEN: 1400
Individuo: 
[1.8345097259974519, 2.8513404210606046, 3.5980455770551725, 0.7640787031769537, 1.396644620002071, 0.6463344888356326, 0.4765829192226843, 0.5107744639087963, 0.36444369164454943, 0.26105467793901516, 0.934478736345906, 0.29715331438169423, 19.708806714831866, 12.25504035345109, 8.919252892725915, 2.8286481000956765, 2.587936287001085, 1.7038957435025026, 2.9100779420359713, 5.742878581194293, 3.4031122321638145, 1.181969709909072, 1.4741787216996003, 3.0415738906516965, 0.5220614477046016, 0.6211216013433609, 4.682288064425849, 4.777691974363986, 10.0, 2.1969145961263554, 8.392246982703918, 1.8374776944586855, 0.8873196768520039, 6.370530275699238, 10.0, 0.5952728637740312, 1.5673057919577118, 2.1598660718072953]
APTIDAO: 
30.42422327659728
GEN: 1500
Individuo: 
[1.8345097259974519, 2.847046688251853, 3.5980455770551725, 0.7640787031769537, 1.396644620002071, 0.6463344888356326, 0.4765829192226843, 0.5107744639087963, 0.3767178586810875, 0.26105467793901516, 0.8927729242971638, 0.29715331438169423, 16.953003996583586, 12.25504035345109, 8.919252892725915, 2.8286481000956765, 2.2789702049014804, 1.541980597794203, 2.9100779420359713, 5.742878581194293, 3.899828428463409, 1.181969709909072, 1.4741787216996003, 3.0415738906516965, 0.5220614477046016, 0.6211216013433609, 4.682288064425849, 2.9023040174982246, 10.0, 0.938938966286745, 8.392246982703918, 2.698347184020716, 0.8873196768520039, 6.370530275699238, 10.0, 0.3510246193581694, 0.6674741057155923, 2.1598660718072953]
APTIDAO: 
30.011042799194275
GEN: 1600
Individuo: 
[1.8345097259974519, 2.847046688251853, 3.5980455770551725, 0.7640787031769537, 1.396644620002071, 0.6463344888356326, 0.4765829192226843, 0.5107744639087963, 0.3767178586810875, 0.26105467793901516, 0.8927729242971638, 0.29715331438169423, 16.953003996583586, 12.25504035345109, 8.919252892725915, 2.8286481000956765, 2.2789702049014804, 1.0474545472325902, 2.9100779420359713, 5.742878581194293, 3.899828428463409, 1.181969709909072, 1.4741787216996003, 3.0415738906516965, 0.5220614477046016, 0.6211216013433609, 4.682288064425849, 2.9023040174982246, 10.0, 0.938938966286745, 8.392246982703918, 2.698347184020716, 0.8873196768520039, 6.370530275699238, 10.0, 0.3510246193581694, 0.6174897420622393, 2.1598660718072953]
APTIDAO: 
30.011042799194275
GEN: 1700
Individuo: 
[1.8345097259974519, 2.5967866313060814, 3.5980455770551725, 0.7640787031769537, 1.6346125068465704, 0.6463344888356326, 0.4765829192226843, 0.5107744639087963, 0.3767178586810875, 0.26105467793901516, 0.9667549567180067, 0.29715331438169423, 16.953003996583586, 12.64872414336586, 11.842499173213259, 2.8286481000956765, 5.021587636847184, 1.9675326709887422, 2.9100779420359713, 5.742878581194293, 2.24604892617038, 1.181969709909072, 1.4741787216996003, 2.013264835854424, 0.5220614477046016, 0.6211216013433609, 4.682288064425849, 2.9023040174982246, 10.0, 0.6529585715890407, 8.392246982703918, 2.698347184020716, 0.845531765806541, 10.0, 10.0, 0.6613904943081257, 1.1718459971548312, 2.1598660718072953]
APTIDAO: 
28.31313130746945
GEN: 1800
Individuo: 
[1.8345097259974519, 2.5967866313060814, 3.3598628545021807, 0.7640787031769537, 1.6346125068465704, 0.6463344888356326, 0.4920249556155973, 0.5107744639087963, 0.3767178586810875, 0.26105467793901516, 0.9667549567180067, 0.29855975960521064, 14.9752013215541, 12.64872414336586, 11.842499173213259, 2.8286481000956765, 5.021587636847184, 1.2822236234847784, 2.9100779420359713, 5.742878581194293, 2.24604892617038, 0.600078403712298, 1.4741787216996003, 2.013264835854424, 0.5220614477046016, 1.247431522899637, 4.682288064425849, 2.9023040174982246, 10.0, 0.6529585715890407, 10.0, 2.507016445863994, 0.845531765806541, 10.0, 10.0, 0.6613904943081257, 1.7188093863955087, 2.1598660718072953]
APTIDAO: 
27.993684961004707
GEN: 1900
Individuo: 
[1.8345097259974519, 2.5967866313060814, 3.3598628545021807, 0.7640787031769537, 1.6346125068465704, 0.6463344888356326, 0.4920249556155973, 0.5107744639087963, 0.3767178586810875, 0.26105467793901516, 0.9667549567180067, 0.29855975960521064, 16.953003996583586, 11.183468867123647, 10.192938843396977, 2.8286481000956765, 5.021587636847184, 1.136386695321156, 2.1531353417390497, 5.742878581194293, 2.24604892617038, 0.600078403712298, 1.4741787216996003, 2.013264835854424, 0.5220614477046016, 1.247431522899637, 4.682288064425849, 2.9023040174982246, 10.0, 0.6529585715890407, 10.0, 2.698347184020716, 0.9188321232495591, 3.7625518681766708, 10.0, 0.6613904943081257, 1.2060135544163075, 2.015930337138947]
APTIDAO: 
27.925027387094577
GEN: 2000
Individuo: 
[1.8345097259974519, 2.5967866313060814, 3.3598628545021807, 0.7640787031769537, 1.6346125068465704, 0.6463344888356326, 0.4920249556155973, 0.5107744639087963, 0.3767178586810875, 0.26105467793901516, 0.9667549567180067, 0.29855975960521064, 16.953003996583586, 11.183468867123647, 10.192938843396977, 2.8286481000956765, 5.021587636847184, 1.2822236234847784, 2.1531353417390497, 5.742878581194293, 2.24604892617038, 0.600078403712298, 1.4741787216996003, 2.013264835854424, 0.5220614477046016, 1.247431522899637, 4.682288064425849, 2.9023040174982246, 10.0, 0.6529585715890407, 10.0, 2.698347184020716, 0.9188321232495591, 3.7625518681766708, 10.0, 0.6613904943081257, 1.7188093863955087, 2.015930337138947]
APTIDAO: 
27.925027387094577
GEN: 2100
Individuo: 
[1.8345097259974519, 2.5967866313060814, 3.3598628545021807, 0.7640787031769537, 1.6346125068465704, 0.6489576350469553, 0.4920249556155973, 0.5107744639087963, 0.3767178586810875, 0.26105467793901516, 0.9667549567180067, 0.29855975960521064, 16.21802851468281, 11.183468867123647, 10.192938843396977, 2.8286481000956765, 5.021587636847184, 1.3081182132103006, 2.1531353417390497, 5.742878581194293, 2.24604892617038, 0.600078403712298, 1.4741787216996003, 2.013264835854424, 0.6351420107184478, 1.247431522899637, 4.682288064425849, 2.9023040174982246, 10.0, 0.6529585715890407, 10.0, 2.161923813072038, 0.9188321232495591, 3.7625518681766708, 10.0, 0.6613904943081257, 0.699293333912224, 2.015930337138947]
APTIDAO: 
27.9095319153413
GEN: 2200
Individuo: 
[1.8345097259974519, 2.5967866313060814, 3.3598628545021807, 1.4015696913601081, 1.3788226270652622, 0.6489576350469553, 0.4920249556155973, 0.5107744639087963, 0.3767178586810875, 0.26105467793901516, 0.9667549567180067, 0.29855975960521064, 18.588178339651407, 11.183468867123647, 10.192938843396977, 2.8286481000956765, 5.021587636847184, 1.1187516387371181, 2.592363825814695, 5.742878581194293, 2.24604892617038, 0.600078403712298, 1.086467479193637, 1.5162743263267968, 0.6351420107184478, 1.247431522899637, 4.682288064425849, 2.9023040174982246, 10.0, 0.6529585715890407, 10.0, 2.249453781446325, 0.9188321232495591, 3.7625518681766708, 10.0, 0.6613904943081257, 0.8515089947390098, 2.5968295568312074]
APTIDAO: 
27.711085628388336
GEN: 2300
Individuo: 
[1.8345097259974519, 2.5967866313060814, 3.3598628545021807, 1.4015696913601081, 1.3788226270652622, 0.6489576350469553, 0.4920249556155973, 0.5107744639087963, 0.3767178586810875, 0.26105467793901516, 0.9667549567180067, 0.29855975960521064, 18.588178339651407, 11.183468867123647, 10.192938843396977, 2.1863174333515154, 5.021587636847184, 1.5991232244601126, 2.2314719176001763, 5.742878581194293, 2.24604892617038, 0.600078403712298, 1.086467479193637, 1.5162743263267968, 0.6351420107184478, 1.247431522899637, 4.682288064425849, 2.9023040174982246, 10.0, 0.6529585715890407, 10.0, 2.249453781446325, 0.9188321232495591, 3.7625518681766708, 5.298598270526482, 0.6613904943081257, 1.0438785435098403, 1.3192181808813317]
APTIDAO: 
27.711085628388336
GEN: 2400
Individuo: 
[1.8345097259974519, 2.5967866313060814, 3.3598628545021807, 1.4015696913601081, 1.3788226270652622, 0.6489576350469553, 0.4920249556155973, 0.5107744639087963, 0.3767178586810875, 0.2567896368542345, 0.9667549567180067, 0.29855975960521064, 18.588178339651407, 12.205171533333608, 10.192938843396977, 2.0056234160328725, 5.021587636847184, 1.6902087750676282, 2.2314719176001763, 5.742878581194293, 2.24604892617038, 0.600078403712298, 1.086467479193637, 1.5162743263267968, 0.6351420107184478, 1.247431522899637, 4.682288064425849, 2.9023040174982246, 7.896700726612567, 0.6529585715890407, 10.0, 2.249453781446325, 1.0239733949524146, 3.7625518681766708, 9.289463384411729, 0.6613904943081257, 1.6039492571444012, 1.3192181808813317]
APTIDAO: 
27.699337491207356
GEN: 2500
Individuo: 
[1.8345097259974519, 2.5967866313060814, 3.3598628545021807, 1.4015696913601081, 1.3788226270652622, 0.6489576350469553, 0.4920249556155973, 0.5107744639087963, 0.3767178586810875, 0.2567896368542345, 0.9607311663775316, 0.29855975960521064, 18.588178339651407, 12.529975800219955, 9.974586203277468, 2.0056234160328725, 5.021587636847184, 1.3075591820694112, 2.2314719176001763, 5.742878581194293, 2.24604892617038, 0.600078403712298, 1.086467479193637, 1.5162743263267968, 0.6351420107184478, 1.247431522899637, 4.682288064425849, 2.9023040174982246, 7.896700726612567, 1.2523740263854084, 10.0, 2.249453781446325, 1.2729637538508287, 1.8933335633764437, 9.289463384411729, 0.6613904943081257, 3.146913052083453, 1.3192181808813317]
APTIDAO: 
27.670042106756558
GEN: 2600
Individuo: 
[1.8345097259974519, 2.5967866313060814, 3.3598628545021807, 1.4015696913601081, 1.3788226270652622, 0.6489576350469553, 0.4920249556155973, 0.5107744639087963, 0.3767178586810875, 0.257225152943977, 0.9607311663775316, 0.29855975960521064, 18.588178339651407, 12.529975800219955, 9.974586203277468, 2.0056234160328725, 5.021587636847184, 1.3075591820694112, 2.1965344407307534, 5.742878581194293, 2.24604892617038, 0.600078403712298, 1.086467479193637, 1.5162743263267968, 0.6351420107184478, 1.247431522899637, 4.682288064425849, 2.9023040174982246, 5.912608682939273, 1.2523740263854084, 10.0, 2.249453781446325, 1.2729637538508287, 1.8933335633764437, 9.289463384411729, 0.6613904943081257, 3.146913052083453, 1.055736954762441]
APTIDAO: 
27.666998450070572
GEN: 2700
Individuo: 
[1.8345097259974519, 2.5967866313060814, 3.3598628545021807, 1.4015696913601081, 1.3788226270652622, 0.6489576350469553, 0.4920249556155973, 0.5107744639087963, 0.3767178586810875, 0.257225152943977, 0.9607311663775316, 0.29855975960521064, 18.525183976875393, 12.529975800219955, 9.974586203277468, 2.0056234160328725, 5.021587636847184, 1.3075591820694112, 2.113129986579241, 5.742878581194293, 2.24604892617038, 0.600078403712298, 1.086467479193637, 1.5162743263267968, 0.6351420107184478, 1.247431522899637, 4.682288064425849, 2.9023040174982246, 5.912608682939273, 1.2523740263854084, 10.0, 2.9191154900987475, 1.2729637538508287, 1.8933335633764437, 9.289463384411729, 0.6613904943081257, 3.146913052083453, 1.4915808815781357]
APTIDAO: 
27.666998450070572
GEN: 2800
Individuo: 
[1.8345097259974519, 2.5967866313060814, 3.3598628545021807, 1.4015696913601081, 1.3788226270652622, 0.6489576350469553, 0.4920249556155973, 0.5107744639087963, 0.3805297861522606, 0.257225152943977, 0.962354257226831, 0.29855975960521064, 20.429186245611014, 12.529975800219955, 9.974586203277468, 2.0056234160328725, 5.021587636847184, 1.3075591820694112, 2.279197884608987, 5.742878581194293, 2.24604892617038, 0.600078403712298, 1.086467479193637, 1.5162743263267968, 0.6351420107184478, 1.247431522899637, 4.682288064425849, 1.7583802404505033, 5.912608682939273, 1.0204060816819363, 10.0, 5.040725259352198, 1.2729637538508287, 1.8933335633764437, 9.289463384411729, 0.6613904943081257, 3.146913052083453, 0.8257508843053786]
APTIDAO: 
27.652531941786968
GEN: 2900
Individuo: 
[1.8345097259974519, 2.5967866313060814, 3.3598628545021807, 1.4015696913601081, 1.3788226270652622, 0.6489576350469553, 0.4920249556155973, 0.5107744639087963, 0.3805297861522606, 0.257225152943977, 0.962354257226831, 0.29855975960521064, 20.429186245611014, 12.529975800219955, 9.974586203277468, 2.0056234160328725, 5.021587636847184, 1.3582950748802058, 2.4336390196940516, 5.742878581194293, 2.24604892617038, 0.600078403712298, 1.086467479193637, 1.5162743263267968, 0.6351420107184478, 1.247431522899637, 4.682288064425849, 1.7583802404505033, 5.912608682939273, 1.0204060816819363, 10.0, 5.040725259352198, 1.2729637538508287, 1.8933335633764437, 9.289463384411729, 0.6613904943081257, 2.081667884146414, 0.6539204826252938]
APTIDAO: 
27.652531941786968
GEN: 3000
Individuo: 
[1.8345097259974519, 2.5967866313060814, 3.3598628545021807, 1.406932775725788, 1.3788226270652622, 0.6489576350469553, 0.4920249556155973, 0.5107744639087963, 0.3805297861522606, 0.257225152943977, 0.962354257226831, 0.29855975960521064, 20.812531933458324, 12.529975800219955, 9.974586203277468, 2.3235852961734214, 5.021587636847184, 1.237621237264582, 2.4336390196940516, 5.742878581194293, 2.24604892617038, 0.600078403712298, 1.2817646747825993, 1.5162743263267968, 0.6351420107184478, 1.247431522899637, 4.682288064425849, 1.7583802404505033, 5.912608682939273, 1.0204060816819363, 10.0, 4.887016000831909, 1.2729637538508287, 1.8933335633764437, 6.856330945742647, 0.6613904943081257, 2.1484844780813854, 0.6539204826252938]
APTIDAO: 
27.65164903621857
GEN: 3100
Individuo: 
[1.8345097259974519, 2.5967866313060814, 3.3598628545021807, 1.406932775725788, 1.3788226270652622, 0.6489576350469553, 0.4920249556155973, 0.5107744639087963, 0.3805297861522606, 0.257225152943977, 0.962354257226831, 0.29855975960521064, 20.812531933458324, 12.50941721871506, 9.974586203277468, 2.3235852961734214, 5.021587636847184, 1.237621237264582, 2.4336390196940516, 5.742878581194293, 2.24604892617038, 0.600078403712298, 1.2817646747825993, 1.5162743263267968, 0.6351420107184478, 1.247431522899637, 4.682288064425849, 1.7583802404505033, 5.912608682939273, 1.0204060816819363, 10.0, 4.887016000831909, 0.9939671873235599, 1.8933335633764437, 6.856330945742647, 0.6613904943081257, 2.1484844780813854, 0.6539204826252938]
APTIDAO: 
27.65164903621857
GEN: 3200
Individuo: 
[1.8345097259974519, 2.5967866313060814, 3.3598628545021807, 1.406932775725788, 1.3788226270652622, 0.6489576350469553, 0.4920249556155973, 0.5107744639087963, 0.38303752435604865, 0.257225152943977, 0.9594570697337829, 0.29855975960521064, 20.812531933458324, 12.50941721871506, 9.406543798709848, 2.3235852961734214, 5.021587636847184, 1.681538614791997, 2.2636960065377574, 5.742878581194293, 2.24604892617038, 0.600078403712298, 1.2817646747825993, 1.5162743263267968, 0.6351420107184478, 1.247431522899637, 4.682288064425849, 1.9915954425096924, 5.912608682939273, 1.309528075028791, 10.0, 4.887016000831909, 0.9939671873235599, 0.9485986974958754, 6.856330945742647, 0.6613904943081257, 1.940486785413048, 0.780582807532232]
APTIDAO: 
27.62248624263652
GEN: 3300
Individuo: 
[1.8345097259974519, 2.5967866313060814, 3.3598628545021807, 1.406932775725788, 1.3788226270652622, 0.6489576350469553, 0.4920249556155973, 0.5107744639087963, 0.38303752435604865, 0.257225152943977, 0.9594570697337829, 0.29855975960521064, 20.812531933458324, 12.50941721871506, 9.35112563025542, 2.7893346837290522, 5.180865618234536, 1.624611289083844, 2.044399856012664, 5.742878581194293, 2.24604892617038, 0.600078403712298, 1.2817646747825993, 1.5162743263267968, 0.6351420107184478, 1.247431522899637, 4.682288064425849, 1.9915954425096924, 5.912608682939273, 1.309528075028791, 10.0, 4.887016000831909, 0.9939671873235599, 1.2280562304211584, 9.130751760911998, 1.061003184828303, 1.4830166336360897, 0.6346729521800817]
APTIDAO: 
27.62248624263652
GEN: 3400
Individuo: 
[1.8345097259974519, 2.5967866313060814, 3.3598628545021807, 1.406932775725788, 1.3788226270652622, 0.6489576350469553, 0.4920249556155973, 0.5077268843015154, 0.38303752435604865, 0.257225152943977, 0.9594570697337829, 0.29855975960521064, 18.452734907853028, 12.414389616602623, 9.65806592453377, 2.7893346837290522, 5.180865618234536, 1.3888491327708066, 2.8351283911867493, 5.742878581194293, 2.24604892617038, 0.600078403712298, 1.2817646747825993, 1.5162743263267968, 0.6351420107184478, 1.247431522899637, 2.523716623876582, 1.9915954425096924, 5.912608682939273, 1.309528075028791, 10.0, 4.2602686642067304, 1.806646950922101, 1.7336842319847532, 9.130751760911998, 1.061003184828303, 1.0437335727672268, 1.0598102392039952]
APTIDAO: 
27.60280962755785
GEN: 3500
Individuo: 
[1.8345097259974519, 2.5967866313060814, 3.3598628545021807, 1.406932775725788, 1.3788226270652622, 0.6489576350469553, 0.4920249556155973, 0.5077268843015154, 0.38303752435604865, 0.257225152943977, 0.9594570697337829, 0.29855975960521064, 18.452734907853028, 12.414389616602623, 10.156828686341589, 2.7893346837290522, 5.057613875122318, 1.1011906733015295, 2.9091145685988025, 5.742878581194293, 2.24604892617038, 0.600078403712298, 1.2817646747825993, 1.5162743263267968, 0.6351420107184478, 1.247431522899637, 2.523716623876582, 1.9915954425096924, 5.912608682939273, 1.309528075028791, 10.0, 4.2602686642067304, 1.806646950922101, 2.49096935716496, 9.130751760911998, 1.10527776214236, 2.040975293206948, 1.1271695146467813]
APTIDAO: 
27.59245086100941
GEN: 3600
Individuo: 
[1.8345097259974519, 2.5967866313060814, 3.3598628545021807, 1.406932775725788, 1.3788226270652622, 0.65210487592904, 0.4920249556155973, 0.5077268843015154, 0.38303752435604865, 0.257225152943977, 0.9538551770831437, 0.29855975960521064, 18.452734907853028, 12.414389616602623, 10.651876069971978, 2.7893346837290522, 5.652403601129425, 1.457112187838995, 2.963151600904825, 5.742878581194293, 2.24604892617038, 0.600078403712298, 1.2817646747825993, 1.5162743263267968, 0.4834025454961784, 1.247431522899637, 2.523716623876582, 1.9915954425096924, 5.912608682939273, 1.5257113007334728, 10.0, 4.2602686642067304, 1.806646950922101, 1.5220540983382524, 9.130751760911998, 0.8018455609353867, 1.8217903686286612, 0.5875860126978183]
APTIDAO: 
27.54683730598007
GEN: 3700
Individuo: 
[1.8345097259974519, 2.5967866313060814, 3.171414735511149, 1.406932775725788, 1.3788226270652622, 0.65210487592904, 0.4920249556155973, 0.5077268843015154, 0.38303752435604865, 0.257225152943977, 0.9538551770831437, 0.29855975960521064, 16.278385163232407, 13.520934778688469, 7.846600918300839, 2.2701726830132434, 6.411811760090495, 1.6527258040428554, 2.963151600904825, 5.742878581194293, 2.24604892617038, 0.6431007913977665, 1.2817646747825993, 1.5162743263267968, 0.4834025454961784, 1.247431522899637, 2.523716623876582, 1.9915954425096924, 5.912608682939273, 1.5257113007334728, 10.0, 3.0877708485032587, 1.9356372709422818, 1.546120982721094, 7.242350687306777, 1.2937317168673288, 2.434305808267768, 0.5875860126978183]
APTIDAO: 
27.378321443451433
GEN: 3800
Individuo: 
[1.8345097259974519, 2.5967866313060814, 3.171414735511149, 1.406932775725788, 1.3859960906255442, 0.65210487592904, 0.4920249556155973, 0.5077268843015154, 0.38303752435604865, 0.257225152943977, 0.9538551770831437, 0.29855975960521064, 16.278385163232407, 13.520934778688469, 8.208027897409883, 2.2701726830132434, 8.493987598704202, 1.3527792579869178, 2.6108249810557242, 5.742878581194293, 2.24604892617038, 0.6431007913977665, 1.2817646747825993, 1.490898551722387, 0.4834025454961784, 1.247431522899637, 2.523716623876582, 1.9915954425096924, 5.912608682939273, 1.5257113007334728, 10.0, 3.0877708485032587, 1.9356372709422818, 1.7721793564552366, 7.242350687306777, 1.7800525422146787, 1.2260934482746915, 0.8830672818778119]
APTIDAO: 
27.36948256642462
GEN: 3900
Individuo: 
[1.8345097259974519, 2.5967866313060814, 3.171414735511149, 1.406932775725788, 1.3859960906255442, 0.65210487592904, 0.4920249556155973, 0.5077268843015154, 0.38303752435604865, 0.257225152943977, 0.9538551770831437, 0.29855975960521064, 16.278385163232407, 13.520934778688469, 8.208027897409883, 2.4758799618517187, 7.762752502949465, 1.6527258040428554, 2.619505177315102, 5.742878581194293, 2.24604892617038, 0.6431007913977665, 1.2817646747825993, 1.490898551722387, 0.4834025454961784, 1.247431522899637, 2.523716623876582, 1.9915954425096924, 5.912608682939273, 1.5257113007334728, 10.0, 3.0877708485032587, 1.9356372709422818, 1.7721793564552366, 2.723225287075832, 1.247179907601759, 2.434305808267768, 0.6245031197674716]
APTIDAO: 
27.35017216177766
GEN: 4000
Individuo: 
[1.8345097259974519, 2.5967866313060814, 3.1610109655316507, 1.406932775725788, 1.3859960906255442, 0.65210487592904, 0.4920249556155973, 0.5077268843015154, 0.38303752435604865, 0.257225152943977, 0.8495856906509873, 0.38124891470654465, 16.278385163232407, 13.520934778688469, 8.208027897409883, 2.4758799618517187, 5.0555799256702025, 1.9374536190622602, 2.898011739727193, 5.742878581194293, 2.24604892617038, 0.8462521405107535, 1.2817646747825993, 1.490898551722387, 0.4834025454961784, 1.247431522899637, 2.523716623876582, 1.9915954425096924, 5.912608682939273, 0.9268006291034543, 10.0, 3.0877708485032587, 1.9356372709422818, 1.7721793564552366, 2.723225287075832, 0.9533741524293593, 2.0684556730887937, 1.2723851208155388]
APTIDAO: 
27.04875920777753
GEN: 4100
Individuo: 
[1.8345097259974519, 2.5967866313060814, 3.06218793850092, 1.406932775725788, 1.3859960906255442, 0.684076395448094, 0.4920249556155973, 0.5077268843015154, 0.38303752435604865, 0.257225152943977, 0.7132146174663323, 0.5269709451567902, 24.134428630108715, 13.520934778688469, 9.192552935511273, 2.9116735507860336, 5.0555799256702025, 1.9374536190622602, 2.697929653231461, 5.742878581194293, 2.24604892617038, 0.7935356394184573, 1.2817646747825993, 1.490898551722387, 0.843145880368878, 1.247431522899637, 2.523716623876582, 1.9915954425096924, 5.912608682939273, 0.7488515338093005, 6.004933484322938, 2.5034970363467592, 1.9356372709422818, 1.8040923291313784, 3.676188829680212, 0.9533741524293593, 2.0684556730887937, 1.18859210033617]
APTIDAO: 
26.414401779891882
GEN: 4200
Individuo: 
[1.8345097259974519, 2.5967866313060814, 3.06218793850092, 1.406932775725788, 1.3859960906255442, 0.684076395448094, 0.4920249556155973, 0.5077268843015154, 0.38303752435604865, 0.257225152943977, 0.7132146174663323, 0.5269709451567902, 24.134428630108715, 13.520934778688469, 8.445480270759436, 2.056141363219683, 4.294585465435326, 1.1134611116944597, 2.3145837329542074, 5.742878581194293, 2.24604892617038, 0.7935356394184573, 1.2817646747825993, 1.490898551722387, 0.843145880368878, 1.247431522899637, 2.523716623876582, 1.9915954425096924, 5.912608682939273, 0.7488515338093005, 6.004933484322938, 2.5034970363467592, 1.9356372709422818, 1.8976579467506445, 4.699192872240432, 0.7668033898226083, 1.91629369765482, 1.7221908292665815]
APTIDAO: 
26.287777422809583
GEN: 4300
Individuo: 
[1.8345097259974519, 2.5967866313060814, 3.06218793850092, 1.406932775725788, 1.3859960906255442, 0.684076395448094, 0.4920249556155973, 0.5077268843015154, 0.38303752435604865, 0.257225152943977, 0.7104244837675658, 0.5269709451567902, 24.134428630108715, 13.520934778688469, 8.445480270759436, 2.056141363219683, 4.240653789681364, 1.1134611116944597, 2.3145837329542074, 5.742878581194293, 2.24604892617038, 0.7935356394184573, 1.2817646747825993, 1.490898551722387, 0.843145880368878, 1.247431522899637, 2.523716623876582, 1.9915954425096924, 5.912608682939273, 1.211722079820337, 6.004933484322938, 2.5034970363467592, 1.9356372709422818, 1.8976579467506445, 4.699192872240432, 0.8486903464366283, 1.91629369765482, 1.7221908292665815]
APTIDAO: 
26.26824283514462
GEN: 4400
Individuo: 
[1.8345097259974519, 2.5967866313060814, 3.06218793850092, 1.406932775725788, 1.3859960906255442, 0.6843086883566206, 0.4920249556155973, 0.5077268843015154, 0.38303752435604865, 0.257225152943977, 0.7104244837675658, 0.5269709451567902, 24.134428630108715, 13.520934778688469, 8.445480270759436, 2.848348676459423, 4.315595235355739, 1.1472440688301402, 2.3145837329542074, 5.742878581194293, 2.24604892617038, 0.7935356394184573, 1.2817646747825993, 1.490898551722387, 0.7887856420867503, 1.247431522899637, 2.523716623876582, 1.9915954425096924, 5.912608682939273, 1.211722079820337, 6.004933484322938, 2.5034970363467592, 1.9356372709422818, 1.8976579467506445, 2.844960601633504, 0.6276062515973343, 2.4887269924040782, 1.7221908292665815]
APTIDAO: 
26.2677645295429
GEN: 4500
Individuo: 
[1.8345097259974519, 2.5967866313060814, 3.06218793850092, 1.406932775725788, 1.3859960906255442, 0.6843086883566206, 0.5016868646178497, 0.5077268843015154, 0.38303752435604865, 0.257225152943977, 0.7104244837675658, 0.5269709451567902, 24.134428630108715, 14.910076350616357, 8.445480270759436, 2.848348676459423, 4.666330383838143, 1.3171439965010108, 2.3543940807257897, 5.742878581194293, 2.24604892617038, 0.7935356394184573, 1.2817646747825993, 1.490898551722387, 0.7887856420867503, 1.992544430722434, 2.523716623876582, 1.9915954425096924, 5.912608682939273, 1.211722079820337, 6.004933484322938, 2.5034970363467592, 2.789147186946351, 1.8976579467506445, 2.844960601633504, 0.5448817838740933, 1.8178996297036196, 2.032705096422806]
APTIDAO: 
26.24040284790966
GEN: 4600
Individuo: 
[1.8345097259974519, 2.5967866313060814, 3.06218793850092, 1.4061449683554692, 1.3859960906255442, 0.6843086883566206, 0.5016868646178497, 0.5077268843015154, 0.38303752435604865, 0.257225152943977, 0.7104244837675658, 0.5269709451567902, 24.134428630108715, 14.910076350616357, 8.445480270759436, 2.4941490167124067, 4.465138600914542, 1.2452606357035068, 2.3543940807257897, 5.742878581194293, 2.24604892617038, 0.7935356394184573, 1.3373504697197536, 1.490898551722387, 0.7887856420867503, 1.992544430722434, 2.523716623876582, 1.9915954425096924, 5.912608682939273, 1.211722079820337, 6.004933484322938, 2.5034970363467592, 2.789147186946351, 1.8976579467506445, 2.689683389026809, 0.7991066226930721, 0.7320493831262591, 2.032705096422806]
APTIDAO: 
26.240129784277126
GEN: 4700
Individuo: 
[1.7978902292505805, 2.5967866313060814, 3.0501994067643343, 1.397916062435748, 1.3859960906255442, 0.6889593099112097, 0.5016868646178497, 0.5077268843015154, 0.38303752435604865, 0.257225152943977, 0.7104244837675658, 0.5269709451567902, 21.084243027375717, 14.910076350616357, 6.0530754497431065, 2.4941490167124067, 4.465138600914542, 1.671944452126231, 2.3543940807257897, 3.146447627525341, 2.24604892617038, 0.6003526350680465, 1.7532939180194955, 1.490898551722387, 0.9721636151032937, 1.992544430722434, 2.523716623876582, 1.9915954425096924, 5.912608682939273, 1.211722079820337, 6.004933484322938, 4.7959357335252575, 2.789147186946351, 1.2674712905530925, 2.689683389026809, 0.7991066226930721, 1.0380342548721353, 2.032705096422806]
APTIDAO: 
26.000557176059132
GEN: 4800
Individuo: 
[1.7940909295157388, 2.5967866313060814, 3.0501994067643343, 1.397916062435748, 1.3859960906255442, 0.6889593099112097, 0.5016868646178497, 0.5077268843015154, 0.38303752435604865, 0.257225152943977, 0.7104244837675658, 0.5337819630538755, 21.084243027375717, 14.910076350616357, 6.0530754497431065, 2.833836163293783, 4.465138600914542, 1.671944452126231, 2.5874600963450383, 3.240114792845693, 2.24604892617038, 0.6003526350680465, 1.7532939180194955, 1.490898551722387, 0.9721636151032937, 1.992544430722434, 2.523716623876582, 1.9915954425096924, 5.912608682939273, 1.211722079820337, 8.191459234805958, 4.7959357335252575, 2.789147186946351, 1.2674712905530925, 2.3762353037957182, 0.7991066226930721, 1.0380342548721353, 2.9799708243786727]
APTIDAO: 
25.958604039345545
GEN: 4900
Individuo: 
[1.7940909295157388, 2.5967866313060814, 3.0501994067643343, 1.397916062435748, 1.3859960906255442, 0.6889593099112097, 0.5016868646178497, 0.5077268843015154, 0.38334743913803526, 0.257225152943977, 0.7104244837675658, 0.5337819630538755, 22.098384505693797, 14.910076350616357, 6.0530754497431065, 2.1498989690843056, 4.465138600914542, 1.0458619198519883, 2.3906306208005823, 3.240114792845693, 2.24604892617038, 0.6003526350680465, 1.7532939180194955, 1.490898551722387, 0.9721636151032937, 1.992544430722434, 2.523716623876582, 2.12601374390422, 5.912608682939273, 1.211722079820337, 8.191459234805958, 6.621637115209499, 2.789147186946351, 1.2674712905530925, 1.9557625519455033, 0.7991066226930721, 0.6878839926944339, 2.939616103392789]
APTIDAO: 
25.95227665059898
GEN: 5000
Individuo: 
[1.7940909295157388, 2.5967866313060814, 3.0501994067643343, 1.397916062435748, 1.3859960906255442, 0.6889593099112097, 0.5016868646178497, 0.5077268843015154, 0.38334743913803526, 0.2568768903447021, 0.7104244837675658, 0.5337819630538755, 22.098384505693797, 14.910076350616357, 6.0530754497431065, 2.1498989690843056, 4.465138600914542, 1.3369086169151798, 2.3906306208005823, 3.240114792845693, 2.24604892617038, 0.6003526350680465, 1.7532939180194955, 1.490898551722387, 0.9721636151032937, 1.992544430722434, 2.523716623876582, 2.12601374390422, 6.439727632105068, 1.211722079820337, 8.191459234805958, 6.621637115209499, 2.789147186946351, 1.2674712905530925, 1.9557625519455033, 0.7991066226930721, 1.007791473053894, 2.939616103392789]
APTIDAO: 
25.94836525655665
GEN: 5100
Individuo: 
[1.7940909295157388, 2.5967866313060814, 2.9974968056429803, 1.7862730100778217, 1.3859960906255442, 0.6889593099112097, 0.5214289814410371, 0.4550208874900981, 0.38334743913803526, 0.2568768903447021, 0.7104244837675658, 0.5337819630538755, 23.918546792982507, 13.248363022184188, 6.0530754497431065, 2.1498989690843056, 4.465138600914542, 1.3606431063224276, 2.6861706369895524, 3.240114792845693, 2.24604892617038, 0.8561402148723195, 1.2488427185707376, 1.490898551722387, 0.9721636151032937, 1.941508326375637, 3.0799812852669253, 2.12601374390422, 6.439727632105068, 1.211722079820337, 8.191459234805958, 1.6274188445212086, 5.296515910274253, 1.2674712905530925, 1.9557625519455033, 0.7991066226930721, 1.7766890812058131, 3.239816936556801]
APTIDAO: 
25.68803390918785
GEN: 5200
Individuo: 
[1.7940909295157388, 2.5967866313060814, 2.693175723846614, 1.7862730100778217, 1.3859960906255442, 0.7022287050982978, 0.5214289814410371, 0.4550208874900981, 0.38166262782599886, 0.2568768903447021, 0.7104244837675658, 0.5337819630538755, 23.918546792982507, 11.173813970010267, 5.481942665377362, 2.17495954326493, 5.769687912131534, 1.3606431063224276, 2.6861706369895524, 3.240114792845693, 2.24604892617038, 1.568376816447624, 1.2488427185707376, 1.490898551722387, 0.685199631255674, 1.941508326375637, 3.0799812852669253, 2.848424965008592, 6.439727632105068, 1.211722079820337, 8.191459234805958, 1.6274188445212086, 6.673778473194715, 1.0724665331146732, 1.793587789593059, 1.5840473486607463, 1.7766890812058131, 3.239816936556801]
APTIDAO: 
25.260973353866618
GEN: 5300
Individuo: 
[1.7794949539405995, 2.5967866313060814, 2.693175723846614, 1.7862730100778217, 1.3859960906255442, 0.7022287050982978, 0.5214289814410371, 0.4550208874900981, 0.38166262782599886, 0.2568768903447021, 0.7104244837675658, 0.5337819630538755, 23.773391902041027, 11.173813970010267, 5.481942665377362, 2.17495954326493, 5.568116705287282, 1.787939733696707, 2.6861706369895524, 2.37421823139296, 2.24604892617038, 1.568376816447624, 1.2488427185707376, 1.490898551722387, 0.685199631255674, 1.941508326375637, 3.0799812852669253, 2.848424965008592, 6.439727632105068, 1.211722079820337, 8.191459234805958, 1.103412795264122, 6.673778473194715, 1.0724665331146732, 1.793587789593059, 1.2973756570787947, 2.1812663855465058, 3.239816936556801]
APTIDAO: 
25.22960131199291
GEN: 5400
Individuo: 
[1.7794949539405995, 2.5967866313060814, 2.693175723846614, 1.7862730100778217, 1.3859960906255442, 0.7022287050982978, 0.5214289814410371, 0.4550208874900981, 0.4413932827552207, 0.2568768903447021, 0.7104244837675658, 0.44992474845746006, 23.773391902041027, 11.173813970010267, 5.895295303441586, 2.17495954326493, 4.126593986042956, 1.1951060145727563, 2.714914934901869, 2.37421823139296, 2.24604892617038, 1.568376816447624, 1.2488427185707376, 1.490898551722387, 0.685199631255674, 1.941508326375637, 3.0799812852669253, 2.0673586950904417, 6.439727632105068, 1.211722079820337, 5.2987255397065915, 1.103412795264122, 6.673778473194715, 1.431984025127302, 1.793587789593059, 1.6106445085272065, 2.1126161224311857, 2.4366156183093657]
APTIDAO: 
24.960533239714035
GEN: 5500
Individuo: 
[1.7794949539405995, 2.5967866313060814, 2.693175723846614, 1.7862730100778217, 1.3859960906255442, 0.7022287050982978, 0.5214289814410371, 0.4550208874900981, 0.4413932827552207, 0.2568768903447021, 0.7104244837675658, 0.4606561012058397, 23.773391902041027, 13.599474013058385, 5.895295303441586, 2.952647872948858, 4.126593986042956, 1.2685864167811822, 2.714914934901869, 2.37421823139296, 2.24604892617038, 1.568376816447624, 1.2488427185707376, 1.490898551722387, 0.685199631255674, 1.941508326375637, 3.0799812852669253, 2.0673586950904417, 6.439727632105068, 1.211722079820337, 3.727552553597872, 1.103412795264122, 4.323484574939674, 1.431984025127302, 0.8264063849181986, 1.6106445085272065, 2.1199274620656148, 2.4366156183093657]
APTIDAO: 
24.891469390958783
GEN: 5600
Individuo: 
[1.7794949539405995, 2.5967866313060814, 2.693175723846614, 1.7862730100778217, 1.3859960906255442, 0.7022287050982978, 0.5214289814410371, 0.4550208874900981, 0.4413932827552207, 0.2568768903447021, 0.7116174134766962, 0.4606561012058397, 23.773391902041027, 13.79099731643764, 5.895295303441586, 2.952647872948858, 4.126593986042956, 1.1528289584207587, 2.9855219664933577, 2.37421823139296, 2.24604892617038, 1.568376816447624, 1.2488427185707376, 1.490898551722387, 0.685199631255674, 1.941508326375637, 3.0799812852669253, 2.0673586950904417, 6.439727632105068, 0.9178122842069806, 3.727552553597872, 1.103412795264122, 3.253661833857956, 1.431984025127302, 0.8264063849181986, 1.6106445085272065, 2.0744893899913044, 1.8166485303684234]
APTIDAO: 
24.889961164245285
GEN: 5700
Individuo: 
[1.7794949539405995, 2.5967866313060814, 2.693175723846614, 1.7862730100778217, 1.3859960906255442, 0.7022287050982978, 0.5214289814410371, 0.4550208874900981, 0.4413932827552207, 0.2568768903447021, 0.7116174134766962, 0.4606561012058397, 24.648619527019743, 13.79099731643764, 5.895295303441586, 2.082696529225722, 4.126593986042956, 1.1528289584207587, 2.0644968115784037, 2.37421823139296, 2.24604892617038, 1.568376816447624, 1.2488427185707376, 1.490898551722387, 0.685199631255674, 1.941508326375637, 3.0799812852669253, 2.0673586950904417, 6.439727632105068, 0.9178122842069806, 3.727552553597872, 0.5725412801935242, 3.253661833857956, 1.431984025127302, 0.8973084013571381, 1.6106445085272065, 2.0744893899913044, 0.5358668292974673]
APTIDAO: 
24.88896164134242
GEN: 5800
Individuo: 
[1.7794949539405995, 2.59458237698922, 2.693175723846614, 1.7862730100778217, 1.3859960906255442, 0.7018455273688514, 0.5214289814410371, 0.4550208874900981, 0.4413932827552207, 0.2551597704578093, 0.7116174134766962, 0.4606561012058397, 24.648619527019743, 13.79099731643764, 5.581257672289945, 2.082696529225722, 4.126593986042956, 1.1528289584207587, 2.0644968115784037, 2.37421823139296, 3.1007803241549374, 1.568376816447624, 1.2488427185707376, 1.490898551722387, 0.5826397126133289, 1.941508326375637, 3.0799812852669253, 2.0673586950904417, 6.994734305251434, 0.9178122842069806, 3.727552553597872, 0.5725412801935242, 3.253661833857956, 1.4440503245697816, 0.8973084013571381, 1.6106445085272065, 2.0744893899913044, 0.5358668292974673]
APTIDAO: 
24.86325561999416
GEN: 5900
Individuo: 
[1.7794949539405995, 2.59458237698922, 2.693175723846614, 1.7862730100778217, 1.3859960906255442, 0.7018455273688514, 0.5214289814410371, 0.4550208874900981, 0.4413932827552207, 0.25459156195324417, 0.7116174134766962, 0.4606561012058397, 24.648619527019743, 13.79099731643764, 5.581257672289945, 2.082696529225722, 4.126593986042956, 1.1528289584207587, 2.0644968115784037, 2.37421823139296, 3.1007803241549374, 1.568376816447624, 1.2488427185707376, 1.490898551722387, 0.5826397126133289, 1.941508326375637, 3.0799812852669253, 2.0673586950904417, 4.898136619094685, 0.9178122842069806, 3.727552553597872, 0.5725412801935242, 3.253661833857956, 1.4440503245697816, 0.8973084013571381, 1.6106445085272065, 2.0744893899913044, 0.5358668292974673]
APTIDAO: 
24.8615661149427
GEN: 6000
Individuo: 
[1.7794949539405995, 2.59458237698922, 2.693175723846614, 1.7862730100778217, 1.3859960906255442, 0.7018455273688514, 0.5214289814410371, 0.4550208874900981, 0.4413932827552207, 0.25459156195324417, 0.7116174134766962, 0.4606561012058397, 24.648619527019743, 13.79099731643764, 5.581257672289945, 2.186401936884878, 4.126593986042956, 1.7589328527961379, 2.5284661159227984, 2.37421823139296, 3.1007803241549374, 1.568376816447624, 1.2488427185707376, 1.490898551722387, 0.5826397126133289, 1.941508326375637, 3.0799812852669253, 2.0673586950904417, 4.898136619094685, 0.9178122842069806, 3.727552553597872, 0.5725412801935242, 3.253661833857956, 1.4440503245697816, 0.9279457173677322, 1.6106445085272065, 2.93777904428843, 0.7117591737550175]
APTIDAO: 
24.8615661149427
GEN: 6100
Individuo: 
[1.773356009321404, 2.59458237698922, 2.693175723846614, 1.7862730100778217, 1.3859960906255442, 0.7018455273688514, 0.5214289814410371, 0.4550208874900981, 0.4413932827552207, 0.25459156195324417, 0.7116174134766962, 0.4606561012058397, 22.292483461517968, 13.79099731643764, 5.581257672289945, 2.186401936884878, 4.126593986042956, 1.7589328527961379, 2.5284661159227984, 2.338012249907379, 3.1007803241549374, 1.568376816447624, 1.2488427185707376, 1.490898551722387, 0.5826397126133289, 1.941508326375637, 3.0799812852669253, 2.0673586950904417, 4.898136619094685, 0.9178122842069806, 3.727552553597872, 0.8978745917918136, 3.253661833857956, 1.4440503245697816, 0.9279457173677322, 1.6106445085272065, 2.93777904428843, 0.7117591737550175]
APTIDAO: 
24.843160774463026
GEN: 6200
Individuo: 
[1.773356009321404, 2.59458237698922, 2.693175723846614, 1.7862730100778217, 1.3859960906255442, 0.7018455273688514, 0.5214289814410371, 0.4550208874900981, 0.4413932827552207, 0.25459156195324417, 0.7116174134766962, 0.4606561012058397, 22.292483461517968, 13.79099731643764, 5.581257672289945, 2.1000582339453793, 4.126593986042956, 1.7589328527961379, 2.1649188870331475, 2.338012249907379, 3.1007803241549374, 1.568376816447624, 1.2488427185707376, 1.490898551722387, 0.5826397126133289, 1.941508326375637, 3.0799812852669253, 2.0673586950904417, 4.898136619094685, 0.9178122842069806, 3.727552553597872, 0.8978745917918136, 3.253661833857956, 1.4440503245697816, 1.1376042649421714, 1.6106445085272065, 2.93777904428843, 0.519113081598026]
APTIDAO: 
24.843160774463026
GEN: 6300
Individuo: 
[1.773356009321404, 2.59458237698922, 2.693175723846614, 1.7862730100778217, 1.3859960906255442, 0.7018455273688514, 0.5214289814410371, 0.4550208874900981, 0.4413932827552207, 0.25459156195324417, 0.7116174134766962, 0.4606561012058397, 22.292483461517968, 13.79099731643764, 5.581257672289945, 2.1000582339453793, 4.126593986042956, 1.4690403605330635, 2.1649188870331475, 2.338012249907379, 3.1007803241549374, 1.568376816447624, 1.2488427185707376, 1.490898551722387, 0.5826397126133289, 1.941508326375637, 3.0799812852669253, 2.0673586950904417, 4.898136619094685, 0.9178122842069806, 3.727552553597872, 0.8978745917918136, 3.253661833857956, 1.4440503245697816, 1.1376042649421714, 1.6106445085272065, 2.8372223838185437, 0.519113081598026]
APTIDAO: 
24.843160774463026
GEN: 6400
Individuo: 
[1.773356009321404, 2.59458237698922, 2.693175723846614, 1.7862730100778217, 1.3859960906255442, 0.7018455273688514, 0.5214289814410371, 0.4550208874900981, 0.4437597210815332, 0.25459156195324417, 0.7116174134766962, 0.46149736763435145, 24.824734293386175, 13.79099731643764, 5.581257672289945, 2.469283711990367, 4.721172987029687, 1.4690403605330635, 2.1649188870331475, 2.338012249907379, 3.1007803241549374, 1.568376816447624, 1.2488427185707376, 1.490898551722387, 0.5826397126133289, 1.941508326375637, 3.0799812852669253, 2.1267666066228417, 4.898136619094685, 0.9178122842069806, 2.3354825494734226, 0.6667780833090136, 3.253661833857956, 1.4440503245697816, 0.7013438829106549, 2.232432606434807, 2.8372223838185437, 0.519113081598026]
APTIDAO: 
24.81812241596119
GEN: 6500
Individuo: 
[1.773356009321404, 2.59458237698922, 2.693175723846614, 1.7862730100778217, 1.3859960906255442, 0.7018455273688514, 0.5214289814410371, 0.4550208874900981, 0.4437597210815332, 0.25459156195324417, 0.7116174134766962, 0.46149736763435145, 24.824734293386175, 13.79099731643764, 5.581257672289945, 2.0679799148308082, 4.721172987029687, 1.9320817181852905, 2.160881287935783, 2.338012249907379, 3.1007803241549374, 1.568376816447624, 1.2488427185707376, 1.490898551722387, 0.5826397126133289, 1.941508326375637, 3.0799812852669253, 2.1267666066228417, 4.898136619094685, 0.9178122842069806, 2.3354825494734226, 0.6667780833090136, 3.253661833857956, 1.4440503245697816, 0.853814473213669, 2.232432606434807, 0.9658744680612663, 0.6199476441587699]
APTIDAO: 
24.81812241596119
GEN: 6600
Individuo: 
[1.773356009321404, 2.59458237698922, 2.693175723846614, 1.7862730100778217, 1.3859960906255442, 0.7018455273688514, 0.5214289814410371, 0.4550208874900981, 0.4437597210815332, 0.25459156195324417, 0.7116174134766962, 0.46149736763435145, 24.824734293386175, 13.79099731643764, 5.581257672289945, 2.0679799148308082, 4.12618612396833, 1.4973550084448428, 2.160881287935783, 2.338012249907379, 3.1007803241549374, 1.568376816447624, 1.2488427185707376, 1.490898551722387, 0.5826397126133289, 1.941508326375637, 3.0799812852669253, 2.1267666066228417, 4.898136619094685, 0.9178122842069806, 2.3354825494734226, 0.6667780833090136, 3.253661833857956, 1.4440503245697816, 0.853814473213669, 2.9194162634605347, 1.867988407560553, 0.6199476441587699]
APTIDAO: 
24.81812241596119
GEN: 6700
Individuo: 
[1.773356009321404, 2.59458237698922, 2.693175723846614, 1.7862730100778217, 1.3859960906255442, 0.7018455273688514, 0.5214289814410371, 0.4550208874900981, 0.4437597210815332, 0.25459156195324417, 0.7116174134766962, 0.46149736763435145, 24.824734293386175, 13.79099731643764, 5.581257672289945, 2.229186989186753, 4.12618612396833, 1.4973550084448428, 2.353963347198967, 2.338012249907379, 3.1007803241549374, 1.568376816447624, 1.2488427185707376, 1.490898551722387, 0.5826397126133289, 1.941508326375637, 3.0799812852669253, 2.1267666066228417, 4.898136619094685, 0.9178122842069806, 2.3354825494734226, 0.6667780833090136, 3.253661833857956, 1.4440503245697816, 0.8060870336391962, 2.9194162634605347, 1.867988407560553, 1.7291016878348533]
APTIDAO: 
24.81812241596119
GEN: 6800
Individuo: 
[1.773356009321404, 2.59458237698922, 2.6895204402531903, 1.7862730100778217, 1.3859960906255442, 0.7009681711658767, 0.5214289814410371, 0.4550208874900981, 0.4437597210815332, 0.25459156195324417, 0.7116174134766962, 0.46149736763435145, 24.824734293386175, 13.586354964761592, 5.581257672289945, 2.898622659916493, 4.12618612396833, 1.2648201198034579, 2.353963347198967, 2.338012249907379, 3.1007803241549374, 2.096295594924536, 1.2488427185707376, 1.490898551722387, 0.5109332527029715, 1.941508326375637, 3.0799812852669253, 2.1267666066228417, 4.898136619094685, 0.9178122842069806, 2.3354825494734226, 0.6667780833090136, 3.88311082601534, 1.4440503245697816, 1.0744641883560773, 2.9194162634605347, 1.1361365186865786, 1.7291016878348533]
APTIDAO: 
24.81616577141457
GEN: 6900
Individuo: 
[1.773356009321404, 2.59458237698922, 2.6895204402531903, 1.7862730100778217, 1.3859960906255442, 0.7009681711658767, 0.5214289814410371, 0.4550208874900981, 0.4437597210815332, 0.25459156195324417, 0.7116174134766962, 0.46149736763435145, 24.824734293386175, 13.586354964761592, 5.581257672289945, 2.898622659916493, 4.12618612396833, 1.3345804474131293, 2.815710242839582, 2.338012249907379, 3.1007803241549374, 2.096295594924536, 1.2488427185707376, 1.490898551722387, 0.5109332527029715, 1.941508326375637, 3.0799812852669253, 2.1267666066228417, 4.898136619094685, 0.9178122842069806, 2.3354825494734226, 0.6667780833090136, 3.88311082601534, 1.4440503245697816, 1.0744641883560773, 2.9194162634605347, 0.9207467967590103, 2.600929225193425]
APTIDAO: 
24.81616577141457
GEN: 7000
Individuo: 
[1.773356009321404, 2.59458237698922, 2.6895204402531903, 1.7862730100778217, 1.3859960906255442, 0.7009681711658767, 0.5214289814410371, 0.4550208874900981, 0.4437597210815332, 0.25459156195324417, 0.7121990814990202, 0.46149736763435145, 24.824734293386175, 13.586354964761592, 5.071275278719237, 2.898622659916493, 4.12618612396833, 1.1204886088209258, 2.6137445867435, 2.338012249907379, 3.1007803241549374, 2.096295594924536, 1.2488427185707376, 1.490898551722387, 0.5109332527029715, 1.941508326375637, 3.0799812852669253, 2.1267666066228417, 4.898136619094685, 1.0055316251216164, 2.3354825494734226, 0.6667780833090136, 3.88311082601534, 1.9904070149958362, 1.0744641883560773, 2.9194162634605347, 1.0085580972152846, 3.777494890498721]
APTIDAO: 
24.81421329082975
GEN: 7100
Individuo: 
[1.773356009321404, 2.59458237698922, 2.6895204402531903, 1.7862730100778217, 1.3859960906255442, 0.7009681711658767, 0.5214289814410371, 0.4550208874900981, 0.4437597210815332, 0.25459156195324417, 0.7121990814990202, 0.46149736763435145, 24.824734293386175, 13.586354964761592, 5.510448418125662, 2.4947302523307964, 4.12618612396833, 1.760696329255216, 2.6137445867435, 2.338012249907379, 3.1007803241549374, 2.096295594924536, 1.2488427185707376, 1.490898551722387, 0.5109332527029715, 1.941508326375637, 3.0799812852669253, 2.1267666066228417, 4.898136619094685, 1.0055316251216164, 2.3354825494734226, 0.6667780833090136, 3.88311082601534, 2.049919166597316, 1.1467278190839365, 2.9194162634605347, 1.3867290284221672, 3.777494890498721]
APTIDAO: 
24.81421329082975
GEN: 7200
Individuo: 
[1.773356009321404, 2.59458237698922, 2.6895204402531903, 1.7862730100778217, 1.3859960906255442, 0.7009681711658767, 0.5214289814410371, 0.4550208874900981, 0.4437597210815332, 0.25459156195324417, 0.7121990814990202, 0.46149736763435145, 24.824734293386175, 13.783885637102278, 5.828118215099691, 2.0161272767908076, 4.12618612396833, 1.760696329255216, 2.6137445867435, 2.338012249907379, 3.1007803241549374, 2.096295594924536, 1.2488427185707376, 1.490898551722387, 0.5109332527029715, 1.941508326375637, 3.0799812852669253, 2.1267666066228417, 4.898136619094685, 1.0055316251216164, 2.3354825494734226, 0.6667780833090136, 3.6491336390513225, 2.4183085813273704, 1.02115905341315, 2.9194162634605347, 1.3867290284221672, 3.777494890498721]
APTIDAO: 
24.81421329082975
GEN: 7300
Individuo: 
[1.773356009321404, 2.59458237698922, 2.6895204402531903, 1.7862730100778217, 1.3859960906255442, 0.7009681711658767, 0.5214289814410371, 0.4550208874900981, 0.44461137993779326, 0.25459156195324417, 0.7121990814990202, 0.46149736763435145, 24.824734293386175, 13.712550218854508, 5.828118215099691, 2.081606959916419, 4.12618612396833, 1.5978023707557427, 2.6137445867435, 2.338012249907379, 3.1007803241549374, 2.096295594924536, 1.2488427185707376, 1.490898551722387, 0.5109332527029715, 1.941508326375637, 3.0799812852669253, 1.6681429680063904, 4.898136619094685, 1.0055316251216164, 2.3354825494734226, 0.6667780833090136, 2.9976034712153585, 2.4183085813273704, 1.1233756226392504, 2.9194162634605347, 1.2565713363167927, 3.777494890498721]
APTIDAO: 
24.812765279936013
GEN: 7400
Individuo: 
[1.773356009321404, 2.59458237698922, 2.6895204402531903, 1.7862730100778217, 1.3859960906255442, 0.7009681711658767, 0.5214289814410371, 0.4550208874900981, 0.44461137993779326, 0.25459156195324417, 0.7121990814990202, 0.46149736763435145, 24.155883869614247, 13.379258656385947, 5.828118215099691, 2.0429807365010695, 4.12618612396833, 1.817817093381058, 2.6137445867435, 2.338012249907379, 3.1007803241549374, 2.096295594924536, 1.2488427185707376, 1.490898551722387, 0.5109332527029715, 1.941508326375637, 3.0799812852669253, 1.6681429680063904, 4.898136619094685, 1.0055316251216164, 2.3354825494734226, 0.6039188283497889, 4.207620931765459, 2.4183085813273704, 1.8056349079412606, 2.9194162634605347, 1.6344469604625138, 3.777494890498721]
APTIDAO: 
24.812765279936013
GEN: 7500
Individuo: 
[1.773356009321404, 2.59458237698922, 2.6895204402531903, 1.7862730100778217, 1.3859960906255442, 0.7009681711658767, 0.5214289814410371, 0.4550208874900981, 0.44461137993779326, 0.25459156195324417, 0.7121990814990202, 0.46149736763435145, 24.155883869614247, 13.379258656385947, 5.828118215099691, 2.1021227455877347, 4.12618612396833, 1.3100538393390966, 2.6137445867435, 2.338012249907379, 3.1007803241549374, 2.096295594924536, 1.2488427185707376, 1.490898551722387, 0.5109332527029715, 1.941508326375637, 3.0799812852669253, 1.6681429680063904, 4.898136619094685, 1.0055316251216164, 2.3354825494734226, 0.6039188283497889, 4.207620931765459, 2.4183085813273704, 2.834231170516486, 2.9194162634605347, 1.1224538923529621, 3.777494890498721]
APTIDAO: 
24.812765279936013
GEN: 7600
Individuo: 
[1.773356009321404, 2.59458237698922, 2.668143724736882, 1.7862730100778217, 1.3859960906255442, 0.7009681711658767, 0.5244871961509289, 0.4550208874900981, 0.44461137993779326, 0.25459156195324417, 0.7121990814990202, 0.46149736763435145, 24.155883869614247, 13.379258656385947, 5.828118215099691, 2.0158542304795444, 4.12618612396833, 1.4955385811906896, 2.6137445867435, 2.338012249907379, 3.1007803241549374, 1.6038469138918618, 1.2488427185707376, 1.490898551722387, 0.5109332527029715, 1.1786368370947042, 3.0799812852669253, 1.6681429680063904, 4.898136619094685, 1.0055316251216164, 2.3354825494734226, 0.6039188283497889, 4.207620931765459, 2.4183085813273704, 1.2728351479399527, 2.9194162634605347, 1.0319569413167788, 3.777494890498721]
APTIDAO: 
24.80534727376121
GEN: 7700
Individuo: 
[1.75580369906769, 2.59458237698922, 2.668143724736882, 1.7862730100778217, 1.3859960906255442, 0.7009681711658767, 0.5244871961509289, 0.4550208874900981, 0.44461137993779326, 0.25459156195324417, 0.7121990814990202, 0.46149736763435145, 24.155883869614247, 13.379258656385947, 5.406317311853984, 2.0158542304795444, 4.12618612396833, 1.1852729981699954, 2.6137445867435, 3.469393012456339, 3.1007803241549374, 1.6038469138918618, 1.2488427185707376, 1.490898551722387, 0.5109332527029715, 1.1786368370947042, 3.0799812852669253, 1.6681429680063904, 4.898136619094685, 1.0055316251216164, 2.3354825494734226, 0.6039188283497889, 4.207620931765459, 2.0393362020314525, 1.2728351479399527, 2.9194162634605347, 1.0121684587807416, 3.777494890498721]
APTIDAO: 
24.787857780112905
GEN: 7800
Individuo: 
[1.75580369906769, 2.59458237698922, 2.668143724736882, 1.8181494263328775, 1.390052677071112, 0.7009681711658767, 0.5244871961509289, 0.4550208874900981, 0.44461137993779326, 0.25459156195324417, 0.7121990814990202, 0.46149736763435145, 23.02372399931561, 13.893276089088827, 5.406317311853984, 2.0158542304795444, 4.12618612396833, 1.1852729981699954, 2.6137445867435, 3.469393012456339, 3.1007803241549374, 1.6038469138918618, 0.710906325677997, 1.0620141634094695, 0.5109332527029715, 1.1786368370947042, 3.0799812852669253, 1.6681429680063904, 4.898136619094685, 1.0055316251216164, 2.3354825494734226, 0.9297095035842775, 4.265189560851984, 2.0393362020314525, 1.2728351479399527, 2.9194162634605347, 1.0121684587807416, 3.777494890498721]
APTIDAO: 
24.693880641152596
GEN: 7900
Individuo: 
[1.75580369906769, 2.59458237698922, 2.668143724736882, 1.8181494263328775, 1.390052677071112, 0.7009681711658767, 0.5244871961509289, 0.4550208874900981, 0.44461137993779326, 0.25459156195324417, 0.7121990814990202, 0.46149736763435145, 23.02372399931561, 13.893276089088827, 5.406317311853984, 2.0158542304795444, 4.671366534084862, 1.6326778459092752, 2.6137445867435, 3.469393012456339, 3.1007803241549374, 1.6038469138918618, 0.710906325677997, 1.0620141634094695, 0.5109332527029715, 1.1786368370947042, 3.0799812852669253, 1.6681429680063904, 4.898136619094685, 1.0055316251216164, 2.3354825494734226, 0.9297095035842775, 4.265189560851984, 2.0393362020314525, 1.2728351479399527, 4.11119464606904, 1.3040285980596589, 3.777494890498721]
APTIDAO: 
24.693880641152596
GEN: 8000
Individuo: 
[1.75580369906769, 2.59458237698922, 2.668143724736882, 1.8181494263328775, 1.390052677071112, 0.7009681711658767, 0.5244871961509289, 0.4550208874900981, 0.44461137993779326, 0.25459156195324417, 0.7121990814990202, 0.46149736763435145, 24.322728298269368, 13.893276089088827, 5.406317311853984, 2.7162420906760882, 4.671366534084862, 1.2482529236413953, 2.7125407432838307, 3.469393012456339, 3.1007803241549374, 1.6038469138918618, 0.710906325677997, 1.0620141634094695, 0.5109332527029715, 1.1786368370947042, 3.0799812852669253, 1.6681429680063904, 4.898136619094685, 1.0055316251216164, 2.3354825494734226, 0.7716464493782926, 4.265189560851984, 2.0393362020314525, 1.2377207139286601, 4.11119464606904, 0.9697491305878306, 1.8753769420512931]
APTIDAO: 
24.688567924107097
GEN: 8100
Individuo: 
[1.75580369906769, 2.59458237698922, 2.668143724736882, 1.8181494263328775, 1.390052677071112, 0.7009681711658767, 0.5244871961509289, 0.4550208874900981, 0.44461137993779326, 0.25459156195324417, 0.7121990814990202, 0.46149736763435145, 24.322728298269368, 13.893276089088827, 5.406317311853984, 2.7378831879405747, 4.252193084046834, 1.6534993075028657, 2.2503545872678115, 3.469393012456339, 3.1007803241549374, 1.6038469138918618, 0.710906325677997, 1.0620141634094695, 0.5109332527029715, 1.1786368370947042, 3.0799812852669253, 1.6681429680063904, 4.898136619094685, 1.0055316251216164, 2.3354825494734226, 0.7716464493782926, 4.265189560851984, 2.0393362020314525, 1.6070843710670595, 4.431757236658883, 2.653848208661024, 1.4945450776284341]
APTIDAO: 
24.688567924107097
GEN: 8200
Individuo: 
[1.75580369906769, 2.59458237698922, 2.668143724736882, 1.8181494263328775, 1.390052677071112, 0.7009681711658767, 0.5244871961509289, 0.4550208874900981, 0.44461137993779326, 0.25459156195324417, 0.7122189756753454, 0.46149736763435145, 24.322728298269368, 13.893276089088827, 5.406317311853984, 2.4455498713612718, 4.252193084046834, 1.3623383095012782, 2.2503545872678115, 3.469393012456339, 3.1007803241549374, 1.6038469138918618, 0.710906325677997, 1.0620141634094695, 0.5109332527029715, 1.1786368370947042, 3.0799812852669253, 1.6681429680063904, 4.898136619094685, 0.9142999698625853, 2.3354825494734226, 0.7716464493782926, 4.265189560851984, 2.0393362020314525, 0.8674438573218466, 4.431757236658883, 2.0022021468136, 1.4945450776284341]
APTIDAO: 
24.688413195251297
GEN: 8300
Individuo: 
[1.75580369906769, 2.59458237698922, 2.668143724736882, 1.8181494263328775, 1.390052677071112, 0.7009681711658767, 0.5244871961509289, 0.4550208874900981, 0.4451995628267207, 0.25459156195324417, 0.7122189756753454, 0.46149736763435145, 24.917111801067602, 13.893276089088827, 5.206876851519176, 2.040284769421783, 4.252193084046834, 1.3623383095012782, 2.2503545872678115, 3.469393012456339, 3.1007803241549374, 1.6038469138918618, 0.710906325677997, 1.0620141634094695, 0.5109332527029715, 1.1786368370947042, 3.0799812852669253, 1.6642350953997584, 4.898136619094685, 0.9142999698625853, 2.3354825494734226, 0.8988538461602197, 4.265189560851984, 3.3885358739177502, 0.834279790303227, 4.431757236658883, 2.0022021468136, 1.4945450776284341]
APTIDAO: 
24.683900660059702
GEN: 8400
Individuo: 
[1.75580369906769, 2.5415058502734005, 2.668143724736882, 1.8181494263328775, 1.390052677071112, 0.7009681711658767, 0.5244871961509289, 0.4550208874900981, 0.4451995628267207, 0.25459156195324417, 0.7122189756753454, 0.46180829256810846, 24.917111801067602, 11.104644087459828, 5.206876851519176, 2.7485307558234897, 4.252193084046834, 1.100403508106253, 2.5892332211624995, 3.469393012456339, 3.8532781013601514, 1.6038469138918618, 0.710906325677997, 1.0620141634094695, 0.5109332527029715, 1.1786368370947042, 3.0799812852669253, 1.6642350953997584, 4.898136619094685, 0.9142999698625853, 1.81953808248838, 0.8988538461602197, 6.25695742429214, 3.3885358739177502, 0.6403317462479985, 4.431757236658883, 1.6749078518581706, 1.4958165466032214]
APTIDAO: 
24.569177261676074
GEN: 8500
Individuo: 
[1.75580369906769, 2.5415058502734005, 2.702085011620166, 1.8181494263328775, 1.390052677071112, 0.7009681711658767, 0.5244871961509289, 0.4556318433888758, 0.4451995628267207, 0.25459156195324417, 0.7122189756753454, 0.46180829256810846, 24.917111801067602, 11.104644087459828, 5.206876851519176, 2.756030185024234, 4.252193084046834, 1.119686723335598, 2.5892332211624995, 3.469393012456339, 3.8532781013601514, 0.883626824483459, 0.710906325677997, 1.0620141634094695, 0.5109332527029715, 1.1786368370947042, 2.917747484939464, 1.6642350953997584, 4.898136619094685, 0.9142999698625853, 1.81953808248838, 0.8988538461602197, 6.25695742429214, 3.3885358739177502, 0.8982311798002958, 4.431757236658883, 1.0596614949556382, 1.4958165466032214]
APTIDAO: 
24.53541485878509
GEN: 8600
Individuo: 
[1.75580369906769, 2.5415058502734005, 2.702085011620166, 1.8181494263328775, 1.390052677071112, 0.7009681711658767, 0.5244871961509289, 0.4556318433888758, 0.4451995628267207, 0.25459156195324417, 0.7153879179916167, 0.46180829256810846, 23.403400857258372, 11.484357100479576, 5.206876851519176, 2.4438872137752727, 4.252193084046834, 1.737901649771474, 2.5892332211624995, 3.469393012456339, 3.8532781013601514, 0.883626824483459, 0.710906325677997, 1.0620141634094695, 0.5109332527029715, 1.1786368370947042, 2.917747484939464, 1.6642350953997584, 4.898136619094685, 0.9372723799877781, 1.81953808248838, 0.8552396667443083, 4.813795240563456, 3.3885358739177502, 1.006613783552413, 4.431757236658883, 0.8316792307134498, 1.4958165466032214]
APTIDAO: 
24.55116500170026
GEN: 8700
Individuo: 
[1.7536644239429697, 2.532546353079204, 2.685868404680655, 1.8181494263328775, 1.390052677071112, 0.7009681711658767, 0.5244871961509289, 0.4556318433888758, 0.4451995628267207, 0.25459156195324417, 0.7153879179916167, 0.46180829256810846, 23.403400857258372, 11.484357100479576, 5.206876851519176, 2.265788735329282, 4.252193084046834, 1.737901649771474, 2.5892332211624995, 4.340479567906635, 4.267077274860407, 1.4834045100806201, 0.710906325677997, 1.0620141634094695, 0.5109332527029715, 1.1786368370947042, 2.917747484939464, 1.6642350953997584, 4.898136619094685, 0.9372723799877781, 1.81953808248838, 0.8552396667443083, 4.813795240563456, 3.3885358739177502, 0.5028978692259439, 4.431757236658883, 0.8316792307134498, 1.4958165466032214]
APTIDAO: 
24.499313375883176
GEN: 8800
Individuo: 
[1.7536644239429697, 2.532546353079204, 2.685868404680655, 1.8181494263328775, 1.390052677071112, 0.7009681711658767, 0.5244871961509289, 0.4556318433888758, 0.445792308804515, 0.25459156195324417, 0.7153879179916167, 0.4678958433487711, 24.730186974356968, 11.484357100479576, 5.361840547511997, 2.265788735329282, 4.252193084046834, 1.358516365218574, 2.5892332211624995, 4.340479567906635, 4.267077274860407, 1.4834045100806201, 0.710906325677997, 1.0620141634094695, 0.5109332527029715, 1.1786368370947042, 2.917747484939464, 1.8246669809543246, 4.898136619094685, 0.9372723799877781, 1.7590212351430812, 1.1454849785838188, 4.813795240563456, 3.8639776855292927, 0.5028978692259439, 4.431757236658883, 0.8617915508264677, 1.4958165466032214]
APTIDAO: 
24.46365435402298
GEN: 8900
Individuo: 
[1.7536644239429697, 2.532546353079204, 2.64655376955009, 1.8162742769838973, 1.390052677071112, 0.7009681711658767, 0.5244871961509289, 0.45870528161233537, 0.445792308804515, 0.25459156195324417, 0.7153879179916167, 0.4678958433487711, 24.730186974356968, 11.484357100479576, 5.361840547511997, 2.3124507906666087, 4.252193084046834, 1.522041118087272, 2.9846172737479164, 4.340479567906635, 4.267077274860407, 1.656015290843273, 1.4607159148045967, 1.0620141634094695, 0.5109332527029715, 1.1786368370947042, 2.637924897478478, 1.8246669809543246, 4.898136619094685, 0.9372723799877781, 1.7590212351430812, 1.1454849785838188, 4.813795240563456, 3.8639776855292927, 1.045440521079424, 4.431757236658883, 1.1842002804707965, 2.0171770703578273]
APTIDAO: 
24.442055733216872
GEN: 9000
Individuo: 
[1.7536644239429697, 2.532546353079204, 2.634771545794335, 1.8162742769838973, 1.390052677071112, 0.7009681711658767, 0.5244871961509289, 0.45870528161233537, 0.445792308804515, 0.25459156195324417, 0.7153879179916167, 0.4684038686621147, 24.730186974356968, 11.869072361403326, 5.361840547511997, 2.052593503801296, 4.252193084046834, 1.522041118087272, 2.9846172737479164, 4.340479567906635, 4.267077274860407, 1.4618501093859146, 1.4607159148045967, 1.0620141634094695, 0.5109332527029715, 1.1786368370947042, 2.637924897478478, 1.8246669809543246, 4.898136619094685, 0.9372723799877781, 2.4110069957798026, 1.1454849785838188, 7.142914907646011, 3.8639776855292927, 0.8079289773448, 4.431757236658883, 1.1842002804707965, 2.0171770703578273]
APTIDAO: 
24.433139316237757
GEN: 9100
Individuo: 
[1.7536644239429697, 2.532546353079204, 2.6191047393539852, 1.8195856207867478, 1.390052677071112, 0.7009681711658767, 0.5244871961509289, 0.45870528161233537, 0.445792308804515, 0.25459156195324417, 0.7153879179916167, 0.4684038686621147, 24.730186974356968, 11.869072361403326, 5.516422433985104, 2.237976821444742, 4.252193084046834, 1.0964712688727765, 2.9846172737479164, 4.340479567906635, 4.267077274860407, 2.180747938334237, 1.1879309316454518, 1.0620141634094695, 0.5109332527029715, 1.1786368370947042, 2.637924897478478, 1.8246669809543246, 4.898136619094685, 0.9372723799877781, 2.4110069957798026, 1.1454849785838188, 7.142914907646011, 2.2687409988287244, 1.0161326588399853, 4.431757236658883, 1.2235848773937676, 2.0171770703578273]
APTIDAO: 
24.431760272347095
GEN: 9200
Individuo: 
[1.7536644239429697, 2.532546353079204, 2.6191047393539852, 1.8195856207867478, 1.3980035526343138, 0.7009681711658767, 0.5244871961509289, 0.45870528161233537, 0.445792308804515, 0.25459156195324417, 0.7153879179916167, 0.46484361207411257, 24.730186974356968, 11.869072361403326, 5.516422433985104, 2.237976821444742, 4.252193084046834, 1.3194342776693586, 2.284218528979898, 4.340479567906635, 4.267077274860407, 2.180747938334237, 1.1879309316454518, 0.8314498988037893, 0.5109332527029715, 1.1786368370947042, 2.637924897478478, 1.8246669809543246, 4.898136619094685, 0.9372723799877781, 2.8728188577223417, 1.1454849785838188, 7.142914907646011, 2.2687409988287244, 1.0161326588399853, 4.431757236658883, 1.4088187552599625, 1.4304976821232351]
APTIDAO: 
24.427846976054173
GEN: 9300
Individuo: 
[1.7536644239429697, 2.532546353079204, 2.617003296329023, 1.8195856207867478, 1.3980035526343138, 0.7009681711658767, 0.5244871961509289, 0.45870528161233537, 0.445792308804515, 0.25459156195324417, 0.7153879179916167, 0.46484361207411257, 24.730186974356968, 11.869072361403326, 5.516422433985104, 2.237976821444742, 4.252193084046834, 1.5057772048559865, 2.5694302627254033, 4.340479567906635, 4.267077274860407, 1.951724968087771, 1.1879309316454518, 0.8314498988037893, 0.5109332527029715, 1.1786368370947042, 2.637924897478478, 1.8246669809543246, 4.898136619094685, 0.9372723799877781, 2.8728188577223417, 1.1454849785838188, 7.142914907646011, 2.2687409988287244, 1.0161326588399853, 4.431757236658883, 1.7361324465845351, 2.221236310606465]
APTIDAO: 
24.42732715701738
GEN: 9400
Individuo: 
[1.7536644239429697, 2.532546353079204, 2.6070151212531614, 1.8197616445973426, 1.3980035526343138, 0.7009681711658767, 0.5244871961509289, 0.45870528161233537, 0.445792308804515, 0.25459156195324417, 0.7153879179916167, 0.46484361207411257, 24.730186974356968, 11.869072361403326, 5.516422433985104, 2.1003918366550463, 4.2649497170117625, 1.268139587836672, 2.638353811461711, 4.340479567906635, 4.267077274860407, 1.8953630834336288, 2.1336165058098318, 0.8314498988037893, 0.5109332527029715, 1.1786368370947042, 2.637924897478478, 1.8246669809543246, 4.898136619094685, 0.9372723799877781, 2.8728188577223417, 1.1454849785838188, 7.142914907646011, 2.2687409988287244, 2.054371674331099, 4.776358545397131, 1.790107721820168, 2.7685859662502432]
APTIDAO: 
24.42668012166334
GEN: 9500
Individuo: 
[1.7536644239429697, 2.532546353079204, 2.6070151212531614, 1.8197616445973426, 1.3980035526343138, 0.7009681711658767, 0.5244871961509289, 0.45870528161233537, 0.445792308804515, 0.25459156195324417, 0.7153879179916167, 0.46484361207411257, 24.730186974356968, 11.869072361403326, 5.5388916452545915, 2.1003918366550463, 4.2649497170117625, 1.2046702915008334, 2.638353811461711, 4.340479567906635, 4.267077274860407, 1.8953630834336288, 2.1336165058098318, 0.8314498988037893, 0.5109332527029715, 1.1786368370947042, 2.637924897478478, 1.8246669809543246, 4.898136619094685, 0.9372723799877781, 2.8728188577223417, 1.1454849785838188, 7.142914907646011, 1.134738890781082, 2.054371674331099, 4.776358545397131, 2.4720015988957558, 2.7685859662502432]
APTIDAO: 
24.42668012166334
GEN: 9600
Individuo: 
[1.7536644239429697, 2.532546353079204, 2.5908934197859943, 1.8197616445973426, 1.3980035526343138, 0.7009681711658767, 0.5244871961509289, 0.45870528161233537, 0.445792308804515, 0.25459156195324417, 0.7181433194077914, 0.46484361207411257, 24.730186974356968, 11.869072361403326, 5.5388916452545915, 2.3949631827302573, 4.203441400585647, 1.2046702915008334, 2.4377219505123415, 4.340479567906635, 4.267077274860407, 1.3107302722184544, 2.1336165058098318, 0.8314498988037893, 0.5109332527029715, 1.1786368370947042, 2.637924897478478, 1.8246669809543246, 4.898136619094685, 1.3602305582921201, 2.8728188577223417, 1.1454849785838188, 7.142914907646011, 1.134738890781082, 1.6951999345053417, 4.387092193451515, 2.4720015988957558, 4.139357605269228]
APTIDAO: 
24.414821373910506
GEN: 9700
Individuo: 
[1.7536644239429697, 2.532546353079204, 2.5875965950920654, 1.8197616445973426, 1.3980035526343138, 0.7009681711658767, 0.5244871961509289, 0.45870528161233537, 0.445792308804515, 0.25459156195324417, 0.7181433194077914, 0.46647447056671437, 24.730186974356968, 11.869072361403326, 5.5388916452545915, 2.02995566787959, 4.203441400585647, 1.2046702915008334, 2.4377219505123415, 4.340479567906635, 4.267077274860407, 0.9219910736071402, 2.1336165058098318, 0.8314498988037893, 0.5109332527029715, 1.1786368370947042, 2.637924897478478, 1.8246669809543246, 4.898136619094685, 1.3602305582921201, 1.9656213554033208, 1.1454849785838188, 7.142914907646011, 1.134738890781082, 1.8008662887531237, 4.387092193451515, 2.4720015988957558, 4.139357605269228]
APTIDAO: 
24.409864519437406
GEN: 9800
Individuo: 
[1.7536644239429697, 2.532546353079204, 2.5875965950920654, 1.8197616445973426, 1.3980035526343138, 0.7009681711658767, 0.5244871961509289, 0.45870528161233537, 0.445792308804515, 0.25459156195324417, 0.5965188798417075, 0.6291760560818526, 21.291405401665514, 11.869072361403326, 5.5388916452545915, 2.798509587024356, 4.203441400585647, 1.8829215471352962, 2.908579737714567, 4.340479567906635, 4.267077274860407, 0.9219910736071402, 2.1336165058098318, 0.8314498988037893, 0.5109332527029715, 1.1786368370947042, 2.637924897478478, 1.8246669809543246, 4.898136619094685, 1.1039654010079591, 1.7860178222768268, 1.0883777601505793, 7.142914907646011, 1.134738890781082, 1.975848630112997, 4.387092193451515, 3.8182497104941477, 3.39616627441692]
APTIDAO: 
24.196349377111524
GEN: 9900
Individuo: 
[1.7536644239429697, 2.532546353079204, 2.3684278229367184, 2.02436528489848, 1.3980035526343138, 0.7009681711658767, 0.5244871961509289, 0.45870528161233537, 0.445792308804515, 0.25459156195324417, 0.5965188798417075, 0.6291760560818526, 24.422664458198447, 11.869072361403326, 4.7998399977125015, 2.798509587024356, 4.203441400585647, 1.8829215471352962, 2.908579737714567, 4.340479567906635, 4.267077274860407, 0.8938825961169483, 1.3123736302831486, 0.8314498988037893, 0.5109332527029715, 1.1786368370947042, 2.637924897478478, 1.8246669809543246, 4.898136619094685, 1.1039654010079591, 1.7860178222768268, 0.9689559216456914, 7.142914907646011, 1.5902673222267727, 1.975848630112997, 4.387092193451515, 3.8182497104941477, 3.39616627441692]
APTIDAO: 
23.873804245036723
GEN: 10000
Individuo: 
[1.7536644239429697, 2.532546353079204, 2.3684278229367184, 2.0176637822639534, 1.3980035526343138, 0.7009681711658767, 0.5244871961509289, 0.45870528161233537, 0.445792308804515, 0.25459156195324417, 0.5965188798417075, 0.6291760560818526, 24.422664458198447, 11.224103762091396, 4.7998399977125015, 2.0698391382848413, 4.203441400585647, 1.8829215471352962, 2.908579737714567, 4.340479567906635, 4.267077274860407, 0.8938825961169483, 1.4790098046532218, 0.8314498988037893, 0.5109332527029715, 1.1786368370947042, 2.637924897478478, 1.8246669809543246, 4.898136619094685, 1.1039654010079591, 1.7860178222768268, 0.9689559216456914, 10.0, 1.5902673222267727, 1.8776145651589522, 4.387092193451515, 3.8182497104941477, 3.39616627441692]
APTIDAO: 
23.867478601231394

--- RESULTADO FINAL ---
Erro (norma-1): 23.867478601231394
Parâmetros: [1.7536644239429697, 2.532546353079204, 2.3684278229367184, 2.0176637822639534, 1.3980035526343138, 0.7009681711658767, 0.5244871961509289, 0.45870528161233537, 0.445792308804515, 0.25459156195324417, 0.5965188798417075, 0.6291760560818526, 24.422664458198447, 11.224103762091396, 4.7998399977125015, 2.0698391382848413, 4.203441400585647, 1.8829215471352962, 2.908579737714567]
Tempo total: 04h 07m 25s
