SEED: 1778749666
BOUNDS: tau=[0.1, 5.0]  K=[0.1, 1.0]  N=[1.0, 25.0]
GEN: 0
Individuo: 
[1.290979313884539, 1.9078650300265716, 2.119566833146915, 1.620226467907081, 1.389713747235869, 0.25543882108871147, 0.7830386114806557, 0.7130578086987556, 0.9205149311417438, 0.746927051869997, 0.6277505501653711, 0.47177566083943046, 14.535846049505617, 14.684322005787543, 13.340969452834305, 12.73963038894308, 11.62975908405246, 20.785375768718357, 11.911209200120286, 1.0868014092667038, 0.9855762466304351, 1.2374483710056792, 1.0152571908741654, 0.896731147775712, 6.860864272880742, 8.0789980582187, 1.874421949121054, 4.899567190827015, 8.852852707319936, 9.319895583638758, 3.7014721817024534, 4.33612676723292, 1.7486043124095507, 5.883722980605139, 2.0184918914148557, 0.6641109289896737, 8.87298317650061, 7.1522059507191065, 4.538752729784404, 4.904557082606376, 0.44185828248717496, 3.9540143562732397, 8.696935266557933, 4.416288053792545, 4.794019880507039, 9.255512399443127, 3.092347645312727, 7.537983750678371]
APTIDAO: 
93.46634539569435
GEN: 100
Individuo: 
[1.290979313884539, 1.9078650300265716, 2.119566833146915, 3.71988824089388, 1.389713747235869, 0.3126831635049413, 0.4815290198537163, 0.41389489895286646, 0.8861365015170931, 0.887733523488811, 0.6277505501653711, 0.31288850796580214, 3.1075349710852938, 11.287921982777398, 22.217445815429723, 12.73963038894308, 2.542790378725109, 20.447196394874815, 7.232687384895827, 1.0840278656407887, 0.9855762466304351, 1.2374483710056792, 1.0152571908741654, 0.8232722742843032, 6.860864272880742, 8.0789980582187, 1.874421949121054, 3.8547395649268426, 8.852852707319936, 6.653025974116036, 1.7491146238827224, 10.0, 2.0276852798947855, 10.0, 2.0184918914148557, 0.528158532955284, 4.870892957434007, 7.210763266015205, 4.552584737727454, 4.904557082606376, 0.5022389068567779, 4.072557435893125, 5.089759644161768, 3.9828310669887026, 4.794019880507039, 9.255512399443127, 3.092347645312727, 8.511161605393294]
APTIDAO: 
45.28415201268081
GEN: 200
Individuo: 
[1.290979313884539, 1.9078650300265716, 1.9733009056154722, 3.9380527600502173, 1.389713747235869, 0.4634773829771054, 0.4815290198537163, 0.41389489895286646, 0.8325825601392589, 0.6256661866110312, 0.5819384966945919, 0.19835736631992387, 3.1075349710852938, 8.645573142106025, 3.4178751077597536, 13.231869625669349, 2.0673935696834556, 3.7761108365762754, 19.755061306413342, 1.0840278656407887, 0.9855762466304351, 1.2374483710056792, 1.14867644305377, 0.8232722742843032, 6.860864272880742, 8.0789980582187, 1.5841064485338319, 3.252291199737099, 8.852852707319936, 5.673536399566454, 1.7491146238827224, 10.0, 3.5674833390035325, 10.0, 1.5462849329915067, 0.5599203748373474, 4.870892957434007, 10.0, 2.6388706427558515, 5.838453277580553, 0.5554601243673869, 4.901619948853797, 4.169937506283332, 3.9828310669887026, 4.794019880507039, 9.255512399443127, 4.651017248921825, 8.511161605393294]
APTIDAO: 
36.286402052087396
GEN: 300
Individuo: 
[1.3177167672591612, 1.9078650300265716, 1.9733009056154722, 4.006070689311347, 1.4464791120858969, 0.4634773829771054, 0.4815290198537163, 0.41389489895286646, 0.8325825601392589, 0.4924413470101222, 0.5819384966945919, 0.2016366487445045, 3.5027263267121267, 7.358862444297535, 3.4178751077597536, 11.093277345846618, 2.0956157822344323, 2.345455283122586, 2.0972817264890278, 1.0542874425246889, 0.9855762466304351, 1.2374483710056792, 1.14867644305377, 0.8232722742843032, 4.004126566094116, 8.0789980582187, 1.5841064485338319, 3.5055046421038267, 6.6809129204158, 5.673536399566454, 1.7491146238827224, 10.0, 3.5674833390035325, 10.0, 1.5462849329915067, 0.55290166075709, 8.260683895907937, 10.0, 2.6388706427558515, 7.455844809420464, 0.9517182153347729, 5.666455624256648, 3.907428812339538, 4.263832809371405, 4.794019880507039, 9.255512399443127, 4.651017248921825, 8.511161605393294]
APTIDAO: 
32.48374434555883
GEN: 400
Individuo: 
[1.3177167672591612, 1.9078650300265716, 1.8620721177982673, 3.9380527600502173, 1.4464791120858969, 0.4634773829771054, 0.4815290198537163, 0.41389489895286646, 0.8189438753563215, 0.4793687835560914, 0.5819384966945919, 0.2016366487445045, 3.5027263267121267, 7.358862444297535, 3.4178751077597536, 12.682235551571464, 2.0956157822344323, 2.9451225900732934, 2.0972817264890278, 1.0542874425246889, 0.9855762466304351, 1.1671722500917296, 1.14867644305377, 0.8232722742843032, 4.004126566094116, 8.0789980582187, 1.8397894706358053, 3.252291199737099, 6.6809129204158, 5.673536399566454, 1.7491146238827224, 10.0, 1.8156971053594209, 10.0, 1.5462849329915067, 0.55290166075709, 8.260683895907937, 10.0, 2.6388706427558515, 7.391535520203737, 0.9517182153347729, 3.9750989747915617, 3.907428812339538, 4.263832809371405, 4.794019880507039, 6.454769744234501, 4.651017248921825, 8.511161605393294]
APTIDAO: 
30.653482086735874
GEN: 500
Individuo: 
[1.3201843113947724, 1.9078650300265716, 1.8620721177982673, 3.9380527600502173, 1.4464791120858969, 0.4634773829771054, 0.4815290198537163, 0.41389489895286646, 0.8189438753563215, 0.47897813700687936, 0.5819384966945919, 0.2016366487445045, 3.5027263267121267, 7.358862444297535, 3.4178751077597536, 12.163495077006178, 2.0956157822344323, 2.9451225900732934, 2.0972817264890278, 1.0542874425246889, 0.9855762466304351, 1.1671722500917296, 1.14867644305377, 0.8232722742843032, 5.576777726580796, 8.0789980582187, 1.8397894706358053, 3.252291199737099, 6.6809129204158, 5.673536399566454, 1.7491146238827224, 10.0, 1.8156971053594209, 9.959296901528903, 1.5462849329915067, 0.55290166075709, 8.260683895907937, 10.0, 2.6388706427558515, 5.161537795875738, 0.9517182153347729, 3.9750989747915617, 3.907428812339538, 4.263832809371405, 4.794019880507039, 6.454769744234501, 4.651017248921825, 8.511161605393294]
APTIDAO: 
30.62902812211722
GEN: 600
Individuo: 
[1.3201843113947724, 1.9078650300265716, 1.8620721177982673, 3.9380527600502173, 1.4464791120858969, 0.4634773829771054, 0.4895326962270311, 0.44536513789842375, 0.8189438753563215, 0.47897813700687936, 0.5819384966945919, 0.12486821127234758, 3.5027263267121267, 7.016111092199956, 3.8446495222540227, 12.163495077006178, 2.0956157822344323, 2.9451225900732934, 2.0972817264890278, 1.0542874425246889, 0.9855762466304351, 1.1671722500917296, 1.14867644305377, 0.8232722742843032, 5.576777726580796, 8.0789980582187, 1.8397894706358053, 3.252291199737099, 6.6809129204158, 5.673536399566454, 1.3198844610393359, 8.112880729962587, 1.8156971053594209, 9.959296901528903, 1.5462849329915067, 0.4860980128983858, 8.260683895907937, 4.831145943900755, 2.0579934373525646, 5.161537795875738, 0.9517182153347729, 3.9750989747915617, 3.907428812339538, 4.263832809371405, 4.794019880507039, 6.454769744234501, 4.651017248921825, 8.511161605393294]
APTIDAO: 
30.473404001522404
GEN: 700
Individuo: 
[1.3201843113947724, 1.9078650300265716, 1.8620721177982673, 3.9380527600502173, 1.4589771208309075, 0.4634773829771054, 0.4895326962270311, 0.41389489895286646, 0.8189438753563215, 0.47897813700687936, 0.5620823802193158, 0.2016366487445045, 3.5027263267121267, 7.016111092199956, 3.8446495222540227, 12.163495077006178, 2.851151433970407, 2.9451225900732934, 2.0972817264890278, 1.0542874425246889, 0.9855762466304351, 1.1671722500917296, 1.14867644305377, 0.811214802042725, 5.576777726580796, 8.0789980582187, 1.8397894706358053, 3.252291199737099, 4.49707166008283, 5.673536399566454, 1.3198844610393359, 10.0, 1.8156971053594209, 9.959296901528903, 1.2608473208348565, 0.55290166075709, 8.260683895907937, 4.831145943900755, 2.0579934373525646, 5.161537795875738, 1.3919547846906999, 3.9750989747915617, 3.907428812339538, 4.263832809371405, 4.794019880507039, 6.454769744234501, 4.651017248921825, 10.0]
APTIDAO: 
30.579071581970357
GEN: 800
Individuo: 
[1.3201843113947724, 1.9078650300265716, 1.8620721177982673, 3.9275011155762787, 1.4589771208309075, 0.46572373352115853, 0.4895326962270311, 0.41389489895286646, 0.8189438753563215, 0.47897813700687936, 0.5620823802193158, 0.2016366487445045, 3.5027263267121267, 7.016111092199956, 3.8446495222540227, 12.163495077006178, 2.851151433970407, 2.9451225900732934, 2.0972817264890278, 1.0542874425246889, 0.9855762466304351, 1.1671722500917296, 1.14867644305377, 0.811214802042725, 5.576777726580796, 8.0789980582187, 1.8397894706358053, 2.013138041034972, 4.49707166008283, 6.19685474098145, 1.3198844610393359, 10.0, 1.8156971053594209, 9.959296901528903, 1.2608473208348565, 0.55290166075709, 8.260683895907937, 4.831145943900755, 2.0579934373525646, 5.161537795875738, 1.3919547846906999, 3.9750989747915617, 3.907428812339538, 4.263832809371405, 4.794019880507039, 6.454769744234501, 4.651017248921825, 10.0]
APTIDAO: 
30.553562263644316
GEN: 900
Individuo: 
[1.3201843113947724, 1.9078650300265716, 1.8620721177982673, 3.9275011155762787, 1.4589771208309075, 0.46883930112589667, 0.4895326962270311, 0.41389489895286646, 0.8189438753563215, 0.47897813700687936, 0.5620823802193158, 0.13335661819975586, 3.5027263267121267, 5.0143468607192885, 3.52133357082188, 16.00502620132616, 2.851151433970407, 2.9451225900732934, 2.7744637718070164, 1.0542874425246889, 0.9855762466304351, 1.1671722500917296, 1.14867644305377, 0.811214802042725, 5.576777726580796, 8.0789980582187, 1.8397894706358053, 2.013138041034972, 4.49707166008283, 7.486978206266938, 1.3198844610393359, 10.0, 1.8156971053594209, 9.959296901528903, 1.2608473208348565, 0.42363969207619834, 8.260683895907937, 7.0492653666622305, 3.1631322285199195, 5.909803892601304, 1.3919547846906999, 3.9750989747915617, 5.571002027139047, 4.263832809371405, 4.794019880507039, 6.454769744234501, 4.651017248921825, 10.0]
APTIDAO: 
29.902075283437576
GEN: 1000
Individuo: 
[1.3212980005689308, 1.9078650300265716, 1.8620721177982673, 3.9275011155762787, 1.4589771208309075, 0.5096078211355629, 0.4895326962270311, 0.41389489895286646, 0.8189438753563215, 0.47897813700687936, 0.5620823802193158, 0.11670509534381236, 3.5027263267121267, 5.0143468607192885, 3.52133357082188, 15.599308374267492, 2.851151433970407, 2.9451225900732934, 4.149691034050547, 1.0542874425246889, 0.9855762466304351, 1.1654707764661274, 1.14867644305377, 0.811214802042725, 4.473444104101575, 8.0789980582187, 1.8397894706358053, 2.013138041034972, 4.49707166008283, 10.0, 1.3198844610393359, 10.0, 1.8156971053594209, 9.959296901528903, 1.2608473208348565, 0.912726659607153, 8.260683895907937, 7.0492653666622305, 3.1631322285199195, 2.979865988191836, 1.3919547846906999, 3.9750989747915617, 3.678628389248583, 4.263832809371405, 4.794019880507039, 8.093025002580825, 4.651017248921825, 10.0]
APTIDAO: 
29.535034974258885
GEN: 1100
Individuo: 
[1.3212980005689308, 1.9078650300265716, 1.8620721177982673, 3.9275011155762787, 1.4589771208309075, 0.5096078211355629, 0.4895326962270311, 0.41389489895286646, 0.8189438753563215, 0.47897813700687936, 0.5620823802193158, 0.10881639286622422, 3.5027263267121267, 5.0143468607192885, 3.52133357082188, 14.389136918130164, 2.851151433970407, 2.347283809108186, 17.9073702484684, 1.0542874425246889, 0.9855762466304351, 1.1671722500917296, 1.14867644305377, 0.8076721923273065, 4.473444104101575, 8.0789980582187, 1.8397894706358053, 2.013138041034972, 4.49707166008283, 10.0, 1.3198844610393359, 10.0, 1.8156971053594209, 9.959296901528903, 1.2608473208348565, 1.143521148763193, 8.260683895907937, 7.0492653666622305, 3.1631322285199195, 3.247476190432184, 1.3919547846906999, 6.738121130712963, 5.118572698555134, 4.263832809371405, 4.794019880507039, 6.454769744234501, 4.651017248921825, 10.0]
APTIDAO: 
29.438366807949627
GEN: 1200
Individuo: 
[1.3212980005689308, 1.9078650300265716, 1.8620721177982673, 3.9275011155762787, 1.4589771208309075, 0.5096078211355629, 0.4895326962270311, 0.41389489895286646, 0.8189438753563215, 0.47897813700687936, 0.5620823802193158, 0.10881639286622422, 3.5027263267121267, 5.206667978344658, 3.52133357082188, 14.389136918130164, 2.851151433970407, 2.503636647684844, 17.9073702484684, 1.0542874425246889, 0.9855762466304351, 1.1671722500917296, 1.14867644305377, 0.8076721923273065, 4.473444104101575, 8.0789980582187, 1.8397894706358053, 2.013138041034972, 4.49707166008283, 10.0, 1.3198844610393359, 10.0, 1.8156971053594209, 9.959296901528903, 1.2608473208348565, 1.143521148763193, 8.260683895907937, 6.861347949865616, 3.1631322285199195, 3.247476190432184, 1.3919547846906999, 10.0, 5.118572698555134, 4.263832809371405, 4.794019880507039, 6.454769744234501, 4.651017248921825, 10.0]
APTIDAO: 
29.438366807949627
GEN: 1300
Individuo: 
[1.3212980005689308, 1.9078650300265716, 1.8620721177982673, 3.9275011155762787, 1.4589771208309075, 0.5096078211355629, 0.4895326962270311, 0.41389489895286646, 0.8189438753563215, 0.48148238223605383, 0.5620823802193158, 0.10873899057746918, 3.5027263267121267, 5.080601066660716, 3.7290995756437093, 14.389136918130164, 2.2660162558267816, 2.347283809108186, 17.9073702484684, 1.0542874425246889, 0.9855762466304351, 1.1671722500917296, 1.1484045437274244, 0.8076721923273065, 4.473444104101575, 8.0789980582187, 1.8397894706358053, 2.013138041034972, 4.49707166008283, 10.0, 1.3198844610393359, 10.0, 1.8156971053594209, 10.0, 1.2608473208348565, 0.5252633641265816, 8.260683895907937, 3.48095629765189, 3.7863956475894134, 3.247476190432184, 0.9221707399614194, 6.738121130712963, 5.118572698555134, 4.263832809371405, 4.794019880507039, 6.454769744234501, 4.053330115881342, 10.0]
APTIDAO: 
29.431014017872272
GEN: 1400
Individuo: 
[1.3212980005689308, 1.9078650300265716, 1.8620721177982673, 3.920001300306541, 1.4589771208309075, 0.5096078211355629, 0.4895326962270311, 0.41389489895286646, 0.8189438753563215, 0.48148238223605383, 0.5620823802193158, 0.10841616952235554, 3.5027263267121267, 5.080601066660716, 3.7290995756437093, 14.389136918130164, 2.9078389091510752, 2.2392030811290864, 18.473460354409106, 1.0542874425246889, 0.9855762466304351, 1.1671722500917296, 1.1484045437274244, 0.8076721923273065, 4.473444104101575, 8.0789980582187, 1.8397894706358053, 1.6508141452215594, 4.49707166008283, 10.0, 1.3198844610393359, 10.0, 1.8156971053594209, 10.0, 1.2608473208348565, 0.6266864487656895, 8.260683895907937, 3.48095629765189, 3.7863956475894134, 3.247476190432184, 1.6698434982155062, 4.715707155426381, 2.5956411207799457, 4.263832809371405, 4.794019880507039, 6.454769744234501, 4.053330115881342, 10.0]
APTIDAO: 
29.424178490086476
GEN: 1500
Individuo: 
[1.3212980005689308, 1.9078650300265716, 1.8620721177982673, 3.920001300306541, 1.4589771208309075, 0.5096078211355629, 0.4895326962270311, 0.41389489895286646, 0.8189438753563215, 0.48148238223605383, 0.5620823802193158, 0.10841616952235554, 3.5027263267121267, 5.182079262363827, 3.7290995756437093, 12.418258098579267, 2.9078389091510752, 2.2392030811290864, 9.171785765212318, 1.0542874425246889, 0.9855762466304351, 1.1671722500917296, 1.1484045437274244, 0.8076721923273065, 4.473444104101575, 8.0789980582187, 1.8397894706358053, 1.6508141452215594, 4.49707166008283, 10.0, 1.3198844610393359, 10.0, 1.8156971053594209, 10.0, 1.2608473208348565, 0.6266864487656895, 8.260683895907937, 3.3733610180822127, 3.7863956475894134, 6.81370834098466, 1.6698434982155062, 4.715707155426381, 2.9344109563386103, 4.263832809371405, 4.794019880507039, 6.454769744234501, 4.053330115881342, 10.0]
APTIDAO: 
29.488274174952128
GEN: 1600
Individuo: 
[1.3212980005689308, 1.9078650300265716, 1.8620721177982673, 3.920001300306541, 1.4589771208309075, 0.5096078211355629, 0.4895326962270311, 0.41389489895286646, 0.8189438753563215, 0.48148238223605383, 0.5620823802193158, 0.10670500390375373, 3.5027263267121267, 5.182079262363827, 3.540967391080729, 13.813602765452991, 2.6125344092788096, 2.2392030811290864, 15.592453557939674, 1.0542874425246889, 0.9855762466304351, 1.1671722500917296, 1.1484045437274244, 0.8076721923273065, 4.473444104101575, 8.0789980582187, 1.8397894706358053, 1.6508141452215594, 4.49707166008283, 10.0, 1.3198844610393359, 10.0, 1.8156971053594209, 10.0, 1.2608473208348565, 1.2538816286290957, 8.260683895907937, 3.3733610180822127, 2.177107664338275, 5.68898934696213, 2.6088815248227823, 4.715707155426381, 2.5668115249316155, 4.263832809371405, 4.794019880507039, 6.454769744234501, 4.053330115881342, 10.0]
APTIDAO: 
29.430379891999312
GEN: 1700
Individuo: 
[1.3212980005689308, 1.9078650300265716, 1.8620721177982673, 3.920001300306541, 1.4589771208309075, 0.5096078211355629, 0.48597820869009245, 0.4169315743404578, 0.8189438753563215, 0.48148238223605383, 0.5620823802193158, 0.10670500390375373, 3.5027263267121267, 5.182079262363827, 3.0404802967390285, 13.813602765452991, 2.315343851247623, 2.2392030811290864, 10.719364627591753, 1.0542874425246889, 0.9861414792810987, 1.1671722500917296, 1.1484045437274244, 0.8076721923273065, 4.473444104101575, 8.0789980582187, 1.8397894706358053, 1.6508141452215594, 4.49707166008283, 10.0, 1.5251346396273562, 8.521834557066502, 1.8156971053594209, 10.0, 1.2608473208348565, 1.2538816286290957, 8.260683895907937, 3.3733610180822127, 2.245224949168899, 5.68898934696213, 2.312396102420112, 4.715707155426381, 3.352924969439455, 4.263832809371405, 4.125937807472052, 6.454769744234501, 4.053330115881342, 10.0]
APTIDAO: 
29.389728173683423
GEN: 1800
Individuo: 
[1.3212980005689308, 1.9078650300265716, 1.8620721177982673, 3.920001300306541, 1.4589771208309075, 0.5096078211355629, 0.48597820869009245, 0.4169315743404578, 0.8189438753563215, 0.48148238223605383, 0.5620823802193158, 0.10552302921828641, 3.5027263267121267, 5.182079262363827, 3.0404802967390285, 13.813602765452991, 2.315343851247623, 2.2392030811290864, 10.78398033553753, 1.0542874425246889, 0.9861414792810987, 1.1671722500917296, 1.1484045437274244, 0.8076721923273065, 4.473444104101575, 8.0789980582187, 1.8397894706358053, 1.6508141452215594, 4.49707166008283, 10.0, 1.5251346396273562, 8.521834557066502, 1.8156971053594209, 10.0, 1.2608473208348565, 0.80876071463585, 8.260683895907937, 3.3733610180822127, 2.245224949168899, 5.68898934696213, 2.312396102420112, 4.715707155426381, 1.8493921640987816, 4.263832809371405, 4.125937807472052, 6.454769744234501, 4.053330115881342, 10.0]
APTIDAO: 
29.386873743252362
GEN: 1900
Individuo: 
[1.3212980005689308, 1.9078650300265716, 1.8620721177982673, 3.920001300306541, 1.4589771208309075, 0.5096078211355629, 0.48597820869009245, 0.4165707166085349, 0.8189438753563215, 0.48148238223605383, 0.5620823802193158, 0.11199365758825602, 3.5027263267121267, 5.182079262363827, 3.0404802967390285, 13.132895959181104, 2.327139405156328, 2.2392030811290864, 10.407352874187634, 1.0542874425246889, 0.9993368601445678, 1.1671722500917296, 1.1484045437274244, 0.8056129838856094, 4.473444104101575, 8.0789980582187, 1.8397894706358053, 1.6508141452215594, 4.49707166008283, 10.0, 1.5251346396273562, 6.3316462477444135, 1.8156971053594209, 10.0, 1.2608473208348565, 0.6537824074660651, 8.260683895907937, 3.3733610180822127, 2.245224949168899, 7.889926810683427, 2.018411418090796, 4.715707155426381, 1.2219386017433809, 4.263832809371405, 2.1266397807579445, 6.454769744234501, 4.053330115881342, 8.431067145185112]
APTIDAO: 
29.358611475637982
GEN: 2000
Individuo: 
[1.3212980005689308, 1.9078650300265716, 1.8620721177982673, 3.920001300306541, 1.4589771208309075, 0.5096078211355629, 0.48597820869009245, 0.4165707166085349, 0.8189438753563215, 0.48148238223605383, 0.5620823802193158, 0.11115333647053317, 3.890418574768306, 5.182079262363827, 3.4816309284352016, 13.132895959181104, 2.38063768753039, 2.347449276337512, 12.80634105206409, 1.0542874425246889, 0.9993368601445678, 1.1671722500917296, 1.1484045437274244, 0.8056129838856094, 4.473444104101575, 8.0789980582187, 1.8397894706358053, 1.6508141452215594, 4.49707166008283, 10.0, 1.5251346396273562, 6.3316462477444135, 1.8156971053594209, 10.0, 1.2608473208348565, 0.8926604905046684, 9.306044831768482, 3.3733610180822127, 1.4554652810225723, 7.889926810683427, 2.547089726369717, 4.199972437522681, 1.3090568267137273, 4.263832809371405, 2.1266397807579445, 6.454769744234501, 4.053330115881342, 8.431067145185112]
APTIDAO: 
29.357739871344144
GEN: 2100
Individuo: 
[1.3212980005689308, 1.9078650300265716, 1.8620721177982673, 3.903608341609382, 1.4589771208309075, 0.5096078211355629, 0.48597820869009245, 0.4165707166085349, 0.8189438753563215, 0.48148238223605383, 0.5620823802193158, 0.11115333647053317, 3.890418574768306, 5.390517728699282, 3.5280596538340485, 13.132895959181104, 2.38063768753039, 2.347449276337512, 21.336295698458375, 1.0542874425246889, 0.9993368601445678, 1.1671722500917296, 1.1484045437274244, 0.8056129838856094, 4.473444104101575, 8.0789980582187, 1.8397894706358053, 0.7491254539803405, 4.49707166008283, 10.0, 1.5251346396273562, 6.3316462477444135, 1.8156971053594209, 10.0, 1.2608473208348565, 0.8926604905046684, 9.306044831768482, 3.172439185109512, 1.8971274702378715, 7.889926810683427, 2.547089726369717, 4.199972437522681, 0.9402069591516746, 4.263832809371405, 2.1266397807579445, 6.454769744234501, 4.053330115881342, 8.431067145185112]
APTIDAO: 
29.34093446944027
GEN: 2200
Individuo: 
[1.3212980005689308, 1.9078650300265716, 1.8620721177982673, 3.903608341609382, 1.4589771208309075, 0.5096078211355629, 0.5001203421851312, 0.4165707166085349, 0.8189438753563215, 0.48148238223605383, 0.5620823802193158, 0.11115333647053317, 3.890418574768306, 5.879572851660821, 3.383690297174114, 13.132895959181104, 2.38063768753039, 2.347449276337512, 13.106793695149412, 1.0542874425246889, 0.9993368601445678, 1.1671722500917296, 1.1484045437274244, 0.8056129838856094, 4.473444104101575, 8.0789980582187, 1.8397894706358053, 0.7491254539803405, 4.49707166008283, 10.0, 1.4387685773302388, 6.3316462477444135, 1.8156971053594209, 10.0, 1.2608473208348565, 0.8926604905046684, 9.306044831768482, 1.6839634082654453, 1.4715604978475318, 7.889926810683427, 2.547089726369717, 4.199972437522681, 0.5489337943503074, 4.263832809371405, 2.1266397807579445, 6.454769744234501, 4.053330115881342, 8.431067145185112]
APTIDAO: 
29.329556208746908
GEN: 2300
Individuo: 
[1.3212980005689308, 1.9078650300265716, 1.8620721177982673, 3.903608341609382, 1.4589771208309075, 0.5096078211355629, 0.5001203421851312, 0.4165707166085349, 0.8189438753563215, 0.48148238223605383, 0.5620823802193158, 0.11115333647053317, 3.890418574768306, 5.879572851660821, 3.383690297174114, 13.132895959181104, 2.7593034902807796, 2.8794855589523394, 11.71433105595144, 1.0542874425246889, 0.9993368601445678, 1.1671722500917296, 1.1502577956065014, 0.8056129838856094, 4.473444104101575, 8.0789980582187, 1.8397894706358053, 0.7491254539803405, 4.49707166008283, 10.0, 1.4387685773302388, 6.3316462477444135, 1.8156971053594209, 10.0, 1.2608473208348565, 0.8926604905046684, 9.306044831768482, 1.6839634082654453, 1.4715604978475318, 7.889926810683427, 1.8063350836842171, 3.1575492180610407, 0.6600978826115067, 4.263832809371405, 2.1266397807579445, 6.454769744234501, 2.3411672448035357, 8.431067145185112]
APTIDAO: 
29.323079150935722
GEN: 2400
Individuo: 
[1.3212980005689308, 1.9078650300265716, 1.5787515035619313, 3.903608341609382, 1.4589771208309075, 0.5096078211355629, 0.5001203421851312, 0.4165707166085349, 0.8189438753563215, 0.48198634889714764, 0.5620823802193158, 0.2088673200613452, 3.890418574768306, 5.879572851660821, 3.383690297174114, 13.132895959181104, 2.148089345407635, 2.8794855589523394, 9.705894396805549, 1.0542874425246889, 0.9993368601445678, 1.1671722500917296, 1.1502577956065014, 0.8056129838856094, 4.473444104101575, 8.0789980582187, 2.2375210361831392, 0.7491254539803405, 4.49707166008283, 10.0, 1.4387685773302388, 6.3316462477444135, 1.8156971053594209, 10.0, 1.2608473208348565, 1.1926925652615894, 9.306044831768482, 1.6839634082654453, 1.4715604978475318, 7.889926810683427, 1.508940687697711, 3.1575492180610407, 0.9993278754107265, 4.263832809371405, 2.1266397807579445, 6.454769744234501, 2.3411672448035357, 8.431067145185112]
APTIDAO: 
29.18458694733367
GEN: 2500
Individuo: 
[1.3212980005689308, 1.9078650300265716, 1.5787515035619313, 3.903608341609382, 1.4523668587026637, 0.5096078211355629, 0.5001203421851312, 0.4165707166085349, 0.8189438753563215, 0.48198634889714764, 0.5620823802193158, 0.2088673200613452, 3.890418574768306, 5.05265888707501, 3.383690297174114, 12.139081506600416, 2.148089345407635, 2.8794855589523394, 8.199059347466262, 1.0542874425246889, 0.9993368601445678, 1.1671722500917296, 1.1502577956065014, 0.8056129838856094, 4.473444104101575, 8.0789980582187, 2.2375210361831392, 0.7491254539803405, 3.526490581436051, 10.0, 1.4387685773302388, 6.3316462477444135, 1.8156971053594209, 10.0, 1.2608473208348565, 1.1926925652615894, 9.306044831768482, 1.942780485015891, 1.4715604978475318, 7.37622150466239, 1.508940687697711, 3.1575492180610407, 0.9121000367631349, 4.263832809371405, 2.1266397807579445, 6.454769744234501, 2.3411672448035357, 8.431067145185112]
APTIDAO: 
29.04555164291075
GEN: 2600
Individuo: 
[1.3212980005689308, 1.9078650300265716, 1.5704402479113264, 3.903608341609382, 1.4523668587026637, 0.5096078211355629, 0.5001203421851312, 0.4165707166085349, 0.8189438753563215, 0.48198634889714764, 0.5620823802193158, 0.2088673200613452, 3.890418574768306, 5.05265888707501, 3.420831094453835, 12.139081506600416, 2.148089345407635, 2.8794855589523394, 8.199059347466262, 1.0542874425246889, 0.9993368601445678, 1.1671722500917296, 1.1502577956065014, 0.8056129838856094, 4.473444104101575, 8.0789980582187, 3.835441480429669, 0.7491254539803405, 3.526490581436051, 10.0, 1.4387685773302388, 6.3316462477444135, 1.8156971053594209, 10.0, 1.2608473208348565, 1.1926925652615894, 9.306044831768482, 1.942780485015891, 1.1281522911251465, 7.37622150466239, 1.508940687697711, 3.1575492180610407, 0.9121000367631349, 4.263832809371405, 2.1266397807579445, 6.454769744234501, 2.3411672448035357, 8.431067145185112]
APTIDAO: 
29.04182882088277
GEN: 2700
Individuo: 
[1.3212980005689308, 1.9078650300265716, 1.5704402479113264, 3.903608341609382, 1.4523668587026637, 0.49428622519548127, 0.48859804214785224, 0.4165707166085349, 0.8189438753563215, 0.48198634889714764, 0.5620823802193158, 0.18958782918303368, 3.890418574768306, 5.05265888707501, 3.420831094453835, 9.320347616900165, 2.148089345407635, 2.8794855589523394, 11.07935570347461, 1.0542874425246889, 0.9993368601445678, 1.1623660064516201, 1.1502577956065014, 0.8056129838856094, 4.473444104101575, 8.0789980582187, 3.835441480429669, 0.7491254539803405, 3.526490581436051, 6.36501700820155, 2.432215327051145, 6.3316462477444135, 1.8156971053594209, 10.0, 1.2608473208348565, 0.9059504052596672, 9.306044831768482, 1.942780485015891, 1.1281522911251465, 8.261513400635653, 1.508940687697711, 3.1575492180610407, 0.5988015476286583, 4.263832809371405, 2.1266397807579445, 6.254592010208434, 2.3411672448035357, 8.431067145185112]
APTIDAO: 
29.098852619231735
GEN: 2800
Individuo: 
[1.3212980005689308, 1.9078650300265716, 1.5704402479113264, 3.903608341609382, 1.4523668587026637, 0.49428622519548127, 0.48859804214785224, 0.4165707166085349, 0.8189438753563215, 0.4680038898245867, 0.5620823802193158, 0.18958782918303368, 3.5510062166210425, 5.569192970042832, 3.420831094453835, 9.320347616900165, 2.4065935181958262, 2.8794855589523394, 13.756544082444048, 1.0542874425246889, 0.9993368601445678, 1.1623660064516201, 1.1502577956065014, 0.8056129838856094, 4.473444104101575, 8.0789980582187, 3.835441480429669, 0.7491254539803405, 3.526490581436051, 6.36501700820155, 2.432215327051145, 6.3316462477444135, 1.8156971053594209, 7.909295620883988, 1.2608473208348565, 0.9059504052596672, 5.114077031015276, 2.48822518114381, 1.1281522911251465, 8.261513400635653, 1.753661874205893, 3.1575492180610407, 1.2233586064583006, 4.263832809371405, 2.1266397807579445, 6.254592010208434, 2.3411672448035357, 8.431067145185112]
APTIDAO: 
29.044278224633516
GEN: 2900
Individuo: 
[1.4429512130334348, 1.9078650300265716, 1.5704402479113264, 3.903608341609382, 1.4523668587026637, 0.47876476236002324, 0.48859804214785224, 0.4165707166085349, 0.8189438753563215, 0.4680038898245867, 0.5620823802193158, 0.18958782918303368, 3.4964504547978463, 5.569192970042832, 3.420831094453835, 9.320347616900165, 3.007027506910625, 2.8794855589523394, 22.47907184572972, 1.08278020863067, 0.9993368601445678, 1.1623660064516201, 1.1502577956065014, 0.8056129838856094, 10.0, 8.0789980582187, 3.835441480429669, 0.7491254539803405, 3.526490581436051, 7.6185390319774715, 2.432215327051145, 6.3316462477444135, 1.8156971053594209, 7.909295620883988, 1.2608473208348565, 0.9059504052596672, 3.9114306575851123, 2.48822518114381, 1.1281522911251465, 8.261513400635653, 1.3753406647830104, 3.1575492180610407, 1.0940970571482946, 4.9325609746000065, 2.1266397807579445, 6.254592010208434, 2.3411672448035357, 8.431067145185112]
APTIDAO: 
28.16239708963079
GEN: 3000
Individuo: 
[1.4429512130334348, 1.9078650300265716, 1.5704402479113264, 3.903608341609382, 1.4523668587026637, 0.4617049241169982, 0.48859804214785224, 0.4165707166085349, 0.8172407803801267, 0.5058155201634842, 0.5620823802193158, 0.18958782918303368, 3.4964504547978463, 5.569192970042832, 3.420831094453835, 12.3564234460351, 3.890114300327337, 2.8650308041230264, 18.162256613973124, 1.08278020863067, 0.9993368601445678, 1.1481082624449503, 1.1502577956065014, 0.8056129838856094, 10.0, 8.0789980582187, 3.835441480429669, 0.7491254539803405, 3.526490581436051, 7.1143830200417035, 2.432215327051145, 6.3316462477444135, 2.161443447924981, 4.66771498966682, 1.2608473208348565, 0.9059504052596672, 3.9114306575851123, 2.48822518114381, 1.1281522911251465, 5.974158918363867, 1.2127956365117323, 5.174552057216229, 0.973765346369045, 4.9325609746000065, 2.1266397807579445, 4.319704050592318, 2.3411672448035357, 8.431067145185112]
APTIDAO: 
27.53913144132384
GEN: 3100
Individuo: 
[1.4429512130334348, 1.9078650300265716, 1.5704402479113264, 3.9051559042063264, 1.4523668587026637, 0.4617049241169982, 0.48859804214785224, 0.4165707166085349, 0.8172407803801267, 0.5058155201634842, 0.5620823802193158, 0.18958782918303368, 3.4964504547978463, 5.269220777497977, 3.420831094453835, 12.3564234460351, 3.0784247276019956, 2.8650308041230264, 18.162256613973124, 1.08278020863067, 0.9993368601445678, 1.1481082624449503, 1.1502577956065014, 0.8056129838856094, 10.0, 8.0789980582187, 3.835441480429669, 0.8915535728436138, 3.526490581436051, 7.1143830200417035, 2.432215327051145, 6.3316462477444135, 2.161443447924981, 4.66771498966682, 1.2608473208348565, 0.9059504052596672, 3.9114306575851123, 2.542454413932715, 1.1281522911251465, 5.974158918363867, 1.1971370540033304, 5.174552057216229, 0.973765346369045, 4.9325609746000065, 2.1266397807579445, 4.319704050592318, 2.3411672448035357, 8.431067145185112]
APTIDAO: 
27.53833007520845
GEN: 3200
Individuo: 
[1.4429512130334348, 1.9078650300265716, 1.5704402479113264, 3.9051559042063264, 1.4523668587026637, 0.4617049241169982, 0.48859804214785224, 0.4165707166085349, 0.8172407803801267, 0.525819308427612, 0.5620823802193158, 0.18194997704257307, 3.4964504547978463, 5.269220777497977, 3.420831094453835, 12.42948130532829, 3.0784247276019956, 2.8650308041230264, 23.174612516635413, 1.08278020863067, 0.9992651823237282, 1.1481082624449503, 1.1502577956065014, 0.8056129838856094, 10.0, 8.0789980582187, 3.835441480429669, 0.8915535728436138, 3.526490581436051, 7.1143830200417035, 2.432215327051145, 6.3316462477444135, 2.161443447924981, 5.426931562202536, 1.2608473208348565, 1.0734998327647352, 3.9114306575851123, 2.542454413932715, 1.1281522911251465, 4.1186518536012136, 1.1971370540033304, 5.174552057216229, 1.9009472395835456, 4.9325609746000065, 2.011146152018182, 4.319704050592318, 2.3411672448035357, 8.431067145185112]
APTIDAO: 
27.393565572595904
GEN: 3300
Individuo: 
[1.4429512130334348, 1.9078650300265716, 1.5704402479113264, 3.9051559042063264, 1.4523668587026637, 0.4617049241169982, 0.48859804214785224, 0.4165707166085349, 0.8172407803801267, 0.525819308427612, 0.5620823802193158, 0.18194997704257307, 3.4964504547978463, 5.9420084566500675, 3.420831094453835, 12.42948130532829, 3.859074806831286, 2.8650308041230264, 24.056390726797673, 1.08278020863067, 0.9992651823237282, 1.1481082624449503, 1.1502577956065014, 0.8056129838856094, 10.0, 8.0789980582187, 3.835441480429669, 0.8915535728436138, 3.526490581436051, 7.1143830200417035, 2.432215327051145, 6.3316462477444135, 2.161443447924981, 5.426931562202536, 1.2608473208348565, 1.0734998327647352, 3.9114306575851123, 2.1405529764308313, 1.1281522911251465, 4.1186518536012136, 1.373284703518011, 5.174552057216229, 1.3603234991991295, 4.9325609746000065, 2.011146152018182, 4.319704050592318, 2.3411672448035357, 8.431067145185112]
APTIDAO: 
27.39118682316304
GEN: 3400
Individuo: 
[1.4429512130334348, 1.9078650300265716, 1.5704402479113264, 3.9051559042063264, 1.4523668587026637, 0.4617049241169982, 0.48859804214785224, 0.4165707166085349, 0.8172407803801267, 0.5337278134616593, 0.5620823802193158, 0.18194997704257307, 3.4964504547978463, 5.9420084566500675, 3.9957968683383838, 12.42948130532829, 3.0235720403408073, 2.8650308041230264, 20.734998561487128, 1.08278020863067, 0.9992651823237282, 1.1481082624449503, 1.1517385876690203, 0.8056129838856094, 10.0, 8.0789980582187, 3.835441480429669, 0.8915535728436138, 3.526490581436051, 7.1143830200417035, 2.432215327051145, 6.3316462477444135, 2.161443447924981, 8.226012450520587, 1.2608473208348565, 1.0734998327647352, 3.9114306575851123, 2.1405529764308313, 1.548526858636558, 4.1186518536012136, 0.90940952133085, 5.174552057216229, 2.0923018451431967, 4.9325609746000065, 2.011146152018182, 4.319704050592318, 2.564769922360705, 8.431067145185112]
APTIDAO: 
27.368267585071102
GEN: 3500
Individuo: 
[1.4429512130334348, 1.9078650300265716, 1.5704402479113264, 3.9051559042063264, 1.4523668587026637, 0.4617049241169982, 0.48859804214785224, 0.4165707166085349, 0.8172407803801267, 0.5386530540249292, 0.5620823802193158, 0.18194997704257307, 3.4964504547978463, 5.9420084566500675, 3.9957968683383838, 12.42948130532829, 3.977387893593806, 2.826063817885627, 18.021845733317956, 1.08278020863067, 0.9992651823237282, 1.1481082624449503, 1.1517385876690203, 0.8056129838856094, 10.0, 8.0789980582187, 3.835441480429669, 0.8915535728436138, 3.526490581436051, 7.1143830200417035, 2.432215327051145, 6.3316462477444135, 2.161443447924981, 10.0, 1.2608473208348565, 1.0734998327647352, 3.9114306575851123, 2.1405529764308313, 1.548526858636558, 4.1186518536012136, 1.6031927418705776, 4.437377600349766, 3.050323944107983, 4.9325609746000065, 2.011146152018182, 4.319704050592318, 2.564769922360705, 8.431067145185112]
APTIDAO: 
27.370108982585027
GEN: 3600
Individuo: 
[1.4429512130334348, 1.9078650300265716, 1.5704402479113264, 3.9051559042063264, 1.4523668587026637, 0.4617049241169982, 0.49306081056902346, 0.4165707166085349, 0.8172407803801267, 0.5386530540249292, 0.5620823802193158, 0.18194997704257307, 3.4964504547978463, 5.350141611789616, 3.9957968683383838, 12.42948130532829, 3.977387893593806, 2.826063817885627, 18.021845733317956, 1.0789663509861553, 0.9992651823237282, 1.1481082624449503, 1.1517385876690203, 0.8056129838856094, 10.0, 8.0789980582187, 3.835441480429669, 0.8915535728436138, 3.526490581436051, 7.1143830200417035, 1.9617104390985045, 6.3316462477444135, 2.161443447924981, 10.0, 1.2608473208348565, 1.0734998327647352, 3.9114306575851123, 1.8178551489190815, 1.548526858636558, 4.1186518536012136, 1.6031927418705776, 4.437377600349766, 3.050323944107983, 3.823002350885442, 2.011146152018182, 4.319704050592318, 2.564769922360705, 8.431067145185112]
APTIDAO: 
27.350114671384652
GEN: 3700
Individuo: 
[1.4429512130334348, 1.9078650300265716, 1.5704402479113264, 3.9051559042063264, 1.4523668587026637, 0.4617049241169982, 0.49306081056902346, 0.4165707166085349, 0.81507261237195, 0.5386530540249292, 0.5620823802193158, 0.18194997704257307, 3.4964504547978463, 5.350141611789616, 3.9957968683383838, 12.178453704896379, 3.194827449511423, 2.826063817885627, 24.875975102000343, 1.0789663509861553, 0.9992651823237282, 1.1481082624449503, 1.1517385876690203, 0.8056129838856094, 10.0, 8.0789980582187, 3.835441480429669, 0.8915535728436138, 3.526490581436051, 7.1143830200417035, 1.9617104390985045, 6.3316462477444135, 1.6779260613104, 10.0, 1.2608473208348565, 1.0734998327647352, 3.9114306575851123, 1.8178551489190815, 1.548526858636558, 2.285454060699006, 2.1664004880766075, 4.437377600349766, 3.1798930192995005, 3.823002350885442, 2.011146152018182, 4.319704050592318, 2.564769922360705, 8.431067145185112]
APTIDAO: 
27.2810764205475
GEN: 3800
Individuo: 
[1.4429512130334348, 1.9078650300265716, 1.5704402479113264, 3.9051559042063264, 1.4523668587026637, 0.4617049241169982, 0.49306081056902346, 0.4165707166085349, 0.81507261237195, 0.5386530540249292, 0.5620823802193158, 0.18194997704257307, 3.0983615640394673, 5.350141611789616, 3.9957968683383838, 12.178453704896379, 3.194827449511423, 2.826063817885627, 24.67844403182278, 1.0789663509861553, 0.9992651823237282, 1.1481082624449503, 1.1517385876690203, 0.8056129838856094, 10.0, 8.0789980582187, 3.835441480429669, 0.8915535728436138, 3.526490581436051, 7.1143830200417035, 1.9617104390985045, 6.3316462477444135, 1.6779260613104, 10.0, 1.2608473208348565, 1.0734998327647352, 5.163770786960172, 1.8178551489190815, 1.548526858636558, 2.285454060699006, 2.1664004880766075, 4.437377600349766, 4.334379469965934, 3.823002350885442, 2.011146152018182, 4.319704050592318, 2.564769922360705, 8.431067145185112]
APTIDAO: 
27.2810764205475
GEN: 3900
Individuo: 
[1.4429512130334348, 1.9078650300265716, 1.5704402479113264, 3.9051559042063264, 1.4523668587026637, 0.4617049241169982, 0.49306081056902346, 0.4165707166085349, 0.8146506772001868, 0.5386530540249292, 0.5620823802193158, 0.18194997704257307, 3.0983615640394673, 5.350141611789616, 3.8983292119696666, 12.178453704896379, 3.194827449511423, 2.826063817885627, 24.67844403182278, 1.0789663509861553, 0.9992651823237282, 1.1481082624449503, 1.1517385876690203, 0.8056129838856094, 10.0, 8.0789980582187, 3.835441480429669, 0.8915535728436138, 3.526490581436051, 7.1143830200417035, 1.9617104390985045, 6.3316462477444135, 1.1267079922530616, 10.0, 1.2608473208348565, 1.0734998327647352, 5.163770786960172, 1.8178551489190815, 1.5859064119789141, 2.285454060699006, 2.1664004880766075, 4.437377600349766, 4.334379469965934, 3.823002350885442, 2.011146152018182, 4.319704050592318, 2.564769922360705, 8.431067145185112]
APTIDAO: 
27.277053883214947
GEN: 4000
Individuo: 
[1.4429512130334348, 1.9078650300265716, 1.5704402479113264, 3.9051559042063264, 1.4523668587026637, 0.4617049241169982, 0.49306081056902346, 0.4165707166085349, 0.8146506772001868, 0.5386530540249292, 0.5620823802193158, 0.18194997704257307, 3.0983615640394673, 5.350141611789616, 3.8983292119696666, 12.178453704896379, 3.5361417816169647, 2.826063817885627, 24.67844403182278, 1.0789663509861553, 0.9992651823237282, 1.1481082624449503, 1.1517385876690203, 0.8056129838856094, 10.0, 8.0789980582187, 3.835441480429669, 0.8915535728436138, 3.526490581436051, 7.1143830200417035, 1.9617104390985045, 6.3316462477444135, 1.1267079922530616, 10.0, 1.2608473208348565, 1.0734998327647352, 5.163770786960172, 1.8178551489190815, 1.5859064119789141, 2.285454060699006, 2.2607304329199494, 4.437377600349766, 4.334379469965934, 3.823002350885442, 2.011146152018182, 4.319704050592318, 2.564769922360705, 8.431067145185112]
APTIDAO: 
27.277053883214947
GEN: 4100
Individuo: 
[1.4429512130334348, 1.9078650300265716, 1.5704402479113264, 3.9051559042063264, 1.4523668587026637, 0.4617049241169982, 0.49306081056902346, 0.4165707166085349, 0.8146506772001868, 0.5386530540249292, 0.5620823802193158, 0.18194997704257307, 3.0983615640394673, 5.350141611789616, 3.643190759711661, 12.178453704896379, 3.9841173509298176, 2.826063817885627, 24.67844403182278, 1.0789663509861553, 0.9992651823237282, 1.1481082624449503, 1.1517385876690203, 0.8056129838856094, 10.0, 8.0789980582187, 3.835441480429669, 0.8915535728436138, 3.526490581436051, 7.1143830200417035, 1.9617104390985045, 6.3316462477444135, 1.1267079922530616, 10.0, 1.2608473208348565, 1.0734998327647352, 5.163770786960172, 1.8178551489190815, 1.1434195286379143, 2.285454060699006, 2.391584175071661, 4.437377600349766, 4.334379469965934, 3.823002350885442, 2.011146152018182, 4.319704050592318, 2.564769922360705, 8.431067145185112]
APTIDAO: 
27.277053883214947
GEN: 4200
Individuo: 
[1.4429512130334348, 1.9078650300265716, 1.5704402479113264, 3.9051559042063264, 1.4523668587026637, 0.4617049241169982, 0.49306081056902346, 0.4165707166085349, 0.7581641406889006, 0.5386530540249292, 0.5244254737082488, 0.18194997704257307, 3.0983615640394673, 5.350141611789616, 2.165734854608558, 12.178453704896379, 3.6346192312382524, 2.826063817885627, 14.163152947190234, 1.0789663509861553, 0.9992651823237282, 1.1481082624449503, 1.1517385876690203, 0.8056129838856094, 10.0, 8.0789980582187, 3.835441480429669, 0.8915535728436138, 3.526490581436051, 7.1143830200417035, 1.9617104390985045, 6.3316462477444135, 1.4918763017253118, 10.0, 1.091675821117262, 1.0734998327647352, 5.163770786960172, 1.8178551489190815, 0.7347673294522766, 2.285454060699006, 1.988468837348154, 4.437377600349766, 3.458566548991348, 3.823002350885442, 2.011146152018182, 4.319704050592318, 2.564769922360705, 8.431067145185112]
APTIDAO: 
25.11352101340044
GEN: 4300
Individuo: 
[1.4429512130334348, 1.9078650300265716, 1.5677914436067273, 3.9051559042063264, 1.4523668587026637, 0.46379377136530237, 0.49306081056902346, 0.4165707166085349, 0.7581641406889006, 0.5386530540249292, 0.5244254737082488, 0.18194997704257307, 3.0983615640394673, 5.350141611789616, 2.165734854608558, 12.178453704896379, 3.1241420199975045, 2.4741234248144144, 14.163152947190234, 1.0789663509861553, 0.9992651823237282, 1.1481082624449503, 1.1517385876690203, 0.8056129838856094, 10.0, 8.0789980582187, 2.785678554833668, 0.8915535728436138, 3.526490581436051, 5.48628049600288, 1.9617104390985045, 6.3316462477444135, 1.4918763017253118, 10.0, 1.091675821117262, 1.0734998327647352, 5.163770786960172, 1.8178551489190815, 0.7347673294522766, 2.285454060699006, 1.8446203327909025, 2.134129329928026, 3.458566548991348, 3.823002350885442, 2.011146152018182, 4.319704050592318, 2.564769922360705, 8.431067145185112]
APTIDAO: 
25.07873270771911
GEN: 4400
Individuo: 
[1.4429512130334348, 1.9078650300265716, 1.5677914436067273, 3.9051559042063264, 1.4523668587026637, 0.46379377136530237, 0.49306081056902346, 0.4165707166085349, 0.7581641406889006, 0.5543390003911167, 0.5244254737082488, 0.18194997704257307, 3.0983615640394673, 5.350141611789616, 2.4566252420744257, 12.460340638729303, 3.1241420199975045, 2.4741234248144144, 14.163152947190234, 1.0789663509861553, 0.9992651823237282, 1.1511792013403053, 1.1517385876690203, 0.8056129838856094, 10.0, 8.0789980582187, 2.785678554833668, 0.8915535728436138, 3.526490581436051, 5.48628049600288, 1.9617104390985045, 6.3316462477444135, 1.4918763017253118, 9.675690092886569, 1.091675821117262, 1.0734998327647352, 5.163770786960172, 1.8178551489190815, 0.9922676179757425, 2.664393878467498, 1.8446203327909025, 2.134129329928026, 3.458566548991348, 3.823002350885442, 2.011146152018182, 2.7273389306780937, 2.564769922360705, 8.431067145185112]
APTIDAO: 
24.93996142581021
GEN: 4500
Individuo: 
[1.4429512130334348, 1.9078650300265716, 1.5677914436067273, 3.9051559042063264, 1.4523668587026637, 0.46379377136530237, 0.48920645619917996, 0.4165707166085349, 0.7581641406889006, 0.5543390003911167, 0.5334211850762645, 0.18194997704257307, 3.0983615640394673, 5.049789173091878, 2.619573585891036, 12.460340638729303, 3.1241420199975045, 2.4741234248144144, 8.32666146998839, 1.0789663509861553, 0.9992651823237282, 1.1511792013403053, 1.1517385876690203, 0.8056129838856094, 10.0, 8.0789980582187, 2.785678554833668, 0.8915535728436138, 3.526490581436051, 5.48628049600288, 2.1307674847373423, 6.3316462477444135, 1.4918763017253118, 9.675690092886569, 0.9589047297811792, 1.0734998327647352, 5.163770786960172, 2.3409895444615225, 2.664728273233783, 2.664393878467498, 1.8446203327909025, 2.134129329928026, 2.450120372802359, 3.823002350885442, 2.011146152018182, 2.7273389306780937, 2.564769922360705, 8.431067145185112]
APTIDAO: 
24.79140800372005
GEN: 4600
Individuo: 
[1.4429512130334348, 1.9078650300265716, 1.5623100202906903, 3.9051559042063264, 1.4523668587026637, 0.46379377136530237, 0.48920645619917996, 0.4165707166085349, 0.7581641406889006, 0.4769800034631903, 0.5584977838000543, 0.18194997704257307, 3.0983615640394673, 5.049789173091878, 2.619573585891036, 12.136434181911493, 3.6966819365167636, 2.924600067994555, 10.753271269121843, 1.0789663509861553, 0.9992651823237282, 1.1511792013403053, 1.1517385876690203, 0.8056129838856094, 10.0, 8.0789980582187, 3.6480337360314308, 0.8915535728436138, 3.526490581436051, 5.48628049600288, 2.1307674847373423, 6.3316462477444135, 1.4918763017253118, 6.0527938268874575, 1.0045208085284236, 1.0734998327647352, 5.163770786960172, 2.3409895444615225, 2.664728273233783, 2.761401336150568, 3.272920661685461, 2.0640127443628478, 4.244780378853261, 3.823002350885442, 2.011146152018182, 2.7273389306780937, 2.564769922360705, 8.431067145185112]
APTIDAO: 
25.067856224362487
GEN: 4700
Individuo: 
[1.4429512130334348, 1.9078650300265716, 1.5623100202906903, 3.9051559042063264, 1.4523668587026637, 0.46379377136530237, 0.48920645619917996, 0.4165707166085349, 0.7581641406889006, 0.48342444795055634, 0.5584977838000543, 0.18194997704257307, 3.639618920207563, 5.049789173091878, 2.501509945915943, 12.136434181911493, 3.6966819365167636, 2.924600067994555, 12.138092246641515, 1.0789663509861553, 0.9992651823237282, 1.1511792013403053, 1.1540068301515223, 0.8056129838856094, 10.0, 8.0789980582187, 3.6480337360314308, 0.8915535728436138, 3.526490581436051, 5.48628049600288, 2.1307674847373423, 6.3316462477444135, 1.4918763017253118, 5.542042979012114, 1.0045208085284236, 1.0734998327647352, 5.849352571304856, 2.3409895444615225, 3.2504420570057806, 2.761401336150568, 3.272920661685461, 2.0640127443628478, 1.7457724477399745, 3.823002350885442, 2.011146152018182, 2.7273389306780937, 1.1298772125050538, 8.431067145185112]
APTIDAO: 
24.98178917292589
GEN: 4800
Individuo: 
[1.4429512130334348, 1.9078650300265716, 1.5623100202906903, 3.9051559042063264, 1.4523668587026637, 0.46379377136530237, 0.48920645619917996, 0.4165707166085349, 0.7581641406889006, 0.5115490014898487, 0.5584977838000543, 0.18194997704257307, 3.639618920207563, 5.049789173091878, 2.29785930355701, 14.249895554767528, 3.6966819365167636, 2.7731301995743993, 10.665553785224645, 1.0789663509861553, 0.9992651823237282, 1.1511792013403053, 1.1540068301515223, 0.8056129838856094, 10.0, 8.0789980582187, 3.6480337360314308, 0.8915535728436138, 3.526490581436051, 5.48628049600288, 2.1307674847373423, 6.3316462477444135, 1.4918763017253118, 1.2893623972544286, 1.0045208085284236, 1.0734998327647352, 5.849352571304856, 2.3409895444615225, 2.573090011926682, 1.9158330902722562, 3.272920661685461, 2.146187683905209, 1.4357186792983834, 3.823002350885442, 2.011146152018182, 2.7273389306780937, 1.1298772125050538, 8.431067145185112]
APTIDAO: 
24.77193077824085
GEN: 4900
Individuo: 
[1.4429512130334348, 1.9078650300265716, 1.5623100202906903, 3.9051559042063264, 1.4523668587026637, 0.46379377136530237, 0.48920645619917996, 0.4165707166085349, 0.7581641406889006, 0.5115490014898487, 0.5584977838000543, 0.18194997704257307, 3.639618920207563, 5.049789173091878, 2.9502237497898203, 13.81657042330345, 3.6966819365167636, 2.8390613670863507, 10.665553785224645, 1.0789663509861553, 0.9992651823237282, 1.1511792013403053, 1.1540068301515223, 0.8056129838856094, 10.0, 8.0789980582187, 3.6480337360314308, 0.8915535728436138, 3.526490581436051, 5.48628049600288, 2.1307674847373423, 6.3316462477444135, 1.4918763017253118, 1.2893623972544286, 1.0045208085284236, 1.0734998327647352, 5.849352571304856, 2.3409895444615225, 4.7713697334268845, 1.829134590802196, 3.272920661685461, 2.2779568209319923, 1.4357186792983834, 3.823002350885442, 2.011146152018182, 2.7273389306780937, 1.1298772125050538, 8.431067145185112]
APTIDAO: 
24.70634133389934
GEN: 5000
Individuo: 
[1.4429512130334348, 1.9078650300265716, 1.5623100202906903, 3.8694807224803967, 1.4523668587026637, 0.46379377136530237, 0.48920645619917996, 0.4165707166085349, 0.7581641406889006, 0.5115490014898487, 0.5584977838000543, 0.18194997704257307, 3.639618920207563, 5.049789173091878, 2.9502237497898203, 13.81657042330345, 3.737313600284596, 2.7731301995743993, 16.831617483378302, 1.0789663509861553, 0.9992651823237282, 1.1511792013403053, 1.1540068301515223, 0.8056129838856094, 10.0, 8.0789980582187, 3.6480337360314308, 0.7688463345530406, 3.526490581436051, 5.48628049600288, 2.1307674847373423, 6.3316462477444135, 1.4918763017253118, 1.2893623972544286, 1.0045208085284236, 1.0734998327647352, 5.849352571304856, 2.3409895444615225, 4.7713697334268845, 1.829134590802196, 5.962292307421643, 2.146187683905209, 0.6468334011404676, 3.823002350885442, 2.011146152018182, 2.7273389306780937, 1.1298772125050538, 8.431067145185112]
APTIDAO: 
24.702641768868155
GEN: 5100
Individuo: 
[1.4429512130334348, 1.9078650300265716, 1.552895543094574, 3.8694807224803967, 1.4523668587026637, 0.46379377136530237, 0.48920645619917996, 0.4165707166085349, 0.7581641406889006, 0.5115490014898487, 0.5584977838000543, 0.18194997704257307, 3.2832564865872387, 5.049789173091878, 2.9502237497898203, 13.81657042330345, 3.737313600284596, 2.062386656104493, 19.5311806402342, 1.0789663509861553, 0.9992651823237282, 1.1511792013403053, 1.1540068301515223, 0.8056129838856094, 10.0, 8.0789980582187, 2.17588979648261, 0.7688463345530406, 3.526490581436051, 5.48628049600288, 2.1307674847373423, 6.3316462477444135, 1.4918763017253118, 1.2893623972544286, 1.0045208085284236, 1.0734998327647352, 4.9648802533894685, 2.3409895444615225, 4.7713697334268845, 1.829134590802196, 5.962292307421643, 2.136564867144312, 2.3707378977300717, 3.823002350885442, 2.011146152018182, 2.7273389306780937, 1.1298772125050538, 8.431067145185112]
APTIDAO: 
24.6821863732963
GEN: 5200
Individuo: 
[1.4429512130334348, 1.9078650300265716, 1.552895543094574, 3.8694807224803967, 1.4523668587026637, 0.46379377136530237, 0.48920645619917996, 0.4165707166085349, 0.7581641406889006, 0.5115490014898487, 0.5584977838000543, 0.18194997704257307, 3.956440524863699, 5.888635559716604, 2.9502237497898203, 13.413904936943826, 3.737313600284596, 2.4004787722259215, 20.79872535632263, 1.0740537776533634, 0.9992651823237282, 1.1511792013403053, 1.1559660541427013, 0.8056129838856094, 10.0, 8.0789980582187, 2.17588979648261, 0.7688463345530406, 3.526490581436051, 5.48628049600288, 2.1307674847373423, 6.3316462477444135, 1.4918763017253118, 1.2893623972544286, 1.0045208085284236, 1.0734998327647352, 4.3551526577995165, 3.0981652678694895, 4.7713697334268845, 2.3828066363897156, 5.962292307421643, 1.8529815734272943, 1.1771256198875308, 2.5787174132872477, 2.011146152018182, 2.7273389306780937, 1.1666935891401973, 8.431067145185112]
APTIDAO: 
24.660010742093487
GEN: 5300
Individuo: 
[1.4429512130334348, 1.9078650300265716, 1.552895543094574, 3.8694807224803967, 1.4523668587026637, 0.46379377136530237, 0.48920645619917996, 0.4165707166085349, 0.7581641406889006, 0.5262602001662277, 0.5584977838000543, 0.18194997704257307, 3.956440524863699, 5.049789173091878, 2.9502237497898203, 13.413904936943826, 3.737313600284596, 2.4004787722259215, 14.623545940019733, 1.0740537776533634, 0.9992651823237282, 1.1511792013403053, 1.1559660541427013, 0.8056129838856094, 10.0, 8.0789980582187, 2.17588979648261, 0.7688463345530406, 3.526490581436051, 5.48628049600288, 2.1307674847373423, 6.3316462477444135, 1.4918763017253118, 1.5624813948508363, 1.0045208085284236, 1.0734998327647352, 4.3551526577995165, 2.3409895444615225, 4.7713697334268845, 2.3828066363897156, 5.962292307421643, 1.8529815734272943, 1.0699324994456094, 2.5787174132872477, 2.011146152018182, 2.7273389306780937, 1.1666935891401973, 8.431067145185112]
APTIDAO: 
24.585702069343235
GEN: 5400
Individuo: 
[1.4429512130334348, 1.9078650300265716, 1.552895543094574, 3.8694807224803967, 1.4523668587026637, 0.46379377136530237, 0.48920645619917996, 0.4165707166085349, 0.7581641406889006, 0.5266386792658079, 0.5584977838000543, 0.18080826541222553, 3.065690343588884, 5.049789173091878, 2.9502237497898203, 13.413904936943826, 3.737313600284596, 2.9286609195365783, 17.041011014070275, 1.0740537776533634, 0.9992651823237282, 1.1511792013403053, 1.1559660541427013, 0.8056129838856094, 10.0, 8.0789980582187, 2.17588979648261, 0.7688463345530406, 3.526490581436051, 5.48628049600288, 2.1307674847373423, 6.3316462477444135, 1.4918763017253118, 1.610757193587087, 1.0045208085284236, 1.2462848324606455, 3.4138422951506495, 2.3409895444615225, 4.7713697334268845, 2.3828066363897156, 5.962292307421643, 2.3508228838918526, 0.883889013982523, 2.5787174132872477, 2.011146152018182, 2.7273389306780937, 1.1666935891401973, 8.431067145185112]
APTIDAO: 
24.57461620061989
GEN: 5500
Individuo: 
[1.4429512130334348, 1.9078650300265716, 1.552895543094574, 3.8694807224803967, 1.4523668587026637, 0.46379377136530237, 0.48920645619917996, 0.4165707166085349, 0.7581641406889006, 0.5266386792658079, 0.5584977838000543, 0.18080826541222553, 3.065690343588884, 5.049789173091878, 2.9502237497898203, 13.413904936943826, 3.737313600284596, 2.9286609195365783, 17.041011014070275, 1.0740537776533634, 0.9992651823237282, 1.1511792013403053, 1.1559660541427013, 0.8056129838856094, 10.0, 8.0789980582187, 2.17588979648261, 0.7688463345530406, 3.526490581436051, 5.48628049600288, 2.1307674847373423, 6.3316462477444135, 1.4918763017253118, 1.610757193587087, 1.0045208085284236, 1.2462848324606455, 3.4138422951506495, 2.3409895444615225, 4.7713697334268845, 2.3828066363897156, 5.962292307421643, 2.3508228838918526, 0.883889013982523, 2.5787174132872477, 2.011146152018182, 2.7273389306780937, 1.1666935891401973, 8.431067145185112]
APTIDAO: 
24.57461620061989
GEN: 5600
Individuo: 
[1.4429512130334348, 1.9078650300265716, 1.552895543094574, 3.8694807224803967, 1.4523668587026637, 0.46379377136530237, 0.48419883544595477, 0.4165707166085349, 0.7581641406889006, 0.5266386792658079, 0.5584977838000543, 0.18080826541222553, 3.065690343588884, 5.524098482339082, 2.9502237497898203, 13.413904936943826, 3.737313600284596, 2.9286609195365783, 17.041011014070275, 1.0740537776533634, 0.9992651823237282, 1.1511792013403053, 1.1559660541427013, 0.8056129838856094, 10.0, 8.0789980582187, 2.17588979648261, 0.7688463345530406, 3.526490581436051, 5.48628049600288, 0.9050298202687773, 6.3316462477444135, 1.4918763017253118, 1.610757193587087, 1.0045208085284236, 1.2462848324606455, 3.4138422951506495, 2.2116566622232923, 4.7713697334268845, 2.3828066363897156, 5.962292307421643, 2.3508228838918526, 0.883889013982523, 2.5787174132872477, 2.011146152018182, 2.7273389306780937, 1.1666935891401973, 8.431067145185112]
APTIDAO: 
24.55490806543356
GEN: 5700
Individuo: 
[1.4429512130334348, 1.9078650300265716, 1.552895543094574, 3.8694807224803967, 1.4523668587026637, 0.46379377136530237, 0.48419883544595477, 0.4165707166085349, 0.7581641406889006, 0.5266386792658079, 0.5584977838000543, 0.18080826541222553, 3.065690343588884, 5.938942510186575, 2.9502237497898203, 12.253539759474686, 3.6777621298963155, 2.666987584063935, 17.041011014070275, 1.0740537776533634, 0.9992651823237282, 1.1511792013403053, 1.1661377668555284, 0.8056129838856094, 10.0, 8.0789980582187, 2.17588979648261, 0.7688463345530406, 3.526490581436051, 5.48628049600288, 0.9050298202687773, 6.3316462477444135, 1.4918763017253118, 1.610757193587087, 1.0045208085284236, 1.2462848324606455, 3.4138422951506495, 2.32809526879442, 4.7713697334268845, 1.3936630256466225, 6.910717163900872, 2.0136386881133497, 0.883889013982523, 2.5787174132872477, 2.011146152018182, 2.7273389306780937, 1.17731699690249, 8.431067145185112]
APTIDAO: 
24.51287312733661
GEN: 5800
Individuo: 
[1.4429512130334348, 1.9078650300265716, 1.552895543094574, 3.8694807224803967, 1.4523668587026637, 0.46379377136530237, 0.48419883544595477, 0.4165707166085349, 0.7581641406889006, 0.5266386792658079, 0.5584977838000543, 0.18080826541222553, 3.065690343588884, 5.938942510186575, 2.377045290703064, 12.253539759474686, 3.6777621298963155, 2.0527730819985686, 16.53164411774326, 1.0740537776533634, 0.9992651823237282, 1.1511792013403053, 1.1661377668555284, 0.8056129838856094, 10.0, 8.0789980582187, 2.17588979648261, 0.7688463345530406, 3.526490581436051, 5.48628049600288, 0.9050298202687773, 6.3316462477444135, 1.4918763017253118, 1.610757193587087, 1.0045208085284236, 1.2462848324606455, 3.4138422951506495, 2.32809526879442, 4.248288926855596, 1.3936630256466225, 6.910717163900872, 1.4974857254345373, 0.8524120636547812, 2.5787174132872477, 2.011146152018182, 2.7273389306780937, 1.17731699690249, 8.431067145185112]
APTIDAO: 
24.505458154640422
GEN: 5900
Individuo: 
[1.4429512130334348, 1.9078650300265716, 1.552895543094574, 3.8694807224803967, 1.4523668587026637, 0.46379377136530237, 0.48419883544595477, 0.4165707166085349, 0.7581641406889006, 0.5266386792658079, 0.5584977838000543, 0.18080826541222553, 3.065690343588884, 5.118525851665587, 2.377045290703064, 12.253539759474686, 3.742494120153527, 2.0527730819985686, 15.842561311143502, 1.0740537776533634, 0.9992651823237282, 1.1511792013403053, 1.1661377668555284, 0.8056129838856094, 10.0, 8.0789980582187, 2.17588979648261, 0.7688463345530406, 3.526490581436051, 5.48628049600288, 0.9050298202687773, 6.3316462477444135, 1.4918763017253118, 1.610757193587087, 1.0045208085284236, 1.2462848324606455, 3.4138422951506495, 1.7337081053069265, 4.248288926855596, 1.3936630256466225, 7.042120103102482, 1.4974857254345373, 0.46214129752610955, 2.5787174132872477, 2.011146152018182, 2.7273389306780937, 1.17731699690249, 8.431067145185112]
APTIDAO: 
24.504604656279028
GEN: 6000
Individuo: 
[1.4429512130334348, 1.9078650300265716, 1.552895543094574, 3.8694807224803967, 1.4523668587026637, 0.46379377136530237, 0.48419883544595477, 0.4165707166085349, 0.7581641406889006, 0.5266386792658079, 0.5584977838000543, 0.18080826541222553, 3.065690343588884, 5.118525851665587, 2.377045290703064, 12.253539759474686, 3.742494120153527, 2.0527730819985686, 15.842561311143502, 1.0740537776533634, 0.9992651823237282, 1.1511792013403053, 1.1661377668555284, 0.8056129838856094, 10.0, 8.0789980582187, 2.17588979648261, 0.7688463345530406, 3.526490581436051, 5.48628049600288, 0.9050298202687773, 6.3316462477444135, 1.4918763017253118, 1.610757193587087, 1.0045208085284236, 1.2462848324606455, 3.4138422951506495, 1.7337081053069265, 4.248288926855596, 1.3936630256466225, 7.042120103102482, 1.4974857254345373, 0.46214129752610955, 2.5787174132872477, 2.011146152018182, 2.7273389306780937, 1.17731699690249, 8.431067145185112]
APTIDAO: 
24.504604656279028
GEN: 6100
Individuo: 
[1.4429512130334348, 1.9078650300265716, 1.552895543094574, 3.8694807224803967, 1.4523668587026637, 0.46379377136530237, 0.47809571781685456, 0.4165707166085349, 0.7581641406889006, 0.5266386792658079, 0.5584977838000543, 0.18080826541222553, 3.065690343588884, 5.118525851665587, 2.377045290703064, 12.253539759474686, 3.742494120153527, 2.0527730819985686, 15.842561311143502, 1.0740537776533634, 1.0019449141442085, 1.1511792013403053, 1.1661377668555284, 0.8056129838856094, 10.0, 8.0789980582187, 2.17588979648261, 0.7688463345530406, 3.526490581436051, 5.48628049600288, 1.1946474867484378, 6.3316462477444135, 1.4918763017253118, 1.610757193587087, 1.0045208085284236, 1.2462848324606455, 3.4138422951506495, 1.7337081053069265, 4.248288926855596, 1.3936630256466225, 7.042120103102482, 1.4974857254345373, 0.46214129752610955, 2.5787174132872477, 1.3503027282021811, 2.7273389306780937, 1.17731699690249, 8.431067145185112]
APTIDAO: 
24.49379249803352
GEN: 6200
Individuo: 
[1.4429512130334348, 1.9078650300265716, 1.552895543094574, 3.8694807224803967, 1.4523668587026637, 0.46379377136530237, 0.47809571781685456, 0.4165707166085349, 0.7581641406889006, 0.5266386792658079, 0.5584977838000543, 0.18080826541222553, 3.065690343588884, 5.118525851665587, 2.377045290703064, 12.253539759474686, 3.742494120153527, 2.0527730819985686, 17.261718728846795, 1.0740537776533634, 1.0019449141442085, 1.1511792013403053, 1.1661377668555284, 0.8056129838856094, 10.0, 8.0789980582187, 2.17588979648261, 0.7688463345530406, 3.526490581436051, 5.48628049600288, 1.1946474867484378, 6.3316462477444135, 1.4918763017253118, 1.610757193587087, 1.0045208085284236, 1.2462848324606455, 3.4138422951506495, 1.7337081053069265, 4.248288926855596, 1.3936630256466225, 7.042120103102482, 1.4974857254345373, 0.5419008139377722, 2.5787174132872477, 1.3503027282021811, 2.7273389306780937, 1.17731699690249, 8.431067145185112]
APTIDAO: 
24.476212987583942
GEN: 6300
Individuo: 
[1.4429512130334348, 1.9078650300265716, 1.552895543094574, 3.8694807224803967, 1.4523668587026637, 0.46379377136530237, 0.47809571781685456, 0.4165707166085349, 0.7581641406889006, 0.5266386792658079, 0.5584977838000543, 0.1806434172765171, 3.065690343588884, 5.118525851665587, 2.377045290703064, 12.253539759474686, 3.742494120153527, 2.0527730819985686, 17.261718728846795, 1.076260125960888, 1.0019449141442085, 1.1511792013403053, 1.1661377668555284, 0.8056129838856094, 10.0, 8.0789980582187, 2.17588979648261, 0.7688463345530406, 3.526490581436051, 5.48628049600288, 1.1946474867484378, 6.3316462477444135, 1.4918763017253118, 1.610757193587087, 1.0045208085284236, 1.120973583493902, 3.4138422951506495, 1.7337081053069265, 4.248288926855596, 1.3936630256466225, 7.042120103102482, 1.4974857254345373, 0.5419008139377722, 1.6473261555694192, 1.3503027282021811, 2.7273389306780937, 1.17731699690249, 8.431067145185112]
APTIDAO: 
24.473432838423793
GEN: 6400
Individuo: 
[1.4429512130334348, 1.9078650300265716, 1.552895543094574, 3.8694807224803967, 1.4523668587026637, 0.46379377136530237, 0.47809571781685456, 0.4164273954997814, 0.7581641406889006, 0.5266386792658079, 0.5584977838000543, 0.1806434172765171, 3.065690343588884, 5.118525851665587, 2.377045290703064, 12.253539759474686, 3.742494120153527, 2.0527730819985686, 17.261718728846795, 1.076260125960888, 1.0019449141442085, 1.1511792013403053, 1.1661377668555284, 0.8056129838856094, 10.0, 8.0789980582187, 2.17588979648261, 0.7688463345530406, 3.526490581436051, 5.48628049600288, 1.1946474867484378, 9.576879090114902, 1.4918763017253118, 1.610757193587087, 1.0045208085284236, 1.120973583493902, 3.4138422951506495, 1.7337081053069265, 4.248288926855596, 1.3936630256466225, 7.042120103102482, 1.4974857254345373, 0.5419008139377722, 1.6473261555694192, 1.3503027282021811, 2.7273389306780937, 1.17731699690249, 8.431067145185112]
APTIDAO: 
24.47210233316567
GEN: 6500
Individuo: 
[1.4429512130334348, 1.9078650300265716, 1.552895543094574, 3.8694807224803967, 1.4523668587026637, 0.46379377136530237, 0.47809571781685456, 0.4164273954997814, 0.7581641406889006, 0.5266386792658079, 0.5584977838000543, 0.1806434172765171, 3.065690343588884, 5.118525851665587, 2.377045290703064, 12.253539759474686, 3.742494120153527, 2.0527730819985686, 18.41077537450982, 1.076260125960888, 1.0019449141442085, 1.1511792013403053, 1.1661377668555284, 0.8056129838856094, 10.0, 8.0789980582187, 2.17588979648261, 0.7688463345530406, 3.526490581436051, 5.48628049600288, 1.1946474867484378, 9.576879090114902, 1.4918763017253118, 1.610757193587087, 1.0045208085284236, 1.120973583493902, 3.4138422951506495, 1.7337081053069265, 4.248288926855596, 1.3936630256466225, 7.042120103102482, 1.4974857254345373, 0.4663588493045242, 1.6473261555694192, 1.3503027282021811, 2.7273389306780937, 1.17731699690249, 8.431067145185112]
APTIDAO: 
24.47199761692612
GEN: 6600
Individuo: 
[1.4429512130334348, 1.9078650300265716, 1.552895543094574, 3.8694807224803967, 1.4523668587026637, 0.46379377136530237, 0.47809571781685456, 0.4164273954997814, 0.7581641406889006, 0.5266386792658079, 0.5584977838000543, 0.1806434172765171, 3.646816545038074, 5.118525851665587, 2.377045290703064, 12.631597694744896, 3.742494120153527, 2.381892070733772, 18.41077537450982, 1.076260125960888, 1.0019449141442085, 1.1511792013403053, 1.1661377668555284, 0.8056129838856094, 10.0, 8.0789980582187, 2.17588979648261, 0.7688463345530406, 3.526490581436051, 5.48628049600288, 1.1946474867484378, 9.576879090114902, 1.4918763017253118, 1.610757193587087, 1.0045208085284236, 1.120973583493902, 2.8840667841282293, 1.7337081053069265, 4.248288926855596, 1.0985239969658578, 7.042120103102482, 0.5341029237781622, 0.4663588493045242, 1.6473261555694192, 1.3503027282021811, 2.7273389306780937, 1.17731699690249, 8.431067145185112]
APTIDAO: 
24.47199761692612
GEN: 6700
Individuo: 
[1.4429512130334348, 1.9078650300265716, 1.552895543094574, 3.8694807224803967, 1.4523668587026637, 0.46379377136530237, 0.47809571781685456, 0.4164273954997814, 0.7581641406889006, 0.5266386792658079, 0.5584977838000543, 0.1806434172765171, 3.646816545038074, 5.118525851665587, 2.704021027229828, 12.631597694744896, 3.742494120153527, 2.381892070733772, 18.41077537450982, 1.076260125960888, 1.0019449141442085, 1.1511792013403053, 1.1661377668555284, 0.8056129838856094, 10.0, 8.0789980582187, 2.17588979648261, 0.7688463345530406, 3.526490581436051, 5.48628049600288, 1.1946474867484378, 9.576879090114902, 1.4918763017253118, 1.610757193587087, 1.0045208085284236, 1.120973583493902, 2.8840667841282293, 1.7337081053069265, 3.659513632631218, 1.0985239969658578, 7.042120103102482, 0.5341029237781622, 0.4663588493045242, 1.6473261555694192, 1.3503027282021811, 2.7273389306780937, 1.17731699690249, 8.431067145185112]
APTIDAO: 
24.47199761692612
GEN: 6800
Individuo: 
[1.4429512130334348, 1.9078650300265716, 1.552895543094574, 3.8694807224803967, 1.4523668587026637, 0.46379377136530237, 0.47809571781685456, 0.4164273954997814, 0.7581641406889006, 0.5266386792658079, 0.5584977838000543, 0.1806434172765171, 3.646816545038074, 5.976776384087444, 2.704021027229828, 12.563942702772856, 3.742494120153527, 2.381892070733772, 18.41077537450982, 1.076260125960888, 1.0019449141442085, 1.1511792013403053, 1.1661377668555284, 0.8056129838856094, 10.0, 8.0789980582187, 2.17588979648261, 0.7688463345530406, 3.526490581436051, 5.48628049600288, 1.1946474867484378, 9.576879090114902, 1.4918763017253118, 1.610757193587087, 1.0045208085284236, 1.120973583493902, 2.8840667841282293, 1.7907256079051006, 3.659513632631218, 0.7051736382125372, 7.042120103102482, 0.5341029237781622, 0.4663588493045242, 1.6473261555694192, 1.3503027282021811, 2.7273389306780937, 1.17731699690249, 8.431067145185112]
APTIDAO: 
24.47199761692612
GEN: 6900
Individuo: 
[1.4429512130334348, 1.9078650300265716, 1.552895543094574, 3.8694807224803967, 1.4523668587026637, 0.46379377136530237, 0.47809571781685456, 0.4164273954997814, 0.7581641406889006, 0.5266386792658079, 0.5584977838000543, 0.1806434172765171, 3.646816545038074, 5.976776384087444, 2.833416884272015, 12.563942702772856, 3.2746284438492883, 2.381892070733772, 18.41077537450982, 1.076260125960888, 1.0019449141442085, 1.1511792013403053, 1.1661377668555284, 0.8056129838856094, 10.0, 8.0789980582187, 2.17588979648261, 0.7688463345530406, 3.526490581436051, 5.48628049600288, 1.1946474867484378, 9.576879090114902, 1.4918763017253118, 1.610757193587087, 1.0045208085284236, 1.120973583493902, 2.8840667841282293, 1.7907256079051006, 2.894291640148933, 0.7051736382125372, 5.107702956775938, 0.5341029237781622, 0.4663588493045242, 1.6473261555694192, 1.3503027282021811, 2.7273389306780937, 1.17731699690249, 8.431067145185112]
APTIDAO: 
24.47199761692612
GEN: 7000
Individuo: 
[1.4429512130334348, 1.9078650300265716, 1.552895543094574, 3.8694807224803967, 1.4523668587026637, 0.46379377136530237, 0.47809571781685456, 0.4164273954997814, 0.7581641406889006, 0.5266386792658079, 0.5584977838000543, 0.18374475208351806, 3.646816545038074, 5.976776384087444, 2.833416884272015, 12.563942702772856, 3.843772238053054, 2.4706835776312874, 18.41077537450982, 1.076260125960888, 1.0019449141442085, 1.1511792013403053, 1.1719453856911644, 0.8056129838856094, 10.0, 8.0789980582187, 2.17588979648261, 0.7688463345530406, 3.526490581436051, 5.48628049600288, 1.1946474867484378, 9.576879090114902, 1.4918763017253118, 1.610757193587087, 1.0045208085284236, 0.7601945440812901, 2.8840667841282293, 1.7907256079051006, 2.894291640148933, 0.7051736382125372, 3.4925222935843867, 0.8468490227367701, 0.4663588493045242, 1.6473261555694192, 1.3503027282021811, 2.7273389306780937, 1.5430549810241325, 8.431067145185112]
APTIDAO: 
24.520358339931704
GEN: 7100
Individuo: 
[1.4429512130334348, 1.9078650300265716, 1.552895543094574, 3.8694807224803967, 1.4523668587026637, 0.46379377136530237, 0.48829232666452177, 0.4164273954997814, 0.7581641406889006, 0.5275319962523818, 0.5584977838000543, 0.18001295694718863, 3.64124182329794, 5.976776384087444, 2.833416884272015, 12.563942702772856, 3.843772238053054, 2.4706835776312874, 18.41077537450982, 1.076260125960888, 1.0019449141442085, 1.1511792013403053, 1.1719453856911644, 0.8056129838856094, 10.0, 8.0789980582187, 2.17588979648261, 0.7688463345530406, 3.526490581436051, 5.48628049600288, 1.0858840570208979, 9.576879090114902, 1.4918763017253118, 2.069214586280641, 1.0045208085284236, 0.8738933167981837, 1.8724063621723692, 1.7907256079051006, 2.894291640148933, 0.7051736382125372, 3.4925222935843867, 0.8468490227367701, 0.4663588493045242, 1.6473261555694192, 1.3503027282021811, 2.7273389306780937, 1.5430549810241325, 8.431067145185112]
APTIDAO: 
24.456709437220447
GEN: 7200
Individuo: 
[1.4429512130334348, 1.9078650300265716, 1.552895543094574, 3.8694807224803967, 1.4523668587026637, 0.46379377136530237, 0.4820304724008204, 0.4164273954997814, 0.7581641406889006, 0.5275319962523818, 0.5584977838000543, 0.18001295694718863, 3.64124182329794, 5.976776384087444, 2.833416884272015, 12.563942702772856, 3.843772238053054, 2.4706835776312874, 22.380930548700782, 1.076260125960888, 1.0019449141442085, 1.1511792013403053, 1.1719453856911644, 0.8056129838856094, 10.0, 8.0789980582187, 2.17588979648261, 0.7688463345530406, 3.526490581436051, 5.48628049600288, 1.4881706726606623, 9.576879090114902, 1.4918763017253118, 2.069214586280641, 1.0045208085284236, 0.8738933167981837, 1.8724063621723692, 1.7907256079051006, 2.894291640148933, 0.7051736382125372, 3.4925222935843867, 0.8468490227367701, 0.5726485730370112, 1.6473261555694192, 1.3503027282021811, 2.7273389306780937, 1.5430549810241325, 8.431067145185112]
APTIDAO: 
24.427346310577413
GEN: 7300
Individuo: 
[1.4429512130334348, 1.9078650300265716, 1.552895543094574, 3.8694807224803967, 1.4523668587026637, 0.46379377136530237, 0.4820304724008204, 0.4164273954997814, 0.7581641406889006, 0.5275319962523818, 0.5584977838000543, 0.18001295694718863, 3.736739408767536, 5.976776384087444, 2.833416884272015, 12.563942702772856, 3.0791646887072743, 2.4706835776312874, 22.224789415021267, 1.076260125960888, 1.0019449141442085, 1.1511792013403053, 1.1719453856911644, 0.8056129838856094, 10.0, 8.0789980582187, 2.17588979648261, 0.7688463345530406, 3.526490581436051, 5.48628049600288, 1.4881706726606623, 9.576879090114902, 1.4918763017253118, 2.069214586280641, 1.0045208085284236, 0.8738933167981837, 1.6116864097900985, 1.7907256079051006, 2.894291640148933, 0.7051736382125372, 3.7910280633252373, 0.8468490227367701, 0.6265037487758103, 1.6473261555694192, 1.3503027282021811, 2.7273389306780937, 1.5430549810241325, 8.431067145185112]
APTIDAO: 
24.427346310577413
GEN: 7400
Individuo: 
[1.4429512130334348, 1.9078650300265716, 1.552895543094574, 3.8694807224803967, 1.4523668587026637, 0.46379377136530237, 0.4820304724008204, 0.4164273954997814, 0.7581641406889006, 0.5275319962523818, 0.5584977838000543, 0.18001295694718863, 3.330218640778537, 5.488419067112038, 2.833416884272015, 12.563942702772856, 3.0791646887072743, 2.102016286156616, 22.224789415021267, 1.076260125960888, 1.0019449141442085, 1.1511792013403053, 1.1719453856911644, 0.8056129838856094, 10.0, 8.0789980582187, 2.17588979648261, 0.7688463345530406, 3.526490581436051, 5.48628049600288, 1.4881706726606623, 9.576879090114902, 1.4918763017253118, 2.069214586280641, 1.0045208085284236, 0.8738933167981837, 1.1682481045003505, 1.9287997657829692, 2.894291640148933, 0.7051736382125372, 3.7910280633252373, 0.6012283680285615, 0.6265037487758103, 1.6473261555694192, 1.3503027282021811, 2.7273389306780937, 1.5430549810241325, 8.431067145185112]
APTIDAO: 
24.427346310577413
GEN: 7500
Individuo: 
[1.4429512130334348, 1.9078650300265716, 1.552895543094574, 3.8694807224803967, 1.4523668587026637, 0.46379377136530237, 0.4820304724008204, 0.4164273954997814, 0.7581641406889006, 0.5275319962523818, 0.5584977838000543, 0.18001295694718863, 3.891119205271952, 5.488419067112038, 2.833416884272015, 12.563942702772856, 3.0791646887072743, 2.761144747284994, 21.166079782507953, 1.076260125960888, 1.0019449141442085, 1.1511792013403053, 1.1719453856911644, 0.8056129838856094, 10.0, 8.0789980582187, 2.17588979648261, 0.7688463345530406, 3.526490581436051, 5.48628049600288, 1.4881706726606623, 9.576879090114902, 1.4918763017253118, 2.069214586280641, 1.0045208085284236, 0.8738933167981837, 1.2934611209517328, 1.9287997657829692, 2.894291640148933, 0.7051736382125372, 3.7910280633252373, 0.7166235438443161, 0.8366937594738763, 1.6473261555694192, 1.3503027282021811, 2.7273389306780937, 1.5430549810241325, 8.431067145185112]
APTIDAO: 
24.425228231972152
GEN: 7600
Individuo: 
[1.4429512130334348, 1.9078650300265716, 1.552895543094574, 3.8694807224803967, 1.4523668587026637, 0.46379377136530237, 0.4820304724008204, 0.4164273954997814, 0.7581641406889006, 0.5299866860070762, 0.5584977838000543, 0.18001295694718863, 3.3899567335185044, 5.470975395045928, 2.8296647063600617, 12.563942702772856, 3.0791646887072743, 2.761144747284994, 21.901518001975113, 1.076260125960888, 1.0019449141442085, 1.1511792013403053, 1.1719453856911644, 0.8056129838856094, 10.0, 8.0789980582187, 2.17588979648261, 0.7688463345530406, 3.526490581436051, 5.48628049600288, 1.4881706726606623, 9.576879090114902, 1.4918763017253118, 1.9108688385202497, 1.0045208085284236, 0.8738933167981837, 1.7654320246329487, 1.3615531690282714, 1.6577381382319774, 0.7051736382125372, 3.7910280633252373, 0.7166235438443161, 0.8882621655555657, 1.6473261555694192, 1.3503027282021811, 2.7273389306780937, 1.5430549810241325, 8.431067145185112]
APTIDAO: 
24.419044540069052
GEN: 7700
Individuo: 
[1.4429512130334348, 1.9078650300265716, 1.552895543094574, 3.8694807224803967, 1.4523668587026637, 0.46379377136530237, 0.4820304724008204, 0.4164273954997814, 0.7581641406889006, 0.5299866860070762, 0.5584977838000543, 0.18000436450932525, 3.8760200215088374, 5.816390920125155, 2.8296647063600617, 12.563942702772856, 3.0791646887072743, 2.761144747284994, 20.582391952531616, 1.076260125960888, 1.0019449141442085, 1.1511792013403053, 1.1719453856911644, 0.8056129838856094, 10.0, 8.0789980582187, 2.17588979648261, 0.7688463345530406, 3.526490581436051, 5.48628049600288, 1.4881706726606623, 9.576879090114902, 1.4918763017253118, 1.9108688385202497, 1.0045208085284236, 0.7604709096965153, 2.3279249373612747, 1.1802572905538857, 1.6577381382319774, 0.7051736382125372, 3.7910280633252373, 0.7166235438443161, 1.030389512837569, 1.6473261555694192, 1.3503027282021811, 2.7273389306780937, 1.5430549810241325, 8.431067145185112]
APTIDAO: 
24.41386908839092
GEN: 7800
Individuo: 
[1.4429512130334348, 1.9078650300265716, 1.552895543094574, 3.8694807224803967, 1.4523668587026637, 0.46379377136530237, 0.4820304724008204, 0.4164273954997814, 0.7581641406889006, 0.5299866860070762, 0.5584977838000543, 0.18000436450932525, 3.8431760842199787, 5.172385243540614, 2.7874589506479306, 12.563942702772856, 3.0791646887072743, 2.658180030386284, 20.582391952531616, 1.076260125960888, 1.0019449141442085, 1.1511792013403053, 1.1719453856911644, 0.8056129838856094, 10.0, 8.0789980582187, 2.17588979648261, 0.7688463345530406, 3.526490581436051, 5.48628049600288, 1.4881706726606623, 9.576879090114902, 1.4918763017253118, 1.9108688385202497, 1.0045208085284236, 0.7604709096965153, 3.8642418404336194, 1.078722506290776, 1.1683248516522275, 0.7051736382125372, 3.7910280633252373, 2.115543674221571, 1.030389512837569, 1.6473261555694192, 1.3503027282021811, 2.7273389306780937, 1.5430549810241325, 8.431067145185112]
APTIDAO: 
24.41386908839092
GEN: 7900
Individuo: 
[1.4429512130334348, 1.9078650300265716, 1.552895543094574, 3.8694807224803967, 1.4523668587026637, 0.46379377136530237, 0.4820304724008204, 0.4164273954997814, 0.7581641406889006, 0.5299866860070762, 0.5584977838000543, 0.18000436450932525, 3.8431760842199787, 5.172385243540614, 2.7874589506479306, 12.31887793634791, 3.0791646887072743, 2.608677346742344, 20.582391952531616, 1.076260125960888, 1.0019449141442085, 1.1511792013403053, 1.1719453856911644, 0.8056129838856094, 10.0, 8.0789980582187, 2.17588979648261, 0.7688463345530406, 3.526490581436051, 5.48628049600288, 1.4881706726606623, 9.576879090114902, 1.4918763017253118, 1.9108688385202497, 1.0045208085284236, 0.7604709096965153, 3.8642418404336194, 1.078722506290776, 1.1683248516522275, 1.0176122119491544, 3.7910280633252373, 1.2005324790590421, 1.030389512837569, 1.6473261555694192, 1.3503027282021811, 2.7273389306780937, 1.5430549810241325, 8.431067145185112]
APTIDAO: 
24.41386908839092
GEN: 8000
Individuo: 
[1.4429512130334348, 1.9078650300265716, 1.552895543094574, 3.8694807224803967, 1.4523668587026637, 0.46379377136530237, 0.4820304724008204, 0.4164273954997814, 0.7581641406889006, 0.5299866860070762, 0.5584977838000543, 0.18000436450932525, 3.8431760842199787, 5.172385243540614, 2.7874589506479306, 12.917005169956665, 3.8176685518257556, 2.608677346742344, 20.273956242574364, 1.076260125960888, 1.0019449141442085, 1.1511792013403053, 1.1719453856911644, 0.8056129838856094, 10.0, 8.0789980582187, 2.17588979648261, 0.7688463345530406, 3.526490581436051, 5.48628049600288, 1.4881706726606623, 9.576879090114902, 1.4918763017253118, 1.9108688385202497, 1.0045208085284236, 0.7604709096965153, 3.8642418404336194, 1.078722506290776, 1.1683248516522275, 0.8384629925828829, 4.2567682436862375, 1.2005324790590421, 1.0178645880662975, 1.6473261555694192, 1.3503027282021811, 2.7273389306780937, 1.5430549810241325, 8.431067145185112]
APTIDAO: 
24.41386908839092
GEN: 8100
Individuo: 
[1.4429512130334348, 1.9078650300265716, 1.552895543094574, 3.8694807224803967, 1.4523668587026637, 0.46379377136530237, 0.4820304724008204, 0.4164273954997814, 0.7581641406889006, 0.5299866860070762, 0.5584977838000543, 0.18000436450932525, 3.8431760842199787, 5.172385243540614, 2.7874589506479306, 12.917005169956665, 3.8176685518257556, 2.608677346742344, 20.273956242574364, 1.075460960801505, 1.0019449141442085, 1.1511792013403053, 1.1719453856911644, 0.8056129838856094, 10.0, 8.0789980582187, 2.17588979648261, 0.7688463345530406, 3.526490581436051, 5.48628049600288, 1.4881706726606623, 9.576879090114902, 1.4918763017253118, 1.9108688385202497, 1.0045208085284236, 0.7604709096965153, 3.8642418404336194, 1.078722506290776, 1.1683248516522275, 0.8384629925828829, 4.2567682436862375, 1.2005324790590421, 1.0178645880662975, 2.015066869874953, 1.3503027282021811, 2.7273389306780937, 1.5430549810241325, 8.431067145185112]
APTIDAO: 
24.411062521361337
GEN: 8200
Individuo: 
[1.4429512130334348, 1.9078650300265716, 1.552895543094574, 3.8694807224803967, 1.4523668587026637, 0.46379377136530237, 0.48215921061264755, 0.4164273954997814, 0.7581641406889006, 0.5299866860070762, 0.5584977838000543, 0.18000436450932525, 3.8431760842199787, 5.172385243540614, 2.7874589506479306, 12.372762096089941, 3.8176685518257556, 2.4664717860453935, 20.273956242574364, 1.075460960801505, 1.0019449141442085, 1.1511792013403053, 1.1719453856911644, 0.8056129838856094, 10.0, 8.0789980582187, 2.17588979648261, 0.7688463345530406, 3.526490581436051, 5.48628049600288, 1.258337288145008, 9.576879090114902, 1.4918763017253118, 1.9108688385202497, 1.0045208085284236, 0.7604709096965153, 3.8642418404336194, 1.078722506290776, 1.1683248516522275, 0.7133697713714533, 4.2567682436862375, 0.7869883565442775, 1.0178645880662975, 2.015066869874953, 1.3503027282021811, 2.7273389306780937, 1.5430549810241325, 8.431067145185112]
APTIDAO: 
24.41098957482584
GEN: 8300
Individuo: 
[1.4429512130334348, 1.9078650300265716, 1.552895543094574, 3.8694807224803967, 1.4523668587026637, 0.46379377136530237, 0.48215921061264755, 0.4164273954997814, 0.7581641406889006, 0.5300021098519976, 0.5584977838000543, 0.18000436450932525, 3.8431760842199787, 5.172385243540614, 2.1694085471407205, 12.372762096089941, 3.8176685518257556, 2.4664717860453935, 20.273956242574364, 1.075460960801505, 1.0019449141442085, 1.1511792013403053, 1.1719453856911644, 0.8056129838856094, 10.0, 8.0789980582187, 2.17588979648261, 0.7688463345530406, 3.526490581436051, 5.48628049600288, 1.258337288145008, 9.576879090114902, 1.4918763017253118, 1.1661871356965405, 1.0045208085284236, 0.7604709096965153, 3.8642418404336194, 1.078722506290776, 0.5663293974827291, 0.7133697713714533, 4.2567682436862375, 0.7869883565442775, 1.0178645880662975, 2.015066869874953, 1.3503027282021811, 2.7273389306780937, 1.5430549810241325, 8.431067145185112]
APTIDAO: 
24.41091992050742
GEN: 8400
Individuo: 
[1.4429512130334348, 1.9078650300265716, 1.552895543094574, 3.8694807224803967, 1.4523668587026637, 0.46379377136530237, 0.48215921061264755, 0.4164273954997814, 0.7581641406889006, 0.5300021098519976, 0.5584977838000543, 0.18000436450932525, 3.8431760842199787, 5.0325265010279185, 2.203221169145655, 12.433287778703013, 3.260571316801198, 2.4664717860453935, 20.273956242574364, 1.075460960801505, 1.0019449141442085, 1.1511792013403053, 1.1719453856911644, 0.8056129838856094, 10.0, 8.0789980582187, 2.17588979648261, 0.7688463345530406, 3.526490581436051, 5.48628049600288, 1.258337288145008, 9.576879090114902, 1.4918763017253118, 1.1661871356965405, 1.0045208085284236, 0.7604709096965153, 3.8642418404336194, 1.2971684384272206, 0.495186060980462, 0.7427421172068434, 5.356768765257488, 0.7869883565442775, 1.0178645880662975, 2.015066869874953, 1.3503027282021811, 2.7273389306780937, 1.5430549810241325, 8.431067145185112]
APTIDAO: 
24.41091992050742
GEN: 8500
Individuo: 
[1.4429512130334348, 1.9078650300265716, 1.552895543094574, 3.8694807224803967, 1.4523668587026637, 0.46379377136530237, 0.48215921061264755, 0.4164273954997814, 0.7581641406889006, 0.5300021098519976, 0.5584977838000543, 0.18000436450932525, 3.8431760842199787, 5.0325265010279185, 2.203221169145655, 12.433287778703013, 3.260571316801198, 2.4664717860453935, 20.273956242574364, 1.075460960801505, 1.0019449141442085, 1.1511792013403053, 1.1719453856911644, 0.8056129838856094, 10.0, 8.0789980582187, 2.17588979648261, 0.7688463345530406, 3.526490581436051, 5.48628049600288, 1.258337288145008, 9.576879090114902, 1.4918763017253118, 1.1661871356965405, 1.0045208085284236, 0.7604709096965153, 3.8642418404336194, 1.2971684384272206, 0.495186060980462, 0.7427421172068434, 5.356768765257488, 0.7869883565442775, 1.0178645880662975, 2.015066869874953, 1.3503027282021811, 2.7273389306780937, 1.5430549810241325, 8.431067145185112]
APTIDAO: 
24.41091992050742
GEN: 8600
Individuo: 
[1.4429512130334348, 1.9078650300265716, 1.552895543094574, 3.8694807224803967, 1.4523668587026637, 0.46379377136530237, 0.48215921061264755, 0.4164273954997814, 0.7581641406889006, 0.5300021098519976, 0.5584977838000543, 0.18000436450932525, 3.8431760842199787, 5.0325265010279185, 2.0084945185168848, 12.866738173801773, 3.260571316801198, 2.303086252952085, 20.273956242574364, 1.075460960801505, 1.0019449141442085, 1.1511792013403053, 1.1719453856911644, 0.8056129838856094, 10.0, 8.0789980582187, 2.17588979648261, 0.7688463345530406, 3.526490581436051, 5.48628049600288, 1.258337288145008, 9.576879090114902, 1.4918763017253118, 1.1661871356965405, 1.0045208085284236, 0.7604709096965153, 3.8642418404336194, 1.2971684384272206, 0.35351165382518346, 0.6805637946758947, 5.356768765257488, 0.7352360957657184, 1.0178645880662975, 2.015066869874953, 1.3503027282021811, 2.7273389306780937, 1.5430549810241325, 8.431067145185112]
APTIDAO: 
24.41091992050742
GEN: 8700
Individuo: 
[1.4429512130334348, 1.9078650300265716, 1.552895543094574, 3.8694807224803967, 1.4523668587026637, 0.46379377136530237, 0.48215921061264755, 0.4164273954997814, 0.7581641406889006, 0.5300021098519976, 0.5584977838000543, 0.18000436450932525, 3.1733979146114537, 5.0325265010279185, 2.0084945185168848, 12.051568444022854, 3.260571316801198, 2.2884813406664737, 20.273956242574364, 1.075460960801505, 1.0019449141442085, 1.1511792013403053, 1.1719453856911644, 0.8056129838856094, 10.0, 8.0789980582187, 2.17588979648261, 0.7688463345530406, 3.526490581436051, 5.48628049600288, 1.258337288145008, 9.576879090114902, 1.4918763017253118, 1.1661871356965405, 1.0045208085284236, 0.7604709096965153, 4.989861051226577, 1.2971684384272206, 0.35351165382518346, 0.706709602999626, 5.356768765257488, 1.1525275315678625, 1.0178645880662975, 2.015066869874953, 1.3503027282021811, 2.7273389306780937, 1.5430549810241325, 8.431067145185112]
APTIDAO: 
24.41091992050742
GEN: 8800
Individuo: 
[1.4429512130334348, 1.9078650300265716, 1.552895543094574, 3.8694807224803967, 1.4523668587026637, 0.46379377136530237, 0.48215921061264755, 0.4164273954997814, 0.7581641406889006, 0.5300021098519976, 0.5584977838000543, 0.18000436450932525, 3.1733979146114537, 5.0325265010279185, 2.0084945185168848, 12.051568444022854, 3.783567553163157, 2.2884813406664737, 20.273956242574364, 1.075460960801505, 1.0019449141442085, 1.1511792013403053, 1.1719453856911644, 0.8056129838856094, 10.0, 8.0789980582187, 2.17588979648261, 0.7688463345530406, 3.526490581436051, 5.48628049600288, 1.258337288145008, 9.576879090114902, 1.4918763017253118, 1.1661871356965405, 1.0045208085284236, 0.7604709096965153, 4.989861051226577, 1.2971684384272206, 0.35351165382518346, 0.706709602999626, 5.723061768410328, 1.1525275315678625, 1.0178645880662975, 2.015066869874953, 1.3503027282021811, 2.7273389306780937, 1.5430549810241325, 8.431067145185112]
APTIDAO: 
24.41091992050742
GEN: 8900
Individuo: 
[1.4429512130334348, 1.9078650300265716, 1.552895543094574, 3.8694807224803967, 1.4523668587026637, 0.46379377136530237, 0.48215921061264755, 0.4164273954997814, 0.7581641406889006, 0.5300021098519976, 0.5584977838000543, 0.18000436450932525, 3.1733979146114537, 5.0325265010279185, 2.0084945185168848, 12.051568444022854, 3.783567553163157, 2.5673141507501263, 20.273956242574364, 1.075460960801505, 1.0019449141442085, 1.1512968697238013, 1.1719453856911644, 0.8056129838856094, 10.0, 8.0789980582187, 2.17588979648261, 0.7688463345530406, 3.526490581436051, 5.48628049600288, 1.258337288145008, 9.576879090114902, 1.4918763017253118, 1.1661871356965405, 1.0045208085284236, 0.7604709096965153, 4.989861051226577, 1.2971684384272206, 0.35351165382518346, 0.706709602999626, 5.723061768410328, 0.8557129565620243, 1.0178645880662975, 2.015066869874953, 1.3503027282021811, 2.3841798213837984, 1.5430549810241325, 8.431067145185112]
APTIDAO: 
24.409871253085115
GEN: 9000
Individuo: 
[1.4429512130334348, 1.9078650300265716, 1.552895543094574, 3.8694807224803967, 1.4523668587026637, 0.46379377136530237, 0.48215921061264755, 0.4164273954997814, 0.7581641406889006, 0.5300021098519976, 0.5584977838000543, 0.18000436450932525, 3.349769239505949, 5.0325265010279185, 2.1498089767718995, 12.051568444022854, 3.783567553163157, 2.5673141507501263, 20.273956242574364, 1.075460960801505, 1.0019449141442085, 1.1512968697238013, 1.1719453856911644, 0.8056129838856094, 10.0, 8.0789980582187, 2.17588979648261, 0.7688463345530406, 3.526490581436051, 5.48628049600288, 1.258337288145008, 9.576879090114902, 1.4918763017253118, 1.1661871356965405, 1.0045208085284236, 0.7604709096965153, 4.66539628254354, 1.2971684384272206, 0.5260720294005786, 0.706709602999626, 5.723061768410328, 0.8557129565620243, 1.0178645880662975, 2.015066869874953, 1.3503027282021811, 2.3841798213837984, 1.5430549810241325, 8.431067145185112]
APTIDAO: 
24.409871253085115
GEN: 9100
Individuo: 
[1.4429512130334348, 1.9078650300265716, 1.552895543094574, 3.8694807224803967, 1.4523668587026637, 0.46379377136530237, 0.48215921061264755, 0.4164273954997814, 0.7581641406889006, 0.5300021098519976, 0.5584977838000543, 0.18000436450932525, 3.6289258386455088, 5.0325265010279185, 2.1498089767718995, 12.051568444022854, 3.783567553163157, 2.050369939951577, 20.273956242574364, 1.075460960801505, 1.0019449141442085, 1.1512968697238013, 1.1719453856911644, 0.8056129838856094, 10.0, 8.0789980582187, 2.17588979648261, 0.7688463345530406, 3.526490581436051, 5.48628049600288, 1.258337288145008, 9.576879090114902, 1.4918763017253118, 1.1661871356965405, 1.0045208085284236, 0.7604709096965153, 4.074741867985671, 1.2971684384272206, 0.5260720294005786, 0.706709602999626, 5.723061768410328, 0.8385231412657346, 1.0178645880662975, 2.015066869874953, 1.3503027282021811, 2.3841798213837984, 1.5430549810241325, 8.431067145185112]
APTIDAO: 
24.409871253085115
GEN: 9200
Individuo: 
[1.4429512130334348, 1.9078650300265716, 1.552895543094574, 3.8694807224803967, 1.4523668587026637, 0.46379377136530237, 0.48215921061264755, 0.4164273954997814, 0.7581641406889006, 0.5300021098519976, 0.5584977838000543, 0.18000436450932525, 3.6289258386455088, 5.283083755261718, 2.521563166063233, 12.67253744421979, 3.783567553163157, 2.050369939951577, 20.440669875250332, 1.075460960801505, 1.0019449141442085, 1.1512968697238013, 1.1719453856911644, 0.8056129838856094, 10.0, 8.0789980582187, 2.17588979648261, 0.7688463345530406, 3.526490581436051, 5.48628049600288, 1.258337288145008, 9.576879090114902, 1.4918763017253118, 1.1661871356965405, 1.0045208085284236, 0.7604709096965153, 4.074741867985671, 2.4797571245543044, 0.7987886261129227, 0.8094136435143924, 5.723061768410328, 0.8385231412657346, 1.3732068552515795, 2.015066869874953, 1.3503027282021811, 2.3841798213837984, 1.5430549810241325, 8.431067145185112]
APTIDAO: 
24.409871253085115
GEN: 9300
Individuo: 
[1.4429512130334348, 1.9078650300265716, 1.552895543094574, 3.8694807224803967, 1.4523668587026637, 0.46379377136530237, 0.48215921061264755, 0.4164273954997814, 0.7581641406889006, 0.5300021098519976, 0.5584977838000543, 0.18000436450932525, 3.6289258386455088, 5.283083755261718, 2.521563166063233, 12.67253744421979, 3.783567553163157, 2.5959076408192834, 20.440669875250332, 1.075460960801505, 1.0019449141442085, 1.1512968697238013, 1.1719453856911644, 0.8056129838856094, 10.0, 8.0789980582187, 2.17588979648261, 0.7688463345530406, 3.526490581436051, 5.48628049600288, 1.258337288145008, 9.576879090114902, 1.4918763017253118, 1.1661871356965405, 1.0045208085284236, 0.7604709096965153, 4.074741867985671, 2.4797571245543044, 0.7987886261129227, 0.8094136435143924, 5.723061768410328, 1.3698926013877637, 1.3732068552515795, 2.015066869874953, 1.3503027282021811, 2.3841798213837984, 1.5430549810241325, 8.431067145185112]
APTIDAO: 
24.409871253085115
GEN: 9400
Individuo: 
[1.4429512130334348, 1.9078650300265716, 1.552895543094574, 3.8694807224803967, 1.4523668587026637, 0.46379377136530237, 0.48215921061264755, 0.4164273954997814, 0.7581641406889006, 0.5300021098519976, 0.5587646425340574, 0.18000436450932525, 3.6289258386455088, 5.283083755261718, 2.976067465344781, 10.833163668455555, 3.783567553163157, 2.308745602892239, 9.206599003948552, 1.075460960801505, 1.0019449141442085, 1.132428731891433, 1.2436908804991729, 0.8056129838856094, 10.0, 8.0789980582187, 2.17588979648261, 0.7688463345530406, 3.526490581436051, 5.48628049600288, 1.258337288145008, 9.576879090114902, 1.4918763017253118, 1.1661871356965405, 1.0564600906083232, 0.7604709096965153, 4.074741867985671, 2.4797571245543044, 1.897431854744865, 1.4084818484920814, 5.723061768410328, 0.8248666299146042, 1.4105521672472288, 2.015066869874953, 1.3503027282021811, 2.571147989610289, 1.0918874652479413, 8.431067145185112]
APTIDAO: 
24.280915625358627
GEN: 9500
Individuo: 
[1.4429512130334348, 1.9078650300265716, 1.552895543094574, 3.8694807224803967, 1.4523668587026637, 0.46379377136530237, 0.48215921061264755, 0.4164273954997814, 0.7581641406889006, 0.5300021098519976, 0.5587646425340574, 0.18000436450932525, 3.6289258386455088, 5.283083755261718, 2.976067465344781, 10.833163668455555, 3.783567553163157, 2.308745602892239, 9.206599003948552, 1.075460960801505, 1.0019449141442085, 1.132428731891433, 1.2436908804991729, 0.8056129838856094, 10.0, 8.0789980582187, 2.17588979648261, 0.7688463345530406, 3.526490581436051, 5.48628049600288, 1.258337288145008, 9.576879090114902, 1.4918763017253118, 1.1661871356965405, 1.0564600906083232, 0.7604709096965153, 4.074741867985671, 2.4797571245543044, 1.897431854744865, 1.4084818484920814, 5.723061768410328, 0.8248666299146042, 1.4105521672472288, 2.015066869874953, 1.3503027282021811, 2.571147989610289, 1.0918874652479413, 8.431067145185112]
APTIDAO: 
24.280915625358627
GEN: 9600
Individuo: 
[1.4429512130334348, 1.9078650300265716, 1.552895543094574, 3.8694807224803967, 1.4523668587026637, 0.46379377136530237, 0.48215921061264755, 0.4164273954997814, 0.7581641406889006, 0.5300021098519976, 0.5587646425340574, 0.18000436450932525, 3.6289258386455088, 5.283083755261718, 2.976067465344781, 10.833163668455555, 3.783567553163157, 2.671420186356964, 9.206599003948552, 1.075460960801505, 1.0019449141442085, 1.132428731891433, 1.2436908804991729, 0.8056129838856094, 10.0, 8.0789980582187, 2.17588979648261, 0.7688463345530406, 3.526490581436051, 5.48628049600288, 1.258337288145008, 9.576879090114902, 1.4918763017253118, 1.1661871356965405, 1.0564600906083232, 0.7604709096965153, 4.074741867985671, 2.4797571245543044, 1.897431854744865, 1.4084818484920814, 5.723061768410328, 0.8242044916478526, 1.4105521672472288, 2.015066869874953, 1.3503027282021811, 2.571147989610289, 1.0918874652479413, 8.431067145185112]
APTIDAO: 
24.280915625358627
GEN: 9700
Individuo: 
[1.4429512130334348, 1.9078650300265716, 1.552895543094574, 3.8694807224803967, 1.4523668587026637, 0.46379377136530237, 0.48215921061264755, 0.4164273954997814, 0.7567242036466566, 0.5300021098519976, 0.5623644592326394, 0.18000436450932525, 3.6289258386455088, 5.283083755261718, 2.976067465344781, 10.523206112020356, 3.783567553163157, 2.671420186356964, 9.426191335335506, 1.075460960801505, 1.0019449141442085, 1.132428731891433, 1.2436908804991729, 0.8056129838856094, 10.0, 8.0789980582187, 2.17588979648261, 0.7688463345530406, 3.526490581436051, 5.48628049600288, 1.258337288145008, 9.576879090114902, 1.2027431523408534, 1.1661871356965405, 0.864783572891622, 0.7604709096965153, 4.074741867985671, 2.4797571245543044, 1.897431854744865, 1.4215046572815468, 5.723061768410328, 0.8242044916478526, 1.163505780654458, 2.015066869874953, 1.3503027282021811, 2.571147989610289, 1.0918874652479413, 8.431067145185112]
APTIDAO: 
24.237935838913856
GEN: 9800
Individuo: 
[1.4429512130334348, 1.9078650300265716, 1.552895543094574, 3.8694807224803967, 1.4523668587026637, 0.46379377136530237, 0.48215921061264755, 0.4164273954997814, 0.7567242036466566, 0.5309969038584776, 0.5623644592326394, 0.18000436450932525, 3.6289258386455088, 5.283083755261718, 2.735733560979671, 10.523206112020356, 3.783567553163157, 2.671420186356964, 10.671111452076794, 1.075460960801505, 1.0019449141442085, 1.132428731891433, 1.2436908804991729, 0.8056129838856094, 10.0, 8.0789980582187, 2.17588979648261, 0.7688463345530406, 3.526490581436051, 5.48628049600288, 1.258337288145008, 9.576879090114902, 1.2027431523408534, 1.0757289437548785, 0.864783572891622, 0.7604709096965153, 4.074741867985671, 2.4797571245543044, 3.4701299012206395, 1.4215046572815468, 5.723061768410328, 0.8242044916478526, 1.1428922649247841, 2.015066869874953, 1.3503027282021811, 2.571147989610289, 1.0918874652479413, 8.431067145185112]
APTIDAO: 
24.22907559859428
GEN: 9900
Individuo: 
[1.4429512130334348, 1.9078650300265716, 1.552895543094574, 3.8694807224803967, 1.4523668587026637, 0.46379377136530237, 0.48215921061264755, 0.4164273954997814, 0.7567242036466566, 0.5309969038584776, 0.5623644592326394, 0.18000436450932525, 3.8221660124822634, 5.283083755261718, 2.735733560979671, 10.031191805011117, 3.783567553163157, 2.5813809671278407, 10.671111452076794, 1.075460960801505, 1.0019449141442085, 1.132428731891433, 1.2492944830591985, 0.8056129838856094, 10.0, 8.0789980582187, 2.17588979648261, 0.7688463345530406, 3.526490581436051, 5.48628049600288, 1.258337288145008, 9.576879090114902, 1.2027431523408534, 1.0757289437548785, 0.864783572891622, 0.7604709096965153, 6.6170123872729025, 2.4797571245543044, 3.4701299012206395, 1.027644190023201, 5.723061768410328, 0.5179828973179471, 1.1428922649247841, 2.015066869874953, 1.3503027282021811, 2.571147989610289, 1.662859270294752, 8.431067145185112]
APTIDAO: 
24.20376116893814
GEN: 10000
Individuo: 
[1.4429512130334348, 1.9078650300265716, 1.552895543094574, 3.8694807224803967, 1.4523668587026637, 0.46379377136530237, 0.48215921061264755, 0.4164273954997814, 0.7567242036466566, 0.534985559718245, 0.5623644592326394, 0.18000436450932525, 3.8221660124822634, 5.45848856255279, 2.735733560979671, 10.031191805011117, 3.783567553163157, 2.0194256575639256, 10.671111452076794, 1.075460960801505, 1.0019449141442085, 1.132428731891433, 1.2492944830591985, 0.8056129838856094, 10.0, 8.0789980582187, 2.17588979648261, 0.7688463345530406, 3.526490581436051, 5.48628049600288, 1.258337288145008, 9.576879090114902, 1.2027431523408534, 0.8060868572434365, 0.864783572891622, 0.7604709096965153, 6.6170123872729025, 1.9951645520036723, 3.4701299012206395, 1.027644190023201, 5.723061768410328, 0.7751167916705829, 1.1428922649247841, 2.015066869874953, 1.3503027282021811, 2.571147989610289, 1.662859270294752, 8.431067145185112]
APTIDAO: 
24.20069792418931

--- RESULTADO FINAL ---
Erro (norma-1): 24.20069792418931
Parâmetros: [1.4429512130334348, 1.9078650300265716, 1.552895543094574, 3.8694807224803967, 1.4523668587026637, 0.46379377136530237, 0.48215921061264755, 0.4164273954997814, 0.7567242036466566, 0.534985559718245, 0.5623644592326394, 0.18000436450932525, 3.8221660124822634, 5.45848856255279, 2.735733560979671, 10.031191805011117, 3.783567553163157, 2.0194256575639256, 10.671111452076794, 1.075460960801505, 1.0019449141442085, 1.132428731891433, 1.2492944830591985, 0.8056129838856094]
Tempo total: 03h 36m 51s
