SEED: 1778981565
BOUNDS: tau=[0.1, 5.0]  K=[0.1, 1.0]  N=[1.0, 25.0]
GEN: 0
Individuo: 
[2.6522701902279167, 0.8027053653206653, 2.6956819627347097, 0.18504980256585235, 1.5167974343434019, 0.5172558190388772, 0.7514921966600812, 0.8021363562392688, 0.6675743332454144, 0.6216046539398371, 0.2738022834858908, 0.6428159670786406, 8.45500647932523, 3.1469047522990996, 16.7523547821281, 22.618821495340864, 17.319000725345305, 13.24012347224986, 11.473278661655488, 0.8093990803383991, 1.416544878765414, 1.8205837649846994, 0.9465284657825044, 0.942275484260154, 2.521933943662406, 3.2370720629504777, 4.218024218548017, 5.855785683917651, 8.276260047781351, 0.7806194874699578, 6.184401556773744, 4.983476332330975, 8.369842170025017, 8.997788584715645, 9.952865203383258, 7.81997384217752, 4.85303659619659, 0.37660027281376374, 1.5416479970069714, 4.035071324911699, 5.4085500381484835, 7.759853572507937, 3.633389588937685, 5.820964570349902, 9.688860880929777, 7.116672891199712, 6.681989148766539, 8.196733249914493]
APTIDAO: 
144.00054212411416
GEN: 100
Individuo: 
[2.6522701902279167, 0.8027053653206653, 4.787368690510901, 1.1526472534593248, 1.5167974343434019, 0.5172558190388772, 0.7514921966600812, 0.6726267513952692, 0.6675743332454144, 0.6216046539398371, 0.3427851138696872, 0.6518579734226401, 19.607271329646757, 2.928410148810556, 3.518796459726182, 12.332953451010114, 10.006457503606292, 24.12385580160915, 11.473278661655488, 0.9129228024893957, 1.856216283232826, 1.8564511503259415, 0.9465284657825044, 0.7209584085915149, 2.521933943662406, 3.2370720629504777, 2.211850912187927, 3.6443613595165996, 8.276260047781351, 0.7806194874699578, 6.184401556773744, 4.112137990453386, 8.369842170025017, 8.997788584715645, 7.435935789387515, 8.611634793310118, 1.8532296074424164, 1.0913486284710725, 1.776539741749502, 3.396155717027771, 3.271985102195649, 6.435215239605103, 3.633389588937685, 3.2736738857741328, 8.120357278918968, 10.0, 6.681989148766539, 6.924100111273257]
APTIDAO: 
45.17699347273271
GEN: 200
Individuo: 
[2.6522701902279167, 0.8027053653206653, 4.787368690510901, 1.1526472534593248, 1.5167974343434019, 0.5172558190388772, 0.7514921966600812, 0.6726267513952692, 0.6675743332454144, 0.6216046539398371, 0.3427851138696872, 0.6518579734226401, 19.651801979347347, 2.825707527403841, 3.518796459726182, 7.8831197672396955, 10.006457503606292, 7.24893191498099, 11.774772226851848, 1.0150424518439318, 1.856216283232826, 1.8135814154355059, 0.9355764738013281, 0.7209584085915149, 2.521933943662406, 3.2370720629504777, 2.211850912187927, 3.6443613595165996, 8.276260047781351, 0.7806194874699578, 6.184401556773744, 4.112137990453386, 8.369842170025017, 8.997788584715645, 7.435935789387515, 8.611634793310118, 1.8136129381183579, 0.6557249034872862, 1.776539741749502, 1.3967463755297505, 3.271985102195649, 4.494260395640131, 2.2993842491082845, 4.122023384099422, 8.120357278918968, 4.219025968796856, 4.99037490977538, 6.924100111273257]
APTIDAO: 
43.47123137038753
GEN: 300
Individuo: 
[2.5801198558257368, 0.8027053653206653, 4.787368690510901, 2.066407452522042, 1.5167974343434019, 0.5399524196998879, 0.7761191064028581, 0.6726267513952692, 0.6675743332454144, 0.6216046539398371, 0.2142562126961117, 0.6518579734226401, 22.865332056778023, 2.298076771999977, 3.518796459726182, 7.8831197672396955, 10.006457503606292, 17.232708373496994, 11.774772226851848, 1.2348245679898855, 1.5224087495200411, 1.8135814154355059, 1.0316168658500429, 0.7209584085915149, 1.4844550119716664, 3.2370720629504777, 2.211850912187927, 6.850314192392499, 8.276260047781351, 0.5406801251072132, 3.552778582800713, 4.112137990453386, 8.369842170025017, 8.997788584715645, 3.9967356542907337, 8.611634793310118, 2.274170453921322, 0.4646843572865221, 1.776539741749502, 1.3967463755297505, 3.271985102195649, 3.8459794123622264, 2.2993842491082845, 4.946192422131172, 10.0, 4.219025968796856, 5.962900156201949, 6.924100111273257]
APTIDAO: 
31.37149881601383
GEN: 400
Individuo: 
[2.6522701902279167, 0.8027053653206653, 4.558339792373695, 2.066407452522042, 1.5167974343434019, 0.5172558190388772, 0.7761191064028581, 0.6726267513952692, 0.6675743332454144, 0.6170541132753712, 0.2142562126961117, 0.6518579734226401, 18.26290933467428, 2.298076771999977, 3.518796459726182, 7.8831197672396955, 10.006457503606292, 13.264341060223423, 11.774772226851848, 1.2348245679898855, 1.5198046587850165, 1.8135814154355059, 1.0316168658500429, 0.7209584085915149, 2.521933943662406, 3.2370720629504777, 0.7490044184343221, 6.850314192392499, 8.276260047781351, 0.7806194874699578, 3.552778582800713, 4.112137990453386, 8.369842170025017, 6.35505640406802, 3.9967356542907337, 8.611634793310118, 2.6062411625111115, 0.4646843572865221, 1.776539741749502, 1.3967463755297505, 3.271985102195649, 6.821761650615206, 2.2993842491082845, 4.946192422131172, 7.612312892330461, 4.219025968796856, 5.962900156201949, 6.924100111273257]
APTIDAO: 
31.05631572292008
GEN: 500
Individuo: 
[2.6522701902279167, 0.8027053653206653, 4.558339792373695, 2.066407452522042, 1.5167974343434019, 0.46930422143659606, 0.7761191064028581, 0.6726267513952692, 0.6675743332454144, 0.6170541132753712, 0.2142562126961117, 0.6518579734226401, 19.386356561961094, 2.2946571480917957, 3.518796459726182, 7.8831197672396955, 10.006457503606292, 10.154484821579315, 12.149750143333598, 1.2348245679898855, 1.5198046587850165, 1.8135814154355059, 1.0316168658500429, 0.7209584085915149, 2.521933943662406, 3.2370720629504777, 0.7490044184343221, 6.850314192392499, 8.276260047781351, 0.8329967973287783, 3.552778582800713, 4.112137990453386, 8.369842170025017, 6.35505640406802, 3.9967356542907337, 8.611634793310118, 2.265378821221628, 0.39860515341593866, 1.776539741749502, 1.3967463755297505, 3.271985102195649, 5.944822686354924, 2.347019327910929, 4.946192422131172, 7.612312892330461, 4.219025968796856, 5.962900156201949, 6.924100111273257]
APTIDAO: 
30.99071463128628
GEN: 600
Individuo: 
[2.6131770926380473, 0.8027053653206653, 4.558339792373695, 2.175883670632215, 1.5167974343434019, 0.46930422143659606, 0.7761191064028581, 0.6726267513952692, 0.6675743332454144, 0.6170541132753712, 0.2142562126961117, 0.6518579734226401, 19.402396909757435, 2.2946571480917957, 3.518796459726182, 7.744372206763036, 10.006457503606292, 24.42614252857836, 12.149750143333598, 1.2348245679898855, 1.5198046587850165, 1.787260782318586, 1.0316168658500429, 0.7209584085915149, 1.071985642786309, 3.2370720629504777, 0.7490044184343221, 10.0, 8.276260047781351, 0.8329967973287783, 3.552778582800713, 4.112137990453386, 8.369842170025017, 6.35505640406802, 3.9967356542907337, 8.611634793310118, 1.4137081303170027, 0.39860515341593866, 1.776539741749502, 1.0404631259551214, 3.271985102195649, 8.535459699238777, 2.347019327910929, 4.946192422131172, 7.612312892330461, 4.2466169626606085, 5.962900156201949, 6.924100111273257]
APTIDAO: 
30.595525686008077
GEN: 700
Individuo: 
[2.6131770926380473, 0.8026784298437418, 4.558339792373695, 2.175883670632215, 1.5167974343434019, 0.46930422143659606, 0.7795214855051923, 0.6726267513952692, 0.6675743332454144, 0.6170541132753712, 0.2142562126961117, 0.6518579734226401, 24.89391455885822, 2.419963835132697, 3.518796459726182, 7.8831197672396955, 10.006457503606292, 4.623445499223551, 12.149750143333598, 1.2348245679898855, 1.5198046587850165, 1.787260782318586, 1.0316168658500429, 0.7209584085915149, 1.071985642786309, 1.6406461411177504, 0.7490044184343221, 10.0, 8.276260047781351, 0.8329967973287783, 1.3603459972830612, 4.112137990453386, 8.369842170025017, 6.35505640406802, 3.9967356542907337, 8.611634793310118, 2.1291309618934533, 0.6219661500184028, 1.776539741749502, 1.3967463755297505, 3.271985102195649, 10.0, 2.347019327910929, 4.946192422131172, 7.612312892330461, 4.2466169626606085, 5.962900156201949, 6.924100111273257]
APTIDAO: 
30.29634138631325
GEN: 800
Individuo: 
[2.6131770926380473, 0.8026784298437418, 4.476287048253303, 2.175883670632215, 1.5167974343434019, 0.46930422143659606, 0.7795214855051923, 0.6726267513952692, 0.6675743332454144, 0.6170541132753712, 0.2142562126961117, 0.6518579734226401, 19.065926504921865, 2.419963835132697, 3.445549088858577, 7.8831197672396955, 10.006457503606292, 4.623445499223551, 12.149750143333598, 1.2348245679898855, 1.5198046587850165, 1.787260782318586, 1.0316168658500429, 0.7209584085915149, 1.071985642786309, 1.6406461411177504, 1.2812327266680361, 10.0, 8.276260047781351, 0.8329967973287783, 1.3603459972830612, 4.112137990453386, 8.369842170025017, 6.35505640406802, 3.9967356542907337, 8.611634793310118, 2.5882222660191934, 0.6219661500184028, 0.8552208101322312, 1.3967463755297505, 3.271985102195649, 10.0, 2.347019327910929, 4.946192422131172, 7.612312892330461, 4.2466169626606085, 5.962900156201949, 6.924100111273257]
APTIDAO: 
30.235808592862313
GEN: 900
Individuo: 
[2.6131770926380473, 0.8026784298437418, 4.476287048253303, 2.175883670632215, 1.5167974343434019, 0.46930422143659606, 0.7795214855051923, 0.6726267513952692, 0.6675743332454144, 0.6170541132753712, 0.2142562126961117, 0.6518579734226401, 19.065926504921865, 2.419963835132697, 3.445549088858577, 7.8831197672396955, 10.006457503606292, 4.623445499223551, 12.149750143333598, 1.2348245679898855, 1.5198046587850165, 1.787260782318586, 1.0316168658500429, 0.7209584085915149, 1.071985642786309, 1.6406461411177504, 1.2812327266680361, 10.0, 8.276260047781351, 0.8329967973287783, 1.3603459972830612, 4.112137990453386, 8.369842170025017, 6.35505640406802, 3.9967356542907337, 8.611634793310118, 2.5882222660191934, 0.6219661500184028, 0.8552208101322312, 1.3967463755297505, 3.271985102195649, 10.0, 2.347019327910929, 4.946192422131172, 7.612312892330461, 4.2466169626606085, 5.962900156201949, 6.924100111273257]
APTIDAO: 
30.235808592862313
GEN: 1000
Individuo: 
[2.6131770926380473, 0.8026784298437418, 4.476287048253303, 2.175883670632215, 1.5167974343434019, 0.46930422143659606, 0.7795214855051923, 0.6726267513952692, 0.6675743332454144, 0.6170541132753712, 0.2142562126961117, 0.6518579734226401, 18.652708171220556, 2.63435849206914, 3.446587026537315, 7.8831197672396955, 10.006457503606292, 4.623445499223551, 12.149750143333598, 1.2348245679898855, 1.5198046587850165, 1.787260782318586, 1.0316168658500429, 0.7209584085915149, 1.071985642786309, 1.6406461411177504, 1.2812327266680361, 10.0, 8.276260047781351, 0.8329967973287783, 1.3603459972830612, 4.112137990453386, 8.369842170025017, 6.35505640406802, 3.9967356542907337, 8.611634793310118, 1.6039260921648895, 0.5072603338109164, 0.6870566144502852, 1.3967463755297505, 3.271985102195649, 10.0, 2.347019327910929, 4.946192422131172, 7.612312892330461, 4.2466169626606085, 5.962900156201949, 6.924100111273257]
APTIDAO: 
30.235593748293894
GEN: 1100
Individuo: 
[2.6131770926380473, 0.8026784298437418, 4.476287048253303, 2.175883670632215, 1.5167974343434019, 0.46930422143659606, 0.7795214855051923, 0.6726267513952692, 0.6675743332454144, 0.6170541132753712, 0.2142562126961117, 0.6518579734226401, 18.03222607930559, 2.63435849206914, 3.0527516528279466, 7.375088093854577, 10.006457503606292, 4.623445499223551, 12.168930853942424, 1.2348245679898855, 1.5198046587850165, 1.787260782318586, 1.0316168658500429, 0.7209584085915149, 1.071985642786309, 1.6406461411177504, 1.2812327266680361, 10.0, 8.276260047781351, 0.8329967973287783, 1.3603459972830612, 4.112137990453386, 8.369842170025017, 6.35505640406802, 3.9967356542907337, 8.611634793310118, 1.7065339727751343, 0.5072603338109164, 1.938408979054305, 1.1280849192575728, 3.271985102195649, 10.0, 1.5803252017091782, 4.946192422131172, 7.612312892330461, 4.2466169626606085, 5.962900156201949, 6.924100111273257]
APTIDAO: 
30.235593748293894
GEN: 1200
Individuo: 
[2.6131770926380473, 0.8026784298437418, 4.476287048253303, 2.175883670632215, 1.5167974343434019, 0.46930422143659606, 0.7795214855051923, 0.6726267513952692, 0.6675743332454144, 0.6170541132753712, 0.2142562126961117, 0.6518579734226401, 18.03222607930559, 2.062640705036349, 3.0527516528279466, 7.375088093854577, 10.006457503606292, 4.623445499223551, 12.168930853942424, 1.2348245679898855, 1.5198046587850165, 1.787260782318586, 1.0316168658500429, 0.7209584085915149, 1.071985642786309, 1.6406461411177504, 1.2812327266680361, 10.0, 8.276260047781351, 0.8329967973287783, 1.3603459972830612, 4.112137990453386, 8.369842170025017, 6.35505640406802, 3.9967356542907337, 8.611634793310118, 1.7065339727751343, 0.2547272105006997, 1.938408979054305, 1.1280849192575728, 3.271985102195649, 10.0, 1.5803252017091782, 4.946192422131172, 7.612312892330461, 4.2466169626606085, 5.962900156201949, 6.924100111273257]
APTIDAO: 
30.235593748293894
GEN: 1300
Individuo: 
[2.6131770926380473, 0.8184846150699306, 4.476287048253303, 2.175883670632215, 1.5167974343434019, 0.45836831400202077, 0.7795214855051923, 0.6726267513952692, 0.6675743332454144, 0.6170541132753712, 0.2142562126961117, 0.6518579734226401, 18.03222607930559, 2.0068286703372515, 3.0527516528279466, 8.732879806601414, 10.006457503606292, 20.16886853836421, 12.168930853942424, 1.2348245679898855, 1.5198046587850165, 1.787260782318586, 1.0316168658500429, 0.7184958086779065, 1.071985642786309, 1.8683406525531712, 1.2812327266680361, 10.0, 8.276260047781351, 0.8541963230994996, 1.3603459972830612, 4.112137990453386, 8.369842170025017, 6.35505640406802, 3.9967356542907337, 8.611634793310118, 1.7065339727751343, 0.39885149873597536, 1.938408979054305, 0.35308446512412733, 3.271985102195649, 2.9860221690720365, 1.5803252017091782, 4.946192422131172, 7.612312892330461, 4.2466169626606085, 5.962900156201949, 6.159880327224314]
APTIDAO: 
30.623397893992102
GEN: 1400
Individuo: 
[2.6131770926380473, 0.8184846150699306, 4.352188428165094, 2.175883670632215, 1.5167974343434019, 0.45362369410662234, 0.7795214855051923, 0.6726267513952692, 0.6675743332454144, 0.6170541132753712, 0.2142562126961117, 0.6518579734226401, 18.03222607930559, 2.355770409624821, 3.0527516528279466, 8.971664632011088, 11.260467467595872, 4.584753538968917, 12.393554072469051, 1.2348245679898855, 1.5198046587850165, 1.7398620076142897, 1.0316168658500429, 0.7184958086779065, 1.071985642786309, 1.8683406525531712, 1.0349464449957373, 10.0, 8.276260047781351, 0.877696544722121, 1.3603459972830612, 4.112137990453386, 8.369842170025017, 6.35505640406802, 3.9967356542907337, 8.611634793310118, 1.7065339727751343, 0.524091604939695, 1.938408979054305, 0.5525875683751178, 3.42454871149583, 2.014087047634125, 1.2409762445325645, 4.946192422131172, 7.612312892330461, 2.6956134279671757, 5.962900156201949, 6.159880327224314]
APTIDAO: 
30.29339608222801
GEN: 1500
Individuo: 
[2.6131770926380473, 0.8184846150699306, 4.352188428165094, 2.1973397098358944, 1.5167974343434019, 0.45362369410662234, 0.7795214855051923, 0.6726267513952692, 0.6675743332454144, 0.6170541132753712, 0.2142562126961117, 0.6518579734226401, 21.112069864194304, 2.355770409624821, 3.652375104507792, 8.489627841642301, 11.260467467595872, 4.584753538968917, 12.393554072469051, 1.2348245679898855, 1.5198046587850165, 1.736736714703396, 1.0316168658500429, 0.7184958086779065, 1.071985642786309, 1.8683406525531712, 1.0349464449957373, 8.203675336966331, 8.276260047781351, 0.877696544722121, 1.3603459972830612, 4.112137990453386, 8.369842170025017, 6.35505640406802, 3.9967356542907337, 8.611634793310118, 3.0408927731147917, 0.524091604939695, 4.298894091149839, 0.6195492005405562, 3.42454871149583, 2.014087047634125, 1.2409762445325645, 4.946192422131172, 7.612312892330461, 2.5411525516348066, 5.962900156201949, 6.159880327224314]
APTIDAO: 
30.256846786674767
GEN: 1600
Individuo: 
[2.6131770926380473, 0.8184846150699306, 4.352188428165094, 2.1973397098358944, 1.5167974343434019, 0.45362369410662234, 0.7795214855051923, 0.6726267513952692, 0.6675743332454144, 0.6170541132753712, 0.2142562126961117, 0.6518579734226401, 21.112069864194304, 2.355770409624821, 3.1834401094334948, 8.489627841642301, 11.599909292894516, 4.584753538968917, 12.87934957616339, 1.2348245679898855, 1.5198046587850165, 1.736736714703396, 1.036185835232599, 0.7184958086779065, 1.071985642786309, 1.8683406525531712, 1.0349464449957373, 8.203675336966331, 8.276260047781351, 0.877696544722121, 1.3603459972830612, 4.112137990453386, 8.369842170025017, 6.35505640406802, 3.9967356542907337, 8.611634793310118, 3.0408927731147917, 0.524091604939695, 4.0401293198304185, 0.6195492005405562, 2.3001154737675176, 2.014087047634125, 1.2423643242618028, 4.946192422131172, 7.612312892330461, 2.5411525516348066, 4.380951818899405, 6.159880327224314]
APTIDAO: 
30.24635202004208
GEN: 1700
Individuo: 
[2.6131770926380473, 0.8184846150699306, 4.352188428165094, 2.1973397098358944, 1.5167974343434019, 0.45362369410662234, 0.7795214855051923, 0.6726267513952692, 0.6675743332454144, 0.615602738397863, 0.2142562126961117, 0.6518579734226401, 21.112069864194304, 2.355770409624821, 3.1834401094334948, 8.489627841642301, 11.807416925514115, 4.971833703662296, 12.87934957616339, 1.2348245679898855, 1.5198046587850165, 1.736736714703396, 1.036185835232599, 0.7184958086779065, 1.071985642786309, 1.8683406525531712, 1.0349464449957373, 8.203675336966331, 8.276260047781351, 0.877696544722121, 1.3603459972830612, 4.112137990453386, 8.369842170025017, 10.0, 3.9967356542907337, 8.611634793310118, 3.0408927731147917, 0.524091604939695, 4.0401293198304185, 0.6195492005405562, 2.0399317197131173, 2.3377275234662, 1.2423643242618028, 4.946192422131172, 7.612312892330461, 2.5411525516348066, 4.380951818899405, 6.159880327224314]
APTIDAO: 
30.232263347044242
GEN: 1800
Individuo: 
[2.6131770926380473, 0.8184846150699306, 4.3435087684178075, 2.1973397098358944, 1.5167974343434019, 0.45585793639833916, 0.7795214855051923, 0.6726267513952692, 0.6675743332454144, 0.615602738397863, 0.2142562126961117, 0.6518579734226401, 21.112069864194304, 2.355770409624821, 3.1834401094334948, 8.53355497780587, 11.807416925514115, 4.090234746339879, 12.87934957616339, 1.2348245679898855, 1.5198046587850165, 1.736736714703396, 1.036185835232599, 0.7184958086779065, 1.071985642786309, 1.8683406525531712, 0.6305655837988856, 8.203675336966331, 8.276260047781351, 0.589783884996095, 1.3603459972830612, 4.112137990453386, 8.369842170025017, 10.0, 3.9967356542907337, 8.611634793310118, 3.0408927731147917, 0.524091604939695, 4.0401293198304185, 0.8864982859989954, 2.0399317197131173, 2.8306560616083973, 1.2423643242618028, 4.946192422131172, 7.612312892330461, 2.5411525516348066, 4.380951818899405, 6.159880327224314]
APTIDAO: 
30.191642098460658
GEN: 1900
Individuo: 
[2.6131770926380473, 0.8184846150699306, 4.3435087684178075, 2.1973397098358944, 1.5167974343434019, 0.45585793639833916, 0.7795214855051923, 0.6726267513952692, 0.6675743332454144, 0.615602738397863, 0.2142562126961117, 0.6518579734226401, 22.27378758121688, 2.355770409624821, 3.1834401094334948, 8.53355497780587, 11.71049404979624, 4.090234746339879, 12.87934957616339, 1.2348245679898855, 1.5198046587850165, 1.736736714703396, 1.036185835232599, 0.7184958086779065, 1.071985642786309, 1.8683406525531712, 0.6305655837988856, 8.203675336966331, 8.276260047781351, 0.589783884996095, 1.3603459972830612, 4.112137990453386, 8.369842170025017, 10.0, 3.9967356542907337, 8.611634793310118, 2.285409976502715, 0.524091604939695, 4.0401293198304185, 0.8864982859989954, 2.4184830875987, 2.8306560616083973, 1.2423643242618028, 4.946192422131172, 7.612312892330461, 2.5411525516348066, 4.380951818899405, 6.159880327224314]
APTIDAO: 
30.184709348329246
GEN: 2000
Individuo: 
[2.6131770926380473, 0.8184846150699306, 4.3435087684178075, 2.1973397098358944, 1.5167974343434019, 0.45585793639833916, 0.7795214855051923, 0.6726267513952692, 0.6675743332454144, 0.615602738397863, 0.2142562126961117, 0.6518579734226401, 23.02862380449476, 2.4169327631896524, 3.1834401094334948, 8.53355497780587, 11.71049404979624, 4.090234746339879, 12.87934957616339, 1.2381924669049218, 1.5198046587850165, 1.736736714703396, 1.036185835232599, 0.7184958086779065, 1.071985642786309, 1.8683406525531712, 0.6305655837988856, 8.203675336966331, 8.276260047781351, 0.589783884996095, 1.3603459972830612, 4.112137990453386, 8.369842170025017, 10.0, 3.9967356542907337, 8.611634793310118, 1.9128827085202182, 0.7786425509895, 4.0401293198304185, 0.8864982859989954, 2.4184830875987, 2.8306560616083973, 1.2423643242618028, 4.860757923604661, 7.612312892330461, 2.5411525516348066, 4.380951818899405, 6.159880327224314]
APTIDAO: 
30.157425929244866
GEN: 2100
Individuo: 
[2.6131770926380473, 0.8184846150699306, 4.3435087684178075, 2.1973397098358944, 1.5167974343434019, 0.45737991652719173, 0.7795214855051923, 0.6726267513952692, 0.6675743332454144, 0.615602738397863, 0.2142562126961117, 0.6518579734226401, 23.384008982425662, 2.4169327631896524, 3.1834401094334948, 8.53355497780587, 11.71049404979624, 4.090234746339879, 12.87934957616339, 1.2381924669049218, 1.5198046587850165, 1.736736714703396, 1.036185835232599, 0.7184958086779065, 1.071985642786309, 1.8683406525531712, 0.6305655837988856, 8.203675336966331, 8.276260047781351, 0.5799449565127679, 1.3603459972830612, 4.112137990453386, 8.369842170025017, 10.0, 3.9967356542907337, 8.611634793310118, 2.1227546852603543, 0.7786425509895, 4.0401293198304185, 0.8864982859989954, 2.4184830875987, 2.8306560616083973, 1.2423643242618028, 4.860757923604661, 7.612312892330461, 2.5411525516348066, 4.380951818899405, 6.159880327224314]
APTIDAO: 
30.14509990820566
GEN: 2200
Individuo: 
[2.6131770926380473, 0.8184846150699306, 4.3435087684178075, 2.1973397098358944, 1.5167974343434019, 0.45737991652719173, 0.7795214855051923, 0.6726267513952692, 0.6675743332454144, 0.615602738397863, 0.2142562126961117, 0.6518579734226401, 16.112085842872375, 2.4169327631896524, 3.1834401094334948, 7.80626862918764, 11.71049404979624, 4.090234746339879, 12.521456440152384, 1.2381924669049218, 1.5198046587850165, 1.736736714703396, 1.036185835232599, 0.7184958086779065, 1.071985642786309, 1.8683406525531712, 0.6305655837988856, 8.203675336966331, 8.276260047781351, 0.5799449565127679, 1.3603459972830612, 4.112137990453386, 8.369842170025017, 10.0, 3.9967356542907337, 8.611634793310118, 2.035813583161651, 0.7786425509895, 4.0401293198304185, 1.2994302535155404, 2.4184830875987, 2.8306560616083973, 1.38634685934404, 4.860757923604661, 7.612312892330461, 2.5411525516348066, 4.380951818899405, 6.159880327224314]
APTIDAO: 
30.058829363651846
GEN: 2300
Individuo: 
[2.6131770926380473, 0.8184846150699306, 4.3435087684178075, 2.1973397098358944, 1.5167974343434019, 0.45737991652719173, 0.7795214855051923, 0.6726267513952692, 0.6675743332454144, 0.615602738397863, 0.2142562126961117, 0.6518579734226401, 23.99211209988325, 2.4282175890192024, 3.1834401094334948, 7.80626862918764, 10.581987630791199, 4.306400698164216, 12.521456440152384, 1.2415279174315959, 1.5198046587850165, 1.736736714703396, 1.036185835232599, 0.7184958086779065, 1.071985642786309, 1.8683406525531712, 0.6305655837988856, 8.203675336966331, 8.276260047781351, 0.5799449565127679, 1.3603459972830612, 4.112137990453386, 8.369842170025017, 10.0, 3.9967356542907337, 8.611634793310118, 1.7005494202507148, 0.6700663529237733, 4.0401293198304185, 1.2994302535155404, 3.6303528460565166, 2.892312633731224, 1.38634685934404, 4.724529190183466, 7.612312892330461, 2.5411525516348066, 4.380951818899405, 6.159880327224314]
APTIDAO: 
29.812162711726728
GEN: 2400
Individuo: 
[2.6131770926380473, 0.8184846150699306, 4.063764393306045, 2.50663845519057, 1.5167974343434019, 0.45737991652719173, 0.7795214855051923, 0.6726267513952692, 0.6675743332454144, 0.615602738397863, 0.2142562126961117, 0.6518579734226401, 23.399081287999202, 2.4282175890192024, 3.274752789258179, 7.80626862918764, 10.581987630791199, 4.691243543785921, 12.521456440152384, 1.2415279174315959, 1.5198046587850165, 1.7363805031263513, 1.036185835232599, 0.7184958086779065, 1.071985642786309, 1.8683406525531712, 0.6522444270538561, 10.0, 8.276260047781351, 0.5799449565127679, 1.3603459972830612, 4.112137990453386, 8.369842170025017, 10.0, 3.9967356542907337, 8.611634793310118, 2.047352984056955, 0.6700663529237733, 2.0807083339197363, 1.2994302535155404, 3.6303528460565166, 3.3246888677372426, 1.38634685934404, 4.724529190183466, 7.612312892330461, 2.9884808394500144, 4.380951818899405, 6.159880327224314]
APTIDAO: 
29.747333512392945
GEN: 2500
Individuo: 
[2.6131770926380473, 0.8184846150699306, 4.063764393306045, 2.50663845519057, 1.5167974343434019, 0.45737991652719173, 0.7795214855051923, 0.6726267513952692, 0.6675743332454144, 0.615602738397863, 0.2142562126961117, 0.6518579734226401, 23.399081287999202, 2.844480696088619, 3.822962513287111, 7.7466936956076555, 10.581987630791199, 4.102209200882596, 12.521456440152384, 1.2415279174315959, 1.5170083474049414, 1.7363805031263513, 1.036185835232599, 0.7184958086779065, 1.071985642786309, 1.8683406525531712, 0.6522444270538561, 10.0, 8.276260047781351, 0.5799449565127679, 1.3603459972830612, 4.112137990453386, 8.369842170025017, 10.0, 3.9967356542907337, 8.611634793310118, 2.047352984056955, 0.8165151461105544, 2.0211539983131446, 0.9521664693456431, 3.6303528460565166, 2.3405392916490624, 1.38634685934404, 4.724529190183466, 5.447938837604578, 2.9884808394500144, 4.380951818899405, 6.159880327224314]
APTIDAO: 
29.736046098113427
GEN: 2600
Individuo: 
[2.6131770926380473, 0.8184846150699306, 4.063764393306045, 2.50663845519057, 1.5167974343434019, 0.45737991652719173, 0.7795214855051923, 0.6726267513952692, 0.6675743332454144, 0.615602738397863, 0.21418135208523884, 0.6518579734226401, 23.399081287999202, 2.37197782012981, 3.822962513287111, 7.7466936956076555, 10.581987630791199, 4.997476818539195, 12.521456440152384, 1.2415279174315959, 1.5170083474049414, 1.7236141247088048, 1.0698916628903503, 0.7184958086779065, 1.071985642786309, 1.8683406525531712, 0.6522444270538561, 10.0, 8.276260047781351, 0.5799449565127679, 1.3603459972830612, 4.112137990453386, 8.369842170025017, 10.0, 4.789639685305723, 8.611634793310118, 2.047352984056955, 0.5270372644647583, 2.0211539983131446, 0.9521664693456431, 3.6303528460565166, 2.925813989085635, 1.38634685934404, 4.724529190183466, 5.447938837604578, 2.7248178881288543, 3.3822082251495997, 6.159880327224314]
APTIDAO: 
29.413371430910555
GEN: 2700
Individuo: 
[2.6131770926380473, 0.8184846150699306, 4.063764393306045, 2.5057812240414474, 1.5167974343434019, 0.45737991652719173, 0.7795214855051923, 0.6726267513952692, 0.6675743332454144, 0.615602738397863, 0.21418135208523884, 0.6518579734226401, 24.17418633374975, 2.28244574272121, 3.822962513287111, 7.7466936956076555, 10.581987630791199, 4.725560232281935, 12.521456440152384, 1.2415279174315959, 1.5170083474049414, 1.7236141247088048, 1.0698916628903503, 0.7184958086779065, 1.071985642786309, 1.8683406525531712, 0.6522444270538561, 10.0, 8.276260047781351, 0.5799449565127679, 1.3603459972830612, 4.112137990453386, 8.369842170025017, 10.0, 4.789639685305723, 8.611634793310118, 1.861378968128874, 1.0642681341808895, 2.0211539983131446, 0.9521664693456431, 3.6303528460565166, 2.6143147609301582, 1.38634685934404, 4.724529190183466, 5.447938837604578, 2.7248178881288543, 3.3822082251495997, 6.159880327224314]
APTIDAO: 
29.40745800172098
GEN: 2800
Individuo: 
[2.6131770926380473, 0.8184846150699306, 4.063764393306045, 2.5057812240414474, 1.5167974343434019, 0.45737991652719173, 0.7795214855051923, 0.6726267513952692, 0.6675743332454144, 0.615602738397863, 0.21418135208523884, 0.6518579734226401, 24.17418633374975, 2.28244574272121, 3.7288192166234775, 7.7466936956076555, 10.581987630791199, 4.725560232281935, 12.521456440152384, 1.2415279174315959, 1.5170083474049414, 1.7236141247088048, 1.0698916628903503, 0.7184958086779065, 1.071985642786309, 1.8683406525531712, 0.6522444270538561, 10.0, 8.276260047781351, 0.5799449565127679, 1.3603459972830612, 4.112137990453386, 8.369842170025017, 10.0, 4.789639685305723, 8.611634793310118, 1.861378968128874, 1.0642681341808895, 2.013833210966683, 0.9521664693456431, 3.6303528460565166, 2.6143147609301582, 1.38634685934404, 4.724529190183466, 5.447938837604578, 2.7248178881288543, 3.3822082251495997, 6.159880327224314]
APTIDAO: 
29.40745800172098
GEN: 2900
Individuo: 
[2.6131770926380473, 0.8184846150699306, 4.063764393306045, 2.5057812240414474, 1.5167974343434019, 0.45737991652719173, 0.7795214855051923, 0.6726267513952692, 0.6675743332454144, 0.615602738397863, 0.21418135208523884, 0.6518579734226401, 24.5542303243754, 2.28244574272121, 3.7288192166234775, 7.297878824783058, 10.581987630791199, 4.725560232281935, 12.521456440152384, 1.2415279174315959, 1.5170083474049414, 1.7236141247088048, 1.0698916628903503, 0.7184958086779065, 1.071985642786309, 1.8683406525531712, 0.6522444270538561, 10.0, 8.276260047781351, 0.5799449565127679, 1.3603459972830612, 4.112137990453386, 8.369842170025017, 10.0, 4.789639685305723, 8.611634793310118, 1.423447026941386, 1.0642681341808895, 2.013833210966683, 0.692050083763483, 3.6303528460565166, 2.6143147609301582, 1.38634685934404, 4.724529190183466, 5.447938837604578, 2.7248178881288543, 3.3822082251495997, 6.159880327224314]
APTIDAO: 
29.40745800172098
GEN: 3000
Individuo: 
[2.6131770926380473, 0.8184846150699306, 3.988726887985077, 2.5057812240414474, 1.5167974343434019, 0.45737991652719173, 0.7795214855051923, 0.6726267513952692, 0.6675743332454144, 0.615602738397863, 0.21418135208523884, 0.6518579734226401, 18.02339136695298, 2.2078395699212, 3.7288192166234775, 7.628805771680457, 10.581987630791199, 4.950059809324269, 12.525110188512848, 1.2415279174315959, 1.5170083474049414, 1.714174515667166, 1.0698916628903503, 0.7184958086779065, 1.071985642786309, 1.8683406525531712, 0.672204018235756, 10.0, 8.276260047781351, 0.5799449565127679, 1.3603459972830612, 4.112137990453386, 8.369842170025017, 10.0, 4.789639685305723, 8.611634793310118, 2.2865065776149054, 1.0348122404609257, 2.013833210966683, 0.8620625957953972, 3.6303528460565166, 2.412853382114871, 1.1299881275303063, 4.724529190183466, 5.447938837604578, 2.415714202460281, 3.3822082251495997, 6.159880327224314]
APTIDAO: 
29.319151828435267
GEN: 3100
Individuo: 
[2.552021253002376, 0.8184846150699306, 3.988726887985077, 2.4884237635442688, 1.5167974343434019, 0.4754521449311787, 0.7795214855051923, 0.6726267513952692, 0.6675743332454144, 0.615602738397863, 0.21418135208523884, 0.6518579734226401, 9.090479732271444, 2.226513292290295, 4.987754448021122, 7.297878824783058, 15.773199542088603, 4.950059809324269, 12.525110188512848, 1.2415279174315959, 1.5170083474049414, 1.714174515667166, 1.0489520987063823, 0.7184958086779065, 1.1711437025281644, 1.8683406525531712, 0.672204018235756, 9.959085564483953, 8.276260047781351, 0.8162028134425949, 1.3603459972830612, 4.112137990453386, 8.369842170025017, 10.0, 4.789639685305723, 8.611634793310118, 1.0258222303525357, 0.8832660475443206, 2.4919784020544062, 0.692050083763483, 2.5085854689315195, 2.412853382114871, 1.1299881275303063, 4.724529190183466, 5.447938837604578, 2.415714202460281, 2.0107912343354535, 6.159880327224314]
APTIDAO: 
31.69329089656944
GEN: 3200
Individuo: 
[2.552021253002376, 0.8184846150699306, 3.988726887985077, 2.4884237635442688, 1.5167974343434019, 0.4754521449311787, 0.7795214855051923, 0.6726267513952692, 0.6675743332454144, 0.615602738397863, 0.21418135208523884, 0.6518579734226401, 9.090479732271444, 2.226513292290295, 4.987754448021122, 7.297878824783058, 15.773731693992206, 6.1621819934000115, 12.135144222751807, 1.2415279174315959, 1.5170083474049414, 1.714174515667166, 1.0489520987063823, 0.7184958086779065, 1.1711437025281644, 1.8683406525531712, 0.672204018235756, 9.959085564483953, 8.276260047781351, 0.8162028134425949, 1.3603459972830612, 4.112137990453386, 8.369842170025017, 10.0, 4.789639685305723, 8.611634793310118, 1.0258222303525357, 0.8832660475443206, 2.4919784020544062, 0.692050083763483, 2.6468655789439235, 1.8576835052048801, 1.7586126559203683, 4.724529190183466, 5.447938837604578, 2.415714202460281, 2.0107912343354535, 6.159880327224314]
APTIDAO: 
31.637318802790126
GEN: 3300
Individuo: 
[2.552021253002376, 0.8184846150699306, 3.988726887985077, 2.4884237635442688, 1.5167974343434019, 0.4754521449311787, 0.7795214855051923, 0.6726267513952692, 0.6675743332454144, 0.615602738397863, 0.21418135208523884, 0.6518579734226401, 7.388228332992192, 2.4582382555196487, 3.39580104944134, 6.2220778562147006, 12.526151527845546, 4.025534181381762, 12.135144222751807, 1.2415279174315959, 1.5170083474049414, 1.714174515667166, 1.0489520987063823, 0.7184958086779065, 1.1711437025281644, 1.8683406525531712, 0.672204018235756, 9.959085564483953, 8.276260047781351, 0.8162028134425949, 1.3603459972830612, 4.112137990453386, 8.369842170025017, 10.0, 4.789639685305723, 8.611634793310118, 1.0759413296542832, 1.1230827206698177, 3.501693498299854, 0.8981909100471143, 3.5104372184762527, 1.584628175992808, 1.7586126559203683, 4.724529190183466, 5.447938837604578, 2.415714202460281, 2.0107912343354535, 6.159880327224314]
APTIDAO: 
30.482559233680178
GEN: 3400
Individuo: 
[2.552021253002376, 0.8184846150699306, 3.7680497689078347, 2.4884237635442688, 1.5167974343434019, 0.4754521449311787, 0.7795214855051923, 0.6726267513952692, 0.6675743332454144, 0.615602738397863, 0.21418135208523884, 0.679130348928417, 12.232781972169443, 2.4582382555196487, 3.39580104944134, 6.2220778562147006, 12.526151527845546, 4.025534181381762, 23.3496878887665, 1.248266506097327, 1.5170083474049414, 1.714174515667166, 1.0489520987063823, 0.7184958086779065, 1.1711437025281644, 1.8683406525531712, 0.8756484786942077, 9.959085564483953, 8.276260047781351, 0.8162028134425949, 1.3603459972830612, 4.112137990453386, 8.369842170025017, 10.0, 4.789639685305723, 10.0, 0.8282071179033335, 1.1230827206698177, 3.501693498299854, 0.8981909100471143, 3.5104372184762527, 1.584628175992808, 2.3974751445065627, 7.464094457844456, 5.447938837604578, 2.415714202460281, 2.0107912343354535, 6.159880327224314]
APTIDAO: 
29.297482460094088
GEN: 3500
Individuo: 
[2.552021253002376, 0.8184846150699306, 3.7680497689078347, 2.4884237635442688, 1.5167974343434019, 0.4754521449311787, 0.7795214855051923, 0.6638472708781142, 0.6675743332454144, 0.615602738397863, 0.21418135208523884, 0.679130348928417, 10.891785990114387, 2.791992048870743, 3.39580104944134, 6.2220778562147006, 11.504910980292061, 4.64325877264033, 23.93781655788569, 1.248266506097327, 1.5170083474049414, 1.714174515667166, 1.0489520987063823, 0.7184958086779065, 1.1711437025281644, 1.8683406525531712, 0.8756484786942077, 9.959085564483953, 8.276260047781351, 0.8162028134425949, 1.3603459972830612, 2.8154531065591857, 8.369842170025017, 10.0, 4.789639685305723, 10.0, 0.5376915969850067, 1.1185287214336503, 3.501693498299854, 0.8981909100471143, 2.6093967616468676, 1.6279068069440066, 2.248542932521571, 7.464094457844456, 5.447938837604578, 2.415714202460281, 2.0107912343354535, 6.159880327224314]
APTIDAO: 
29.054068551624113
GEN: 3600
Individuo: 
[2.552021253002376, 0.8184846150699306, 3.7680497689078347, 2.4884237635442688, 1.5167974343434019, 0.4908043602869768, 0.7795214855051923, 0.6638472708781142, 0.6675743332454144, 0.615602738397863, 0.21418135208523884, 0.679130348928417, 11.277394995837252, 2.791992048870743, 3.5660746585063867, 6.2220778562147006, 10.086240588691716, 4.025534181381762, 20.252137287539995, 1.248266506097327, 1.5170083474049414, 1.714174515667166, 1.0489520987063823, 0.7184958086779065, 1.1711437025281644, 1.8683406525531712, 0.8756484786942077, 9.959085564483953, 8.276260047781351, 0.9432536730449781, 1.3603459972830612, 2.8154531065591857, 8.369842170025017, 10.0, 4.789639685305723, 10.0, 1.0761778054371434, 1.1185287214336503, 4.3143273324363784, 0.8981909100471143, 1.2016728770654501, 1.584628175992808, 1.2992414904978509, 7.464094457844456, 5.447938837604578, 2.415714202460281, 2.0107912343354535, 6.159880327224314]
APTIDAO: 
28.804286924591924
GEN: 3700
Individuo: 
[2.552021253002376, 0.816929779125354, 3.7680497689078347, 2.4134145327301777, 1.5167974343434019, 0.4908043602869768, 0.7677145223594869, 0.6638472708781142, 0.6675743332454144, 0.615602738397863, 0.21418135208523884, 0.679130348928417, 10.918470738147711, 2.791992048870743, 3.5660746585063867, 6.2220778562147006, 10.052255071365273, 4.344608547141495, 20.252137287539995, 1.248266506097327, 1.5170083474049414, 1.714174515667166, 1.0489520987063823, 0.7184958086779065, 1.1711437025281644, 3.628525068918395, 0.8756484786942077, 9.150134545971515, 8.276260047781351, 0.9432536730449781, 1.3803879593438513, 2.8154531065591857, 8.369842170025017, 10.0, 4.789639685305723, 10.0, 1.6871881731509717, 1.1185287214336503, 4.3143273324363784, 0.8981909100471143, 1.1489644109398234, 1.5568851247773483, 1.2992414904978509, 7.464094457844456, 5.447938837604578, 2.415714202460281, 2.0107912343354535, 6.159880327224314]
APTIDAO: 
28.68491951370535
GEN: 3800
Individuo: 
[2.552021253002376, 0.816929779125354, 3.7680497689078347, 2.4134145327301777, 1.5167974343434019, 0.4944560247926415, 0.7677145223594869, 0.6638472708781142, 0.6675743332454144, 0.615602738397863, 0.21418135208523884, 0.679130348928417, 10.918470738147711, 2.791992048870743, 3.5660746585063867, 6.2220778562147006, 10.052255071365273, 4.344608547141495, 20.252137287539995, 1.248266506097327, 1.5170083474049414, 1.714174515667166, 1.0724794290032038, 0.7184958086779065, 1.1711437025281644, 3.628525068918395, 0.8756484786942077, 9.150134545971515, 8.276260047781351, 0.7842557497364818, 1.3803879593438513, 2.8154531065591857, 8.369842170025017, 10.0, 4.789639685305723, 10.0, 1.6871881731509717, 1.1185287214336503, 4.3143273324363784, 0.8981909100471143, 1.1489644109398234, 1.5568851247773483, 1.2992414904978509, 7.464094457844456, 5.447938837604578, 2.415714202460281, 1.3901302816745298, 6.159880327224314]
APTIDAO: 
28.596135819869886
GEN: 3900
Individuo: 
[2.552021253002376, 0.816929779125354, 3.7680497689078347, 2.4134145327301777, 1.5167974343434019, 0.4944560247926415, 0.7677145223594869, 0.6638472708781142, 0.6675743332454144, 0.615602738397863, 0.20823614892348877, 0.679130348928417, 10.918470738147711, 2.638355602756888, 3.5660746585063867, 6.2220778562147006, 10.052255071365273, 4.1982839440566995, 20.252137287539995, 1.248266506097327, 1.5170083474049414, 1.714174515667166, 1.0724794290032038, 0.7184958086779065, 1.1711437025281644, 3.628525068918395, 0.8756484786942077, 9.150134545971515, 8.276260047781351, 0.7842557497364818, 1.3803879593438513, 2.8154531065591857, 8.369842170025017, 10.0, 2.6371102636028527, 10.0, 1.6871881731509717, 1.5177097135517736, 4.3143273324363784, 0.8981909100471143, 1.1489644109398234, 1.8114822083722228, 1.2992414904978509, 7.464094457844456, 5.447938837604578, 2.415714202460281, 1.3901302816745298, 6.159880327224314]
APTIDAO: 
28.55404719373611
GEN: 4000
Individuo: 
[2.552021253002376, 0.816929779125354, 3.7680497689078347, 2.4134145327301777, 1.5167974343434019, 0.4944560247926415, 0.7677145223594869, 0.6324183243856465, 0.6619712592527627, 0.615602738397863, 0.21711198729349215, 0.679130348928417, 10.918470738147711, 2.1785927320495606, 3.5660746585063867, 6.2220778562147006, 10.052255071365273, 4.245158920909654, 20.759215683194565, 1.248266506097327, 1.5170083474049414, 1.5955380059693498, 1.0724794290032038, 0.7184958086779065, 1.1711437025281644, 3.628525068918395, 0.8756484786942077, 9.150134545971515, 8.276260047781351, 0.7842557497364818, 1.3803879593438513, 2.2388203325732157, 7.962640250350746, 10.0, 1.770269210423191, 10.0, 1.6871881731509717, 2.2148220484573167, 4.3143273324363784, 0.8981909100471143, 1.1489644109398234, 2.041618750321735, 1.5775082052259164, 7.464094457844456, 5.447938837604578, 1.9671926912433957, 1.3901302816745298, 6.159880327224314]
APTIDAO: 
27.911077257149394
GEN: 4100
Individuo: 
[2.552021253002376, 0.816929779125354, 3.7680497689078347, 2.4134145327301777, 1.5167974343434019, 0.4944560247926415, 0.7677918158530542, 0.6324183243856465, 0.6619712592527627, 0.615602738397863, 0.21711198729349215, 0.679130348928417, 10.918470738147711, 2.0519461596209156, 3.5660746585063867, 6.2220778562147006, 10.052255071365273, 4.245158920909654, 20.759215683194565, 1.248266506097327, 1.5170083474049414, 1.5955380059693498, 1.0724794290032038, 0.7184958086779065, 1.1711437025281644, 3.628525068918395, 0.8756484786942077, 9.150134545971515, 8.276260047781351, 0.7842557497364818, 2.6429143470206897, 2.2388203325732157, 7.962640250350746, 10.0, 1.770269210423191, 10.0, 1.6871881731509717, 2.1985693191506788, 4.3143273324363784, 0.8981909100471143, 1.1489644109398234, 2.041618750321735, 1.5775082052259164, 7.464094457844456, 5.447938837604578, 1.9671926912433957, 1.3901302816745298, 6.159880327224314]
APTIDAO: 
27.910828108551488
GEN: 4200
Individuo: 
[2.552021253002376, 0.816929779125354, 3.8747836230042165, 2.4134145327301777, 1.5167974343434019, 0.4944560247926415, 0.7677918158530542, 0.6324183243856465, 0.6619712592527627, 0.615602738397863, 0.1846412496454825, 0.679130348928417, 9.056097219482272, 2.0519461596209156, 3.5660746585063867, 6.2220778562147006, 10.052255071365273, 4.245158920909654, 20.759215683194565, 1.248266506097327, 1.4949068141260313, 1.5386514967161544, 1.1194365190469684, 0.7184958086779065, 1.1711437025281644, 3.628525068918395, 0.7618332174757989, 9.150134545971515, 8.276260047781351, 0.7842557497364818, 2.6429143470206897, 2.2388203325732157, 7.962640250350746, 10.0, 1.9666370432655684, 10.0, 1.3047259871266879, 2.1985693191506788, 4.3143273324363784, 0.8981909100471143, 1.1489644109398234, 2.041618750321735, 1.5775082052259164, 7.464094457844456, 4.996022837001708, 1.4386865197405758, 1.878946374442034, 6.159880327224314]
APTIDAO: 
27.200521696576313
GEN: 4300
Individuo: 
[2.552021253002376, 0.816929779125354, 3.8747836230042165, 2.4134145327301777, 1.5167974343434019, 0.4944560247926415, 0.7677918158530542, 0.6324183243856465, 0.6619712592527627, 0.615602738397863, 0.17710073388000847, 0.679130348928417, 9.056097219482272, 2.1659513717781347, 3.5660746585063867, 6.2220778562147006, 10.052255071365273, 4.245158920909654, 20.331316924407336, 1.248266506097327, 1.4949068141260313, 1.5386514967161544, 1.1194365190469684, 0.7184958086779065, 1.1711437025281644, 3.628525068918395, 0.7618332174757989, 9.150134545971515, 8.276260047781351, 0.7842557497364818, 2.6429143470206897, 2.2388203325732157, 7.962640250350746, 10.0, 1.0186776774085962, 10.0, 1.3047259871266879, 1.939613300754977, 4.3143273324363784, 0.8981909100471143, 1.1489644109398234, 2.041618750321735, 1.6487351864204598, 7.464094457844456, 4.996022837001708, 1.4386865197405758, 1.878946374442034, 6.159880327224314]
APTIDAO: 
27.08376285997496
GEN: 4400
Individuo: 
[2.552021253002376, 0.816929779125354, 3.8747836230042165, 2.4134145327301777, 1.5167974343434019, 0.4944560247926415, 0.7677918158530542, 0.6324183243856465, 0.6619712592527627, 0.615602738397863, 0.17710073388000847, 0.679130348928417, 9.056097219482272, 2.1659513717781347, 3.5660746585063867, 6.2220778562147006, 10.052255071365273, 4.460030330730316, 20.331316924407336, 1.248266506097327, 1.4949068141260313, 1.5386514967161544, 1.1194365190469684, 0.7184958086779065, 1.1711437025281644, 3.628525068918395, 0.7618332174757989, 9.150134545971515, 8.276260047781351, 0.7842557497364818, 2.6429143470206897, 2.2388203325732157, 7.962640250350746, 10.0, 1.0186776774085962, 10.0, 1.3047259871266879, 1.939613300754977, 4.3143273324363784, 0.8981909100471143, 1.1489644109398234, 1.5568452230747856, 1.6487351864204598, 7.464094457844456, 4.996022837001708, 1.4386865197405758, 1.878946374442034, 6.159880327224314]
APTIDAO: 
27.08376285997496
GEN: 4500
Individuo: 
[2.552021253002376, 0.816929779125354, 3.8747836230042165, 2.4134145327301777, 1.5167974343434019, 0.4944560247926415, 0.7677918158530542, 0.6324183243856465, 0.6619712592527627, 0.615602738397863, 0.17710073388000847, 0.679130348928417, 9.056097219482272, 2.1659513717781347, 3.5660746585063867, 6.2220778562147006, 10.052255071365273, 4.787794805400286, 20.331316924407336, 1.248266506097327, 1.4949068141260313, 1.5386514967161544, 1.1194365190469684, 0.7184958086779065, 1.1711437025281644, 3.628525068918395, 0.7618332174757989, 9.150134545971515, 8.276260047781351, 0.7842557497364818, 2.6429143470206897, 2.2388203325732157, 7.962640250350746, 10.0, 1.0186776774085962, 10.0, 1.3047259871266879, 1.939613300754977, 4.3143273324363784, 0.8981909100471143, 1.1489644109398234, 1.0357100461863453, 1.6487351864204598, 7.464094457844456, 4.996022837001708, 1.4386865197405758, 1.878946374442034, 6.159880327224314]
APTIDAO: 
27.08376285997496
GEN: 4600
Individuo: 
[2.552021253002376, 0.816929779125354, 3.8747836230042165, 2.4134145327301777, 1.5167974343434019, 0.4944560247926415, 0.7677918158530542, 0.6324183243856465, 0.6619712592527627, 0.615602738397863, 0.17710073388000847, 0.679130348928417, 9.056097219482272, 2.5104125016213805, 3.5660746585063867, 6.2220778562147006, 10.052255071365273, 4.787794805400286, 20.331316924407336, 1.248266506097327, 1.4949068141260313, 1.5386514967161544, 1.1194365190469684, 0.7184958086779065, 1.1711437025281644, 3.628525068918395, 0.7618332174757989, 9.150134545971515, 8.276260047781351, 0.7842557497364818, 2.6429143470206897, 2.2388203325732157, 7.962640250350746, 10.0, 1.0186776774085962, 10.0, 1.3047259871266879, 2.1591447586368857, 4.3143273324363784, 0.8981909100471143, 1.1489644109398234, 1.0357100461863453, 1.6487351864204598, 7.464094457844456, 4.996022837001708, 1.4386865197405758, 1.878946374442034, 6.159880327224314]
APTIDAO: 
27.08376285997496
GEN: 4700
Individuo: 
[2.552021253002376, 0.816929779125354, 3.8747836230042165, 2.4134145327301777, 1.5167974343434019, 0.4944825091777382, 0.7677918158530542, 0.6324183243856465, 0.6619712592527627, 0.615602738397863, 0.17710073388000847, 0.679130348928417, 9.282865606294028, 2.5104125016213805, 3.5660746585063867, 6.730404360310865, 10.052255071365273, 4.787794805400286, 20.331316924407336, 1.248266506097327, 1.4940947742947668, 1.5386514967161544, 1.1194365190469684, 0.7184958086779065, 1.1711437025281644, 3.628525068918395, 0.7618332174757989, 9.150134545971515, 8.276260047781351, 0.4238661967793187, 2.6429143470206897, 2.2388203325732157, 7.962640250350746, 10.0, 1.0186776774085962, 10.0, 1.8712923239104025, 2.1591447586368857, 4.3143273324363784, 0.5374464595622704, 1.1489644109398234, 1.0357100461863453, 1.6487351864204598, 7.464094457844456, 2.9573070305745977, 1.4386865197405758, 1.878946374442034, 6.159880327224314]
APTIDAO: 
27.08086806320568
GEN: 4800
Individuo: 
[2.552021253002376, 0.824142738419449, 3.8747836230042165, 2.4134145327301777, 1.5167974343434019, 0.4944825091777382, 0.7677918158530542, 0.6324183243856465, 0.6619712592527627, 0.615602738397863, 0.17710073388000847, 0.679130348928417, 9.01472531537415, 2.9175383313694474, 3.90772234013672, 6.730404360310865, 10.052255071365273, 4.787794805400286, 20.331316924407336, 1.248266506097327, 1.4940947742947668, 1.5386514967161544, 1.1194365190469684, 0.7184958086779065, 1.1711437025281644, 1.9155085466509074, 0.7618332174757989, 9.150134545971515, 8.276260047781351, 0.4238661967793187, 2.6429143470206897, 2.2388203325732157, 7.962640250350746, 10.0, 1.0186776774085962, 10.0, 1.384279594091993, 2.5659081892381246, 5.258832669321048, 0.5374464595622704, 1.1489644109398234, 1.0357100461863453, 1.6487351864204598, 7.464094457844456, 2.9573070305745977, 1.4386865197405758, 1.878946374442034, 6.159880327224314]
APTIDAO: 
27.07386049782781
GEN: 4900
Individuo: 
[2.552021253002376, 0.824142738419449, 3.8747836230042165, 2.4134145327301777, 1.516009917973753, 0.4944825091777382, 0.7677918158530542, 0.6324183243856465, 0.6619712592527627, 0.615602738397863, 0.17710073388000847, 0.679130348928417, 9.01472531537415, 2.9175383313694474, 3.90772234013672, 6.730404360310865, 10.815247598468389, 4.787794805400286, 20.331316924407336, 1.248266506097327, 1.4940947742947668, 1.5386514967161544, 1.1194365190469684, 0.7184958086779065, 1.1711437025281644, 1.9155085466509074, 0.7618332174757989, 9.150134545971515, 10.0, 0.4238661967793187, 2.6429143470206897, 2.2388203325732157, 7.962640250350746, 10.0, 1.0186776774085962, 10.0, 1.384279594091993, 2.5659081892381246, 5.258832669321048, 0.5374464595622704, 0.9602672779531518, 1.0357100461863453, 1.6487351864204598, 7.464094457844456, 2.9573070305745977, 1.4386865197405758, 1.878946374442034, 6.159880327224314]
APTIDAO: 
27.071659865412844
GEN: 5000
Individuo: 
[2.552021253002376, 0.824142738419449, 3.8747836230042165, 2.4134145327301777, 1.516009917973753, 0.4956970512833134, 0.7658247198925162, 0.6324183243856465, 0.6619712592527627, 0.615602738397863, 0.17710073388000847, 0.679130348928417, 9.159774765037442, 2.9175383313694474, 3.90772234013672, 6.730404360310865, 10.883073063943925, 4.787794805400286, 20.331316924407336, 1.248266506097327, 1.4940947742947668, 1.5386514967161544, 1.1194365190469684, 0.7184958086779065, 1.1711437025281644, 1.9155085466509074, 0.7618332174757989, 9.150134545971515, 10.0, 0.9020820862228763, 2.5386588330489936, 2.2388203325732157, 7.962640250350746, 10.0, 1.0186776774085962, 10.0, 1.8676024542100462, 2.5659081892381246, 5.258832669321048, 0.5374464595622704, 0.9077244111199129, 1.0357100461863453, 1.6487351864204598, 7.464094457844456, 2.9573070305745977, 1.4386865197405758, 1.878946374442034, 6.159880327224314]
APTIDAO: 
27.04936812706688
GEN: 5100
Individuo: 
[2.552021253002376, 0.824142738419449, 3.8747836230042165, 2.4134145327301777, 1.516009917973753, 0.4956970512833134, 0.7658247198925162, 0.6324183243856465, 0.6619712592527627, 0.619096959397115, 0.17583655148374291, 0.6786393173299005, 9.159774765037442, 2.689089729254058, 3.90772234013672, 6.730404360310865, 10.109190461201557, 4.787794805400286, 20.331316924407336, 1.248266506097327, 1.4940947742947668, 1.5386514967161544, 1.1194365190469684, 0.7184958086779065, 1.1711437025281644, 1.9155085466509074, 0.7618332174757989, 9.150134545971515, 10.0, 0.9020820862228763, 2.5386588330489936, 2.2388203325732157, 7.962640250350746, 10.0, 0.9716177036074096, 10.0, 1.8676024542100462, 2.6132941577865925, 5.258832669321048, 0.5374464595622704, 1.173398260417973, 1.0357100461863453, 1.6487351864204598, 7.464094457844456, 2.9573070305745977, 1.4386865197405758, 1.878946374442034, 6.159880327224314]
APTIDAO: 
26.99852825157407
GEN: 5200
Individuo: 
[2.552021253002376, 0.824142738419449, 3.8747836230042165, 2.447945676583216, 1.516009917973753, 0.4956970512833134, 0.7658247198925162, 0.6324183243856465, 0.6619712592527627, 0.619096959397115, 0.17413396595942637, 0.6786393173299005, 9.159774765037442, 2.8957669726404847, 3.90772234013672, 6.730404360310865, 10.847893051462542, 4.035429073403091, 20.331316924407336, 1.248266506097327, 1.4940947742947668, 1.5386514967161544, 1.1194365190469684, 0.7184958086779065, 1.1711437025281644, 1.9155085466509074, 0.7618332174757989, 8.093012187948013, 10.0, 0.9020820862228763, 2.5386588330489936, 2.2388203325732157, 7.962640250350746, 10.0, 0.7831207491894753, 10.0, 1.8676024542100462, 1.8710874260095354, 5.258832669321048, 0.5374464595622704, 0.9661132906699069, 0.9179925471774533, 1.6487351864204598, 7.464094457844456, 2.9573070305745977, 1.4386865197405758, 1.878946374442034, 6.159880327224314]
APTIDAO: 
26.96061518229269
GEN: 5300
Individuo: 
[2.552021253002376, 0.824142738419449, 3.8747836230042165, 2.447945676583216, 1.516009917973753, 0.4956970512833134, 0.7658247198925162, 0.6324183243856465, 0.6619712592527627, 0.619096959397115, 0.17413396595942637, 0.6786393173299005, 9.159774765037442, 2.6270786102480135, 3.90772234013672, 6.730404360310865, 10.80935170966834, 4.035429073403091, 20.331316924407336, 1.248266506097327, 1.4940947742947668, 1.5386514967161544, 1.1194365190469684, 0.7184958086779065, 1.1711437025281644, 1.9155085466509074, 0.7618332174757989, 8.093012187948013, 10.0, 0.9020820862228763, 2.5386588330489936, 2.2388203325732157, 7.962640250350746, 10.0, 0.7831207491894753, 10.0, 1.8676024542100462, 1.7266418728814523, 5.258832669321048, 0.5374464595622704, 0.885578748155407, 0.9179925471774533, 1.6487351864204598, 7.464094457844456, 2.9573070305745977, 1.4386865197405758, 1.878946374442034, 6.159880327224314]
APTIDAO: 
26.96061518229269
GEN: 5400
Individuo: 
[2.552021253002376, 0.824142738419449, 3.8747836230042165, 2.447945676583216, 1.5672575076322126, 0.4956970512833134, 0.7652640043177354, 0.6324183243856465, 0.6619712592527627, 0.6195066913340224, 0.14419223351802188, 0.6786393173299005, 9.159774765037442, 2.04873449327127, 3.90772234013672, 6.730404360310865, 10.80935170966834, 4.9945967437049275, 20.331316924407336, 1.248266506097327, 1.4940947742947668, 1.5386514967161544, 1.1194365190469684, 0.7184958086779065, 1.1711437025281644, 1.9155085466509074, 0.7618332174757989, 8.093012187948013, 10.0, 0.9020820862228763, 2.732904570552974, 2.2388203325732157, 7.962640250350746, 10.0, 0.9443997822898866, 10.0, 1.8676024542100462, 1.4265767270132768, 5.258832669321048, 0.5374464595622704, 0.885578748155407, 1.8101370056263613, 1.6487351864204598, 7.464094457844456, 2.9573070305745977, 1.4386865197405758, 1.878946374442034, 6.159880327224314]
APTIDAO: 
26.858924559115582
GEN: 5500
Individuo: 
[2.552021253002376, 0.824142738419449, 3.8747836230042165, 2.447945676583216, 1.5672575076322126, 0.49801775846647234, 0.7652640043177354, 0.6324183243856465, 0.6619712592527627, 0.6195066913340224, 0.14419223351802188, 0.6786393173299005, 9.159774765037442, 2.684151861382923, 3.90772234013672, 6.730404360310865, 10.80935170966834, 3.218630473608405, 20.331316924407336, 1.248266506097327, 1.4940947742947668, 1.5386514967161544, 1.1194365190469684, 0.7184958086779065, 1.1711437025281644, 1.9155085466509074, 0.7618332174757989, 8.093012187948013, 10.0, 1.061622141227187, 2.732904570552974, 2.2388203325732157, 7.962640250350746, 10.0, 0.9443997822898866, 10.0, 1.8676024542100462, 1.7062600968126072, 5.258832669321048, 0.5374464595622704, 0.885578748155407, 1.9664499405402687, 1.6487351864204598, 7.464094457844456, 2.9573070305745977, 1.4386865197405758, 1.878946374442034, 6.159880327224314]
APTIDAO: 
26.521985698536295
GEN: 5600
Individuo: 
[2.552021253002376, 0.824142738419449, 3.8747836230042165, 4.02634408806654, 1.5672575076322126, 0.49801775846647234, 0.7652640043177354, 0.6324183243856465, 0.6619712592527627, 0.6195066913340224, 0.14419223351802188, 0.6786393173299005, 19.747623565348764, 2.892629390514491, 3.2017437535586417, 6.730404360310865, 10.804348252717316, 3.218630473608405, 20.331316924407336, 1.248266506097327, 1.4940947742947668, 1.5386514967161544, 1.1194365190469684, 0.7184958086779065, 1.1711437025281644, 1.9155085466509074, 0.7618332174757989, 8.646033438704476, 10.0, 1.061622141227187, 2.732904570552974, 2.2388203325732157, 7.962640250350746, 10.0, 0.9443997822898866, 10.0, 2.0923168536835846, 1.7433952622602684, 7.308117526995272, 0.5374464595622704, 1.7666925732084109, 1.9664499405402687, 1.6487351864204598, 7.464094457844456, 2.9573070305745977, 1.4386865197405758, 1.878946374442034, 6.159880327224314]
APTIDAO: 
28.992559170623853
GEN: 5700
Individuo: 
[2.552021253002376, 0.824142738419449, 3.8747836230042165, 2.8395439880026827, 1.5672575076322126, 0.49428503332203483, 0.7652640043177354, 0.6324183243856465, 0.6619712592527627, 0.6195066913340224, 0.14572898087523573, 0.6786393173299005, 15.244204301075143, 2.5115975852586403, 3.2017437535586417, 6.354782790194392, 9.702741392201908, 3.449262046660157, 20.89292390129913, 1.248266506097327, 1.4940947742947668, 1.5386514967161544, 1.1194365190469684, 0.7184958086779065, 1.1711437025281644, 1.9155085466509074, 0.7618332174757989, 5.856133462962844, 10.0, 0.8116515695161259, 2.732904570552974, 2.2388203325732157, 7.962640250350746, 10.0, 1.002857479217957, 10.0, 3.013258145539099, 3.5807238549338893, 7.308117526995272, 0.9684796898193984, 1.1919146022954923, 2.8070678267044236, 2.0330972861720285, 7.464094457844456, 2.9573070305745977, 1.4386865197405758, 1.878946374442034, 6.159880327224314]
APTIDAO: 
26.817397300420918
GEN: 5800
Individuo: 
[2.5503282952693844, 0.8417273950089321, 3.8747836230042165, 2.8395439880026827, 1.5672575076322126, 0.49333914704136134, 0.7652640043177354, 0.6324183243856465, 0.6540723327708984, 0.6195066913340224, 0.14572898087523573, 0.6786393173299005, 11.74673826150339, 2.5115975852586403, 3.6547896505489272, 6.557177012093721, 10.444002741263098, 3.449262046660157, 20.416168071942252, 1.248266506097327, 1.5070429279775872, 1.5386514967161544, 1.1194365190469684, 0.7184958086779065, 1.5772305276260905, 1.508049899860282, 0.7618332174757989, 5.856133462962844, 10.0, 1.0073704207076009, 2.732904570552974, 2.2388203325732157, 7.378360207490652, 10.0, 1.002857479217957, 10.0, 5.350601686887517, 3.5807238549338893, 2.281106694884471, 0.9602686933111619, 1.195150944315787, 2.8070678267044236, 2.249014258695195, 7.464094457844456, 2.7941718768016406, 1.4386865197405758, 1.878946374442034, 6.159880327224314]
APTIDAO: 
26.507037423527873
GEN: 5900
Individuo: 
[2.5503282952693844, 0.8417273950089321, 3.8747836230042165, 2.8395439880026827, 1.5672575076322126, 0.49333914704136134, 0.7652640043177354, 0.6324183243856465, 0.6540723327708984, 0.6195066913340224, 0.14572898087523573, 0.6786393173299005, 11.74673826150339, 2.5115975852586403, 3.6547896505489272, 6.557177012093721, 10.444002741263098, 3.8356689592444666, 20.416168071942252, 1.248266506097327, 1.5080943272627743, 1.5386514967161544, 1.1501797608767894, 0.7184958086779065, 1.5772305276260905, 1.508049899860282, 0.7618332174757989, 5.856133462962844, 10.0, 1.0073704207076009, 2.732904570552974, 2.2388203325732157, 7.378360207490652, 10.0, 1.002857479217957, 10.0, 5.350601686887517, 3.5807238549338893, 2.281106694884471, 0.9602686933111619, 1.195150944315787, 2.1172964880966596, 2.249014258695195, 7.464094457844456, 3.823789430552369, 1.4386865197405758, 2.772082709312273, 6.159880327224314]
APTIDAO: 
26.436034347605737
GEN: 6000
Individuo: 
[2.5503282952693844, 0.8417273950089321, 3.8747836230042165, 2.8395439880026827, 1.5672575076322126, 0.49333914704136134, 0.7652640043177354, 0.6324183243856465, 0.6540723327708984, 0.6195066913340224, 0.14572898087523573, 0.6786393173299005, 11.74673826150339, 2.5115975852586403, 3.6547896505489272, 6.557177012093721, 10.444002741263098, 3.8356689592444666, 20.416168071942252, 1.248266506097327, 1.5080943272627743, 1.5386514967161544, 1.1501797608767894, 0.7184958086779065, 1.5772305276260905, 1.508049899860282, 0.7618332174757989, 5.856133462962844, 10.0, 1.0073704207076009, 2.732904570552974, 2.2388203325732157, 7.378360207490652, 10.0, 1.002857479217957, 10.0, 5.350601686887517, 3.5807238549338893, 2.281106694884471, 0.9602686933111619, 1.195150944315787, 2.1172964880966596, 2.249014258695195, 7.464094457844456, 3.823789430552369, 1.4386865197405758, 2.772082709312273, 6.159880327224314]
APTIDAO: 
26.436034347605737
GEN: 6100
Individuo: 
[2.5503282952693844, 0.8417273950089321, 3.8747836230042165, 2.878456020387802, 1.5743540486830603, 0.49333914704136134, 0.7652640043177354, 0.6324183243856465, 0.6540723327708984, 0.6195066913340224, 0.14187660960354867, 0.6786393173299005, 11.74673826150339, 2.5115975852586403, 3.5478535437438743, 6.557177012093721, 10.444002741263098, 3.8356689592444666, 20.416168071942252, 1.248266506097327, 1.5080943272627743, 1.5386514967161544, 1.1501797608767894, 0.7184958086779065, 1.5772305276260905, 1.508049899860282, 0.7618332174757989, 3.561087508812612, 9.904535216492693, 1.0073704207076009, 2.732904570552974, 2.2388203325732157, 7.378360207490652, 10.0, 0.8154318835089125, 10.0, 5.350601686887517, 3.5807238549338893, 1.4955878088855403, 0.9602686933111619, 1.195150944315787, 2.1172964880966596, 2.249014258695195, 7.464094457844456, 3.823789430552369, 1.4386865197405758, 2.772082709312273, 6.159880327224314]
APTIDAO: 
26.37530702659346
GEN: 6200
Individuo: 
[2.5503282952693844, 0.8417273950089321, 3.8747836230042165, 2.878456020387802, 1.5743540486830603, 0.49333914704136134, 0.7652640043177354, 0.6324183243856465, 0.6540723327708984, 0.6195066913340224, 0.14187660960354867, 0.6786393173299005, 11.74673826150339, 2.5115975852586403, 3.5478535437438743, 6.557177012093721, 10.444002741263098, 3.8356689592444666, 20.416168071942252, 1.2608951197892015, 1.5080943272627743, 1.5386514967161544, 1.1343232117222093, 0.7184958086779065, 1.5772305276260905, 1.508049899860282, 0.7618332174757989, 3.561087508812612, 9.904535216492693, 1.0073704207076009, 2.732904570552974, 2.2388203325732157, 7.378360207490652, 10.0, 0.8154318835089125, 10.0, 5.350601686887517, 3.5807238549338893, 1.4955878088855403, 0.9602686933111619, 1.195150944315787, 2.1172964880966596, 2.249014258695195, 6.2863821317751345, 3.823789430552369, 1.4386865197405758, 3.2983552205351883, 6.159880327224314]
APTIDAO: 
26.32716578610951
GEN: 6300
Individuo: 
[2.5503282952693844, 0.8416053310819265, 3.8747836230042165, 2.878456020387802, 1.5743540486830603, 0.49333914704136134, 0.7652640043177354, 0.6324183243856465, 0.6540723327708984, 0.6195066913340224, 0.14187660960354867, 0.6786393173299005, 11.74673826150339, 2.012635351404289, 3.2863593246345175, 6.557177012093721, 10.444002741263098, 3.3248400599540777, 20.416168071942252, 1.2608951197892015, 1.5080943272627743, 1.5386514967161544, 1.1343232117222093, 0.7184958086779065, 1.5772305276260905, 1.1254091815199292, 0.7618332174757989, 3.561087508812612, 9.904535216492693, 1.0073704207076009, 2.732904570552974, 2.2388203325732157, 7.378360207490652, 10.0, 0.8154318835089125, 10.0, 5.350601686887517, 4.034113077940775, 1.6526300120365012, 0.9602686933111619, 1.195150944315787, 2.6177265550809428, 2.249014258695195, 6.2863821317751345, 3.823789430552369, 1.4386865197405758, 3.2983552205351883, 6.159880327224314]
APTIDAO: 
26.326110182088733
GEN: 6400
Individuo: 
[2.5503282952693844, 0.8416053310819265, 3.8747836230042165, 2.878456020387802, 1.5743540486830603, 0.49333914704136134, 0.7652640043177354, 0.6324183243856465, 0.6540723327708984, 0.6195066913340224, 0.14187660960354867, 0.6786393173299005, 11.74673826150339, 2.8195578537991755, 3.2863593246345175, 6.557177012093721, 10.444002741263098, 3.3248400599540777, 20.416168071942252, 1.2608951197892015, 1.5080943272627743, 1.5386514967161544, 1.1343232117222093, 0.7184958086779065, 1.5772305276260905, 1.1254091815199292, 0.7618332174757989, 3.561087508812612, 9.904535216492693, 1.0073704207076009, 2.732904570552974, 2.2388203325732157, 7.378360207490652, 10.0, 0.8154318835089125, 10.0, 5.350601686887517, 2.611941382411826, 1.6526300120365012, 0.9602686933111619, 1.195150944315787, 2.6177265550809428, 2.249014258695195, 6.2863821317751345, 3.823789430552369, 1.4386865197405758, 3.2983552205351883, 6.159880327224314]
APTIDAO: 
26.326110182088733
GEN: 6500
Individuo: 
[2.5503282952693844, 0.8416053310819265, 3.8747836230042165, 2.8106704165739984, 1.5743540486830603, 0.49333914704136134, 0.7652640043177354, 0.6324183243856465, 0.6540723327708984, 0.6195066913340224, 0.14187660960354867, 0.678621184587364, 11.74673826150339, 2.8195578537991755, 3.2863593246345175, 6.557177012093721, 10.444002741263098, 3.3248400599540777, 20.416168071942252, 1.2608951197892015, 1.4912321235918016, 1.5386514967161544, 1.1343232117222093, 0.7184958086779065, 1.5772305276260905, 1.1254091815199292, 0.7618332174757989, 2.3248498000034803, 9.904535216492693, 1.0073704207076009, 2.732904570552974, 2.2388203325732157, 7.378360207490652, 10.0, 0.8154318835089125, 5.245598880849368, 5.350601686887517, 2.611941382411826, 1.6526300120365012, 0.9602686933111619, 1.195150944315787, 2.6177265550809428, 2.249014258695195, 6.2863821317751345, 3.739312091528553, 1.4386865197405758, 3.2983552205351883, 6.159880327224314]
APTIDAO: 
26.30005582320265
GEN: 6600
Individuo: 
[2.5503282952693844, 0.8416053310819265, 3.8747836230042165, 2.8106704165739984, 1.5743540486830603, 0.49333914704136134, 0.7652640043177354, 0.6324183243856465, 0.6540723327708984, 0.6195066913340224, 0.14187660960354867, 0.678621184587364, 11.74673826150339, 2.8195578537991755, 3.2863593246345175, 6.557177012093721, 10.444002741263098, 3.3248400599540777, 20.416168071942252, 1.2608951197892015, 1.4912321235918016, 1.5386514967161544, 1.1343232117222093, 0.7184958086779065, 1.5772305276260905, 1.1254091815199292, 0.7618332174757989, 2.3248498000034803, 9.904535216492693, 1.0073704207076009, 2.732904570552974, 2.2388203325732157, 7.378360207490652, 10.0, 0.8154318835089125, 5.245598880849368, 5.350601686887517, 2.611941382411826, 1.6526300120365012, 0.9602686933111619, 1.195150944315787, 2.6177265550809428, 2.249014258695195, 6.2863821317751345, 3.739312091528553, 1.4386865197405758, 3.2983552205351883, 6.159880327224314]
APTIDAO: 
26.30005582320265
GEN: 6700
Individuo: 
[2.5503282952693844, 0.8416053310819265, 3.8747836230042165, 2.8106704165739984, 1.5743540486830603, 0.49333914704136134, 0.7652640043177354, 0.6324183243856465, 0.6540723327708984, 0.6195066913340224, 0.14187660960354867, 0.678621184587364, 11.74673826150339, 2.8195578537991755, 3.2863593246345175, 6.557177012093721, 10.444002741263098, 3.3248400599540777, 20.64545439709575, 1.2608951197892015, 1.495702854999841, 1.5386514967161544, 1.1343232117222093, 0.7184958086779065, 1.5772305276260905, 1.1254091815199292, 0.7618332174757989, 2.3248498000034803, 9.904535216492693, 1.0073704207076009, 2.732904570552974, 2.2388203325732157, 7.378360207490652, 10.0, 0.8154318835089125, 5.245598880849368, 5.350601686887517, 2.611941382411826, 1.6526300120365012, 0.9602686933111619, 1.195150944315787, 2.6177265550809428, 2.6284900426906193, 6.2863821317751345, 2.934240749688484, 1.4386865197405758, 3.2983552205351883, 6.159880327224314]
APTIDAO: 
26.28239393005696
GEN: 6800
Individuo: 
[2.5503282952693844, 0.8416053310819265, 3.8747836230042165, 2.7933122543223727, 1.5743540486830603, 0.49333914704136134, 0.7652640043177354, 0.6324183243856465, 0.6540723327708984, 0.6195066913340224, 0.12943961216205746, 0.678621184587364, 11.74673826150339, 2.888695851078248, 3.2863593246345175, 6.557177012093721, 9.993336425833306, 3.3248400599540777, 20.64545439709575, 1.2608951197892015, 1.495702854999841, 1.5386514967161544, 1.1343232117222093, 0.7184958086779065, 1.5772305276260905, 1.1254091815199292, 0.7618332174757989, 1.2129212884704712, 9.904535216492693, 1.0073704207076009, 2.732904570552974, 2.2388203325732157, 7.378360207490652, 10.0, 0.9765019834909116, 5.245598880849368, 5.350601686887517, 1.80220048661614, 1.6526300120365012, 0.9602686933111619, 1.0634764228551015, 2.6177265550809428, 2.6284900426906193, 6.2863821317751345, 2.934240749688484, 1.4386865197405758, 3.2983552205351883, 6.159880327224314]
APTIDAO: 
26.20744806491435
GEN: 6900
Individuo: 
[2.5503282952693844, 0.8416053310819265, 3.8747836230042165, 2.694545687665666, 1.5743540486830603, 0.49333914704136134, 0.7652640043177354, 0.6324183243856465, 0.6540723327708984, 0.6195066913340224, 0.13041766476940087, 0.678621184587364, 11.74673826150339, 2.888695851078248, 3.01836987333747, 6.557177012093721, 9.993336425833306, 3.3248400599540777, 20.64545439709575, 1.2608951197892015, 1.495702854999841, 1.5386514967161544, 1.1343232117222093, 0.7184958086779065, 1.5772305276260905, 1.1254091815199292, 0.7618332174757989, 2.307956606525654, 9.904535216492693, 1.0073704207076009, 2.732904570552974, 2.2388203325732157, 7.378360207490652, 10.0, 0.8970277311417746, 5.245598880849368, 5.350601686887517, 1.80220048661614, 2.781322376849823, 0.9602686933111619, 1.0634764228551015, 2.6177265550809428, 2.6284900426906193, 6.2863821317751345, 2.934240749688484, 1.4386865197405758, 3.2983552205351883, 6.159880327224314]
APTIDAO: 
26.174322601297693
GEN: 7000
Individuo: 
[2.5503282952693844, 0.8416053310819265, 3.8747836230042165, 2.694545687665666, 1.5743540486830603, 0.49333914704136134, 0.7652640043177354, 0.6324183243856465, 0.6540723327708984, 0.6195066913340224, 0.13021400593541074, 0.678621184587364, 11.74673826150339, 2.920152765649438, 3.01836987333747, 6.557177012093721, 9.993336425833306, 3.2901663093434963, 20.64545439709575, 1.2608951197892015, 1.495702854999841, 1.5386514967161544, 1.1343232117222093, 0.7184958086779065, 1.5772305276260905, 1.1254091815199292, 0.7618332174757989, 2.307956606525654, 9.904535216492693, 1.0073704207076009, 2.732904570552974, 2.2388203325732157, 7.378360207490652, 10.0, 0.8033717546788129, 5.245598880849368, 5.350601686887517, 2.1406111637247682, 2.781322376849823, 0.9602686933111619, 1.0634764228551015, 2.623124891120602, 2.6284900426906193, 6.2863821317751345, 2.934240749688484, 1.4386865197405758, 3.2983552205351883, 6.159880327224314]
APTIDAO: 
26.170833919419145
GEN: 7100
Individuo: 
[2.5503282952693844, 0.8388860906128367, 3.8747836230042165, 2.727657844260139, 1.5743540486830603, 0.4980443085678411, 0.7652640043177354, 0.6324183243856465, 0.6540723327708984, 0.6195066913340224, 0.12785421149647394, 0.678621184587364, 19.88039035657134, 2.920152765649438, 3.01836987333747, 6.557177012093721, 8.57892238028564, 3.2901663093434963, 20.692701260573315, 1.2608951197892015, 1.495702854999841, 1.5386514967161544, 1.1343232117222093, 0.7184958086779065, 1.5772305276260905, 1.8232376207723664, 0.7618332174757989, 3.6782353161951185, 9.904535216492693, 1.0165383590726742, 2.732904570552974, 2.2388203325732157, 7.378360207490652, 10.0, 1.2878758190266535, 5.245598880849368, 4.387888534387649, 2.1406111637247682, 2.781322376849823, 0.9602686933111619, 1.085276415679766, 2.623124891120602, 1.9246703978608437, 6.2863821317751345, 2.934240749688484, 1.4386865197405758, 3.2983552205351883, 6.159880327224314]
APTIDAO: 
26.314290294448007
GEN: 7200
Individuo: 
[2.5503282952693844, 0.8388860906128367, 3.8747836230042165, 2.708015088746731, 1.5743540486830603, 0.4980443085678411, 0.7652640043177354, 0.6324183243856465, 0.6540723327708984, 0.6195066913340224, 0.12785421149647394, 0.678621184587364, 19.88039035657134, 2.920152765649438, 3.01836987333747, 6.557177012093721, 8.57892238028564, 3.2901663093434963, 20.692701260573315, 1.2608951197892015, 1.4801383543012316, 1.5386514967161544, 1.1343232117222093, 0.7184958086779065, 1.5772305276260905, 1.8232376207723664, 0.7618332174757989, 3.43478817921384, 9.904535216492693, 1.0165383590726742, 2.732904570552974, 2.2388203325732157, 7.378360207490652, 10.0, 1.2878758190266535, 5.245598880849368, 4.387888534387649, 2.1406111637247682, 2.781322376849823, 0.9602686933111619, 1.085276415679766, 2.623124891120602, 1.9246703978608437, 6.2863821317751345, 2.242846424747584, 1.4386865197405758, 3.2983552205351883, 6.159880327224314]
APTIDAO: 
26.26756457112621
GEN: 7300
Individuo: 
[2.5503282952693844, 0.8388860906128367, 3.8747836230042165, 2.708015088746731, 1.5743540486830603, 0.4980443085678411, 0.7652640043177354, 0.6324183243856465, 0.6540723327708984, 0.6195066913340224, 0.1275501092458117, 0.678621184587364, 19.88039035657134, 2.920152765649438, 3.953414610361579, 6.557177012093721, 8.57892238028564, 3.473125401101305, 20.692701260573315, 1.2608951197892015, 1.4801383543012316, 1.5386514967161544, 1.1343232117222093, 0.7184958086779065, 1.5772305276260905, 1.8232376207723664, 0.7618332174757989, 3.43478817921384, 9.904535216492693, 1.0165383590726742, 2.732904570552974, 2.2388203325732157, 7.378360207490652, 10.0, 0.8358169162972161, 5.245598880849368, 4.387888534387649, 2.1406111637247682, 2.32353348409825, 0.9602686933111619, 1.085276415679766, 2.623732866555425, 1.9246703978608437, 6.2863821317751345, 2.242846424747584, 1.4386865197405758, 3.2983552205351883, 6.159880327224314]
APTIDAO: 
26.26236977240465
GEN: 7400
Individuo: 
[2.5503282952693844, 0.8388860906128367, 3.8747836230042165, 2.812596018328187, 1.5743540486830603, 0.4980443085678411, 0.7652640043177354, 0.6324183243856465, 0.6540723327708984, 0.6195066913340224, 0.1275501092458117, 0.678621184587364, 21.31837506402952, 2.920152765649438, 3.953414610361579, 6.545306586377271, 8.57892238028564, 3.473125401101305, 20.692701260573315, 1.2608951197892015, 1.4801383543012316, 1.5386514967161544, 1.1343232117222093, 0.7184958086779065, 1.5772305276260905, 1.8232376207723664, 0.7618332174757989, 1.3095958218546193, 9.904535216492693, 1.0165383590726742, 2.732904570552974, 2.2388203325732157, 7.378360207490652, 10.0, 0.8358169162972161, 5.245598880849368, 4.557858802189507, 2.1406111637247682, 2.32353348409825, 1.1964505076295597, 1.085276415679766, 2.623732866555425, 1.9246703978608437, 6.2863821317751345, 2.242846424747584, 1.4386865197405758, 3.2983552205351883, 6.159880327224314]
APTIDAO: 
26.307962957604826
GEN: 7500
Individuo: 
[2.5503282952693844, 0.8388860906128367, 3.8747836230042165, 2.812596018328187, 1.5948548759438603, 0.4980443085678411, 0.7531534636256515, 0.6332249239076445, 0.6540723327708984, 0.6195066913340224, 0.1275501092458117, 0.678621184587364, 13.652722800436074, 2.920152765649438, 3.953414610361579, 6.968299704796778, 9.781402336165833, 3.473125401101305, 19.37367008102894, 1.2608951197892015, 1.4801383543012316, 1.5386514967161544, 1.1343232117222093, 0.7184958086779065, 1.5772305276260905, 1.8232376207723664, 0.7618332174757989, 1.3095958218546193, 10.0, 1.0165383590726742, 3.974191026240385, 1.4855741946869352, 7.378360207490652, 10.0, 0.8358169162972161, 5.245598880849368, 5.931013509301217, 2.1406111637247682, 2.32353348409825, 1.0993686925625334, 0.8831586685092067, 2.623732866555425, 2.5079990748499728, 6.2863821317751345, 2.242846424747584, 1.4386865197405758, 3.2983552205351883, 6.159880327224314]
APTIDAO: 
25.97099865078054
GEN: 7600
Individuo: 
[2.5503282952693844, 0.8388860906128367, 3.8747836230042165, 2.8534076107305926, 1.5948548759438603, 0.4980443085678411, 0.7531534636256515, 0.6332249239076445, 0.6540723327708984, 0.6195066913340224, 0.1275501092458117, 0.678530247112346, 14.745035204204315, 2.920152765649438, 3.953414610361579, 6.968299704796778, 9.781402336165833, 3.473125401101305, 19.37367008102894, 1.2608951197892015, 1.4801383543012316, 1.5386514967161544, 1.1343232117222093, 0.7184958086779065, 1.5772305276260905, 1.8232376207723664, 0.7618332174757989, 0.6642138400806737, 10.0, 1.0165383590726742, 3.974191026240385, 1.4855741946869352, 7.378360207490652, 10.0, 0.8358169162972161, 6.571497134905121, 3.980769142931726, 2.1406111637247682, 2.32353348409825, 1.0993686925625334, 0.8831586685092067, 2.623732866555425, 2.5079990748499728, 6.2863821317751345, 2.242846424747584, 1.4386865197405758, 3.2983552205351883, 6.159880327224314]
APTIDAO: 
26.05384659075748
GEN: 7700
Individuo: 
[2.5503282952693844, 0.8388860906128367, 3.864762199856828, 2.8534076107305926, 1.5948548759438603, 0.4980443085678411, 0.7531534636256515, 0.6332249239076445, 0.6540723327708984, 0.6195066913340224, 0.1275501092458117, 0.678530247112346, 13.700438341054248, 2.920152765649438, 3.1692405463273268, 6.968299704796778, 9.781402336165833, 3.286172832363153, 19.37367008102894, 1.2608951197892015, 1.4801383543012316, 1.5386514967161544, 1.1343232117222093, 0.7184958086779065, 1.5772305276260905, 1.8232376207723664, 0.9602040817089674, 0.6642138400806737, 10.0, 1.0165383590726742, 3.974191026240385, 1.4855741946869352, 7.378360207490652, 10.0, 0.8358169162972161, 6.571497134905121, 2.8288704462230005, 2.1406111637247682, 1.118460394662936, 1.0993686925625334, 0.8831586685092067, 2.7031106966183382, 2.5079990748499728, 6.2863821317751345, 2.242846424747584, 1.4386865197405758, 3.2983552205351883, 6.159880327224314]
APTIDAO: 
25.975260268372168
GEN: 7800
Individuo: 
[2.5503282952693844, 0.8388860906128367, 3.864762199856828, 2.8534076107305926, 1.5948548759438603, 0.4980443085678411, 0.7531534636256515, 0.6332249239076445, 0.6540723327708984, 0.6195066913340224, 0.1275501092458117, 0.678530247112346, 13.700438341054248, 2.920152765649438, 3.8806238168182965, 6.968299704796778, 9.781402336165833, 3.286172832363153, 19.37367008102894, 1.2608951197892015, 1.4801383543012316, 1.5386514967161544, 1.1343232117222093, 0.7184958086779065, 1.5772305276260905, 1.8232376207723664, 0.9602040817089674, 0.6642138400806737, 10.0, 1.0165383590726742, 3.974191026240385, 1.4855741946869352, 7.378360207490652, 10.0, 0.8358169162972161, 6.571497134905121, 2.8288704462230005, 2.1406111637247682, 1.4619462162340222, 1.0993686925625334, 0.8831586685092067, 2.7031106966183382, 2.5079990748499728, 6.2863821317751345, 2.242846424747584, 1.4386865197405758, 3.2983552205351883, 6.159880327224314]
APTIDAO: 
25.975260268372168
GEN: 7900
Individuo: 
[2.5503282952693844, 0.8280833483970222, 3.864762199856828, 2.8534076107305926, 1.5948548759438603, 0.4980443085678411, 0.7531534636256515, 0.6332249239076445, 0.6540723327708984, 0.6195066913340224, 0.1275501092458117, 0.678530247112346, 11.408279425852424, 2.920152765649438, 3.516975573066958, 6.817643329432964, 9.781402336165833, 3.0907501055097164, 19.37367008102894, 1.2608951197892015, 1.4801383543012316, 1.5386514967161544, 1.1343232117222093, 0.7184958086779065, 1.5772305276260905, 1.706749151668417, 0.9602040817089674, 0.6642138400806737, 10.0, 1.0165383590726742, 3.974191026240385, 1.4855741946869352, 7.378360207490652, 10.0, 0.8358169162972161, 6.571497134905121, 1.736210900031072, 2.1406111637247682, 1.109102221530003, 1.076445984344713, 0.8831586685092067, 2.6358548125531183, 2.5079990748499728, 6.2863821317751345, 2.242846424747584, 1.4386865197405758, 3.2983552205351883, 6.159880327224314]
APTIDAO: 
25.96043506045144
GEN: 8000
Individuo: 
[2.5503282952693844, 0.8256314852741794, 3.864762199856828, 2.8534076107305926, 1.5948548759438603, 0.4980443085678411, 0.7531534636256515, 0.6332249239076445, 0.6540723327708984, 0.6195066913340224, 0.1275501092458117, 0.678530247112346, 11.408279425852424, 2.6263105986686877, 3.516975573066958, 6.817643329432964, 9.781402336165833, 3.0907501055097164, 19.673062808243614, 1.2608951197892015, 1.4801383543012316, 1.5386514967161544, 1.1343232117222093, 0.7184958086779065, 1.5772305276260905, 1.7689837319153627, 0.9602040817089674, 0.6642138400806737, 10.0, 1.0165383590726742, 3.974191026240385, 1.4855741946869352, 7.378360207490652, 10.0, 0.8358169162972161, 6.571497134905121, 1.736210900031072, 2.039397600149131, 1.109102221530003, 1.076445984344713, 0.8831586685092067, 2.6358548125531183, 3.388372633906539, 6.2863821317751345, 2.242846424747584, 1.4386865197405758, 3.2983552205351883, 6.159880327224314]
APTIDAO: 
25.930541281639254
GEN: 8100
Individuo: 
[2.5503282952693844, 0.8256314852741794, 3.864762199856828, 2.8534076107305926, 1.5948548759438603, 0.4980443085678411, 0.7531534636256515, 0.6332249239076445, 0.6540723327708984, 0.6195066913340224, 0.1275501092458117, 0.678530247112346, 11.408279425852424, 2.6263105986686877, 3.516975573066958, 6.817643329432964, 9.781402336165833, 3.0907501055097164, 19.673062808243614, 1.2608951197892015, 1.4801383543012316, 1.5386514967161544, 1.1343232117222093, 0.7184958086779065, 1.5772305276260905, 1.7689837319153627, 0.9602040817089674, 0.6642138400806737, 10.0, 1.0165383590726742, 3.974191026240385, 1.4855741946869352, 7.378360207490652, 10.0, 0.8358169162972161, 6.571497134905121, 1.736210900031072, 2.039397600149131, 1.109102221530003, 1.076445984344713, 0.8831586685092067, 2.6358548125531183, 3.388372633906539, 6.2863821317751345, 2.242846424747584, 1.4386865197405758, 3.2983552205351883, 6.159880327224314]
APTIDAO: 
25.930541281639254
GEN: 8200
Individuo: 
[2.5503282952693844, 0.8256314852741794, 3.864762199856828, 2.8534076107305926, 1.5948548759438603, 0.4980443085678411, 0.7531534636256515, 0.6332249239076445, 0.6540723327708984, 0.6195066913340224, 0.1275501092458117, 0.678530247112346, 11.348340620841592, 2.6263105986686877, 3.516975573066958, 5.708609881012028, 8.4225909294508, 3.0907501055097164, 19.673062808243614, 1.2608951197892015, 1.4801383543012316, 1.537449238603885, 1.1374053801526984, 0.7184958086779065, 1.5772305276260905, 1.7689837319153627, 0.9602040817089674, 0.6642138400806737, 10.0, 1.0165383590726742, 3.974191026240385, 1.4855741946869352, 7.378360207490652, 10.0, 0.8358169162972161, 6.571497134905121, 2.156066923879275, 2.039397600149131, 1.109102221530003, 2.031581194980235, 1.4789358545779152, 2.6358548125531183, 3.388372633906539, 6.2863821317751345, 2.242846424747584, 1.4621315043063299, 2.043567723297697, 6.159880327224314]
APTIDAO: 
25.78918542978997
GEN: 8300
Individuo: 
[2.5503282952693844, 0.8256314852741794, 3.864762199856828, 2.85242498738482, 1.5948548759438603, 0.4980443085678411, 0.7531534636256515, 0.6332249239076445, 0.6540723327708984, 0.6195066913340224, 0.1275501092458117, 0.678530247112346, 11.348340620841592, 2.6263105986686877, 3.516975573066958, 5.708609881012028, 8.965112530893537, 3.0907501055097164, 19.212323135431284, 1.2608951197892015, 1.4801383543012316, 1.537449238603885, 1.1374053801526984, 0.7184958086779065, 1.5772305276260905, 1.7689837319153627, 0.9602040817089674, 0.6021261516470228, 10.0, 1.0165383590726742, 3.974191026240385, 1.4855741946869352, 7.378360207490652, 10.0, 0.8358169162972161, 6.571497134905121, 2.156066923879275, 2.039397600149131, 1.109102221530003, 2.031581194980235, 2.0533242083224055, 2.6358548125531183, 4.538331288055233, 6.2863821317751345, 2.242846424747584, 1.4621315043063299, 2.043567723297697, 6.159880327224314]
APTIDAO: 
25.788541410716252
GEN: 8400
Individuo: 
[2.5503282952693844, 0.829369651669114, 3.8226251629980466, 2.85242498738482, 1.5948548759438603, 0.4980443085678411, 0.7533825836104396, 0.6332249239076445, 0.6540723327708984, 0.6195066913340224, 0.13046212339985597, 0.678530247112346, 11.348340620841592, 2.6263105986686877, 3.516975573066958, 5.3838438661864485, 8.965112530893537, 3.0907501055097164, 19.212323135431284, 1.2608951197892015, 1.4801383543012316, 1.5419526847942644, 1.1541371686328792, 0.7184958086779065, 1.5772305276260905, 0.8609696064852133, 1.0272981302547637, 0.6021261516470228, 10.0, 1.0165383590726742, 6.6523116907944155, 1.4855741946869352, 7.378360207490652, 10.0, 0.8507222961828662, 6.571497134905121, 2.156066923879275, 2.039397600149131, 1.109102221530003, 1.536971028582497, 2.0533242083224055, 2.6358548125531183, 4.538331288055233, 6.2863821317751345, 2.242846424747584, 2.083513616074063, 1.7563573507942278, 6.159880327224314]
APTIDAO: 
25.570634263142335
GEN: 8500
Individuo: 
[2.5503282952693844, 0.829369651669114, 3.8226251629980466, 2.85242498738482, 1.5948548759438603, 0.4980443085678411, 0.7533825836104396, 0.6332249239076445, 0.6540723327708984, 0.6195066913340224, 0.13046212339985597, 0.678530247112346, 11.348340620841592, 2.6263105986686877, 3.516975573066958, 5.3838438661864485, 8.965112530893537, 3.0907501055097164, 19.187782541311062, 1.2608951197892015, 1.475260495084291, 1.5419526847942644, 1.1541371686328792, 0.7184958086779065, 1.5772305276260905, 0.8609696064852133, 1.0272981302547637, 0.6021261516470228, 10.0, 1.0165383590726742, 6.6523116907944155, 1.4855741946869352, 7.378360207490652, 10.0, 0.8507222961828662, 6.571497134905121, 2.156066923879275, 2.039397600149131, 1.109102221530003, 1.536971028582497, 2.0533242083224055, 2.6358548125531183, 6.036378629170176, 6.2863821317751345, 1.6454284428658565, 2.083513616074063, 1.7563573507942278, 6.159880327224314]
APTIDAO: 
25.531253754401803
GEN: 8600
Individuo: 
[2.5503282952693844, 0.829369651669114, 3.8226251629980466, 2.85242498738482, 1.5948548759438603, 0.5012118066264706, 0.7533825836104396, 0.6332249239076445, 0.6508340162292595, 0.6195066913340224, 0.13046212339985597, 0.678530247112346, 11.348340620841592, 2.5562441855239535, 3.405739280318187, 5.3838438661864485, 8.965112530893537, 3.0907501055097164, 19.187782541311062, 1.2608951197892015, 1.475260495084291, 1.5419526847942644, 1.171717634934565, 0.7184958086779065, 1.5772305276260905, 0.8609696064852133, 1.0272981302547637, 0.6021261516470228, 10.0, 2.039018713211377, 6.6523116907944155, 1.4855741946869352, 5.30537919431393, 10.0, 0.8507222961828662, 6.571497134905121, 2.156066923879275, 1.3369635026260271, 1.3876876895488364, 1.536971028582497, 2.0533242083224055, 2.6358548125531183, 6.036378629170176, 6.2863821317751345, 1.6454284428658565, 2.083513616074063, 1.3538598342160055, 6.159880327224314]
APTIDAO: 
25.317363737204868
GEN: 8700
Individuo: 
[2.5503282952693844, 0.829369651669114, 3.8226251629980466, 2.85242498738482, 1.5948548759438603, 0.5012118066264706, 0.7598279840395059, 0.6332249239076445, 0.6508340162292595, 0.6195066913340224, 0.13046212339985597, 0.678530247112346, 11.348340620841592, 2.5562441855239535, 3.1649841772207896, 5.7338316067136175, 8.965112530893537, 3.0907501055097164, 19.187782541311062, 1.2608951197892015, 1.475260495084291, 1.5419526847942644, 1.171717634934565, 0.7184958086779065, 1.5772305276260905, 0.8609696064852133, 1.0272981302547637, 0.6021261516470228, 10.0, 2.039018713211377, 4.648401859855316, 1.4855741946869352, 5.30537919431393, 10.0, 0.8507222961828662, 6.571497134905121, 2.156066923879275, 1.3369635026260271, 0.8112609893784355, 1.6649266238473248, 2.0533242083224055, 2.6358548125531183, 6.036378629170176, 6.2863821317751345, 1.6454284428658565, 2.083513616074063, 1.3538598342160055, 6.159880327224314]
APTIDAO: 
25.3131119785446
GEN: 8800
Individuo: 
[2.5503282952693844, 0.829369651669114, 3.8226251629980466, 2.85242498738482, 1.5948548759438603, 0.5012118066264706, 0.7598279840395059, 0.6332249239076445, 0.6508340162292595, 0.6195066913340224, 0.13046212339985597, 0.678530247112346, 11.348340620841592, 2.3582873646887443, 3.5418970351149133, 5.4352614631579055, 8.677591538497595, 3.0907501055097164, 19.187782541311062, 1.2608951197892015, 1.475260495084291, 1.5419526847942644, 1.171717634934565, 0.7184958086779065, 1.5772305276260905, 0.8609696064852133, 1.0272981302547637, 0.6021261516470228, 10.0, 2.039018713211377, 4.648401859855316, 1.4855741946869352, 5.30537919431393, 10.0, 0.8507222961828662, 6.571497134905121, 2.156066923879275, 2.397566664221077, 1.8585900501387882, 1.5679470582433375, 1.35750632892261, 2.6358548125531183, 6.036378629170176, 6.2863821317751345, 1.6454284428658565, 2.083513616074063, 1.3538598342160055, 6.159880327224314]
APTIDAO: 
25.3131119785446
GEN: 8900
Individuo: 
[2.5503282952693844, 0.829369651669114, 3.8226251629980466, 2.85242498738482, 1.5948548759438603, 0.5012118066264706, 0.7598279840395059, 0.6332249239076445, 0.6508340162292595, 0.6195066913340224, 0.13046212339985597, 0.678530247112346, 11.348340620841592, 2.9964602221054197, 3.5418970351149133, 5.712211595452893, 8.147280409255801, 3.0907501055097164, 19.187782541311062, 1.2608951197892015, 1.475260495084291, 1.5419526847942644, 1.171717634934565, 0.7184958086779065, 1.5772305276260905, 0.8609696064852133, 1.0272981302547637, 0.6021261516470228, 10.0, 2.039018713211377, 4.648401859855316, 1.4855741946869352, 5.30537919431393, 10.0, 0.8507222961828662, 6.571497134905121, 2.156066923879275, 2.2884263148111494, 1.8585900501387882, 1.7206955972423637, 1.5807936622781276, 2.6358548125531183, 6.036378629170176, 6.2863821317751345, 1.6454284428658565, 2.083513616074063, 1.3538598342160055, 6.159880327224314]
APTIDAO: 
25.3131119785446
GEN: 9000
Individuo: 
[2.5503282952693844, 0.829369651669114, 3.8226251629980466, 2.7624188773821214, 1.5948548759438603, 0.5012118066264706, 0.7598279840395059, 0.6332249239076445, 0.6508340162292595, 0.6195066913340224, 0.1325533719526871, 0.678530247112346, 11.348340620841592, 2.160396019896108, 3.5418970351149133, 5.712211595452893, 8.147280409255801, 3.0907501055097164, 19.187782541311062, 1.2608951197892015, 1.475260495084291, 1.5419526847942644, 1.171717634934565, 0.7184958086779065, 1.5772305276260905, 0.8609696064852133, 1.0272981302547637, 0.6993708584268069, 10.0, 2.039018713211377, 4.648401859855316, 1.4855741946869352, 5.30537919431393, 10.0, 0.7429974915384413, 6.571497134905121, 2.156066923879275, 1.5800103324373285, 1.8585900501387882, 1.7206955972423637, 1.5807936622781276, 2.6358548125531183, 6.036378629170176, 6.2863821317751345, 1.6454284428658565, 2.083513616074063, 1.3538598342160055, 6.159880327224314]
APTIDAO: 
25.240403952777275
GEN: 9100
Individuo: 
[2.5503282952693844, 0.829369651669114, 3.821588902868005, 2.7624188773821214, 1.5948548759438603, 0.5012118066264706, 0.7598279840395059, 0.6332249239076445, 0.6508340162292595, 0.6195066913340224, 0.1325533719526871, 0.678530247112346, 11.348340620841592, 2.9100322845348496, 3.5418970351149133, 5.712211595452893, 8.147280409255801, 3.4713244097192377, 19.187782541311062, 1.2608951197892015, 1.475260495084291, 1.5419526847942644, 1.171717634934565, 0.7184958086779065, 1.5772305276260905, 0.8609696064852133, 1.5767727653797763, 0.6993708584268069, 10.0, 2.039018713211377, 4.648401859855316, 1.4855741946869352, 5.30537919431393, 10.0, 0.7429974915384413, 6.571497134905121, 2.156066923879275, 1.3635739274134333, 1.8585900501387882, 1.7206955972423637, 1.5807936622781276, 0.7417058976531647, 6.036378629170176, 6.2863821317751345, 1.6454284428658565, 2.083513616074063, 1.3538598342160055, 6.159880327224314]
APTIDAO: 
25.239885684627435
GEN: 9200
Individuo: 
[2.5503282952693844, 0.829369651669114, 3.821588902868005, 2.7624188773821214, 1.5948548759438603, 0.5012118066264706, 0.7598279840395059, 0.6332249239076445, 0.6508340162292595, 0.6195066913340224, 0.1325533719526871, 0.678530247112346, 11.16544248581357, 2.9100322845348496, 3.0174063084665588, 5.712211595452893, 8.147280409255801, 3.117860887763718, 19.187782541311062, 1.2608951197892015, 1.4798598693671452, 1.5419526847942644, 1.171717634934565, 0.7184958086779065, 1.5772305276260905, 0.8609696064852133, 1.5767727653797763, 0.6993708584268069, 10.0, 2.039018713211377, 4.648401859855316, 1.4855741946869352, 5.30537919431393, 10.0, 0.7429974915384413, 6.571497134905121, 1.277641536974929, 1.3635739274134333, 0.8850853402305019, 1.7206955972423637, 1.5807936622781276, 0.5698654738346433, 6.036378629170176, 6.2863821317751345, 1.3848440420491837, 2.083513616074063, 1.3538598342160055, 6.159880327224314]
APTIDAO: 
25.23705664933427
GEN: 9300
Individuo: 
[2.5503282952693844, 0.829369651669114, 3.821588902868005, 2.7624188773821214, 1.5948548759438603, 0.5012118066264706, 0.7598279840395059, 0.6332249239076445, 0.6508340162292595, 0.6195066913340224, 0.1325533719526871, 0.678530247112346, 11.037934330147735, 2.9100322845348496, 3.4656188846752447, 5.509521744397995, 8.147280409255801, 3.6462271876967387, 19.187782541311062, 1.2608951197892015, 1.475260495084291, 1.5419526847942644, 1.171717634934565, 0.7184958086779065, 1.5772305276260905, 0.8609696064852133, 1.5767727653797763, 0.6993708584268069, 10.0, 2.039018713211377, 4.648401859855316, 1.4855741946869352, 5.30537919431393, 10.0, 0.7429974915384413, 6.571497134905121, 0.8287082767491019, 1.3635739274134333, 1.3865817547054633, 1.3165740952726772, 1.5807936622781276, 1.1838659813309915, 6.036378629170176, 6.2863821317751345, 1.6454284428658565, 2.083513616074063, 1.3538598342160055, 6.159880327224314]
APTIDAO: 
25.239885684627435
GEN: 9400
Individuo: 
[2.5503282952693844, 0.829369651669114, 3.821588902868005, 2.7624188773821214, 1.5948548759438603, 0.5012118066264706, 0.7598279840395059, 0.6332249239076445, 0.6508340162292595, 0.6195066913340224, 0.1325533719526871, 0.678530247112346, 11.037934330147735, 2.9100322845348496, 3.0596122796790897, 5.509521744397995, 8.147280409255801, 3.6462271876967387, 19.187782541311062, 1.2608951197892015, 1.475260495084291, 1.5395802258834117, 1.171717634934565, 0.7184958086779065, 1.5772305276260905, 0.8609696064852133, 1.5767727653797763, 0.6993708584268069, 10.0, 2.039018713211377, 4.648401859855316, 1.4855741946869352, 5.30537919431393, 10.0, 0.7429974915384413, 6.571497134905121, 0.8287082767491019, 1.3635739274134333, 1.2795045081411354, 1.3165740952726772, 1.5807936622781276, 1.1838659813309915, 6.036378629170176, 6.2863821317751345, 1.6454284428658565, 2.526729578303525, 1.3538598342160055, 6.159880327224314]
APTIDAO: 
25.232577226837314
GEN: 9500
Individuo: 
[2.5503282952693844, 0.829369651669114, 3.821588902868005, 2.7624188773821214, 1.5948548759438603, 0.5012118066264706, 0.7598279840395059, 0.6332249239076445, 0.6508340162292595, 0.6195066913340224, 0.1325533719526871, 0.678530247112346, 11.037934330147735, 2.9100322845348496, 3.0596122796790897, 5.509521744397995, 8.579467005696094, 3.6462271876967387, 19.187782541311062, 1.2608951197892015, 1.475260495084291, 1.5395802258834117, 1.171717634934565, 0.7184958086779065, 1.5772305276260905, 0.8609696064852133, 1.5767727653797763, 0.6993708584268069, 10.0, 2.039018713211377, 4.648401859855316, 1.4855741946869352, 5.30537919431393, 10.0, 0.7429974915384413, 6.571497134905121, 0.8287082767491019, 1.3635739274134333, 1.2795045081411354, 1.3165740952726772, 1.8303429944867837, 1.1838659813309915, 6.036378629170176, 6.2863821317751345, 1.6454284428658565, 2.526729578303525, 1.3538598342160055, 6.159880327224314]
APTIDAO: 
25.232577226837314
GEN: 9600
Individuo: 
[2.5503282952693844, 0.829369651669114, 3.799973161182149, 2.7624188773821214, 1.5948548759438603, 0.5012118066264706, 0.7598279840395059, 0.6332249239076445, 0.6508340162292595, 0.6195066913340224, 0.13235785414830642, 0.678530247112346, 11.037934330147735, 2.009468850015446, 3.0596122796790897, 5.509521744397995, 8.39838263640039, 3.6462271876967387, 19.187782541311062, 1.2608951197892015, 1.475260495084291, 1.5395802258834117, 1.171717634934565, 0.7184958086779065, 1.5772305276260905, 0.8609696064852133, 2.3342624877117526, 0.6993708584268069, 10.0, 2.039018713211377, 4.648401859855316, 1.4855741946869352, 5.30537919431393, 10.0, 1.1570013725627293, 6.571497134905121, 0.8287082767491019, 1.1931383602453087, 1.2795045081411354, 1.3165740952726772, 2.350189423106725, 1.1838659813309915, 6.036378629170176, 6.2863821317751345, 1.6454284428658565, 2.526729578303525, 1.3538598342160055, 6.159880327224314]
APTIDAO: 
25.22530008741641
GEN: 9700
Individuo: 
[2.5503282952693844, 0.829369651669114, 3.799973161182149, 2.905097743737922, 1.5948548759438603, 0.5012118066264706, 0.7598279840395059, 0.6332249239076445, 0.6508340162292595, 0.6195066913340224, 0.14162475173799802, 0.678530247112346, 11.037934330147735, 2.9100322845348496, 3.0596122796790897, 5.509521744397995, 8.39838263640039, 3.543398868695779, 18.591372114665774, 1.2608951197892015, 1.491216929571601, 1.5395802258834117, 1.171717634934565, 0.7184958086779065, 1.5772305276260905, 0.8609696064852133, 2.3342624877117526, 0.7433209280139879, 10.0, 2.039018713211377, 4.648401859855316, 1.4855741946869352, 5.30537919431393, 10.0, 0.9271891387206581, 6.571497134905121, 0.8287082767491019, 1.3635739274134333, 1.2795045081411354, 1.3165740952726772, 2.350189423106725, 0.7206042525759022, 3.53034152657762, 6.2863821317751345, 2.5364617387531108, 2.526729578303525, 1.3538598342160055, 6.159880327224314]
APTIDAO: 
25.409900344944635
GEN: 9800
Individuo: 
[2.5503282952693844, 0.829369651669114, 3.799973161182149, 2.905097743737922, 1.5948548759438603, 0.5012118066264706, 0.7598279840395059, 0.6332249239076445, 0.6508340162292595, 0.6195066913340224, 0.14162475173799802, 0.678530247112346, 11.037934330147735, 2.2360231469527516, 3.0596122796790897, 5.727949673477574, 8.39838263640039, 3.543398868695779, 18.591372114665774, 1.2608951197892015, 1.491216929571601, 1.5395802258834117, 1.171717634934565, 0.7184958086779065, 1.5772305276260905, 0.8609696064852133, 2.3342624877117526, 0.7433209280139879, 10.0, 2.039018713211377, 4.648401859855316, 1.4855741946869352, 5.30537919431393, 10.0, 0.9271891387206581, 6.571497134905121, 0.8287082767491019, 1.4139497593924468, 1.2795045081411354, 1.7987241447209354, 2.350189423106725, 0.7206042525759022, 3.53034152657762, 6.2863821317751345, 2.5364617387531108, 2.526729578303525, 1.3538598342160055, 6.159880327224314]
APTIDAO: 
25.409900344944635
GEN: 9900
Individuo: 
[2.5503282952693844, 0.829369651669114, 3.799973161182149, 2.905097743737922, 1.5948548759438603, 0.5012118066264706, 0.7598279840395059, 0.6332249239076445, 0.6508340162292595, 0.6195066913340224, 0.15533256321692457, 0.678530247112346, 13.430792998024401, 2.9355588929162746, 3.712791970322443, 5.727949673477574, 8.39838263640039, 3.543398868695779, 18.086960381250716, 1.2608951197892015, 1.491216929571601, 1.5549853938645533, 1.171717634934565, 0.7184958086779065, 1.5772305276260905, 0.8609696064852133, 2.3342624877117526, 0.7433209280139879, 10.0, 2.039018713211377, 4.648401859855316, 1.4855741946869352, 5.30537919431393, 10.0, 2.143774452967224, 6.571497134905121, 1.3925900007216478, 0.8169255645205329, 1.949450677481774, 1.7987241447209354, 2.350189423106725, 0.7206042525759022, 3.004879846691108, 6.2863821317751345, 2.5364617387531108, 2.0929579210695226, 1.3538598342160055, 6.159880327224314]
APTIDAO: 
25.80046261749385
GEN: 10000
Individuo: 
[2.5503282952693844, 0.829369651669114, 3.799973161182149, 2.905097743737922, 1.5948548759438603, 0.5012118066264706, 0.770804953019299, 0.6332249239076445, 0.6508340162292595, 0.6195066913340224, 0.15533256321692457, 0.678530247112346, 14.96934088006941, 2.9355588929162746, 3.712791970322443, 5.727949673477574, 8.39838263640039, 4.100280749042992, 18.500855697233156, 1.2521326175059906, 1.491216929571601, 1.5549853938645533, 1.1717884889497598, 0.7184958086779065, 1.5772305276260905, 0.8609696064852133, 2.3342624877117526, 0.7433209280139879, 10.0, 2.039018713211377, 4.643223741409172, 1.4855741946869352, 5.30537919431393, 10.0, 2.143774452967224, 6.571497134905121, 1.7277128914099915, 0.8169255645205329, 1.949450677481774, 1.7987241447209354, 2.350189423106725, 2.2493711251436403, 4.1650336196335145, 5.059571893174737, 2.5364617387531108, 2.0929579210695226, 1.7532366282846994, 6.159880327224314]
APTIDAO: 
25.82224934485622

--- RESULTADO FINAL ---
Erro (norma-1): 25.82224934485622
Parâmetros: [2.5503282952693844, 0.829369651669114, 3.799973161182149, 2.905097743737922, 1.5948548759438603, 0.5012118066264706, 0.770804953019299, 0.6332249239076445, 0.6508340162292595, 0.6195066913340224, 0.15533256321692457, 0.678530247112346, 14.96934088006941, 2.9355588929162746, 3.712791970322443, 5.727949673477574, 8.39838263640039, 4.100280749042992, 18.500855697233156, 1.2521326175059906, 1.491216929571601, 1.5549853938645533, 1.1717884889497598, 0.7184958086779065]
Tempo total: 04h 09m 34s
