SEED: 1778719796
BOUNDS: tau=[0.1, 5.0]  K=[0.1, 1.0]  N=[1.0, 25.0]
GEN: 0
Individuo: 
[0.6657025484113905, 3.0387507632781525, 3.7843622448422884, 4.989843254354919, 1.452714376777697, 0.9165592627061354, 0.23417076198792103, 0.5981439942738408, 0.32569543971215537, 0.3502593996124387, 0.8383178357817305, 0.5432131115343448, 14.362961253509066, 9.251909684107613, 3.315269521681021, 2.786493619293438, 6.608930472204097, 17.38689126256784, 3.1567038633424023, 0.847421512810435, 0.41760036375950027, 1.0430825008464448, 1.4262884647129273, 1.418780029750026, 5.8627320863033905, 9.443498303223024, 2.134474663694223, 5.626140697627515, 4.136430042023671, 9.906652397710696, 1.1729877840122913, 0.8950099583092841, 4.43008366523323, 7.57011660925583, 7.28610540083096, 7.94980634485283, 4.040193697310071, 9.044789844502633, 0.5911416782519362, 8.427612710111667, 7.113467729577348, 7.2388565310473485, 8.589800452560995, 9.087317685754476, 9.711001689041739, 4.306121854579963, 2.7726676487502764, 5.074224467060873]
APTIDAO: 
141.00344613183543
GEN: 100
Individuo: 
[0.34681735021166626, 3.5074526115041715, 1.7980991767096548, 2.502370338683271, 4.1325422961678, 0.5664042756628872, 0.16325435083965517, 0.6185984610625722, 0.36508110269029104, 0.43637196204798767, 0.2546858793931142, 0.7383702147834197, 11.750172429127314, 13.774979857132443, 2.3575075072109453, 1.8568528568808151, 11.118470536806427, 3.885382195688534, 5.797970613985424, 0.9514504476030562, 0.6710273783808102, 1.9900727616922163, 0.3525687684070572, 1.599853222729889, 2.1531525370534044, 3.8060421800546265, 2.8641402184760567, 6.003835675689908, 4.798007539727666, 4.572995378665726, 2.1313017014797744, 9.912422554971712, 3.655906419024999, 8.95052232029078, 0.29759191774946536, 8.045594742444873, 6.610911442006932, 2.0147021747230984, 7.71467851712113, 3.389761285797144, 3.0957720361343393, 5.153458554747596, 5.1978860317592455, 10.0, 4.815287556215591, 10.0, 2.5980861309002607, 7.375919279920401]
APTIDAO: 
68.59977542909827
GEN: 200
Individuo: 
[0.34681735021166626, 3.494939124854885, 1.7980991767096548, 2.502370338683271, 4.1325422961678, 0.5664042756628872, 0.18351369942630108, 0.6185984610625722, 0.37193747844036534, 0.4383989389681108, 0.2546858793931142, 0.7383702147834197, 11.750172429127314, 10.966450052480216, 2.3575075072109453, 1.7797932795475346, 11.118470536806427, 3.885382195688534, 5.526084589337085, 0.9514504476030562, 0.6710273783808102, 1.898141130376449, 0.3525687684070572, 1.6666760336320412, 2.1531525370534044, 4.269106446868299, 2.8641402184760567, 6.003835675689908, 4.798007539727666, 4.572995378665726, 2.437233691573104, 9.912422554971712, 2.923721303807942, 6.252468657883491, 0.29759191774946536, 8.045594742444873, 6.610911442006932, 0.9117540571113547, 7.71467851712113, 1.7363559336362984, 3.0957720361343393, 5.153458554747596, 4.587825384517883, 10.0, 4.815287556215591, 4.938037139141039, 2.5980861309002607, 7.993275720586679]
APTIDAO: 
67.11132381738257
GEN: 300
Individuo: 
[0.34681735021166626, 3.524180087802494, 1.7980991767096548, 2.178099098591236, 4.1325422961678, 0.6462954866610278, 0.4378542255421999, 0.6185984610625722, 0.37193747844036534, 0.4383989389681108, 0.2546858793931142, 0.7383702147834197, 5.7615225670809265, 10.966450052480216, 2.463879426485555, 1.0278932444303681, 11.118470536806427, 3.885382195688534, 5.526084589337085, 0.9514504476030562, 0.7305701819352464, 1.7906298629553206, 0.3525687684070572, 1.6666760336320412, 2.1531525370534044, 7.161887691804596, 2.8641402184760567, 5.54363745959389, 4.798007539727666, 4.476175920719237, 1.2675151540599439, 9.912422554971712, 2.923721303807942, 6.252468657883491, 0.29759191774946536, 8.045594742444873, 5.716047130162209, 0.9117540571113547, 4.6372895753351235, 1.5719569366311605, 3.0957720361343393, 5.153458554747596, 4.587825384517883, 10.0, 5.174404409054128, 3.6412833818311374, 2.5980861309002607, 7.993275720586679]
APTIDAO: 
55.81035766247412
GEN: 400
Individuo: 
[0.34681735021166626, 3.524180087802494, 1.739048030773364, 2.178099098591236, 4.1325422961678, 0.6462954866610278, 0.4378542255421999, 0.6232756225934273, 0.37193747844036534, 0.4383989389681108, 0.2546858793931142, 0.7383702147834197, 5.7615225670809265, 18.908991859195726, 2.3147727056417473, 1.4812563513637982, 11.307759441743187, 3.885382195688534, 5.526084589337085, 0.9514504476030562, 0.7305701819352464, 1.7906298629553206, 0.3525687684070572, 1.6666760336320412, 2.1531525370534044, 7.161887691804596, 1.3067129983415848, 5.54363745959389, 4.798007539727666, 4.476175920719237, 1.2675151540599439, 7.860188950040575, 2.923721303807942, 6.252468657883491, 0.29759191774946536, 8.045594742444873, 5.716047130162209, 2.2542486573283935, 2.7725392609166883, 1.313837757669595, 4.19954694201897, 5.153458554747596, 4.587825384517883, 10.0, 5.174404409054128, 3.6412833818311374, 2.5980861309002607, 7.993275720586679]
APTIDAO: 
55.657737697546374
GEN: 500
Individuo: 
[0.34681735021166626, 3.524180087802494, 1.739048030773364, 2.178099098591236, 4.1325422961678, 0.6462954866610278, 0.4378542255421999, 0.6232756225934273, 0.37193747844036534, 0.4383989389681108, 0.2546858793931142, 0.7383702147834197, 5.7615225670809265, 24.00785995906624, 2.790833769075761, 1.124725131057284, 11.307759441743187, 3.885382195688534, 5.869079154782135, 0.9514504476030562, 0.7305701819352464, 1.7906298629553206, 0.3525687684070572, 1.6666760336320412, 2.1531525370534044, 7.161887691804596, 1.3067129983415848, 5.54363745959389, 4.798007539727666, 4.476175920719237, 1.2675151540599439, 7.860188950040575, 2.923721303807942, 6.252468657883491, 0.29759191774946536, 8.045594742444873, 5.716047130162209, 2.1726418596298105, 1.9226732899355432, 3.7765627789340828, 4.19954694201897, 5.153458554747596, 7.510641678704144, 10.0, 5.174404409054128, 3.6412833818311374, 2.5980861309002607, 7.993275720586679]
APTIDAO: 
55.655110937311186
GEN: 600
Individuo: 
[0.34681735021166626, 3.524180087802494, 1.742593948835144, 2.178099098591236, 4.1325422961678, 0.6462954866610278, 0.43866055129484177, 0.6232756225934273, 0.37193747844036534, 0.4383989389681108, 0.2546858793931142, 0.7383702147834197, 5.7615225670809265, 24.00785995906624, 2.790833769075761, 1.4600584268288834, 11.307759441743187, 3.885382195688534, 5.869079154782135, 0.9514504476030562, 0.7305701819352464, 1.7906298629553206, 0.3525687684070572, 1.6666760336320412, 2.1531525370534044, 7.161887691804596, 1.228914747601325, 5.54363745959389, 4.798007539727666, 4.476175920719237, 0.35817480653188133, 7.860188950040575, 2.923721303807942, 6.252468657883491, 0.29759191774946536, 8.045594742444873, 5.716047130162209, 2.1726418596298105, 1.9226732899355432, 7.771414746928563, 4.19954694201897, 5.153458554747596, 7.510641678704144, 10.0, 5.174404409054128, 3.6412833818311374, 2.5980861309002607, 7.993275720586679]
APTIDAO: 
55.642247054441846
GEN: 700
Individuo: 
[0.3531715797152985, 3.524180087802494, 1.742593948835144, 2.0280767272301614, 4.284963356147555, 0.6462954866610278, 0.43866055129484177, 0.6232756225934273, 0.37193747844036534, 0.4383989389681108, 0.2546858793931142, 0.7383702147834197, 5.7615225670809265, 24.00785995906624, 2.107279196535018, 1.4600584268288834, 11.307759441743187, 3.885382195688534, 5.247588240819915, 0.9514504476030562, 0.7305701819352464, 1.7906298629553206, 0.3525687684070572, 1.6666760336320412, 2.1225025631390766, 7.161887691804596, 1.228914747601325, 6.57559953634834, 1.7539544411658312, 4.476175920719237, 0.35817480653188133, 7.860188950040575, 2.923721303807942, 6.252468657883491, 0.29759191774946536, 8.045594742444873, 5.716047130162209, 2.1726418596298105, 2.2678383442569454, 7.771414746928563, 4.19954694201897, 5.153458554747596, 9.943706056640552, 10.0, 5.174404409054128, 3.6412833818311374, 2.5980861309002607, 7.993275720586679]
APTIDAO: 
55.569503106073824
GEN: 800
Individuo: 
[0.39828986419319157, 3.340456500444968, 1.73244122609868, 2.0280767272301614, 4.284963356147555, 0.6436549257017535, 0.43866055129484177, 0.6232756225934273, 0.37193747844036534, 0.45500288247900506, 0.2546858793931142, 0.7383702147834197, 5.7615225670809265, 22.254018339818646, 2.1797903383623622, 1.6803857241578575, 11.307759441743187, 3.885382195688534, 5.247588240819915, 0.9514504476030562, 0.7305701819352464, 1.7906298629553206, 0.3525687684070572, 1.6666760336320412, 0.8902358843473743, 10.0, 1.9581230769883193, 6.57559953634834, 1.7539544411658312, 4.331459649271272, 0.35817480653188133, 7.860188950040575, 2.923721303807942, 4.844591707489796, 0.29759191774946536, 8.045594742444873, 5.716047130162209, 1.3915692855763095, 1.5040883053864256, 6.513456826185247, 4.19954694201897, 5.153458554747596, 9.943706056640552, 10.0, 5.174404409054128, 3.6412833818311374, 2.5980861309002607, 7.993275720586679]
APTIDAO: 
54.07456926918579
GEN: 900
Individuo: 
[0.4626401951744789, 3.340456500444968, 1.2959084355803414, 2.0280767272301614, 4.634020093014212, 0.6436549257017535, 0.43866055129484177, 0.6232756225934273, 0.3663706722468498, 0.45500288247900506, 0.2546858793931142, 0.7383702147834197, 5.7615225670809265, 22.472616503049093, 2.373710354806239, 1.6803857241578575, 16.585435627234048, 3.885382195688534, 5.247588240819915, 0.9514504476030562, 0.7523164967364405, 1.7906298629553206, 0.3525687684070572, 1.6387341923806462, 0.8485229068352544, 10.0, 1.7978301891581625, 6.57559953634834, 1.8647002215622055, 4.331459649271272, 0.35817480653188133, 7.860188950040575, 2.457645856009318, 4.844591707489796, 0.29759191774946536, 8.045594742444873, 5.716047130162209, 1.4697922881047514, 1.6807097629089602, 6.513456826185247, 1.8883653750264782, 5.153458554747596, 9.943706056640552, 10.0, 6.8533573272632085, 3.6412833818311374, 2.5980861309002607, 4.904350730395191]
APTIDAO: 
52.556874300481326
GEN: 1000
Individuo: 
[0.4626401951744789, 2.9714200037595355, 1.2959084355803414, 2.0280767272301614, 4.634020093014212, 0.6436549257017535, 0.43866055129484177, 0.6232756225934273, 0.3663706722468498, 0.45500288247900506, 0.2546858793931142, 0.7383702147834197, 5.7615225670809265, 14.963642279721961, 2.373710354806239, 1.4642207067974935, 8.400657754362953, 3.885382195688534, 5.822796995239073, 0.9514504476030562, 0.7523164967364405, 1.7906298629553206, 0.3525687684070572, 1.6387341923806462, 0.8485229068352544, 8.983495819495547, 1.7978301891581625, 6.57559953634834, 1.8647002215622055, 4.331459649271272, 0.35817480653188133, 7.860188950040575, 2.457645856009318, 4.844591707489796, 0.29759191774946536, 8.045594742444873, 5.716047130162209, 0.6678584231782555, 1.6807097629089602, 7.914621213165414, 1.8165270314795094, 5.153458554747596, 10.0, 10.0, 6.8533573272632085, 3.6412833818311374, 2.5980861309002607, 4.904350730395191]
APTIDAO: 
51.360552896763856
GEN: 1100
Individuo: 
[0.7057475629172246, 3.340456500444968, 1.2959084355803414, 0.25233605213455945, 4.634020093014212, 0.6436549257017535, 0.43866055129484177, 0.6232756225934273, 0.3663706722468498, 0.4683523472618943, 0.2546858793931142, 0.740014975168606, 5.7615225670809265, 13.132534285924063, 2.373710354806239, 1.4642207067974935, 12.630012334500378, 3.885382195688534, 5.822796995239073, 0.9514504476030562, 0.7523164967364405, 1.8160402314082633, 0.3534388690825137, 1.6387341923806462, 0.9791394642472584, 10.0, 1.7978301891581625, 4.543818144689439, 1.8647002215622055, 4.331459649271272, 0.35817480653188133, 7.860188950040575, 2.457645856009318, 5.315274314021983, 0.29759191774946536, 9.220432147279935, 5.716047130162209, 0.8179585299314125, 1.6807097629089602, 7.914621213165414, 1.8672172905325823, 5.153458554747596, 10.0, 10.0, 6.8533573272632085, 4.182491204264516, 3.3595514495704957, 4.904350730395191]
APTIDAO: 
50.34846950183888
GEN: 1200
Individuo: 
[0.7057475629172246, 3.340456500444968, 1.2959084355803414, 0.25233605213455945, 4.634020093014212, 0.6436549257017535, 0.43866055129484177, 0.6232756225934273, 0.3663706722468498, 0.4683523472618943, 0.2546858793931142, 0.7610722333027241, 5.352558195429595, 13.700229773788946, 2.373710354806239, 1.4642207067974935, 14.382836748664909, 4.731846849008966, 5.822796995239073, 0.9514504476030562, 0.8588451522908247, 1.559692884223373, 0.3534388690825137, 1.6387341923806462, 0.9791394642472584, 10.0, 1.7978301891581625, 4.543818144689439, 1.8647002215622055, 4.331459649271272, 0.35817480653188133, 7.860188950040575, 2.457645856009318, 5.315274314021983, 0.29759191774946536, 9.160116127258398, 4.086337883773097, 0.8912501416883533, 1.6807097629089602, 7.914621213165414, 1.7200040311242801, 3.8171945682773725, 10.0, 10.0, 5.465885141818435, 6.07336677062026, 3.3595514495704957, 4.904350730395191]
APTIDAO: 
47.818746310852156
GEN: 1300
Individuo: 
[0.7057475629172246, 3.340456500444968, 1.3021549485671366, 0.2867507883669468, 4.634020093014212, 0.6436549257017535, 0.43866055129484177, 0.6232756225934273, 0.36333000882232847, 0.5090086213954002, 0.2546858793931142, 0.7590037932858399, 5.352558195429595, 12.583492550606033, 2.958120576859775, 1.711674700204456, 14.57962779843002, 4.731846849008966, 5.822796995239073, 0.9514504476030562, 0.874009066735725, 1.559692884223373, 0.3534388690825137, 1.6387341923806462, 0.9791394642472584, 10.0, 1.9396281518700007, 2.658207367414884, 1.8647002215622055, 4.331459649271272, 0.35817480653188133, 7.860188950040575, 3.086207832671582, 2.7123135724440948, 0.29759191774946536, 10.0, 4.086337883773097, 0.5028807030942646, 1.2885728006563102, 3.6580303001115935, 1.9461544298657487, 3.8171945682773725, 10.0, 10.0, 9.086566882043371, 6.07336677062026, 3.3595514495704957, 4.904350730395191]
APTIDAO: 
47.113046172999866
GEN: 1400
Individuo: 
[0.7057475629172246, 3.340456500444968, 1.3668013675470996, 0.1692740849238827, 4.592970059056967, 0.6436549257017535, 0.43866055129484177, 0.6348392010048967, 0.36333000882232847, 0.5090086213954002, 0.2546858793931142, 0.7590037932858399, 5.352558195429595, 8.271898283046802, 2.958120576859775, 1.711674700204456, 13.129432483368216, 4.731846849008966, 5.822796995239073, 0.9514504476030562, 0.874009066735725, 1.6065697180879543, 0.3534388690825137, 1.6387341923806462, 0.9791394642472584, 10.0, 2.5985357899323183, 2.762144509563141, 2.4823715422755726, 4.331459649271272, 0.35817480653188133, 6.821238682660421, 3.086207832671582, 2.7123135724440948, 0.29759191774946536, 10.0, 4.086337883773097, 0.7303840922812139, 1.2885728006563102, 3.6580303001115935, 2.3074207053350384, 3.8171945682773725, 10.0, 10.0, 9.086566882043371, 3.538281173094867, 3.3595514495704957, 4.904350730395191]
APTIDAO: 
47.112751501445736
GEN: 1500
Individuo: 
[0.7057475629172246, 2.8665635664424185, 1.3668013675470996, 0.1692740849238827, 4.592970059056967, 0.6436549257017535, 0.43866055129484177, 0.6348392010048967, 0.36333000882232847, 0.5246749859958866, 0.2546858793931142, 0.7590037932858399, 5.924705221575763, 7.428249869396516, 2.958120576859775, 1.711674700204456, 13.655512600771374, 4.731846849008966, 8.782930366458613, 0.9715795416611714, 0.874009066735725, 1.6065697180879543, 0.3534388690825137, 1.6753316203436215, 0.9791394642472584, 10.0, 2.5985357899323183, 2.762144509563141, 2.4823715422755726, 4.331459649271272, 0.35817480653188133, 6.821238682660421, 3.086207832671582, 3.927413196870322, 0.29759191774946536, 10.0, 2.6437433926297498, 1.0855104183146984, 1.2885728006563102, 3.6580303001115935, 1.6776471089187477, 3.8171945682773725, 8.031468659746665, 3.576820312362429, 9.086566882043371, 3.538281173094867, 3.3595514495704957, 7.553253671216474]
APTIDAO: 
46.017922342157505
GEN: 1600
Individuo: 
[0.7057475629172246, 2.8665635664424185, 1.3668013675470996, 0.173188492244741, 4.592970059056967, 0.6436549257017535, 0.44991875009634635, 0.6501234844052733, 0.35052325161272524, 0.5262637706161285, 0.2546858793931142, 0.7590037932858399, 5.924705221575763, 7.428249869396516, 2.958120576859775, 1.7208404427134325, 13.98409696926529, 5.459181268290146, 8.782930366458613, 0.9715795416611714, 0.874009066735725, 1.6065697180879543, 0.3534388690825137, 1.6753316203436215, 0.9791394642472584, 10.0, 2.5985357899323183, 4.87540245374295, 2.4823715422755726, 4.331459649271272, 0.5887979333655058, 5.205227582565969, 2.1203702892126137, 3.0647283238398297, 0.29759191774946536, 10.0, 2.6437433926297498, 1.0855104183146984, 1.2885728006563102, 3.1485654678493096, 2.1757314553522, 3.720960492300838, 8.031468659746665, 3.576820312362429, 9.086566882043371, 3.538281173094867, 3.3595514495704957, 7.553253671216474]
APTIDAO: 
45.1455892687155
GEN: 1700
Individuo: 
[0.7057475629172246, 2.8665635664424185, 1.3668013675470996, 0.173188492244741, 4.592970059056967, 0.6436549257017535, 0.44991875009634635, 0.6513324050926296, 0.35052325161272524, 0.5262637706161285, 0.2546858793931142, 0.7590037932858399, 5.924705221575763, 6.2761917983762565, 2.958120576859775, 1.7208404427134325, 14.436481199566382, 5.459181268290146, 8.782930366458613, 0.9715795416611714, 0.874009066735725, 1.6065697180879543, 0.3534388690825137, 1.6753316203436215, 0.9791394642472584, 10.0, 2.5985357899323183, 4.87540245374295, 2.4823715422755726, 4.331459649271272, 0.5887979333655058, 4.422832358637858, 2.1203702892126137, 3.0647283238398297, 0.29759191774946536, 10.0, 2.6437433926297498, 1.0945801979337892, 1.2885728006563102, 3.1485654678493096, 1.4967935994094508, 3.720960492300838, 8.031468659746665, 3.576820312362429, 9.086566882043371, 3.538281173094867, 3.3595514495704957, 7.553253671216474]
APTIDAO: 
45.010334318653975
GEN: 1800
Individuo: 
[0.7057475629172246, 2.8665635664424185, 1.3668013675470996, 0.18646751035206585, 4.592970059056967, 0.6436549257017535, 0.44991875009634635, 0.6513324050926296, 0.35052325161272524, 0.529322753793507, 0.2546858793931142, 0.7590037932858399, 5.924705221575763, 6.2761917983762565, 2.958120576859775, 1.06909380772107, 14.436481199566382, 5.459181268290146, 8.782930366458613, 0.9715795416611714, 0.874009066735725, 1.6065697180879543, 0.3534388690825137, 1.6753316203436215, 0.9791394642472584, 10.0, 2.5985357899323183, 3.567691755570748, 2.4823715422755726, 4.331459649271272, 0.5887979333655058, 4.422832358637858, 2.1203702892126137, 2.8412094424717558, 0.29759191774946536, 10.0, 2.6437433926297498, 1.0945801979337892, 1.2885728006563102, 3.9614375841779963, 1.4967935994094508, 3.720960492300838, 8.031468659746665, 3.576820312362429, 9.086566882043371, 3.538281173094867, 3.3595514495704957, 7.553253671216474]
APTIDAO: 
44.9761277902252
GEN: 1900
Individuo: 
[0.7057475629172246, 2.8665635664424185, 1.3668013675470996, 0.18646751035206585, 4.592970059056967, 0.6436549257017535, 0.44991875009634635, 0.6513324050926296, 0.35052325161272524, 0.529322753793507, 0.2546858793931142, 0.7590037932858399, 5.924705221575763, 6.2761917983762565, 2.417430775593779, 1.06909380772107, 14.436481199566382, 5.459181268290146, 8.782930366458613, 0.9715795416611714, 0.874009066735725, 1.6065697180879543, 0.3534388690825137, 1.6753316203436215, 0.9791394642472584, 10.0, 2.5985357899323183, 3.567691755570748, 2.4823715422755726, 4.331459649271272, 0.5887979333655058, 4.422832358637858, 2.1203702892126137, 2.8412094424717558, 0.29759191774946536, 10.0, 2.6437433926297498, 1.0945801979337892, 0.9943235235567583, 3.9614375841779963, 1.4967935994094508, 3.720960492300838, 8.031468659746665, 3.576820312362429, 9.086566882043371, 3.538281173094867, 3.3595514495704957, 7.553253671216474]
APTIDAO: 
44.9761277902252
GEN: 2000
Individuo: 
[0.7057475629172246, 2.8665635664424185, 1.3668013675470996, 0.18390951118267837, 4.592970059056967, 0.6436549257017535, 0.44991875009634635, 0.6513324050926296, 0.35052325161272524, 0.529322753793507, 0.2546858793931142, 0.7590037932858399, 5.924705221575763, 6.2761917983762565, 2.746286870312556, 1.902473276690643, 14.436481199566382, 5.459181268290146, 8.782930366458613, 0.9715795416611714, 0.874009066735725, 1.6065697180879543, 0.3534388690825137, 1.6753316203436215, 0.9791394642472584, 10.0, 2.5985357899323183, 3.1507105659142858, 2.4823715422755726, 4.331459649271272, 0.5887979333655058, 4.422832358637858, 2.1203702892126137, 2.8412094424717558, 0.29759191774946536, 10.0, 2.6437433926297498, 1.0945801979337892, 0.7906640979390696, 3.620515310249536, 1.4967935994094508, 3.720960492300838, 8.031468659746665, 3.576820312362429, 9.086566882043371, 3.538281173094867, 3.3595514495704957, 7.553253671216474]
APTIDAO: 
44.976008245789735
GEN: 2100
Individuo: 
[0.7113973236928368, 2.8665635664424185, 1.3668013675470996, 0.18390951118267837, 4.592970059056967, 0.6436549257017535, 0.44991875009634635, 0.6513324050926296, 0.13976670240824274, 0.529322753793507, 0.2546858793931142, 0.7590037932858399, 5.272127048011009, 6.35103088662915, 2.746286870312556, 1.902473276690643, 14.436481199566382, 5.0640538926983245, 8.782930366458613, 0.9876046559397219, 0.8794326664077275, 1.6065697180879543, 0.3534388690825137, 1.112685408438866, 1.0669188155321383, 10.0, 2.5985357899323183, 3.1507105659142858, 2.4823715422755726, 4.331459649271272, 0.5887979333655058, 4.422832358637858, 1.5389908938599415, 2.8412094424717558, 0.29759191774946536, 10.0, 1.3879713777273113, 0.7310762684333492, 0.7906640979390696, 3.620515310249536, 1.4967935994094508, 4.223893910072951, 8.031468659746665, 2.614076890407207, 10.0, 3.538281173094867, 3.3595514495704957, 6.6460234753647685]
APTIDAO: 
43.051798114707694
GEN: 2200
Individuo: 
[0.7113973236928368, 2.8665635664424185, 1.3668013675470996, 0.18390951118267837, 4.592970059056967, 0.6436549257017535, 0.44991875009634635, 0.6526953696706687, 0.13375126392370948, 0.529322753793507, 0.2546858793931142, 0.7590037932858399, 5.272127048011009, 6.35103088662915, 2.795093510765507, 1.902473276690643, 14.436481199566382, 5.553681298577818, 8.782930366458613, 0.9876046559397219, 0.8794326664077275, 1.6065697180879543, 0.3534388690825137, 1.112685408438866, 1.0669188155321383, 10.0, 2.5985357899323183, 3.1507105659142858, 2.4823715422755726, 4.331459649271272, 0.5887979333655058, 2.578667444264167, 1.5084243932573496, 2.8412094424717558, 0.29759191774946536, 10.0, 1.3879713777273113, 0.7310762684333492, 0.9537268981153104, 3.620515310249536, 1.4967935994094508, 3.0399588197940473, 8.031468659746665, 2.614076890407207, 10.0, 3.538281173094867, 3.3595514495704957, 6.6460234753647685]
APTIDAO: 
43.01390379456903
GEN: 2300
Individuo: 
[0.7113973236928368, 2.8665635664424185, 1.3668013675470996, 0.18390951118267837, 4.592970059056967, 0.6436549257017535, 0.44991875009634635, 0.6526953696706687, 0.13375126392370948, 0.5467505060029945, 0.2546858793931142, 0.7590037932858399, 5.272127048011009, 8.271034113447424, 2.137283078781998, 1.1735372695786874, 14.436481199566382, 5.0640538926983245, 8.782930366458613, 0.9876046559397219, 0.8794326664077275, 1.5883091894690016, 0.3534388690825137, 1.112685408438866, 1.0669188155321383, 10.0, 2.5985357899323183, 3.1507105659142858, 2.4823715422755726, 4.331459649271272, 0.5887979333655058, 2.578667444264167, 1.5084243932573496, 2.132098197488684, 0.29759191774946536, 10.0, 1.3879713777273113, 0.8094781568705455, 0.6841759284718756, 1.6280811692415382, 1.4967935994094508, 4.223893910072951, 8.031468659746665, 2.614076890407207, 10.0, 6.88267183216992, 3.3595514495704957, 6.6460234753647685]
APTIDAO: 
42.57790477397664
GEN: 2400
Individuo: 
[0.7069774439512592, 2.8674333115123596, 1.3668013675470996, 0.3263944547728918, 4.585770999148671, 0.6436549257017535, 0.44991875009634635, 0.6526953696706687, 0.13375126392370948, 0.553774888450974, 0.2546858793931142, 0.7590037932858399, 5.272127048011009, 8.271034113447424, 2.137283078781998, 1.8434845379427554, 15.464778342656444, 5.0640538926983245, 8.671689844311436, 0.9876046559397219, 0.8794326664077275, 1.5883091894690016, 0.3534388690825137, 1.112685408438866, 1.076561923481543, 10.0, 2.5985357899323183, 2.712184242065712, 1.686738618751248, 4.331459649271272, 0.5887979333655058, 2.578667444264167, 1.5084243932573496, 1.2264771528303513, 0.29759191774946536, 10.0, 1.3879713777273113, 0.8094781568705455, 0.6841759284718756, 3.1237391826003407, 1.4962972066307478, 4.223893910072951, 10.0, 2.614076890407207, 10.0, 6.88267183216992, 3.3595514495704957, 6.6460234753647685]
APTIDAO: 
42.53523493139482
GEN: 2500
Individuo: 
[0.709941580807442, 2.8674333115123596, 1.5917688569862234, 0.3640041878507274, 4.585770999148671, 0.6436549257017535, 0.44991875009634635, 0.6526953696706687, 0.12518365460810346, 0.553774888450974, 0.2546858793931142, 0.7590037932858399, 5.272127048011009, 8.271034113447424, 2.137283078781998, 1.8434845379427554, 16.52460281423891, 5.9648476387812375, 8.671689844311436, 0.9907799432910893, 0.8794326664077275, 1.5883091894690016, 0.3534388690825137, 1.112685408438866, 2.07508184993281, 10.0, 1.7413753738682767, 3.0443974645501775, 1.686738618751248, 4.331459649271272, 0.5887979333655058, 2.578667444264167, 1.210115444261444, 1.2264771528303513, 0.29759191774946536, 10.0, 1.3879713777273113, 0.8094781568705455, 0.6841759284718756, 3.1237391826003407, 2.1380036089128773, 6.038832889923626, 10.0, 1.9454038072574322, 10.0, 6.88267183216992, 3.3595514495704957, 6.6460234753647685]
APTIDAO: 
43.34472347911588
GEN: 2600
Individuo: 
[0.709941580807442, 2.8674333115123596, 1.5917688569862234, 0.33842167249314004, 4.585770999148671, 0.6436549257017535, 0.44991875009634635, 0.6526953696706687, 0.1134777812926355, 0.5762521447014408, 0.2546858793931142, 0.7590037932858399, 5.272127048011009, 8.379314139076802, 2.032773541925357, 1.8434845379427554, 23.82507597445438, 5.9648476387812375, 8.671689844311436, 0.9907799432910893, 0.8794326664077275, 1.5883091894690016, 0.3534388690825137, 1.112685408438866, 2.07508184993281, 10.0, 1.7413753738682767, 1.3665528014935908, 1.686738618751248, 4.331459649271272, 0.5887979333655058, 2.578667444264167, 0.6698978642427649, 1.0582253817845448, 0.29759191774946536, 10.0, 1.3879713777273113, 2.0761101914158964, 0.6954149579995149, 3.1237391826003407, 1.0871144840526117, 6.038832889923626, 10.0, 1.9454038072574322, 10.0, 6.88267183216992, 3.3595514495704957, 6.6460234753647685]
APTIDAO: 
42.07289341148259
GEN: 2700
Individuo: 
[0.709941580807442, 2.8674333115123596, 1.5917688569862234, 0.19003374600564246, 4.585770999148671, 0.6436549257017535, 0.44991875009634635, 0.6526953696706687, 0.1134777812926355, 0.5762521447014408, 0.2546858793931142, 0.7590037932858399, 5.973380369803963, 8.379314139076802, 2.6493066151925015, 1.8434845379427554, 23.82507597445438, 5.9648476387812375, 8.671689844311436, 0.9907799432910893, 0.8805383441946567, 1.5883091894690016, 0.3534388690825137, 1.112685408438866, 2.07508184993281, 10.0, 1.7413753738682767, 0.6358494060187054, 1.686738618751248, 4.331459649271272, 0.5887979333655058, 2.578667444264167, 0.6698978642427649, 1.0582253817845448, 0.29759191774946536, 10.0, 1.2940465058626744, 2.0761101914158964, 0.7862840934121519, 3.1237391826003407, 1.0871144840526117, 6.038832889923626, 10.0, 1.9454038072574322, 6.477529722813933, 6.88267183216992, 3.3595514495704957, 6.6460234753647685]
APTIDAO: 
41.8207941954893
GEN: 2800
Individuo: 
[0.709941580807442, 2.8674333115123596, 1.5917688569862234, 0.19003374600564246, 4.585770999148671, 0.6436549257017535, 0.44991875009634635, 0.6526953696706687, 0.1134777812926355, 0.5762521447014408, 0.2546858793931142, 0.7590037932858399, 5.973380369803963, 8.379314139076802, 2.248757891925685, 1.1526122554467493, 23.82507597445438, 5.9648476387812375, 8.671689844311436, 0.9907799432910893, 0.8805383441946567, 1.5883091894690016, 0.3534388690825137, 1.112685408438866, 2.07508184993281, 10.0, 1.7413753738682767, 0.6358494060187054, 1.686738618751248, 4.331459649271272, 0.5887979333655058, 2.578667444264167, 0.6698978642427649, 1.0582253817845448, 0.29759191774946536, 10.0, 1.2940465058626744, 2.0761101914158964, 0.8679504816409384, 1.0773934567986823, 1.0871144840526117, 6.038832889923626, 10.0, 1.9454038072574322, 6.477529722813933, 6.88267183216992, 3.3595514495704957, 6.6460234753647685]
APTIDAO: 
41.8207941954893
GEN: 2900
Individuo: 
[0.709941580807442, 2.8674333115123596, 1.5917688569862234, 0.19003374600564246, 4.585770999148671, 0.6436549257017535, 0.44991875009634635, 0.653813270990945, 0.1134777812926355, 0.5762521447014408, 0.2546858793931142, 0.7590037932858399, 5.973380369803963, 8.485490734705454, 2.0417658747915706, 1.4321268377288265, 23.82507597445438, 5.9648476387812375, 8.484847324133725, 0.9907799432910893, 0.8805383441946567, 1.5883091894690016, 0.3534388690825137, 1.112685408438866, 2.07508184993281, 10.0, 1.7413753738682767, 0.6358494060187054, 1.686738618751248, 4.331459649271272, 0.5887979333655058, 2.118196016198536, 0.6698978642427649, 1.0582253817845448, 0.29759191774946536, 10.0, 1.2940465058626744, 1.4661825404824724, 1.02387106515621, 1.9043151834663903, 1.0871144840526117, 6.038832889923626, 7.433182270866444, 1.9454038072574322, 6.477529722813933, 6.88267183216992, 3.3595514495704957, 6.6460234753647685]
APTIDAO: 
41.81966653347476
GEN: 3000
Individuo: 
[0.709941580807442, 2.8674333115123596, 1.5917688569862234, 0.1414779962322712, 4.585770999148671, 0.6436549257017535, 0.44991875009634635, 0.653813270990945, 0.11188309636439815, 0.5796005416653441, 0.2546858793931142, 0.7590037932858399, 5.973380369803963, 8.485490734705454, 2.6768031564682935, 1.4444971227031371, 23.074520573280857, 5.9648476387812375, 8.484847324133725, 0.9907799432910893, 0.8805383441946567, 1.5883091894690016, 0.3534388690825137, 1.112685408438866, 2.07508184993281, 10.0, 1.7413753738682767, 0.7887552870319456, 1.686738618751248, 4.331459649271272, 0.5887979333655058, 2.118196016198536, 0.8567927679414343, 1.0121286756308083, 0.29759191774946536, 10.0, 1.2940465058626744, 1.4661825404824724, 1.1703095789011497, 3.1949278924860027, 1.0147991706582078, 6.038832889923626, 7.433182270866444, 1.9454038072574322, 6.477529722813933, 6.88267183216992, 3.3595514495704957, 6.6460234753647685]
APTIDAO: 
41.78144621794412
GEN: 3100
Individuo: 
[0.709941580807442, 2.8674333115123596, 1.5917688569862234, 0.13951035845209506, 4.585770999148671, 0.6436549257017535, 0.44991875009634635, 0.653813270990945, 0.11188309636439815, 0.5796005416653441, 0.2546858793931142, 0.7590037932858399, 5.031461870264611, 8.485490734705454, 2.093890101650523, 1.1918379154352496, 23.074520573280857, 5.9648476387812375, 8.484847324133725, 0.9907799432910893, 0.8805383441946567, 1.5883091894690016, 0.3534388690825137, 1.112685408438866, 2.07508184993281, 10.0, 1.7413753738682767, 0.7669341284333173, 1.686738618751248, 4.331459649271272, 0.5887979333655058, 2.118196016198536, 0.8567927679414343, 1.0121286756308083, 0.29759191774946536, 10.0, 0.8903691526827816, 1.4661825404824724, 0.8088723731447511, 2.7769380869163176, 1.0147991706582078, 6.038832889923626, 7.433182270866444, 1.9454038072574322, 6.477529722813933, 6.88267183216992, 3.3595514495704957, 6.6460234753647685]
APTIDAO: 
41.78138348292883
GEN: 3200
Individuo: 
[0.709941580807442, 2.8674333115123596, 1.5917688569862234, 0.13978746668968217, 4.585770999148671, 0.6436549257017535, 0.44991875009634635, 0.653813270990945, 0.11188309636439815, 0.5796005416653441, 0.2546858793931142, 0.7590037932858399, 5.031461870264611, 8.485490734705454, 2.093890101650523, 1.1918379154352496, 23.074520573280857, 5.9648476387812375, 8.484847324133725, 0.9907799432910893, 0.8805383441946567, 1.5883091894690016, 0.3534388690825137, 1.112685408438866, 2.07508184993281, 10.0, 1.7413753738682767, 0.5822234054666515, 1.686738618751248, 4.331459649271272, 0.5887979333655058, 2.118196016198536, 0.8567927679414343, 1.0121286756308083, 0.29759191774946536, 10.0, 0.8903691526827816, 1.4661825404824724, 0.8088723731447511, 2.7769380869163176, 1.0147991706582078, 6.038832889923626, 7.433182270866444, 1.9454038072574322, 6.477529722813933, 6.88267183216992, 3.3595514495704957, 6.6460234753647685]
APTIDAO: 
41.781259952414146
GEN: 3300
Individuo: 
[0.709941580807442, 2.8674333115123596, 1.5917688569862234, 0.13978746668968217, 4.585770999148671, 0.6436549257017535, 0.44991875009634635, 0.653813270990945, 0.11188309636439815, 0.5796005416653441, 0.2546858793931142, 0.7590037932858399, 5.031461870264611, 8.485490734705454, 2.093890101650523, 1.1918379154352496, 23.258069811259816, 5.9648476387812375, 8.484847324133725, 0.9907799432910893, 0.8805383441946567, 1.5883091894690016, 0.3534388690825137, 1.112685408438866, 2.07508184993281, 10.0, 1.7413753738682767, 0.5822234054666515, 1.686738618751248, 4.331459649271272, 0.5887979333655058, 2.118196016198536, 0.8567927679414343, 1.0121286756308083, 0.29759191774946536, 10.0, 0.8903691526827816, 1.4661825404824724, 0.8088723731447511, 2.7769380869163176, 0.7681138096278723, 6.038832889923626, 7.433182270866444, 1.9454038072574322, 6.477529722813933, 6.88267183216992, 3.3595514495704957, 6.6460234753647685]
APTIDAO: 
41.781259952414146
GEN: 3400
Individuo: 
[0.709941580807442, 2.8674333115123596, 1.5917688569862234, 0.13978746668968217, 4.585770999148671, 0.6436549257017535, 0.44991875009634635, 0.653813270990945, 0.11188309636439815, 0.5796005416653441, 0.2546858793931142, 0.7590037932858399, 5.031461870264611, 8.485490734705454, 2.4510177273182405, 1.3688423776639633, 23.074520573280857, 5.9648476387812375, 8.484847324133725, 0.9907799432910893, 0.8805383441946567, 1.5883091894690016, 0.3534388690825137, 1.112685408438866, 2.07508184993281, 10.0, 1.7413753738682767, 0.5822234054666515, 1.686738618751248, 4.331459649271272, 0.5887979333655058, 2.118196016198536, 0.8567927679414343, 1.0121286756308083, 0.29759191774946536, 10.0, 0.8903691526827816, 1.4661825404824724, 0.8488175048997947, 1.212038273898325, 1.0147991706582078, 6.038832889923626, 7.433182270866444, 1.9454038072574322, 6.477529722813933, 6.88267183216992, 3.3595514495704957, 6.6460234753647685]
APTIDAO: 
41.781259952414146
GEN: 3500
Individuo: 
[0.709941580807442, 2.8674333115123596, 1.5917688569862234, 0.13978746668968217, 4.585770999148671, 0.6436549257017535, 0.44991875009634635, 0.653813270990945, 0.11188309636439815, 0.5796005416653441, 0.2546858793931142, 0.7590037932858399, 5.031461870264611, 8.485490734705454, 2.838081092283721, 1.8556890071994374, 23.074520573280857, 5.9648476387812375, 8.484847324133725, 0.9907799432910893, 0.8805383441946567, 1.5883091894690016, 0.3534388690825137, 1.112685408438866, 2.07508184993281, 10.0, 1.7413753738682767, 0.5822234054666515, 1.686738618751248, 4.331459649271272, 0.5887979333655058, 2.118196016198536, 0.8567927679414343, 1.0121286756308083, 0.29759191774946536, 10.0, 0.8903691526827816, 1.4661825404824724, 0.9829806086974134, 1.4768008838213627, 1.0147991706582078, 6.038832889923626, 7.433182270866444, 1.9454038072574322, 6.477529722813933, 6.88267183216992, 3.3595514495704957, 6.6460234753647685]
APTIDAO: 
41.781259952414146
GEN: 3600
Individuo: 
[0.709941580807442, 2.8674333115123596, 1.5917688569862234, 0.14023450445916003, 4.585770999148671, 0.6436549257017535, 0.44991875009634635, 0.653813270990945, 0.11188309636439815, 0.5796005416653441, 0.2546858793931142, 0.7590037932858399, 5.031461870264611, 8.485490734705454, 2.367300521410717, 1.732105503473839, 23.074520573280857, 5.5036537994667025, 8.484847324133725, 0.9907799432910893, 0.8805383441946567, 1.5883091894690016, 0.3534388690825137, 1.112685408438866, 2.07508184993281, 10.0, 1.7413753738682767, 0.8742119341011844, 1.686738618751248, 4.331459649271272, 0.5887979333655058, 2.118196016198536, 0.8567927679414343, 1.0121286756308083, 0.29759191774946536, 10.0, 0.8903691526827816, 1.4661825404824724, 1.094695421850605, 2.4836560774700294, 1.0147991706582078, 3.073518113283172, 7.433182270866444, 1.9454038072574322, 6.477529722813933, 6.88267183216992, 3.3595514495704957, 6.6460234753647685]
APTIDAO: 
41.78106204677944
GEN: 3700
Individuo: 
[0.709941580807442, 2.8674333115123596, 1.5917688569862234, 0.13978746668968217, 4.585770999148671, 0.6436549257017535, 0.44991875009634635, 0.653813270990945, 0.11188309636439815, 0.5796005416653441, 0.2546858793931142, 0.7590037932858399, 5.031461870264611, 8.485490734705454, 2.547184381071154, 1.5881974711258702, 23.074520573280857, 5.5036537994667025, 8.484847324133725, 0.9907799432910893, 0.8805383441946567, 1.5883091894690016, 0.3534388690825137, 1.112685408438866, 2.07508184993281, 10.0, 1.7413753738682767, 0.5822234054666515, 1.686738618751248, 4.331459649271272, 0.5887979333655058, 2.118196016198536, 0.8567927679414343, 1.0121286756308083, 0.29759191774946536, 10.0, 0.8903691526827816, 1.4661825404824724, 1.604029990287879, 1.74989292652644, 1.0147991706582078, 3.073518113283172, 7.433182270866444, 1.9454038072574322, 6.477529722813933, 6.88267183216992, 3.3595514495704957, 6.6460234753647685]
APTIDAO: 
41.781259952414146
GEN: 3800
Individuo: 
[0.709941580807442, 2.8674333115123596, 1.5917688569862234, 0.13978746668968217, 4.585770999148671, 0.6436549257017535, 0.44991875009634635, 0.653813270990945, 0.11188309636439815, 0.5796005416653441, 0.2546858793931142, 0.7590037932858399, 5.031461870264611, 8.485490734705454, 2.547184381071154, 1.2028697074740993, 23.074520573280857, 5.5036537994667025, 8.282398909542776, 0.9907799432910893, 0.8805383441946567, 1.5883091894690016, 0.3534388690825137, 1.112685408438866, 2.07508184993281, 10.0, 1.7413753738682767, 0.5822234054666515, 1.686738618751248, 4.331459649271272, 0.5887979333655058, 2.118196016198536, 0.8567927679414343, 1.0121286756308083, 0.29759191774946536, 10.0, 0.8903691526827816, 1.4661825404824724, 1.604029990287879, 2.829477054611349, 1.0147991706582078, 3.073518113283172, 8.72509838565272, 1.9454038072574322, 6.477529722813933, 6.88267183216992, 3.3595514495704957, 6.6460234753647685]
APTIDAO: 
41.781259952414146
GEN: 3900
Individuo: 
[0.709941580807442, 2.8674333115123596, 1.5917688569862234, 0.13978746668968217, 4.585770999148671, 0.6436549257017535, 0.44991875009634635, 0.653813270990945, 0.11188309636439815, 0.5796005416653441, 0.2546858793931142, 0.7590037932858399, 5.031461870264611, 8.177523916566384, 2.9190493215872158, 1.2028697074740993, 23.074520573280857, 5.783448777828172, 8.282398909542776, 0.9907799432910893, 0.8805383441946567, 1.5883091894690016, 0.3534388690825137, 1.112685408438866, 2.07508184993281, 10.0, 1.7413753738682767, 0.5822234054666515, 1.686738618751248, 4.331459649271272, 0.5887979333655058, 2.118196016198536, 0.8567927679414343, 1.0121286756308083, 0.29759191774946536, 10.0, 0.8903691526827816, 1.8271888474152806, 2.9565819319585027, 2.829477054611349, 1.0147991706582078, 3.6440667700206615, 8.72509838565272, 1.9454038072574322, 6.477529722813933, 6.88267183216992, 3.3595514495704957, 6.6460234753647685]
APTIDAO: 
41.781259952414146
GEN: 4000
Individuo: 
[0.709941580807442, 2.8674333115123596, 1.5917688569862234, 0.13978746668968217, 4.585770999148671, 0.6436549257017535, 0.44991875009634635, 0.653813270990945, 0.11188309636439815, 0.5796005416653441, 0.2546858793931142, 0.7590037932858399, 5.031461870264611, 8.913362192944064, 2.9190493215872158, 1.1259080863430542, 23.074520573280857, 5.566503502172807, 8.037868862922256, 0.9907799432910893, 0.8805383441946567, 1.5883091894690016, 0.3534388690825137, 1.112685408438866, 2.07508184993281, 10.0, 1.7413753738682767, 0.5822234054666515, 1.686738618751248, 4.331459649271272, 0.5887979333655058, 2.118196016198536, 0.8567927679414343, 1.0121286756308083, 0.29759191774946536, 10.0, 0.8903691526827816, 1.1207530691326157, 2.9565819319585027, 2.674431936307173, 1.0147991706582078, 3.7706146151175925, 10.0, 1.9454038072574322, 6.477529722813933, 6.88267183216992, 3.3595514495704957, 6.6460234753647685]
APTIDAO: 
41.781259952414146
GEN: 4100
Individuo: 
[0.709941580807442, 2.8674333115123596, 1.5917688569862234, 0.13978746668968217, 4.585770999148671, 0.6436549257017535, 0.44991875009634635, 0.653813270990945, 0.11188309636439815, 0.5796005416653441, 0.2546858793931142, 0.7590037932858399, 5.48931929177171, 8.913362192944064, 2.9190493215872158, 1.1259080863430542, 23.074520573280857, 5.072213222110391, 8.037868862922256, 0.9907799432910893, 0.8805383441946567, 1.5883091894690016, 0.3534388690825137, 1.112685408438866, 2.07508184993281, 10.0, 1.7413753738682767, 0.5822234054666515, 1.686738618751248, 4.331459649271272, 0.5887979333655058, 2.118196016198536, 0.8567927679414343, 1.0121286756308083, 0.29759191774946536, 10.0, 1.4985011747127663, 1.1207530691326157, 2.9565819319585027, 2.674431936307173, 1.0147991706582078, 2.49856969365381, 10.0, 1.9454038072574322, 6.477529722813933, 6.88267183216992, 3.3595514495704957, 6.6460234753647685]
APTIDAO: 
41.781259952414146
GEN: 4200
Individuo: 
[0.709941580807442, 2.8674333115123596, 1.714076399351871, 0.12014198964551415, 4.585770999148671, 0.6436549257017535, 0.44991875009634635, 0.653813270990945, 0.11188309636439815, 0.5796005416653441, 0.2546858793931142, 0.7583798155171083, 5.349594173872452, 14.449007473948036, 2.113842044417872, 1.1259080863430542, 7.2418843914004905, 7.39807035558881, 5.4878185222530576, 0.9907799432910893, 0.8805383441946567, 1.5883091894690016, 0.3534388690825137, 1.0905081107425432, 2.07508184993281, 10.0, 2.910574917036179, 0.5040009024511686, 1.686738618751248, 4.331459649271272, 0.5887979333655058, 2.118196016198536, 0.8567927679414343, 1.0121286756308083, 0.29759191774946536, 7.765190275585243, 1.294265326589206, 0.7189882819264043, 3.1859494646585294, 2.674431936307173, 1.3611917833112794, 2.681411553872507, 10.0, 1.9454038072574322, 6.477529722813933, 6.88267183216992, 3.3595514495704957, 4.067422425131453]
APTIDAO: 
41.62351256296444
GEN: 4300
Individuo: 
[0.709941580807442, 2.8674333115123596, 1.714076399351871, 0.11544211576372536, 4.585770999148671, 0.6436549257017535, 0.44991875009634635, 0.653813270990945, 0.11632095022145028, 0.5796005416653441, 0.2546858793931142, 0.7583798155171083, 5.349594173872452, 12.562314621736975, 2.113842044417872, 1.1259080863430542, 7.2418843914004905, 7.39807035558881, 5.4878185222530576, 0.9907799432910893, 0.8805383441946567, 1.5883091894690016, 0.3534388690825137, 1.0905081107425432, 2.07508184993281, 10.0, 2.910574917036179, 1.1526357098771374, 1.686738618751248, 4.331459649271272, 0.5887979333655058, 2.118196016198536, 0.5181478696532192, 1.0121286756308083, 0.29759191774946536, 7.765190275585243, 1.294265326589206, 1.0952333555224674, 3.1859494646585294, 2.674431936307173, 1.3611917833112794, 2.681411553872507, 10.0, 1.9454038072574322, 6.477529722813933, 6.88267183216992, 3.3595514495704957, 4.067422425131453]
APTIDAO: 
41.533250748170815
GEN: 4400
Individuo: 
[0.709941580807442, 2.8674333115123596, 1.714076399351871, 0.10094125689786008, 4.585770999148671, 0.6436549257017535, 0.44991875009634635, 0.653813270990945, 0.11632095022145028, 0.5796005416653441, 0.2546858793931142, 0.7583798155171083, 5.349594173872452, 12.562314621736975, 2.113842044417872, 1.1259080863430542, 7.164662358534308, 7.39807035558881, 5.4878185222530576, 0.9907799432910893, 0.8805383441946567, 1.5877662907593308, 0.3534388690825137, 1.0905081107425432, 2.07508184993281, 10.0, 2.910574917036179, 1.3035432274020609, 1.686738618751248, 4.331459649271272, 0.5887979333655058, 2.118196016198536, 0.5181478696532192, 1.0121286756308083, 0.29759191774946536, 7.765190275585243, 1.294265326589206, 1.0952333555224674, 3.1859494646585294, 2.674431936307173, 1.2440443426726657, 2.681411553872507, 10.0, 1.9454038072574322, 6.477529722813933, 5.363171846178384, 3.3595514495704957, 4.067422425131453]
APTIDAO: 
41.51753619543348
GEN: 4500
Individuo: 
[0.709941580807442, 2.8674333115123596, 1.714076399351871, 0.10094125689786008, 4.585770999148671, 0.6436549257017535, 0.44991875009634635, 0.653813270990945, 0.11654766744453522, 0.5796005416653441, 0.2546858793931142, 0.7583798155171083, 5.349594173872452, 12.562314621736975, 2.497103580543693, 1.0906073340480746, 7.164662358534308, 7.39807035558881, 5.4878185222530576, 0.9907799432910893, 0.8805383441946567, 1.5808556611806082, 0.3534388690825137, 1.088371020139403, 2.07508184993281, 10.0, 2.910574917036179, 1.3035432274020609, 1.686738618751248, 4.331459649271272, 0.5887979333655058, 2.118196016198536, 0.9670483393917934, 1.0121286756308083, 0.29759191774946536, 7.765190275585243, 1.294265326589206, 1.0952333555224674, 3.4433302575245435, 1.8706804290364536, 1.2440443426726657, 2.681411553872507, 10.0, 1.9454038072574322, 6.477529722813933, 4.605279950376748, 3.3595514495704957, 2.2956854244741898]
APTIDAO: 
41.50471385834589
GEN: 4600
Individuo: 
[0.709941580807442, 2.8674333115123596, 1.714076399351871, 0.10094125689786008, 4.585770999148671, 0.6436549257017535, 0.44991875009634635, 0.653813270990945, 0.11654766744453522, 0.5796005416653441, 0.2546858793931142, 0.7583798155171083, 5.349594173872452, 12.562314621736975, 2.497103580543693, 1.365798732610234, 7.164662358534308, 7.276601362379067, 5.4878185222530576, 0.9907799432910893, 0.8805383441946567, 1.5808556611806082, 0.3534388690825137, 1.088371020139403, 2.07508184993281, 10.0, 2.910574917036179, 1.3035432274020609, 1.686738618751248, 4.331459649271272, 0.5887979333655058, 2.118196016198536, 0.9670483393917934, 1.0121286756308083, 0.29759191774946536, 7.765190275585243, 1.294265326589206, 1.0952333555224674, 3.4433302575245435, 1.4236790899323115, 1.2440443426726657, 3.2561833721764923, 10.0, 1.9454038072574322, 6.477529722813933, 4.605279950376748, 3.3595514495704957, 2.2956854244741898]
APTIDAO: 
41.50471385834589
GEN: 4700
Individuo: 
[0.709941580807442, 2.8674333115123596, 1.714076399351871, 0.11090136506599463, 4.585770999148671, 0.6436549257017535, 0.44991875009634635, 0.653813270990945, 0.11654766744453522, 0.5796005416653441, 0.2546858793931142, 0.7583798155171083, 5.2616632037765925, 15.413429762653978, 2.497103580543693, 1.4300232664409782, 7.164662358534308, 7.821697171612442, 5.4878185222530576, 0.9907799432910893, 0.8805383441946567, 1.5808556611806082, 0.3534388690825137, 1.088371020139403, 2.07508184993281, 10.0, 2.910574917036179, 0.8563470482288112, 1.686738618751248, 4.331459649271272, 0.5887979333655058, 2.118196016198536, 0.9670483393917934, 1.0121286756308083, 0.29759191774946536, 7.765190275585243, 1.6183898935056527, 0.9108041648618308, 3.4433302575245435, 1.7057266207328605, 1.2440443426726657, 3.72915268273741, 10.0, 1.9454038072574322, 6.477529722813933, 4.605279950376748, 3.3595514495704957, 2.2956854244741898]
APTIDAO: 
41.52596282610516
GEN: 4800
Individuo: 
[0.709941580807442, 2.8674333115123596, 1.714076399351871, 0.10302452538599878, 4.585770999148671, 0.6436549257017535, 0.44991875009634635, 0.653813270990945, 0.11654766744453522, 0.5796005416653441, 0.2546858793931142, 0.7583798155171083, 5.2616632037765925, 13.970468588282182, 2.172138062878354, 1.6836459405814976, 7.164662358534308, 7.821697171612442, 5.4878185222530576, 0.9907799432910893, 0.8805383441946567, 1.5808556611806082, 0.3534388690825137, 1.088371020139403, 2.07508184993281, 10.0, 2.910574917036179, 1.2969325640722784, 1.686738618751248, 4.331459649271272, 0.5887979333655058, 2.118196016198536, 0.9670483393917934, 1.0121286756308083, 0.29759191774946536, 7.765190275585243, 1.6183898935056527, 0.7585839137011673, 4.7832941497217, 2.126881441775205, 1.2440443426726657, 3.72915268273741, 10.0, 1.9454038072574322, 6.477529722813933, 4.605279950376748, 3.3595514495704957, 2.2956854244741898]
APTIDAO: 
41.50847131360219
GEN: 4900
Individuo: 
[0.709941580807442, 2.8674333115123596, 1.714076399351871, 0.10302452538599878, 4.585770999148671, 0.6436549257017535, 0.44991875009634635, 0.653813270990945, 0.11654766744453522, 0.5796005416653441, 0.2546858793931142, 0.7583798155171083, 5.2616632037765925, 13.970468588282182, 2.172138062878354, 1.6836459405814976, 7.164662358534308, 7.821697171612442, 5.4878185222530576, 0.9907799432910893, 0.8805383441946567, 1.5808556611806082, 0.3534388690825137, 1.088371020139403, 2.07508184993281, 10.0, 2.910574917036179, 1.2969325640722784, 1.686738618751248, 4.331459649271272, 0.5887979333655058, 2.118196016198536, 0.9670483393917934, 1.0121286756308083, 0.29759191774946536, 7.765190275585243, 1.6183898935056527, 0.7585839137011673, 4.7832941497217, 2.126881441775205, 1.2440443426726657, 3.72915268273741, 10.0, 1.9454038072574322, 6.477529722813933, 4.605279950376748, 3.3595514495704957, 2.2956854244741898]
APTIDAO: 
41.50847131360219
GEN: 5000
Individuo: 
[0.709941580807442, 2.8674333115123596, 1.714076399351871, 0.10302452538599878, 4.585770999148671, 0.6436549257017535, 0.44991875009634635, 0.653813270990945, 0.11654766744453522, 0.5796005416653441, 0.2546858793931142, 0.7583798155171083, 5.2616632037765925, 13.970468588282182, 2.172138062878354, 1.6836459405814976, 7.164662358534308, 7.821697171612442, 5.4878185222530576, 0.9907799432910893, 0.8805383441946567, 1.5808556611806082, 0.3534388690825137, 1.088371020139403, 2.07508184993281, 10.0, 2.910574917036179, 1.2969325640722784, 1.686738618751248, 4.331459649271272, 0.5887979333655058, 2.118196016198536, 0.9670483393917934, 1.0121286756308083, 0.29759191774946536, 7.765190275585243, 1.6183898935056527, 0.7585839137011673, 4.7832941497217, 2.126881441775205, 1.2440443426726657, 3.72915268273741, 10.0, 1.9454038072574322, 6.477529722813933, 4.605279950376748, 3.3595514495704957, 2.2956854244741898]
APTIDAO: 
41.50847131360219
GEN: 5100
Individuo: 
[0.709941580807442, 2.8674333115123596, 1.714076399351871, 0.10322593459240988, 4.585770999148671, 0.6436549257017535, 0.44991875009634635, 0.653813270990945, 0.11627497285243124, 0.5796005416653441, 0.2546858793931142, 0.7583798155171083, 5.2616632037765925, 12.991271466257318, 2.172138062878354, 1.9066816746718607, 7.251114177135754, 7.821697171612442, 5.4878185222530576, 0.9907799432910893, 0.8805383441946567, 1.5808556611806082, 0.3534388690825137, 1.088371020139403, 2.07508184993281, 10.0, 2.910574917036179, 1.4587616874475446, 1.686738618751248, 4.331459649271272, 0.5887979333655058, 2.118196016198536, 1.0579573045076838, 1.0121286756308083, 0.29759191774946536, 7.765190275585243, 1.6183898935056527, 0.9694844296906343, 4.7832941497217, 1.491010856991135, 1.1570225861945758, 3.72915268273741, 10.0, 1.9454038072574322, 6.477529722813933, 4.605279950376748, 3.3595514495704957, 2.2956854244741898]
APTIDAO: 
41.50466890570256
GEN: 5200
Individuo: 
[0.709941580807442, 2.8674333115123596, 1.714076399351871, 0.10068888695828696, 4.585770999148671, 0.6436549257017535, 0.44991875009634635, 0.653813270990945, 0.11627497285243124, 0.5796005416653441, 0.2546858793931142, 0.7583798155171083, 5.416901278962869, 12.991271466257318, 2.172138062878354, 1.0008677703637718, 7.251114177135754, 7.821697171612442, 5.4878185222530576, 0.9907799432910893, 0.8805383441946567, 1.5808556611806082, 0.3534388690825137, 1.088371020139403, 2.07508184993281, 10.0, 2.910574917036179, 1.4035462930880385, 1.686738618751248, 4.331459649271272, 0.5887979333655058, 2.118196016198536, 1.0579573045076838, 1.0121286756308083, 0.29759191774946536, 7.765190275585243, 1.4509417718246664, 0.9694844296906343, 4.7832941497217, 2.453898512083992, 1.1570225861945758, 3.72915268273741, 10.0, 1.9454038072574322, 6.477529722813933, 4.605279950376748, 3.3595514495704957, 2.2956854244741898]
APTIDAO: 
41.50194979197091
GEN: 5300
Individuo: 
[0.709941580807442, 2.8674333115123596, 1.7097186083265576, 0.10068888695828696, 4.585770999148671, 0.6436549257017535, 0.44991875009634635, 0.653813270990945, 0.11627497285243124, 0.5796005416653441, 0.2546858793931142, 0.7583798155171083, 5.416901278962869, 12.991271466257318, 2.172138062878354, 1.5632282421919963, 7.251114177135754, 7.821697171612442, 5.980180829959542, 0.9907799432910893, 0.8805383441946567, 1.5808556611806082, 0.3534388690825137, 1.088371020139403, 2.07508184993281, 10.0, 3.0803861060791915, 1.4035462930880385, 1.686738618751248, 4.331459649271272, 0.5887979333655058, 2.118196016198536, 1.0579573045076838, 1.0121286756308083, 0.29759191774946536, 7.765190275585243, 1.4509417718246664, 0.9694844296906343, 4.7832941497217, 2.902391288741399, 1.1570225861945758, 3.72915268273741, 9.334056896411887, 1.9454038072574322, 6.477529722813933, 4.605279950376748, 3.3595514495704957, 2.2956854244741898]
APTIDAO: 
41.49901425973515
GEN: 5400
Individuo: 
[0.8509674089185371, 2.8674333115123596, 1.7097186083265576, 0.17830334290178776, 3.6962415312437744, 0.6436549257017535, 0.44991875009634635, 0.6647527848052985, 0.14978667159273132, 0.5796005416653441, 0.2546858793931142, 0.7583798155171083, 6.989283551132386, 11.4690531503051, 2.172138062878354, 1.483163151418055, 7.251114177135754, 7.821697171612442, 5.980180829959542, 0.9907799432910893, 0.8805383441946567, 1.5808556611806082, 0.3534388690825137, 1.088371020139403, 1.0561571763152249, 10.0, 3.0803861060791915, 2.4237335002434466, 1.5761975562826485, 4.331459649271272, 0.5887979333655058, 1.714622827236758, 0.8102169886947734, 1.0121286756308083, 0.29759191774946536, 7.765190275585243, 1.9146757077664018, 0.6921581837631549, 4.7832941497217, 1.4471614272123532, 1.1570225861945758, 3.72915268273741, 9.334056896411887, 1.9454038072574322, 6.477529722813933, 4.605279950376748, 3.3595514495704957, 2.2956854244741898]
APTIDAO: 
40.15561705607716
GEN: 5500
Individuo: 
[0.8509674089185371, 2.8674333115123596, 1.7095299903861028, 0.17830334290178776, 3.6962415312437744, 0.6436549257017535, 0.45440826515570526, 0.6647527848052985, 0.14978667159273132, 0.5796005416653441, 0.2546858793931142, 0.7583798155171083, 6.989283551132386, 11.4690531503051, 2.172138062878354, 1.483163151418055, 7.668246466380771, 7.821697171612442, 5.980180829959542, 0.9907799432910893, 0.8805383441946567, 1.5808556611806082, 0.3534388690825137, 1.088371020139403, 1.0561571763152249, 10.0, 2.848875499228884, 2.4237335002434466, 1.5761975562826485, 4.331459649271272, 0.5627480990086875, 1.714622827236758, 0.8102169886947734, 1.0121286756308083, 0.29759191774946536, 7.765190275585243, 1.9146757077664018, 0.6921581837631549, 4.7832941497217, 1.4471614272123532, 1.126191665966449, 3.72915268273741, 9.334056896411887, 1.9454038072574322, 6.477529722813933, 4.605279950376748, 3.3595514495704957, 2.2956854244741898]
APTIDAO: 
40.0372131261769
GEN: 5600
Individuo: 
[0.8509674089185371, 2.6926675655239074, 2.2563191255002186, 0.3207360365699609, 3.6962415312437744, 0.6436549257017535, 0.4644567739362738, 0.6647527848052985, 0.14135612478539816, 0.5796005416653441, 0.2546858793931142, 0.7583798155171083, 6.989283551132386, 7.370287193127043, 2.0021215487287156, 1.3613515691508846, 7.668246466380771, 7.821697171612442, 5.980180829959542, 0.9907799432910893, 0.8805383441946567, 1.5808556611806082, 0.3534388690825137, 1.088371020139403, 1.0561571763152249, 8.931699605314135, 2.9575555476053847, 3.0740513847602715, 1.5761975562826485, 4.331459649271272, 0.727528325304673, 1.714622827236758, 0.7447679554525132, 1.0121286756308083, 0.29759191774946536, 7.765190275585243, 1.9146757077664018, 0.8346570023785559, 3.764562462327861, 0.9488147659809384, 1.126191665966449, 3.72915268273741, 9.334056896411887, 1.9454038072574322, 6.477529722813933, 4.605279950376748, 3.3595514495704957, 2.2956854244741898]
APTIDAO: 
39.36708169805522
GEN: 5700
Individuo: 
[0.8509674089185371, 2.6926675655239074, 2.4233478882649364, 0.3207360365699609, 3.6962415312437744, 0.6436549257017535, 0.4763804155544229, 0.6721210658572323, 0.14135612478539816, 0.5811170510358019, 0.2546858793931142, 0.7583798155171083, 6.989283551132386, 7.370287193127043, 2.0021215487287156, 1.0322312926919293, 7.668246466380771, 7.821697171612442, 5.980180829959542, 0.989467532415265, 0.8805383441946567, 1.6729596404680598, 0.3534388690825137, 1.088371020139403, 1.0561571763152249, 8.931699605314135, 3.926968025814547, 3.0740513847602715, 1.5761975562826485, 4.331459649271272, 0.6100969759210213, 1.6179473308444172, 0.7447679554525132, 2.022251445376472, 0.29759191774946536, 7.765190275585243, 1.9146757077664018, 0.8346570023785559, 3.764562462327861, 0.5529593129770416, 1.126191665966449, 3.72915268273741, 9.334056896411887, 1.5768862945217308, 6.477529722813933, 3.0184233287595577, 3.3595514495704957, 2.2956854244741898]
APTIDAO: 
39.06950668131853
GEN: 5800
Individuo: 
[0.8509674089185371, 2.6926675655239074, 2.399171605460566, 0.3207360365699609, 3.6962415312437744, 0.6436549257017535, 0.4763804155544229, 0.6721210658572323, 0.13907980497068684, 0.5811170510358019, 0.2546858793931142, 0.7583798155171083, 6.989283551132386, 7.535551958384679, 2.0021215487287156, 1.6821415478939166, 7.668246466380771, 7.821697171612442, 5.980180829959542, 0.989467532415265, 0.8805383441946567, 1.6729596404680598, 0.3534388690825137, 1.088371020139403, 1.0561571763152249, 8.931699605314135, 3.18433280074994, 3.0740513847602715, 1.5761975562826485, 4.331459649271272, 0.6100969759210213, 1.6179473308444172, 0.5700440109192532, 2.022251445376472, 0.29759191774946536, 7.765190275585243, 1.9146757077664018, 1.0134944092272768, 3.764562462327861, 0.8005274612485521, 1.126191665966449, 3.72915268273741, 9.334056896411887, 1.5768862945217308, 6.477529722813933, 3.0184233287595577, 3.3595514495704957, 2.2956854244741898]
APTIDAO: 
38.97926819040997
GEN: 5900
Individuo: 
[0.8509674089185371, 2.6926675655239074, 2.378947892837772, 0.3207360365699609, 3.6962415312437744, 0.6436549257017535, 0.4763804155544229, 0.6721210658572323, 0.13907980497068684, 0.5811170510358019, 0.2546858793931142, 0.7583798155171083, 6.989283551132386, 7.1915072982230415, 2.0021215487287156, 1.1140408922575586, 7.668246466380771, 7.821697171612442, 5.980180829959542, 0.989467532415265, 0.8805383441946567, 1.6729596404680598, 0.3534388690825137, 1.088371020139403, 1.0561571763152249, 8.931699605314135, 2.5710867214524917, 3.0740513847602715, 1.5761975562826485, 4.331459649271272, 0.6100969759210213, 1.6179473308444172, 0.5700440109192532, 2.022251445376472, 0.29759191774946536, 7.765190275585243, 1.9146757077664018, 0.7564852662814066, 3.764562462327861, 2.0125744570530713, 1.126191665966449, 3.72915268273741, 9.334056896411887, 1.5768862945217308, 6.477529722813933, 3.0184233287595577, 3.3595514495704957, 2.2956854244741898]
APTIDAO: 
38.96620209291296
GEN: 6000
Individuo: 
[1.278391488692471, 2.6926675655239074, 2.378947892837772, 0.3905249624861534, 2.355023388123051, 0.6074296392774783, 0.4763804155544229, 0.6721210658572323, 0.13907980497068684, 0.5811170510358019, 0.2546858793931142, 0.7583798155171083, 6.989283551132386, 7.1915072982230415, 2.0021215487287156, 1.7319345235792087, 6.327082179912714, 7.821697171612442, 5.980180829959542, 1.0267163007168572, 0.8805383441946567, 1.6729596404680598, 0.3534388690825137, 1.0348925932236566, 1.5791575809645984, 8.931699605314135, 2.5710867214524917, 2.6647291635907573, 1.5713210923604382, 2.952989199484744, 0.6100969759210213, 1.6179473308444172, 0.5700440109192532, 2.022251445376472, 0.29759191774946536, 7.765190275585243, 1.9146757077664018, 0.7564852662814066, 3.764562462327861, 1.5892150238340355, 0.9996963153268238, 3.72915268273741, 9.334056896411887, 1.0403176321510765, 6.477529722813933, 3.0184233287595577, 3.3595514495704957, 1.842383943093732]
APTIDAO: 
36.77480146906032
GEN: 6100
Individuo: 
[1.278391488692471, 2.6926675655239074, 2.378947892837772, 0.21560268063660928, 2.355023388123051, 0.6074296392774783, 0.4763804155544229, 0.6721210658572323, 0.14595306923262913, 0.5811170510358019, 0.2546858793931142, 0.7583798155171083, 6.300883537422593, 7.1915072982230415, 2.0021215487287156, 1.2978475608529498, 6.327082179912714, 7.821697171612442, 5.980180829959542, 1.0267163007168572, 0.8805383441946567, 1.6729596404680598, 0.3534388690825137, 1.0348925932236566, 1.5791575809645984, 8.931699605314135, 2.5710867214524917, 1.7654538225794232, 1.5713210923604382, 2.952989199484744, 0.6100969759210213, 1.6179473308444172, 0.5929618603047899, 2.022251445376472, 0.29759191774946536, 7.765190275585243, 1.3332419059231282, 0.7564852662814066, 3.764562462327861, 0.5307488166276727, 0.9996963153268238, 3.72915268273741, 9.334056896411887, 1.0403176321510765, 6.477529722813933, 3.0184233287595577, 3.3595514495704957, 1.842383943093732]
APTIDAO: 
36.53889631604491
GEN: 6200
Individuo: 
[1.278391488692471, 2.6926675655239074, 2.378947892837772, 0.21560268063660928, 2.355023388123051, 0.6074296392774783, 0.4763804155544229, 0.6721210658572323, 0.14595306923262913, 0.5811170510358019, 0.2546858793931142, 0.7583798155171083, 6.300883537422593, 7.1915072982230415, 2.0021215487287156, 1.5955736649762078, 6.188698550894868, 7.821697171612442, 5.980180829959542, 1.0324994104735528, 0.8805383441946567, 1.6729596404680598, 0.3534388690825137, 1.0348925932236566, 1.5791575809645984, 8.931699605314135, 2.5710867214524917, 1.7654538225794232, 1.5713210923604382, 2.952989199484744, 0.6100969759210213, 1.6179473308444172, 0.5929618603047899, 2.022251445376472, 0.29759191774946536, 7.765190275585243, 1.3332419059231282, 0.7564852662814066, 3.764562462327861, 1.4194974454065268, 1.110711483310884, 3.72915268273741, 9.334056896411887, 1.0846772342109023, 6.477529722813933, 3.0184233287595577, 3.3595514495704957, 1.842383943093732]
APTIDAO: 
36.53816842554767
GEN: 6300
Individuo: 
[1.278391488692471, 2.6926675655239074, 2.378947892837772, 0.2196053319994832, 2.355023388123051, 0.6074296392774783, 0.4843189918478751, 0.6721210658572323, 0.1454925321258975, 0.5811170510358019, 0.2546858793931142, 0.7583798155171083, 6.300883537422593, 7.1915072982230415, 2.0021215487287156, 1.5955736649762078, 6.589692410547133, 7.821697171612442, 5.196273264407275, 1.0324994104735528, 0.8805383441946567, 1.6729596404680598, 0.3534388690825137, 1.0348925932236566, 1.5791575809645984, 8.931699605314135, 2.5710867214524917, 0.9410532889147492, 1.5713210923604382, 2.952989199484744, 0.8875686162574231, 1.6179473308444172, 0.5571234116047151, 2.022251445376472, 0.29759191774946536, 7.765190275585243, 1.3332419059231282, 0.7564852662814066, 3.764562462327861, 1.4194974454065268, 1.1566611426530373, 3.72915268273741, 6.721745793938673, 1.0846772342109023, 6.477529722813933, 3.0184233287595577, 3.3595514495704957, 1.842383943093732]
APTIDAO: 
36.48204369960981
GEN: 6400
Individuo: 
[1.278391488692471, 2.6926675655239074, 2.378947892837772, 0.3237993757886981, 2.355023388123051, 0.6074296392774783, 0.4843189918478751, 0.6485291048277683, 0.14430192817290938, 0.5811170510358019, 0.2546858793931142, 0.7583798155171083, 6.300883537422593, 7.169568200283155, 2.2248705623555476, 1.7775120010144032, 6.589692410547133, 7.821697171612442, 5.196273264407275, 1.0324994104735528, 0.8805383441946567, 1.6729596404680598, 0.3534388690825137, 1.026873378593586, 1.5791575809645984, 8.931699605314135, 2.5710867214524917, 0.9745335410838695, 1.5713210923604382, 2.952989199484744, 0.8875686162574231, 1.983433139276353, 1.1447109202558037, 2.022251445376472, 0.29759191774946536, 7.765190275585243, 1.3332419059231282, 0.8025731995685395, 4.299832987498516, 2.0477748033489505, 1.1566611426530373, 3.72915268273741, 6.721745793938673, 1.0846772342109023, 6.477529722813933, 3.0184233287595577, 3.3595514495704957, 1.7744443762296824]
APTIDAO: 
36.369934478805014
GEN: 6500
Individuo: 
[1.278391488692471, 2.6926675655239074, 2.136011594376077, 0.5233350025920627, 2.355023388123051, 0.6064541032247456, 0.4843189918478751, 0.6485291048277683, 0.14430192817290938, 0.5811170510358019, 0.2546858793931142, 0.7583798155171083, 6.300883537422593, 7.169568200283155, 2.2248705623555476, 1.7775120010144032, 6.589692410547133, 7.871358428344063, 5.196273264407275, 1.0324994104735528, 0.8805383441946567, 1.6729596404680598, 0.3534388690825137, 1.026873378593586, 1.5791575809645984, 8.931699605314135, 3.616622720210702, 1.512224605818653, 1.5713210923604382, 2.9261659287568538, 0.8875686162574231, 1.983433139276353, 1.1447109202558037, 2.022251445376472, 0.29759191774946536, 7.765190275585243, 1.3332419059231282, 0.8025731995685395, 4.299832987498516, 2.0477748033489505, 1.1566611426530373, 6.623487197180795, 6.721745793938673, 1.0846772342109023, 6.477529722813933, 3.0184233287595577, 3.3595514495704957, 1.7744443762296824]
APTIDAO: 
36.26059679766041
GEN: 6600
Individuo: 
[1.278391488692471, 2.6803785205432504, 2.136011594376077, 0.5233350025920627, 2.355023388123051, 0.6064541032247456, 0.4843189918478751, 0.6485291048277683, 0.14430192817290938, 0.5811170510358019, 0.2546858793931142, 0.7583798155171083, 6.300883537422593, 7.169568200283155, 2.2248705623555476, 1.0224321658002313, 6.589692410547133, 7.871358428344063, 5.196273264407275, 1.0324994104735528, 0.8805383441946567, 1.6451718101407102, 0.3534388690825137, 1.026873378593586, 1.5791575809645984, 7.300957226633644, 3.616622720210702, 1.512224605818653, 1.5713210923604382, 2.9261659287568538, 0.8875686162574231, 1.983433139276353, 1.1447109202558037, 2.022251445376472, 0.29759191774946536, 7.765190275585243, 1.3332419059231282, 0.8025731995685395, 4.299832987498516, 1.4288929424164825, 1.1566611426530373, 6.623487197180795, 6.721745793938673, 1.0846772342109023, 6.477529722813933, 3.2284341990975602, 3.3595514495704957, 1.7744443762296824]
APTIDAO: 
36.154349911655714
GEN: 6700
Individuo: 
[1.278391488692471, 2.6803785205432504, 2.136011594376077, 0.6792774368150166, 2.355023388123051, 0.6064541032247456, 0.4843189918478751, 0.6485291048277683, 0.13185829963555493, 0.5811170510358019, 0.2546858793931142, 0.7583798155171083, 6.300883537422593, 7.169568200283155, 2.2248705623555476, 1.0224321658002313, 6.589692410547133, 7.871358428344063, 5.196273264407275, 1.0324994104735528, 0.8805383441946567, 1.6451718101407102, 0.3534388690825137, 1.026873378593586, 1.5791575809645984, 7.300957226633644, 3.616622720210702, 1.0360364926770855, 1.5713210923604382, 2.9261659287568538, 0.8875686162574231, 1.983433139276353, 1.7370178630080932, 2.022251445376472, 0.29759191774946536, 7.765190275585243, 1.3332419059231282, 0.8025731995685395, 4.299832987498516, 1.4288929424164825, 1.1566611426530373, 6.623487197180795, 6.721745793938673, 1.0846772342109023, 6.477529722813933, 3.2284341990975602, 3.3595514495704957, 1.7744443762296824]
APTIDAO: 
36.12820831818145
GEN: 6800
Individuo: 
[1.2956320232057184, 2.5168930120009887, 2.136011594376077, 1.0435155158478662, 2.355023388123051, 0.6064541032247456, 0.4843189918478751, 0.6485291048277683, 0.14235648463180947, 0.5811170510358019, 0.2546858793931142, 0.7583798155171083, 6.300883537422593, 7.169568200283155, 2.3555757937060493, 1.7472194532156007, 6.174589279272174, 7.871358428344063, 5.862741459843863, 1.0324994104735528, 0.8805383441946567, 1.6451718101407102, 0.3534388690825137, 1.026873378593586, 1.497131085234888, 4.1035876370510245, 3.616622720210702, 1.5954340141086616, 1.5713210923604382, 2.9261659287568538, 0.8875686162574231, 1.983433139276353, 0.6550391133742415, 2.022251445376472, 0.29759191774946536, 7.765190275585243, 1.3332419059231282, 0.8025731995685395, 3.69055456574187, 1.100870980963858, 1.7529904595345907, 6.623487197180795, 7.794688203551121, 1.0846772342109023, 6.477529722813933, 3.2284341990975602, 3.3595514495704957, 1.7744443762296824]
APTIDAO: 
35.650466728298596
GEN: 6900
Individuo: 
[1.2956320232057184, 2.5168930120009887, 2.2167333965193827, 1.0435155158478662, 2.355023388123051, 0.6064541032247456, 0.4843189918478751, 0.6595232057189742, 0.13783284270829094, 0.5811170510358019, 0.2546858793931142, 0.7583798155171083, 6.300883537422593, 7.169568200283155, 2.547032933648007, 1.1147466054210398, 6.174589279272174, 7.373235707343194, 5.862741459843863, 1.0324994104735528, 0.8805383441946567, 1.6451718101407102, 0.3534388690825137, 1.026873378593586, 1.497131085234888, 4.1035876370510245, 3.429305416935603, 1.5954340141086616, 1.5713210923604382, 2.9261659287568538, 0.8875686162574231, 2.932393333946557, 1.157021243410527, 2.022251445376472, 0.29759191774946536, 7.765190275585243, 1.3332419059231282, 0.8025731995685395, 3.4237925149113297, 0.8754057890551868, 1.7529904595345907, 10.0, 7.794688203551121, 1.0846772342109023, 6.477529722813933, 3.2284341990975602, 3.3595514495704957, 1.7744443762296824]
APTIDAO: 
35.51695288915717
GEN: 7000
Individuo: 
[1.2956320232057184, 2.5168930120009887, 2.2167333965193827, 1.0435155158478662, 2.355023388123051, 0.6064541032247456, 0.4843189918478751, 0.6595232057189742, 0.1360936698024181, 0.5811170510358019, 0.2546858793931142, 0.7583798155171083, 6.300883537422593, 7.169568200283155, 2.547032933648007, 1.1147466054210398, 6.410403533668898, 7.373235707343194, 5.862741459843863, 1.0324994104735528, 0.8805383441946567, 1.6451718101407102, 0.3534388690825137, 1.026873378593586, 1.497131085234888, 4.1035876370510245, 3.429305416935603, 1.5954340141086616, 1.5713210923604382, 2.9261659287568538, 0.8875686162574231, 2.932393333946557, 1.2735862147993957, 2.022251445376472, 0.29759191774946536, 7.765190275585243, 1.3332419059231282, 0.8025731995685395, 3.4237925149113297, 0.8754057890551868, 1.3447362680650368, 10.0, 7.794688203551121, 1.0846772342109023, 6.477529722813933, 3.2284341990975602, 3.3595514495704957, 1.7744443762296824]
APTIDAO: 
35.47808773475692
GEN: 7100
Individuo: 
[1.2956320232057184, 2.5168930120009887, 2.2167333965193827, 1.0435155158478662, 2.355023388123051, 0.6064541032247456, 0.4843189918478751, 0.6595232057189742, 0.1360936698024181, 0.5811170510358019, 0.2546858793931142, 0.7583798155171083, 6.300883537422593, 7.169568200283155, 2.547032933648007, 1.932806141293779, 6.410403533668898, 7.379277650187563, 5.862741459843863, 1.0324994104735528, 0.8805383441946567, 1.6451718101407102, 0.3534388690825137, 1.026873378593586, 1.497131085234888, 4.1035876370510245, 3.429305416935603, 1.5954340141086616, 1.5713210923604382, 2.9261659287568538, 0.8875686162574231, 2.932393333946557, 1.2735862147993957, 2.022251445376472, 0.29759191774946536, 7.765190275585243, 1.3332419059231282, 0.8025731995685395, 3.4237925149113297, 1.0175026503454512, 1.3447362680650368, 8.788836901075591, 7.794688203551121, 1.0846772342109023, 6.477529722813933, 3.2284341990975602, 3.3595514495704957, 1.7744443762296824]
APTIDAO: 
35.47808773475692
GEN: 7200
Individuo: 
[1.2956320232057184, 2.5168930120009887, 2.2167333965193827, 1.0435155158478662, 2.355023388123051, 0.6064541032247456, 0.4843189918478751, 0.6595232057189742, 0.1360936698024181, 0.5811170510358019, 0.2546858793931142, 0.7583798155171083, 6.300883537422593, 7.169568200283155, 2.547032933648007, 1.8152202064537228, 6.410403533668898, 7.379277650187563, 5.862741459843863, 1.0324994104735528, 0.8805383441946567, 1.6451718101407102, 0.3534388690825137, 1.026873378593586, 1.497131085234888, 4.1035876370510245, 3.429305416935603, 1.5954340141086616, 1.5713210923604382, 2.9261659287568538, 0.8875686162574231, 2.932393333946557, 1.2735862147993957, 2.022251445376472, 0.29759191774946536, 7.765190275585243, 1.3332419059231282, 0.8025731995685395, 3.4237925149113297, 1.07519260925658, 1.3447362680650368, 8.788836901075591, 7.794688203551121, 1.0846772342109023, 6.477529722813933, 3.2284341990975602, 3.3595514495704957, 1.7744443762296824]
APTIDAO: 
35.47808773475692
GEN: 7300
Individuo: 
[1.2956320232057184, 2.5168930120009887, 2.2167333965193827, 1.0435155158478662, 2.355023388123051, 0.6064541032247456, 0.4918774879736979, 0.6595232057189742, 0.1348115157663861, 0.5811170510358019, 0.2546858793931142, 0.7583798155171083, 6.300883537422593, 7.169568200283155, 2.3543258803342657, 1.8152202064537228, 6.095337859709629, 7.379277650187563, 5.862741459843863, 1.0324994104735528, 0.8805383441946567, 1.6451718101407102, 0.3534388690825137, 1.026873378593586, 1.497131085234888, 4.1035876370510245, 3.429305416935603, 1.5954340141086616, 1.5713210923604382, 2.9261659287568538, 0.5484853165146076, 2.932393333946557, 0.9299121346807514, 2.022251445376472, 0.29759191774946536, 7.765190275585243, 1.3332419059231282, 0.8025731995685395, 7.594237036621097, 1.07519260925658, 0.7029981091472, 8.788836901075591, 7.794688203551121, 1.0846772342109023, 6.477529722813933, 3.2284341990975602, 3.3595514495704957, 1.7744443762296824]
APTIDAO: 
35.41199188630704
GEN: 7400
Individuo: 
[1.2956320232057184, 2.5168930120009887, 2.2167333965193827, 1.1776376539612456, 2.355023388123051, 0.6064541032247456, 0.4918774879736979, 0.6595232057189742, 0.1348115157663861, 0.5811170510358019, 0.2546858793931142, 0.7583798155171083, 6.300883537422593, 8.960193775167218, 2.3543258803342657, 1.694253041219318, 6.095337859709629, 7.379277650187563, 5.862741459843863, 1.0324994104735528, 0.8805383441946567, 1.6451718101407102, 0.3534388690825137, 1.026873378593586, 1.497131085234888, 4.1035876370510245, 3.429305416935603, 1.2006610602137782, 1.5713210923604382, 2.9261659287568538, 0.5484853165146076, 2.932393333946557, 0.9299121346807514, 2.022251445376472, 0.29759191774946536, 7.765190275585243, 1.3332419059231282, 0.8715366327075208, 7.594237036621097, 1.397383161281725, 0.7029981091472, 8.788836901075591, 7.794688203551121, 1.0846772342109023, 6.477529722813933, 3.2284341990975602, 3.3595514495704957, 1.7744443762296824]
APTIDAO: 
35.366315678255525
GEN: 7500
Individuo: 
[1.2956320232057184, 2.5168930120009887, 2.2167333965193827, 1.1776376539612456, 2.355023388123051, 0.6064541032247456, 0.4918774879736979, 0.6595232057189742, 0.13406339359445762, 0.5811170510358019, 0.2546858793931142, 0.7583798155171083, 6.300883537422593, 8.960193775167218, 2.3543258803342657, 1.5795506804223756, 6.095337859709629, 7.379277650187563, 5.862741459843863, 1.0324994104735528, 0.8805383441946567, 1.638819213330901, 0.3534388690825137, 1.026873378593586, 1.497131085234888, 4.1035876370510245, 3.429305416935603, 1.2006610602137782, 1.5713210923604382, 2.9261659287568538, 0.5484853165146076, 2.932393333946557, 0.8299171186328831, 2.022251445376472, 0.29759191774946536, 7.765190275585243, 1.3332419059231282, 0.8715366327075208, 7.594237036621097, 1.514814454749651, 0.7029981091472, 8.788836901075591, 7.794688203551121, 1.0846772342109023, 6.477529722813933, 2.61184199853803, 3.3595514495704957, 1.7744443762296824]
APTIDAO: 
35.35932179494238
GEN: 7600
Individuo: 
[1.2956320232057184, 2.5168930120009887, 2.2167333965193827, 1.1776376539612456, 2.355023388123051, 0.6064541032247456, 0.49777705853389453, 0.6595232057189742, 0.13406339359445762, 0.5811170510358019, 0.2546858793931142, 0.7583798155171083, 6.300883537422593, 8.118195641846482, 2.3543258803342657, 1.5795506804223756, 6.095337859709629, 7.379277650187563, 5.862741459843863, 1.0324994104735528, 0.8805383441946567, 1.638819213330901, 0.3534388690825137, 1.026873378593586, 1.497131085234888, 4.1035876370510245, 3.429305416935603, 1.2006610602137782, 1.5713210923604382, 2.9261659287568538, 1.3423495419685918, 2.932393333946557, 0.8299171186328831, 2.022251445376472, 0.29759191774946536, 7.765190275585243, 1.3332419059231282, 1.0206721705788173, 7.594237036621097, 1.514814454749651, 0.7029981091472, 8.788836901075591, 7.794688203551121, 1.0846772342109023, 6.477529722813933, 2.61184199853803, 3.3595514495704957, 1.7744443762296824]
APTIDAO: 
35.32831791452697
GEN: 7700
Individuo: 
[1.2956320232057184, 2.5168930120009887, 2.575397528428024, 1.1776376539612456, 2.355023388123051, 0.613965199907835, 0.49777705853389453, 0.6595232057189742, 0.13406339359445762, 0.5811170510358019, 0.2546858793931142, 0.7583798155171083, 6.300883537422593, 19.96960601827034, 2.3543258803342657, 1.5795506804223756, 6.095337859709629, 7.379277650187563, 5.862741459843863, 1.0324994104735528, 0.8805383441946567, 1.638819213330901, 0.3534388690825137, 1.026873378593586, 1.497131085234888, 4.1035876370510245, 4.03124549899333, 1.2006610602137782, 1.5713210923604382, 3.0983203143261466, 1.3423495419685918, 2.932393333946557, 0.8299171186328831, 2.022251445376472, 0.29759191774946536, 7.765190275585243, 1.3332419059231282, 1.1627179999354016, 7.594237036621097, 1.514814454749651, 0.7029981091472, 8.788836901075591, 7.794688203551121, 1.0846772342109023, 6.477529722813933, 2.61184199853803, 3.3595514495704957, 1.7744443762296824]
APTIDAO: 
35.49072353818299
GEN: 7800
Individuo: 
[1.2956320232057184, 2.5168930120009887, 2.5600091145919763, 1.1776376539612456, 2.355023388123051, 0.613965199907835, 0.49777705853389453, 0.6595232057189742, 0.13406339359445762, 0.5811170510358019, 0.2546858793931142, 0.7601105614081348, 6.732146634925278, 15.650891595573437, 2.3543258803342657, 1.360299317375482, 6.095337859709629, 7.379277650187563, 5.141310886428904, 1.0324994104735528, 0.8805383441946567, 1.638819213330901, 0.3534388690825137, 1.026873378593586, 1.497131085234888, 4.1035876370510245, 3.207711486623602, 1.2006610602137782, 1.5713210923604382, 3.0983203143261466, 1.3423495419685918, 2.932393333946557, 0.8299171186328831, 2.022251445376472, 0.29759191774946536, 8.941193125358208, 0.9500313936624409, 1.462798430422066, 7.594237036621097, 1.0848709390344191, 0.7029981091472, 8.788836901075591, 5.1400157164034335, 1.0846772342109023, 6.477529722813933, 2.61184199853803, 3.3595514495704957, 1.7744443762296824]
APTIDAO: 
35.457879449100666
GEN: 7900
Individuo: 
[1.2956320232057184, 2.412948794240524, 2.550168148864322, 1.1776376539612456, 2.355023388123051, 0.613965199907835, 0.49777705853389453, 0.6595232057189742, 0.13406339359445762, 0.5811170510358019, 0.2546858793931142, 0.7601105614081348, 6.732146634925278, 7.965166302626025, 2.3543258803342657, 1.360299317375482, 6.095337859709629, 7.379277650187563, 5.141310886428904, 1.0324994104735528, 0.8805383441946567, 1.638819213330901, 0.3534388690825137, 1.026873378593586, 1.497131085234888, 3.318437680387293, 2.9409767996476623, 1.2006610602137782, 1.5713210923604382, 3.0983203143261466, 1.3423495419685918, 2.932393333946557, 0.8299171186328831, 2.022251445376472, 0.29759191774946536, 8.941193125358208, 0.9500313936624409, 0.886748226767423, 7.594237036621097, 1.0848709390344191, 0.7029981091472, 8.788836901075591, 5.1400157164034335, 1.0846772342109023, 6.477529722813933, 2.61184199853803, 3.3595514495704957, 1.7744443762296824]
APTIDAO: 
35.334897678800154
GEN: 8000
Individuo: 
[1.2956320232057184, 2.412948794240524, 2.550168148864322, 1.2027647435661282, 2.355023388123051, 0.613965199907835, 0.49777705853389453, 0.6595232057189742, 0.14181017108240326, 0.5811170510358019, 0.2546858793931142, 0.7601105614081348, 7.390585266194889, 7.965166302626025, 2.3543258803342657, 1.360299317375482, 6.095337859709629, 7.379277650187563, 5.141310886428904, 1.0324994104735528, 0.8805383441946567, 1.6650504170281892, 0.3534388690825137, 1.026873378593586, 1.497131085234888, 3.318437680387293, 2.9409767996476623, 1.0861652992948976, 1.5713210923604382, 3.0983203143261466, 1.3423495419685918, 2.932393333946557, 0.7575608770532815, 2.022251445376472, 0.29759191774946536, 8.941193125358208, 0.8331074442436915, 0.886748226767423, 7.594237036621097, 1.0848709390344191, 0.7029981091472, 8.788836901075591, 5.1400157164034335, 1.0846772342109023, 6.477529722813933, 6.048026190702612, 3.3595514495704957, 1.7744443762296824]
APTIDAO: 
35.177013378874506
GEN: 8100
Individuo: 
[1.2956320232057184, 2.412948794240524, 2.550168148864322, 1.2027647435661282, 2.355023388123051, 0.613965199907835, 0.49777705853389453, 0.6595232057189742, 0.14181017108240326, 0.5811170510358019, 0.2546858793931142, 0.7601105614081348, 7.390585266194889, 7.965166302626025, 2.3543258803342657, 1.360299317375482, 6.095337859709629, 7.700032569624021, 5.141310886428904, 1.0324994104735528, 0.883465923036444, 1.6650504170281892, 0.3534388690825137, 1.026873378593586, 1.497131085234888, 3.318437680387293, 2.9409767996476623, 1.0861652992948976, 1.5713210923604382, 3.0983203143261466, 1.3423495419685918, 2.932393333946557, 0.7575608770532815, 2.022251445376472, 0.29759191774946536, 8.941193125358208, 0.8331074442436915, 0.886748226767423, 7.594237036621097, 1.0848709390344191, 0.7029981091472, 9.322672950491647, 5.1400157164034335, 1.0846772342109023, 3.206411459992318, 6.048026190702612, 3.3595514495704957, 1.7744443762296824]
APTIDAO: 
35.15665551026917
GEN: 8200
Individuo: 
[1.2956320232057184, 2.412948794240524, 2.550168148864322, 1.2027647435661282, 2.355023388123051, 0.613965199907835, 0.49777705853389453, 0.6595232057189742, 0.14181017108240326, 0.5811170510358019, 0.2546858793931142, 0.7543883811145559, 7.390585266194889, 7.297965586670084, 2.3543258803342657, 1.360299317375482, 6.095337859709629, 7.25051799818751, 5.141310886428904, 1.0324994104735528, 0.883465923036444, 1.6650504170281892, 0.3534388690825137, 1.026873378593586, 1.497131085234888, 3.318437680387293, 2.9409767996476623, 1.0861652992948976, 1.5713210923604382, 3.0983203143261466, 1.3423495419685918, 2.932393333946557, 0.7575608770532815, 2.022251445376472, 0.29759191774946536, 7.508340013404881, 0.8331074442436915, 1.076658386576376, 7.594237036621097, 1.0848709390344191, 0.7029981091472, 7.6036587979527015, 5.1400157164034335, 1.0846772342109023, 3.206411459992318, 6.048026190702612, 3.3595514495704957, 1.7744443762296824]
APTIDAO: 
34.9704103917112
GEN: 8300
Individuo: 
[1.2956320232057184, 2.412948794240524, 2.550168148864322, 1.2027647435661282, 2.355023388123051, 0.613965199907835, 0.49777705853389453, 0.6595232057189742, 0.14181017108240326, 0.5811170510358019, 0.2546858793931142, 0.7543883811145559, 7.390585266194889, 7.297965586670084, 2.3543258803342657, 1.360299317375482, 6.095337859709629, 7.25051799818751, 5.141310886428904, 1.0324994104735528, 0.8852665420206541, 1.6650504170281892, 0.3534388690825137, 1.026873378593586, 1.497131085234888, 3.318437680387293, 2.9409767996476623, 1.0861652992948976, 1.5713210923604382, 3.0983203143261466, 1.3423495419685918, 2.932393333946557, 0.7575608770532815, 2.022251445376472, 0.29759191774946536, 7.508340013404881, 0.8331074442436915, 1.076658386576376, 7.594237036621097, 1.0848709390344191, 0.7029981091472, 7.6036587979527015, 5.1400157164034335, 1.0846772342109023, 2.258879380331549, 6.048026190702612, 3.3595514495704957, 1.7744443762296824]
APTIDAO: 
34.960247603118006
GEN: 8400
Individuo: 
[1.2956320232057184, 2.412948794240524, 2.550168148864322, 0.6874112405884832, 2.5401219688106393, 0.613965199907835, 0.49777705853389453, 0.6595232057189742, 0.14181017108240326, 0.5811170510358019, 0.2546858793931142, 0.7543883811145559, 7.390585266194889, 7.598042522380124, 2.7179052869680644, 1.4834971369263101, 6.095337859709629, 7.25051799818751, 5.141310886428904, 1.0313981071162892, 0.8852665420206541, 1.6650504170281892, 0.3534388690825137, 1.026873378593586, 1.497131085234888, 3.318437680387293, 2.9409767996476623, 1.0340648981794294, 2.286332997767304, 3.0983203143261466, 1.3423495419685918, 2.932393333946557, 0.7575608770532815, 2.022251445376472, 0.29759191774946536, 7.508340013404881, 0.8331074442436915, 0.9813845265274384, 5.927417013501417, 0.8463887228562021, 0.7029981091472, 7.6036587979527015, 5.1400157164034335, 1.9201175279404712, 2.258879380331549, 6.048026190702612, 3.3595514495704957, 1.7744443762296824]
APTIDAO: 
34.392471351145
GEN: 8500
Individuo: 
[1.2956320232057184, 2.412948794240524, 2.550168148864322, 0.6874112405884832, 2.5401219688106393, 0.613965199907835, 0.49777705853389453, 0.6595232057189742, 0.14181017108240326, 0.5811170510358019, 0.2546858793931142, 0.7543883811145559, 7.390585266194889, 7.598042522380124, 2.4314747817872715, 1.306764711083841, 6.095337859709629, 7.25051799818751, 5.141310886428904, 1.0313981071162892, 0.8852665420206541, 1.6650504170281892, 0.3534388690825137, 1.026873378593586, 1.497131085234888, 3.318437680387293, 2.9409767996476623, 1.0340648981794294, 2.286332997767304, 3.0983203143261466, 1.3423495419685918, 2.932393333946557, 0.7575608770532815, 2.022251445376472, 0.29759191774946536, 7.508340013404881, 0.8331074442436915, 0.9813845265274384, 3.743157293374041, 0.6318745282003881, 0.7029981091472, 7.6036587979527015, 5.1400157164034335, 1.9201175279404712, 2.258879380331549, 6.048026190702612, 3.3595514495704957, 1.7744443762296824]
APTIDAO: 
34.392471351145
GEN: 8600
Individuo: 
[1.2956320232057184, 2.412948794240524, 2.550168148864322, 0.6874112405884832, 2.5455836242720937, 0.613965199907835, 0.49777705853389453, 0.6595232057189742, 0.14181017108240326, 0.5811170510358019, 0.2546858793931142, 0.7543883811145559, 7.390585266194889, 7.598042522380124, 2.4314747817872715, 1.9402766864191199, 6.095337859709629, 7.25051799818751, 5.710066468569724, 1.0313981071162892, 0.8852665420206541, 1.6650504170281892, 0.3534388690825137, 1.026873378593586, 1.497131085234888, 3.318437680387293, 2.9409767996476623, 1.0340648981794294, 3.5520998768270458, 3.0983203143261466, 1.3423495419685918, 2.932393333946557, 0.7575608770532815, 2.022251445376472, 0.29759191774946536, 7.508340013404881, 0.8331074442436915, 0.9813845265274384, 3.743157293374041, 0.9044573026080498, 0.7029981091472, 7.6036587979527015, 2.856114526586229, 1.9201175279404712, 2.258879380331549, 6.048026190702612, 3.3595514495704957, 1.7744443762296824]
APTIDAO: 
34.374376468449825
GEN: 8700
Individuo: 
[1.2956320232057184, 2.412948794240524, 2.550168148864322, 0.6874112405884832, 2.5455836242720937, 0.613965199907835, 0.4977142179657487, 0.6595232057189742, 0.14181017108240326, 0.5807622930499883, 0.2546858793931142, 0.7543883811145559, 7.035153451829585, 7.598042522380124, 2.4314747817872715, 1.9402766864191199, 6.095337859709629, 7.25051799818751, 5.710066468569724, 1.0313981071162892, 0.8852665420206541, 1.6650504170281892, 0.3534388690825137, 1.026873378593586, 1.497131085234888, 3.318437680387293, 2.9409767996476623, 1.0340648981794294, 3.5520998768270458, 3.0983203143261466, 1.1971734613653155, 2.932393333946557, 0.7575608770532815, 2.247758804827819, 0.29759191774946536, 7.508340013404881, 0.8646121140340554, 0.9813845265274384, 3.743157293374041, 0.9044573026080498, 0.7029981091472, 7.6036587979527015, 2.856114526586229, 1.9201175279404712, 2.258879380331549, 6.048026190702612, 3.3595514495704957, 1.7744443762296824]
APTIDAO: 
34.37305152200233
GEN: 8800
Individuo: 
[1.2956320232057184, 2.412948794240524, 2.550168148864322, 0.6874112405884832, 2.5455836242720937, 0.613965199907835, 0.4977142179657487, 0.6595232057189742, 0.14181017108240326, 0.5807622930499883, 0.2546858793931142, 0.7543883811145559, 7.035153451829585, 7.598042522380124, 2.470607739835729, 1.3452132109622958, 6.095337859709629, 7.25051799818751, 5.710066468569724, 1.0313981071162892, 0.8852665420206541, 1.6650504170281892, 0.3534388690825137, 1.026873378593586, 1.497131085234888, 3.318437680387293, 2.9409767996476623, 1.0340648981794294, 3.5520998768270458, 3.0983203143261466, 1.1971734613653155, 2.932393333946557, 0.7575608770532815, 2.247758804827819, 0.29759191774946536, 7.508340013404881, 0.8646121140340554, 0.9813845265274384, 5.264523076186, 0.8068577658259901, 0.7029981091472, 7.6036587979527015, 2.856114526586229, 1.9201175279404712, 2.258879380331549, 6.048026190702612, 3.3595514495704957, 1.7744443762296824]
APTIDAO: 
34.37305152200233
GEN: 8900
Individuo: 
[1.2956320232057184, 2.412948794240524, 2.550168148864322, 0.6874112405884832, 2.5455836242720937, 0.613965199907835, 0.4977142179657487, 0.6595232057189742, 0.14181017108240326, 0.5807622930499883, 0.2546858793931142, 0.7543883811145559, 7.607398629095767, 7.598042522380124, 2.470607739835729, 1.7500174853314738, 6.095337859709629, 7.25051799818751, 5.710066468569724, 1.0313981071162892, 0.8852665420206541, 1.6650504170281892, 0.3534388690825137, 1.026873378593586, 1.497131085234888, 3.318437680387293, 2.9409767996476623, 1.0340648981794294, 3.5520998768270458, 3.0983203143261466, 1.1971734613653155, 2.932393333946557, 0.7575608770532815, 2.247758804827819, 0.29759191774946536, 7.508340013404881, 0.5708015526127372, 0.9813845265274384, 5.264523076186, 1.5135709579546408, 0.7029981091472, 7.6036587979527015, 2.856114526586229, 1.9201175279404712, 2.258879380331549, 6.048026190702612, 3.3595514495704957, 1.7744443762296824]
APTIDAO: 
34.37305152200233
GEN: 9000
Individuo: 
[1.2956320232057184, 2.412948794240524, 2.550168148864322, 0.6874112405884832, 2.5455836242720937, 0.613965199907835, 0.4977142179657487, 0.6595232057189742, 0.14181017108240326, 0.5807622930499883, 0.2546858793931142, 0.7543883811145559, 7.607398629095767, 7.598042522380124, 2.470607739835729, 1.5995745825937486, 6.095337859709629, 7.25051799818751, 5.710066468569724, 1.0313981071162892, 0.8852665420206541, 1.6650504170281892, 0.3534388690825137, 1.026873378593586, 1.497131085234888, 3.318437680387293, 2.9409767996476623, 1.0340648981794294, 3.5520998768270458, 3.0983203143261466, 1.1971734613653155, 2.932393333946557, 0.7575608770532815, 2.247758804827819, 0.29759191774946536, 7.508340013404881, 0.5708015526127372, 0.9813845265274384, 5.264523076186, 1.6418770136919987, 0.7029981091472, 7.6036587979527015, 2.856114526586229, 1.9201175279404712, 2.258879380331549, 6.048026190702612, 3.3595514495704957, 1.7744443762296824]
APTIDAO: 
34.37305152200233
GEN: 9100
Individuo: 
[1.2956320232057184, 2.412948794240524, 2.550168148864322, 0.6874112405884832, 2.5455836242720937, 0.613965199907835, 0.4977142179657487, 0.6595232057189742, 0.14181017108240326, 0.5807622930499883, 0.2546858793931142, 0.7543883811145559, 7.407417900068566, 7.598042522380124, 2.470607739835729, 1.1055667034528045, 6.095337859709629, 7.25051799818751, 5.029735261227066, 1.0313981071162892, 0.8852665420206541, 1.6650504170281892, 0.3534388690825137, 1.026873378593586, 1.497131085234888, 3.318437680387293, 2.9409767996476623, 1.0340648981794294, 3.5520998768270458, 3.0983203143261466, 1.1971734613653155, 2.932393333946557, 0.7575608770532815, 2.247758804827819, 0.29759191774946536, 7.508340013404881, 0.5500917468685526, 0.9813845265274384, 5.264523076186, 1.4189620193886103, 0.7029981091472, 7.6036587979527015, 2.0432010333357917, 1.9201175279404712, 2.258879380331549, 6.048026190702612, 3.3595514495704957, 1.7744443762296824]
APTIDAO: 
34.37305152200233
GEN: 9200
Individuo: 
[1.2956320232057184, 2.412948794240524, 2.550168148864322, 0.6874112405884832, 2.5455836242720937, 0.613965199907835, 0.4977142179657487, 0.6595232057189742, 0.14181017108240326, 0.5807622930499883, 0.2546858793931142, 0.7543883811145559, 7.407417900068566, 7.598042522380124, 2.470607739835729, 1.1055667034528045, 6.095337859709629, 7.25051799818751, 5.029735261227066, 1.0313981071162892, 0.8852665420206541, 1.6650504170281892, 0.3534388690825137, 1.026873378593586, 1.497131085234888, 3.318437680387293, 2.9409767996476623, 1.0340648981794294, 3.5520998768270458, 3.0983203143261466, 1.1971734613653155, 2.932393333946557, 0.7575608770532815, 2.247758804827819, 0.29759191774946536, 7.508340013404881, 0.5500917468685526, 0.9813845265274384, 5.264523076186, 1.4189620193886103, 0.7029981091472, 7.6036587979527015, 2.0432010333357917, 1.9201175279404712, 2.258879380331549, 6.048026190702612, 3.3595514495704957, 1.7744443762296824]
APTIDAO: 
34.37305152200233
GEN: 9300
Individuo: 
[1.2956320232057184, 2.412948794240524, 2.476432633873618, 0.7076266064569527, 2.5455836242720937, 0.613965199907835, 0.4977142179657487, 0.6595232057189742, 0.14181017108240326, 0.5807622930499883, 0.2546858793931142, 0.7543883811145559, 7.407417900068566, 7.598042522380124, 2.470607739835729, 1.3448591894458808, 6.095337859709629, 7.25051799818751, 5.029735261227066, 1.0313981071162892, 0.8751796584713849, 1.7080339613791262, 0.3534388690825137, 1.026873378593586, 1.497131085234888, 3.318437680387293, 2.696583359540415, 1.365392196321226, 3.5520998768270458, 3.0983203143261466, 1.1971734613653155, 2.932393333946557, 0.7575608770532815, 2.247758804827819, 0.29759191774946536, 7.508340013404881, 0.5500917468685526, 0.9813845265274384, 5.264523076186, 0.6649881070111622, 0.7029981091472, 7.6036587979527015, 2.0432010333357917, 1.9201175279404712, 1.1699866466940114, 5.907061274262957, 3.3595514495704957, 1.7744443762296824]
APTIDAO: 
34.59207815473405
GEN: 9400
Individuo: 
[1.2956320232057184, 2.412948794240524, 2.476432633873618, 0.7076266064569527, 2.7011057273558965, 0.613965199907835, 0.4977142179657487, 0.6667979187801756, 0.14181017108240326, 0.5807622930499883, 0.2546858793931142, 0.7543883811145559, 7.185022821219514, 7.598042522380124, 2.470607739835729, 1.0474110629984954, 7.285678693391552, 7.25051799818751, 5.029735261227066, 1.0313981071162892, 0.8751796584713849, 1.7080339613791262, 0.3534388690825137, 1.026873378593586, 1.497131085234888, 3.318437680387293, 2.696583359540415, 1.365392196321226, 4.203997444070328, 3.0983203143261466, 1.1971734613653155, 3.8037837701056083, 0.7575608770532815, 2.247758804827819, 0.29759191774946536, 7.508340013404881, 0.44009183119271217, 0.9813845265274384, 5.264523076186, 0.8948716407517732, 0.7836247028791032, 7.6036587979527015, 2.0432010333357917, 1.9201175279404712, 1.1699866466940114, 5.907061274262957, 3.3595514495704957, 1.7744443762296824]
APTIDAO: 
34.43874636398652
GEN: 9500
Individuo: 
[1.2956320232057184, 2.412948794240524, 2.476432633873618, 0.7076266064569527, 2.7011057273558965, 0.613965199907835, 0.4977142179657487, 0.6667979187801756, 0.14181017108240326, 0.5807622930499883, 0.2546858793931142, 0.7543883811145559, 7.185022821219514, 7.598042522380124, 2.839650758804807, 1.3160617734792996, 7.285678693391552, 7.99098211459922, 5.991640103416122, 1.0313981071162892, 0.8751796584713849, 1.7080339613791262, 0.3534388690825137, 1.026873378593586, 1.497131085234888, 3.318437680387293, 2.696583359540415, 1.365392196321226, 4.203997444070328, 3.0983203143261466, 1.1971734613653155, 3.8037837701056083, 0.7575608770532815, 2.247758804827819, 0.29759191774946536, 7.508340013404881, 0.44009183119271217, 0.9813845265274384, 6.671803680293634, 1.7160998325472008, 0.7836247028791032, 4.725232488368617, 2.3660616393658827, 1.9201175279404712, 1.1699866466940114, 5.907061274262957, 3.3595514495704957, 1.7744443762296824]
APTIDAO: 
34.43874636398652
GEN: 9600
Individuo: 
[1.2956320232057184, 2.412948794240524, 2.476432633873618, 0.7076266064569527, 2.7011057273558965, 0.613965199907835, 0.4977142179657487, 0.7020646136583224, 0.12250204536580965, 0.5807622930499883, 0.2546858793931142, 0.7543883811145559, 7.185022821219514, 7.598042522380124, 2.839650758804807, 1.511573933801992, 7.285678693391552, 7.99098211459922, 5.991640103416122, 1.0313981071162892, 0.8751796584713849, 1.7080339613791262, 0.3534388690825137, 1.026873378593586, 1.497131085234888, 3.318437680387293, 2.696583359540415, 1.365392196321226, 4.203997444070328, 3.0983203143261466, 1.1971734613653155, 2.8972043445008726, 0.8274238421734937, 2.247758804827819, 0.29759191774946536, 7.508340013404881, 0.44009183119271217, 0.9813845265274384, 6.671803680293634, 1.9109696819645703, 0.7836247028791032, 4.725232488368617, 2.3660616393658827, 1.9201175279404712, 1.1699866466940114, 5.907061274262957, 3.3595514495704957, 1.7744443762296824]
APTIDAO: 
35.53592847047358
GEN: 9700
Individuo: 
[1.2956320232057184, 2.412948794240524, 2.476432633873618, 0.7144501110822487, 2.7011057273558965, 0.613965199907835, 0.4977142179657487, 0.7020646136583224, 0.13306423729879274, 0.5807622930499883, 0.2546858793931142, 0.7543883811145559, 7.185022821219514, 7.598042522380124, 2.839650758804807, 1.511573933801992, 7.285678693391552, 7.99098211459922, 5.991640103416122, 1.0313981071162892, 0.8751796584713849, 1.7501520607905228, 0.3534388690825137, 1.0128986849060861, 1.497131085234888, 3.318437680387293, 2.696583359540415, 1.171139785474264, 4.203997444070328, 3.0983203143261466, 1.1971734613653155, 2.8972043445008726, 1.2364389117186454, 2.247758804827819, 0.29759191774946536, 7.508340013404881, 0.44009183119271217, 0.9813845265274384, 6.671803680293634, 1.9109696819645703, 0.7836247028791032, 4.725232488368617, 2.3660616393658827, 1.9201175279404712, 1.1699866466940114, 2.2518637355876074, 3.3595514495704957, 1.8148498347459048]
APTIDAO: 
34.38815694045172
GEN: 9800
Individuo: 
[1.2956320232057184, 2.412948794240524, 2.476432633873618, 0.6736008881511483, 2.7011057273558965, 0.613965199907835, 0.4977142179657487, 0.7020646136583224, 0.13306423729879274, 0.5807622930499883, 0.2546858793931142, 0.7512594941842654, 7.185022821219514, 7.598042522380124, 2.839650758804807, 1.7297737506281061, 7.285678693391552, 7.99098211459922, 5.991640103416122, 1.0321077634357592, 0.8751796584713849, 1.7501520607905228, 0.3534388690825137, 1.0128986849060861, 1.497131085234888, 3.318437680387293, 2.696583359540415, 1.0062361931994785, 4.203997444070328, 3.0983203143261466, 1.1971734613653155, 2.8972043445008726, 1.2364389117186454, 2.247758804827819, 0.29759191774946536, 7.487230803974192, 0.44009183119271217, 0.9813845265274384, 6.671803680293634, 1.482705288815459, 0.7836247028791032, 4.725232488368617, 2.3660616393658827, 2.401090472075992, 1.1699866466940114, 2.2518637355876074, 3.3595514495704957, 1.8148498347459048]
APTIDAO: 
34.35908266359529
GEN: 9900
Individuo: 
[1.2956320232057184, 2.412948794240524, 2.476432633873618, 0.6736008881511483, 2.7011057273558965, 0.613965199907835, 0.4977142179657487, 0.7007645581011841, 0.13306423729879274, 0.5807622930499883, 0.2546858793931142, 0.7512594941842654, 7.185022821219514, 7.363590646386368, 2.839650758804807, 1.3044121434586227, 7.285678693391552, 7.99098211459922, 5.991640103416122, 1.0321077634357592, 0.8751796584713849, 1.7501520607905228, 0.3534388690825137, 1.0128986849060861, 1.497131085234888, 3.318437680387293, 2.696583359540415, 1.0062361931994785, 4.203997444070328, 3.0983203143261466, 1.1971734613653155, 2.676491381923335, 1.2364389117186454, 2.247758804827819, 0.29759191774946536, 7.487230803974192, 0.44009183119271217, 0.8008614816028684, 6.671803680293634, 1.6267980963851234, 0.7836247028791032, 4.725232488368617, 2.3660616393658827, 2.401090472075992, 1.1699866466940114, 2.2518637355876074, 3.3595514495704957, 1.8148498347459048]
APTIDAO: 
34.3442969164887
GEN: 10000
Individuo: 
[1.2956320232057184, 2.412948794240524, 2.476432633873618, 0.6823764473926335, 2.7011057273558965, 0.613965199907835, 0.4977142179657487, 0.6927610240526082, 0.13306423729879274, 0.5807622930499883, 0.2546858793931142, 0.7512594941842654, 7.185022821219514, 7.239491831019488, 2.839650758804807, 1.2494101555466417, 7.285678693391552, 7.99098211459922, 5.991640103416122, 1.0357950776487315, 0.8751796584713849, 1.7501520607905228, 0.3534388690825137, 1.0128986849060861, 1.497131085234888, 3.318437680387293, 2.696583359540415, 1.695127918921877, 4.203997444070328, 3.0983203143261466, 1.1971734613653155, 3.6260309470362597, 1.2364389117186454, 2.247758804827819, 0.29759191774946536, 7.487230803974192, 0.44009183119271217, 1.300119400012487, 6.671803680293634, 2.0211906841631437, 0.7836247028791032, 4.725232488368617, 2.3660616393658827, 3.0695109366666875, 1.1699866466940114, 2.2518637355876074, 3.3595514495704957, 1.8148498347459048]
APTIDAO: 
34.288228910347996

--- RESULTADO FINAL ---
Erro (norma-1): 34.288228910347996
Parâmetros: [1.2956320232057184, 2.412948794240524, 2.476432633873618, 0.6823764473926335, 2.7011057273558965, 0.613965199907835, 0.4977142179657487, 0.6927610240526082, 0.13306423729879274, 0.5807622930499883, 0.2546858793931142, 0.7512594941842654, 7.185022821219514, 7.239491831019488, 2.839650758804807, 1.2494101555466417, 7.285678693391552, 7.99098211459922, 5.991640103416122, 1.0357950776487315, 0.8751796584713849, 1.7501520607905228, 0.3534388690825137, 1.0128986849060861]
Tempo total: 03h 12m 07s
