SEED: 1778893788
BOUNDS: tau=[0.1, 5.0]  K=[0.1, 1.0]  N=[1.0, 25.0]
GEN: 0
Individuo: 
[1.125575224231577, 2.5804654592409917, 2.8040227788623833, 3.6985318032145016, 1.86209392546666, 0.237977915591075, 0.1138469252381158, 0.6556747549183748, 0.27074439171126374, 0.1338403098110373, 0.2922088115301241, 0.9233685926657507, 4.972700789786302, 20.301547203288578, 6.188034834904157, 20.728764071987275, 16.110745939010137, 14.25020904878097, 18.244365286316267, 0.8705767241963863, 1.409985545252511, 1.2073087469645645, 1.9482211594664247, 0.48454348632068966, 7.385883854938248, 4.807407448191527, 2.1369008004576853, 8.795231076076954, 1.907939563060137, 9.234744353400066, 3.092825609539536, 2.0162801719496732, 4.6762802115732995, 3.9919417832326065, 2.0179785992066814, 7.122231164039414, 4.062237553104486, 6.2152333631221035, 2.554737862932237, 6.401540227900937, 5.755684073133357, 2.740873445144915, 6.744618067941564, 0.9890304698260338, 7.02664044020289, 8.983918846967516, 6.106577448145438, 2.168015950182755]
APTIDAO: 
149.936488658402
GEN: 100
Individuo: 
[1.125575224231577, 2.5804654592409917, 0.6299481282945514, 3.6985318032145016, 1.86209392546666, 0.39185102598357585, 0.5739233030582479, 0.6377191922439419, 0.638749617899066, 0.1338403098110373, 0.2922088115301241, 0.643052401095646, 13.519255404628272, 8.724041279109828, 1.6699631269576014, 20.750170593441144, 5.247967281518779, 4.396591793012336, 24.54113683511061, 0.8926973298450227, 1.282027414721569, 1.2073087469645645, 1.1372349486238214, 0.48454348632068966, 7.385883854938248, 4.807407448191527, 1.5027796520730383, 8.795231076076954, 1.907939563060137, 10.0, 5.414166780110818, 1.5834088749436173, 3.686370934773798, 3.9919417832326065, 2.0179785992066814, 1.3968514090663706, 3.4639367328980515, 5.061507678993488, 0.6554380573838423, 4.737416334929057, 8.085716918017459, 1.253353709808682, 6.913252386779982, 0.8314809671607921, 8.413063255539026, 8.983918846967516, 6.010175292001439, 2.168015950182755]
APTIDAO: 
46.75512933177551
GEN: 200
Individuo: 
[1.125575224231577, 2.5804654592409917, 0.6299481282945514, 3.8177793220775498, 1.86209392546666, 0.39185102598357585, 0.5739233030582479, 0.6041368068655003, 0.638749617899066, 0.1498645330830433, 0.3201531265447506, 0.8481641769488176, 9.261631909787813, 6.621718164611889, 1.887498949434402, 9.957231174911058, 7.190353065609723, 4.396591793012336, 22.617436237489457, 0.8926973298450227, 1.263189248391817, 1.380362457850124, 1.1372349486238214, 0.48454348632068966, 7.385883854938248, 4.807407448191527, 1.5027796520730383, 7.781522803845884, 1.907939563060137, 10.0, 5.414166780110818, 1.754587079204233, 3.686370934773798, 3.896074832147048, 1.4237579356719503, 1.8526747979987401, 3.788342358263552, 5.259197380335104, 1.552419943853532, 4.025668496057452, 7.476008858632263, 1.253353709808682, 5.889815696013251, 0.8314809671607921, 10.0, 10.0, 6.010175292001439, 2.168015950182755]
APTIDAO: 
39.20475749875461
GEN: 300
Individuo: 
[1.125575224231577, 2.5804654592409917, 0.43637841681385936, 3.8177793220775498, 1.86209392546666, 0.6769780974645938, 0.5739233030582479, 0.6041368068655003, 0.6400579398254663, 0.1498645330830433, 0.4718914970540511, 0.14372810240903158, 9.261631909787813, 4.653332821636611, 1.962269607557095, 9.957231174911058, 7.640886529426747, 4.577657231698911, 11.575552187011755, 1.0074091629862083, 1.263189248391817, 1.380362457850124, 1.1195807481464688, 0.48454348632068966, 7.385883854938248, 4.807407448191527, 2.538741852847225, 7.781522803845884, 1.907939563060137, 7.382040817015958, 5.414166780110818, 1.754587079204233, 2.6629040933586814, 3.896074832147048, 0.9417487849186397, 0.8593318649373262, 3.788342358263552, 3.5623217341367717, 0.7119534830289022, 4.025668496057452, 5.558591029380072, 2.31393240405635, 6.058426871902032, 1.3107034556571857, 10.0, 10.0, 1.9929642618649144, 2.168015950182755]
APTIDAO: 
31.105750786566446
GEN: 400
Individuo: 
[1.125575224231577, 2.5804654592409917, 0.3527936012483684, 3.868693941049453, 1.86209392546666, 0.6769780974645938, 0.5739233030582479, 0.6041368068655003, 0.6400579398254663, 0.14198990102740058, 0.47440057481991876, 0.1252616830169808, 9.261631909787813, 4.653332821636611, 1.962269607557095, 7.9715124803052895, 24.018086284128174, 4.577657231698911, 17.577478502555575, 1.003264257368287, 1.1616181180681069, 1.380362457850124, 1.1195807481464688, 0.48454348632068966, 7.385883854938248, 4.807407448191527, 1.7387129284818421, 6.841263251706433, 1.907939563060137, 7.382040817015958, 5.414166780110818, 1.754587079204233, 2.6629040933586814, 3.6822837640345827, 1.3165717368178913, 1.025789034655295, 3.788342358263552, 3.5623217341367717, 0.7119534830289022, 2.752227095207782, 5.0132428623201335, 2.31393240405635, 2.616279521629802, 1.1872921001415309, 4.924434391650718, 10.0, 1.9929642618649144, 2.168015950182755]
APTIDAO: 
27.482887948910342
GEN: 500
Individuo: 
[1.125575224231577, 2.5804654592409917, 0.3586691629336522, 3.868693941049453, 1.86209392546666, 0.6769780974645938, 0.5739233030582479, 0.6005575841793548, 0.6400579398254663, 0.11710704163950644, 0.47440057481991876, 0.13484099608249303, 10.518562515625279, 4.653332821636611, 1.3983873582843598, 7.9715124803052895, 24.018086284128174, 4.754266119097966, 4.86308577772456, 0.9980013009144602, 1.1616181180681069, 1.380362457850124, 1.1195807481464688, 0.48454348632068966, 7.385883854938248, 4.807407448191527, 3.392162551181699, 6.841263251706433, 1.907939563060137, 7.382040817015958, 5.414166780110818, 0.938989627782774, 2.6629040933586814, 5.8196418878337495, 1.3165717368178913, 1.15899481619894, 4.614459837746773, 3.5623217341367717, 1.096964998786996, 2.752227095207782, 5.0132428623201335, 2.8718124910694254, 2.546866248057409, 2.1317891785663114, 4.924434391650718, 10.0, 1.9929642618649144, 2.168015950182755]
APTIDAO: 
27.15133534690686
GEN: 600
Individuo: 
[1.125575224231577, 2.5804654592409917, 0.3586691629336522, 3.868693941049453, 1.86209392546666, 0.6769780974645938, 0.5739233030582479, 0.6005575841793548, 0.6400579398254663, 0.11710704163950644, 0.47440057481991876, 0.13484099608249303, 10.518562515625279, 4.653332821636611, 1.9425149541886584, 7.9715124803052895, 15.105044363174908, 4.754266119097966, 4.929393455433472, 0.9980013009144602, 1.1616181180681069, 1.380362457850124, 1.1195807481464688, 0.48454348632068966, 7.385883854938248, 4.807407448191527, 3.392162551181699, 6.841263251706433, 1.907939563060137, 7.382040817015958, 5.414166780110818, 0.938989627782774, 2.6629040933586814, 5.8196418878337495, 1.3165717368178913, 1.15899481619894, 4.614459837746773, 3.5623217341367717, 1.4436241115795048, 2.752227095207782, 7.244239185611137, 2.8718124910694254, 2.2456162979576666, 2.1317891785663114, 4.924434391650718, 10.0, 1.9929642618649144, 2.168015950182755]
APTIDAO: 
27.15122862049237
GEN: 700
Individuo: 
[1.125575224231577, 2.570049179136233, 0.3586691629336522, 3.868693941049453, 1.86209392546666, 0.6769780974645938, 0.5739233030582479, 0.6005575841793548, 0.6400579398254663, 0.11710704163950644, 0.47440057481991876, 0.13484099608249303, 10.518562515625279, 4.161035225497473, 1.9425149541886584, 7.9715124803052895, 21.450602611548902, 4.754266119097966, 4.129349294010219, 0.9931412877264015, 1.159880947427297, 1.380362457850124, 1.1195807481464688, 0.48454348632068966, 7.385883854938248, 4.67080957342761, 3.392162551181699, 6.841263251706433, 1.907939563060137, 7.382040817015958, 5.414166780110818, 0.938989627782774, 2.6629040933586814, 5.8196418878337495, 1.3165717368178913, 1.15899481619894, 4.614459837746773, 3.1897938912057997, 1.4436241115795048, 2.752227095207782, 10.0, 2.8718124910694254, 2.545695456017619, 2.0489991132644105, 9.781130150217964, 10.0, 1.9929642618649144, 2.168015950182755]
APTIDAO: 
27.137210632290262
GEN: 800
Individuo: 
[1.125575224231577, 2.570049179136233, 0.34131918752801194, 3.868693941049453, 1.86209392546666, 0.6769780974645938, 0.5856284810925885, 0.6005575841793548, 0.6400579398254663, 0.11710704163950644, 0.47440057481991876, 0.1332140437260004, 10.518562515625279, 4.161035225497473, 1.244759310705418, 7.9715124803052895, 24.709788620655146, 4.754266119097966, 3.113660741080233, 0.9931412877264015, 1.159880947427297, 1.380362457850124, 1.127748462793777, 0.48454348632068966, 7.385883854938248, 4.67080957342761, 2.679843561158472, 6.841263251706433, 1.907939563060137, 7.382040817015958, 6.823809976575216, 0.938989627782774, 2.6629040933586814, 5.8196418878337495, 1.3165717368178913, 0.649379197787674, 4.614459837746773, 3.1897938912057997, 1.764889893668066, 2.752227095207782, 10.0, 2.8718124910694254, 2.4858969522970606, 2.0489991132644105, 9.781130150217964, 10.0, 1.7160958588492983, 2.168015950182755]
APTIDAO: 
26.975385650895763
GEN: 900
Individuo: 
[1.125575224231577, 2.570049179136233, 0.34131918752801194, 3.868693941049453, 1.86209392546666, 0.6769780974645938, 0.5856284810925885, 0.6005575841793548, 0.6400579398254663, 0.11710704163950644, 0.47440057481991876, 0.1288706043596726, 10.518562515625279, 4.161035225497473, 1.747918655693535, 7.191914167468, 24.423459088564712, 4.754266119097966, 3.35146691817037, 0.9931412877264015, 1.159880947427297, 1.380362457850124, 1.127748462793777, 0.48454348632068966, 7.385883854938248, 4.67080957342761, 2.679843561158472, 6.841263251706433, 1.907939563060137, 7.382040817015958, 6.823809976575216, 0.938989627782774, 2.6629040933586814, 5.8196418878337495, 1.3165717368178913, 0.6507253138993639, 4.614459837746773, 3.1897938912057997, 2.7953464630657576, 1.6514768241250486, 7.7323968906148135, 2.8718124910694254, 1.8070636321666826, 2.0489991132644105, 9.781130150217964, 10.0, 1.7160958588492983, 2.168015950182755]
APTIDAO: 
26.950462146676042
GEN: 1000
Individuo: 
[1.125575224231577, 2.570049179136233, 0.34131918752801194, 3.868693941049453, 1.86209392546666, 0.6769780974645938, 0.5856284810925885, 0.6005575841793548, 0.6400579398254663, 0.11710704163950644, 0.47440057481991876, 0.12910885948679998, 10.518562515625279, 4.161035225497473, 1.747918655693535, 7.191914167468, 24.423459088564712, 4.754266119097966, 3.35146691817037, 0.9931412877264015, 1.159880947427297, 1.380362457850124, 1.127748462793777, 0.48454348632068966, 7.385883854938248, 4.67080957342761, 2.679843561158472, 6.841263251706433, 1.907939563060137, 7.382040817015958, 6.823809976575216, 0.938989627782774, 2.6629040933586814, 5.8196418878337495, 1.3165717368178913, 1.3979111977383802, 4.614459837746773, 3.1897938912057997, 2.7953464630657576, 1.6514768241250486, 7.7323968906148135, 2.8718124910694254, 1.8070636321666826, 2.0489991132644105, 9.781130150217964, 10.0, 1.7160958588492983, 2.168015950182755]
APTIDAO: 
26.949411290216243
GEN: 1100
Individuo: 
[1.125575224231577, 2.570049179136233, 0.34131918752801194, 3.868693941049453, 1.86209392546666, 0.6788175118952425, 0.5856284810925885, 0.6005575841793548, 0.6400579398254663, 0.11710704163950644, 0.47440057481991876, 0.12910885948679998, 10.518562515625279, 4.161035225497473, 1.9376770679545192, 7.191914167468, 23.403712096787338, 4.72988935172588, 3.35146691817037, 0.9931412877264015, 1.188854872906718, 1.380362457850124, 1.127748462793777, 0.48454348632068966, 7.385883854938248, 4.67080957342761, 2.679843561158472, 6.841263251706433, 1.907939563060137, 5.134021989587098, 6.823809976575216, 0.938989627782774, 2.6629040933586814, 5.8196418878337495, 1.3165717368178913, 1.3979111977383802, 4.614459837746773, 3.1897938912057997, 3.0021091655504355, 1.6514768241250486, 7.688691653802702, 2.685545805246485, 1.8070636321666826, 2.0489991132644105, 2.878823027551036, 10.0, 1.7160958588492983, 2.168015950182755]
APTIDAO: 
26.901894845722907
GEN: 1200
Individuo: 
[1.125575224231577, 2.096287944710975, 0.34131918752801194, 4.9729698700795355, 1.86209392546666, 0.6788175118952425, 0.5856284810925885, 0.6005575841793548, 0.6400579398254663, 0.11710704163950644, 0.47440057481991876, 0.11385558152690725, 10.518562515625279, 4.161035225497473, 1.7129012168889535, 7.191914167468, 18.09287426908701, 4.72988935172588, 5.43025427298725, 0.9931412877264015, 1.1513237458338157, 1.380362457850124, 1.127748462793777, 0.48454348632068966, 7.385883854938248, 4.154431245554249, 2.679843561158472, 5.890513347181405, 1.907939563060137, 5.134021989587098, 6.823809976575216, 0.938989627782774, 2.6629040933586814, 5.8196418878337495, 1.3165717368178913, 1.505836379794795, 4.614459837746773, 3.1897938912057997, 3.9416444084796116, 1.6514768241250486, 2.7471858927402923, 2.685545805246485, 1.7923447050149235, 2.0489991132644105, 2.362952752496333, 10.0, 1.7160958588492983, 2.168015950182755]
APTIDAO: 
26.379258701342238
GEN: 1300
Individuo: 
[1.125575224231577, 2.096287944710975, 0.34131918752801194, 4.9729698700795355, 1.86209392546666, 0.6808334236231744, 0.5856284810925885, 0.6005575841793548, 0.6400579398254663, 0.1033910301340356, 0.47440057481991876, 0.11385558152690725, 10.518562515625279, 4.161035225497473, 1.9376770679545192, 7.191914167468, 24.59951598914515, 4.800900683347929, 5.43025427298725, 0.9931412877264015, 1.1739137000539903, 1.380362457850124, 1.127748462793777, 0.48454348632068966, 7.385883854938248, 4.154431245554249, 2.679843561158472, 5.890513347181405, 1.907939563060137, 7.108399650685995, 6.823809976575216, 0.938989627782774, 2.6629040933586814, 3.3277697400361625, 1.3165717368178913, 1.505836379794795, 4.614459837746773, 3.1897938912057997, 3.0021091655504355, 1.6514768241250486, 4.552256027120915, 2.5986832671298674, 1.7923447050149235, 2.0489991132644105, 3.1278905040186555, 10.0, 1.7160958588492983, 2.168015950182755]
APTIDAO: 
26.30693565949965
GEN: 1400
Individuo: 
[1.125575224231577, 2.096287944710975, 0.3040042176824142, 4.9729698700795355, 1.86209392546666, 0.6808334236231744, 0.6061646747028966, 0.6005575841793548, 0.6400579398254663, 0.10570305435194377, 0.47440057481991876, 0.11385558152690725, 10.518562515625279, 4.161035225497473, 1.9376770679545192, 7.191914167468, 6.340259049335779, 4.800900683347929, 2.4713975420974457, 0.9931412877264015, 1.187163126315487, 1.380362457850124, 1.174750897478929, 0.48454348632068966, 7.385883854938248, 4.154431245554249, 3.567934642106405, 5.890513347181405, 1.907939563060137, 7.108399650685995, 4.993431918101724, 0.938989627782774, 2.6629040933586814, 1.7506085408228012, 1.3165717368178913, 1.505836379794795, 4.614459837746773, 3.1897938912057997, 3.0021091655504355, 1.6514768241250486, 3.7427902820099637, 2.5986832671298674, 2.0769383001311796, 2.0489991132644105, 3.4331364303519565, 10.0, 2.595055306625316, 2.168015950182755]
APTIDAO: 
25.75192146964607
GEN: 1500
Individuo: 
[1.125575224231577, 2.096287944710975, 0.3375739823911407, 4.9729698700795355, 1.86209392546666, 0.6808334236231744, 0.6061646747028966, 0.6005575841793548, 0.6400579398254663, 0.10570305435194377, 0.4721690815201348, 0.11385558152690725, 10.518562515625279, 4.161035225497473, 1.7097129167687748, 8.263898074911378, 16.74791898117143, 4.800900683347929, 2.4713975420974457, 0.988218044524746, 1.187163126315487, 1.380362457850124, 1.174750897478929, 0.48454348632068966, 7.385883854938248, 4.154431245554249, 2.555500377494805, 5.890513347181405, 1.907939563060137, 7.108399650685995, 4.993431918101724, 0.938989627782774, 2.6629040933586814, 1.7506085408228012, 1.2571791195361433, 1.505836379794795, 4.614459837746773, 3.1897938912057997, 0.8947583233992712, 1.2644596358377793, 2.990309254172403, 2.5986832671298674, 2.0769383001311796, 2.2025142009186354, 3.4331364303519565, 10.0, 2.595055306625316, 2.168015950182755]
APTIDAO: 
25.46861222062166
GEN: 1600
Individuo: 
[1.125575224231577, 2.096287944710975, 0.3375739823911407, 4.9729698700795355, 1.86209392546666, 0.6808334236231744, 0.6194944872405556, 0.6005575841793548, 0.6400579398254663, 0.1086467247106178, 0.48485055288978357, 0.11385558152690725, 10.518562515625279, 4.116653653954004, 1.7097129167687748, 9.826393673147452, 8.102139934938947, 4.800900683347929, 2.9432215726231936, 0.988218044524746, 1.187163126315487, 1.380362457850124, 1.174750897478929, 0.48454348632068966, 7.385883854938248, 4.154431245554249, 2.555500377494805, 5.890513347181405, 1.907939563060137, 7.108399650685995, 7.191663505513699, 0.938989627782774, 2.6629040933586814, 1.7663306188495798, 1.949895291361932, 1.505836379794795, 4.614459837746773, 3.0470755260879825, 0.8947583233992712, 1.3651448635889243, 6.701078658809528, 2.5986832671298674, 2.1630652424393166, 2.2025142009186354, 3.4331364303519565, 10.0, 2.595055306625316, 2.168015950182755]
APTIDAO: 
25.359956430056766
GEN: 1700
Individuo: 
[1.125575224231577, 2.096287944710975, 0.3375739823911407, 4.9729698700795355, 1.86209392546666, 0.6808334236231744, 0.6194944872405556, 0.6005575841793548, 0.6400579398254663, 0.1086467247106178, 0.48485055288978357, 0.11385558152690725, 10.518562515625279, 4.116653653954004, 1.5058031096759463, 9.826393673147452, 8.102139934938947, 4.735066083847667, 2.6706410876106723, 0.988218044524746, 1.187163126315487, 1.380362457850124, 1.174750897478929, 0.48454348632068966, 7.385883854938248, 4.154431245554249, 2.555500377494805, 5.890513347181405, 1.907939563060137, 7.108399650685995, 7.191663505513699, 0.938989627782774, 2.6629040933586814, 1.7663306188495798, 1.949895291361932, 1.505836379794795, 4.614459837746773, 3.0470755260879825, 1.057028827026761, 1.3651448635889243, 6.701078658809528, 3.159348992936063, 1.7657404171848026, 2.2025142009186354, 3.4331364303519565, 10.0, 2.595055306625316, 2.168015950182755]
APTIDAO: 
25.359956430056766
GEN: 1800
Individuo: 
[1.125575224231577, 2.0950288327885334, 0.3375739823911407, 4.9729698700795355, 1.86209392546666, 0.6808334236231744, 0.6194944872405556, 0.6005575841793548, 0.6400579398254663, 0.1086467247106178, 0.48485055288978357, 0.11385558152690725, 10.518562515625279, 4.998932549838208, 1.9869344287481556, 9.826393673147452, 8.102139934938947, 4.735066083847667, 2.6706410876106723, 0.988218044524746, 1.187163126315487, 1.380362457850124, 1.174750897478929, 0.48454348632068966, 7.385883854938248, 3.00234639506119, 2.555500377494805, 5.890513347181405, 1.907939563060137, 7.108399650685995, 7.191663505513699, 0.938989627782774, 2.6629040933586814, 1.7663306188495798, 1.949895291361932, 1.505836379794795, 4.614459837746773, 4.0792778939524466, 1.3618021512187164, 1.3651448635889243, 6.701078658809528, 3.159348992936063, 1.7657404171848026, 2.2025142009186354, 3.4331364303519565, 10.0, 2.595055306625316, 2.168015950182755]
APTIDAO: 
25.352312864943293
GEN: 1900
Individuo: 
[1.125575224231577, 2.0950288327885334, 0.3375739823911407, 4.9729698700795355, 1.86209392546666, 0.6808334236231744, 0.6194944872405556, 0.6005575841793548, 0.6400579398254663, 0.12281973994670956, 0.48402663566809323, 0.11385558152690725, 10.518562515625279, 4.998932549838208, 1.9286673252201159, 9.26833051100929, 15.167470425519243, 4.735066083847667, 2.675206546512979, 0.988218044524746, 1.187163126315487, 1.380362457850124, 1.174750897478929, 0.4848582060788417, 7.385883854938248, 3.00234639506119, 2.555500377494805, 5.890513347181405, 1.907939563060137, 7.108399650685995, 7.191663505513699, 0.938989627782774, 2.6629040933586814, 1.6458809598372353, 2.104612743604821, 1.505836379794795, 4.614459837746773, 4.0792778939524466, 0.9372100042114733, 1.619043488915231, 3.7714930001230296, 3.159348992936063, 1.0561205620343133, 2.2025142009186354, 3.4331364303519565, 10.0, 2.595055306625316, 2.552215785243268]
APTIDAO: 
25.32696340819168
GEN: 2000
Individuo: 
[1.125575224231577, 2.0950288327885334, 0.3375739823911407, 4.9729698700795355, 1.86209392546666, 0.6808334236231744, 0.6194944872405556, 0.6005575841793548, 0.6400579398254663, 0.12281973994670956, 0.48402663566809323, 0.11385558152690725, 10.518562515625279, 4.998932549838208, 1.2044229262435964, 9.26833051100929, 15.167470425519243, 4.735066083847667, 2.675206546512979, 0.988218044524746, 1.187163126315487, 1.380362457850124, 1.174750897478929, 0.4848582060788417, 7.385883854938248, 3.00234639506119, 2.555500377494805, 5.890513347181405, 1.907939563060137, 7.108399650685995, 7.191663505513699, 0.938989627782774, 2.6629040933586814, 1.6458809598372353, 2.104612743604821, 1.505836379794795, 4.614459837746773, 4.0792778939524466, 0.776477374563659, 1.619043488915231, 3.7714930001230296, 3.159348992936063, 1.0561205620343133, 2.2025142009186354, 3.4331364303519565, 10.0, 2.595055306625316, 2.552215785243268]
APTIDAO: 
25.32696340819168
GEN: 2100
Individuo: 
[1.125575224231577, 2.0950288327885334, 0.3375739823911407, 4.9729698700795355, 1.86209392546666, 0.6808334236231744, 0.6194944872405556, 0.6005575841793548, 0.6400579398254663, 0.12281973994670956, 0.48402663566809323, 0.11302715420912661, 10.518562515625279, 4.998932549838208, 1.405504070856744, 9.26833051100929, 21.02567686730986, 4.735066083847667, 2.2329881503138997, 0.988218044524746, 1.187163126315487, 1.380362457850124, 1.174750897478929, 0.4848582060788417, 7.385883854938248, 3.00234639506119, 2.555500377494805, 5.890513347181405, 1.907939563060137, 7.108399650685995, 7.191663505513699, 0.938989627782774, 2.6629040933586814, 1.6458809598372353, 2.104612743604821, 1.290817558630862, 4.614459837746773, 4.0792778939524466, 1.1313046399351996, 1.619043488915231, 2.3980081542977967, 3.159348992936063, 1.3242030037838612, 2.2025142009186354, 3.4331364303519565, 10.0, 2.595055306625316, 2.552215785243268]
APTIDAO: 
25.3168614190731
GEN: 2200
Individuo: 
[1.125575224231577, 2.0950288327885334, 0.3375739823911407, 4.9729698700795355, 1.86209392546666, 0.6826695790899613, 0.6194944872405556, 0.6005575841793548, 0.6386708278272116, 0.10962746425361863, 0.48402663566809323, 0.11060501873360049, 10.518562515625279, 4.998932549838208, 1.0350155206323546, 9.26833051100929, 21.81466896581102, 4.735066083847667, 2.517510759574929, 0.988218044524746, 1.187163126315487, 1.380362457850124, 1.174750897478929, 0.4848582060788417, 7.385883854938248, 3.00234639506119, 2.555500377494805, 5.890513347181405, 1.907939563060137, 5.550536427675837, 7.191663505513699, 0.938989627782774, 2.4321983973933556, 1.9249902145798532, 2.104612743604821, 1.8646929191928596, 4.614459837746773, 4.0792778939524466, 0.8393516399647033, 1.619043488915231, 1.250426087056459, 3.159348992936063, 1.960445213900575, 2.2025142009186354, 3.4331364303519565, 10.0, 2.595055306625316, 2.552215785243268]
APTIDAO: 
25.271879041380302
GEN: 2300
Individuo: 
[1.125575224231577, 2.0950288327885334, 0.3375739823911407, 4.9729698700795355, 1.86209392546666, 0.6826695790899613, 0.6194944872405556, 0.6005575841793548, 0.6386708278272116, 0.10767984230517785, 0.48402663566809323, 0.11060501873360049, 10.518562515625279, 4.998932549838208, 1.5513622986810438, 9.26833051100929, 24.859565462590826, 4.735066083847667, 2.8480636033530202, 0.988218044524746, 1.187163126315487, 1.380362457850124, 1.174750897478929, 0.4848582060788417, 7.385883854938248, 3.00234639506119, 2.555500377494805, 5.890513347181405, 1.907939563060137, 5.550536427675837, 7.191663505513699, 0.938989627782774, 2.4321983973933556, 2.35894919800029, 2.104612743604821, 1.8646929191928596, 4.614459837746773, 4.0792778939524466, 1.20393701926037, 1.619043488915231, 1.8410314282783093, 3.159348992936063, 2.189326153857202, 2.2025142009186354, 3.4331364303519565, 10.0, 2.595055306625316, 2.552215785243268]
APTIDAO: 
25.27159285801114
GEN: 2400
Individuo: 
[1.125575224231577, 2.0950288327885334, 0.3375739823911407, 4.9729698700795355, 1.86209392546666, 0.6826695790899613, 0.6194944872405556, 0.6005575841793548, 0.6386708278272116, 0.10636533658776065, 0.48402663566809323, 0.11050262815227416, 10.518562515625279, 4.998932549838208, 1.5282512277569373, 9.26833051100929, 24.859565462590826, 4.735066083847667, 2.8085783699269395, 0.988218044524746, 1.1889988231565385, 1.380362457850124, 1.174750897478929, 0.4848582060788417, 7.385883854938248, 3.00234639506119, 2.555500377494805, 5.890513347181405, 1.907939563060137, 5.550536427675837, 7.191663505513699, 0.938989627782774, 2.4321983973933556, 1.1658168726160745, 2.104612743604821, 2.244254014174156, 4.614459837746773, 4.0792778939524466, 1.1641637107547294, 1.619043488915231, 1.8410314282783093, 3.159348992936063, 1.3798140238618446, 2.2025142009186354, 2.940407131719538, 10.0, 2.595055306625316, 2.552215785243268]
APTIDAO: 
25.2603422537038
GEN: 2500
Individuo: 
[1.125575224231577, 2.0950288327885334, 0.3402141285087878, 4.9729698700795355, 1.86209392546666, 0.6826695790899613, 0.6194944872405556, 0.6005575841793548, 0.6386708278272116, 0.10135526427914998, 0.48402663566809323, 0.11060501873360049, 10.518562515625279, 4.998932549838208, 1.9318223885381491, 9.26833051100929, 24.859565462590826, 4.735066083847667, 2.86649010514188, 0.988218044524746, 1.1889988231565385, 1.380362457850124, 1.174750897478929, 0.4848582060788417, 7.385883854938248, 3.00234639506119, 3.9726110877944643, 5.890513347181405, 1.907939563060137, 5.550536427675837, 7.191663505513699, 0.938989627782774, 2.4321983973933556, 0.9627753836904455, 2.104612743604821, 1.8646929191928596, 4.614459837746773, 4.0792778939524466, 1.068735798255835, 1.619043488915231, 1.8410314282783093, 3.159348992936063, 0.9673878247890219, 2.2025142009186354, 2.940407131719538, 10.0, 2.595055306625316, 2.552215785243268]
APTIDAO: 
25.257400587769194
GEN: 2600
Individuo: 
[1.125575224231577, 2.0950288327885334, 0.3402141285087878, 4.9729698700795355, 1.86209392546666, 0.6826695790899613, 0.6194944872405556, 0.6005575841793548, 0.6386708278272116, 0.10135526427914998, 0.48402663566809323, 0.11060501873360049, 10.518562515625279, 4.998932549838208, 1.1072411934638582, 9.26833051100929, 24.859565462590826, 4.735066083847667, 2.86649010514188, 0.988218044524746, 1.1889988231565385, 1.380362457850124, 1.174750897478929, 0.4848582060788417, 7.385883854938248, 3.00234639506119, 3.9726110877944643, 5.890513347181405, 1.907939563060137, 5.550536427675837, 7.191663505513699, 0.938989627782774, 2.4321983973933556, 0.9627753836904455, 2.104612743604821, 1.8646929191928596, 4.614459837746773, 4.0792778939524466, 0.5985183724525663, 1.619043488915231, 1.8410314282783093, 3.159348992936063, 0.9673878247890219, 2.2025142009186354, 2.940407131719538, 10.0, 2.595055306625316, 2.552215785243268]
APTIDAO: 
25.257400587769194
GEN: 2700
Individuo: 
[1.125575224231577, 2.0950288327885334, 0.3402141285087878, 4.9729698700795355, 1.86209392546666, 0.6826695790899613, 0.6194944872405556, 0.6005575841793548, 0.6386708278272116, 0.10135526427914998, 0.48402663566809323, 0.11060501873360049, 10.518562515625279, 4.998932549838208, 1.4826525170545168, 9.098981005079603, 24.859565462590826, 4.735066083847667, 2.8814677634016523, 0.988218044524746, 1.1889988231565385, 1.380362457850124, 1.174750897478929, 0.4848582060788417, 7.385883854938248, 3.00234639506119, 3.9726110877944643, 5.890513347181405, 1.907939563060137, 5.550536427675837, 7.191663505513699, 0.938989627782774, 2.4321983973933556, 0.9627753836904455, 2.104612743604821, 1.8646929191928596, 4.614459837746773, 4.0792778939524466, 0.8947541363181404, 1.620516109185061, 1.8410314282783093, 3.159348992936063, 1.0432934424202625, 2.2025142009186354, 2.940407131719538, 10.0, 2.595055306625316, 2.552215785243268]
APTIDAO: 
25.257400587769194
GEN: 2800
Individuo: 
[1.125575224231577, 2.0950288327885334, 0.3402141285087878, 4.9729698700795355, 1.86209392546666, 0.6826695790899613, 0.6194944872405556, 0.6005575841793548, 0.6386708278272116, 0.10135526427914998, 0.48402663566809323, 0.11060501873360049, 10.518562515625279, 4.998932549838208, 1.2018978563383935, 9.098981005079603, 24.859565462590826, 4.735066083847667, 2.8814677634016523, 0.988218044524746, 1.1889988231565385, 1.380362457850124, 1.174750897478929, 0.4848582060788417, 7.385883854938248, 3.00234639506119, 3.9726110877944643, 5.890513347181405, 1.907939563060137, 5.550536427675837, 7.191663505513699, 0.938989627782774, 2.4321983973933556, 0.9627753836904455, 2.104612743604821, 1.8646929191928596, 4.614459837746773, 4.0792778939524466, 0.7405217528668179, 1.620516109185061, 1.8410314282783093, 3.159348992936063, 1.0432934424202625, 2.2025142009186354, 2.940407131719538, 10.0, 2.595055306625316, 2.552215785243268]
APTIDAO: 
25.257400587769194
GEN: 2900
Individuo: 
[1.125575224231577, 2.0950288327885334, 0.3402141285087878, 4.9729698700795355, 1.86209392546666, 0.6826695790899613, 0.6194944872405556, 0.6005575841793548, 0.6386708278272116, 0.10135526427914998, 0.48402663566809323, 0.10968054215432292, 10.425326273746876, 4.998932549838208, 1.432803677228, 9.098981005079603, 24.859565462590826, 4.735066083847667, 2.8453434440641248, 0.988218044524746, 1.1890292540001715, 1.380362457850124, 1.174750897478929, 0.4848582060788417, 7.385883854938248, 3.00234639506119, 3.9726110877944643, 5.890513347181405, 1.907939563060137, 5.550536427675837, 7.191663505513699, 0.938989627782774, 2.4321983973933556, 0.9627753836904455, 2.104612743604821, 1.124229889279638, 3.9376141829374705, 4.0792778939524466, 0.5435904486559768, 1.620516109185061, 1.8410314282783093, 3.159348992936063, 0.7198753604295642, 2.2025142009186354, 3.2960390001924007, 10.0, 2.595055306625316, 2.552215785243268]
APTIDAO: 
25.254185402406133
GEN: 3000
Individuo: 
[1.125575224231577, 2.0950288327885334, 0.3402141285087878, 4.9729698700795355, 1.86209392546666, 0.6826695790899613, 0.6194944872405556, 0.6005575841793548, 0.6386708278272116, 0.10001921832056182, 0.48402663566809323, 0.10968054215432292, 10.518562515625279, 4.895945389646397, 1.7990209137550541, 9.098981005079603, 24.859565462590826, 4.735066083847667, 2.433992357244823, 0.988218044524746, 1.1890292540001715, 1.380362457850124, 1.174750897478929, 0.4848582060788417, 7.385883854938248, 3.00234639506119, 3.9726110877944643, 5.890513347181405, 1.907939563060137, 5.550536427675837, 7.191663505513699, 0.938989627782774, 2.4321983973933556, 1.532402775993058, 2.104612743604821, 1.124229889279638, 4.614459837746773, 3.3588963563352063, 0.6163720975248781, 1.620516109185061, 1.8410314282783093, 3.159348992936063, 0.5545995041911651, 2.2025142009186354, 3.2960390001924007, 10.0, 2.595055306625316, 2.552215785243268]
APTIDAO: 
25.25417801819859
GEN: 3100
Individuo: 
[1.125575224231577, 2.0950288327885334, 0.3402141285087878, 4.9729698700795355, 1.86330435028807, 0.6826695790899613, 0.6194944872405556, 0.6005575841793548, 0.6386708278272116, 0.10001921832056182, 0.48402663566809323, 0.10968054215432292, 10.389955367206431, 4.0163003479036385, 1.4290241797217447, 9.098981005079603, 24.859565462590826, 4.735066083847667, 2.113230873272429, 0.988218044524746, 1.1890292540001715, 1.380362457850124, 1.174750897478929, 0.4848582060788417, 7.385883854938248, 3.00234639506119, 3.9726110877944643, 5.890513347181405, 1.7525722053733386, 5.550536427675837, 7.191663505513699, 0.938989627782774, 2.4321983973933556, 1.532402775993058, 2.104612743604821, 1.124229889279638, 4.978576393574285, 2.8771482202877303, 1.2232783067156652, 1.620516109185061, 1.8410314282783093, 3.159348992936063, 0.4704588908181547, 2.2025142009186354, 3.2960390001924007, 10.0, 2.595055306625316, 2.552215785243268]
APTIDAO: 
25.252686613205753
GEN: 3200
Individuo: 
[1.125575224231577, 2.0950288327885334, 0.3402141285087878, 4.9729698700795355, 1.86330435028807, 0.6826695790899613, 0.6194944872405556, 0.6005575841793548, 0.6386708278272116, 0.10001921832056182, 0.48402663566809323, 0.10965425843483542, 10.711206177784296, 4.0163003479036385, 1.1137956655222288, 9.098981005079603, 24.859565462590826, 4.735066083847667, 2.1690702117416008, 0.988218044524746, 1.1890292540001715, 1.380362457850124, 1.174750897478929, 0.4848582060788417, 7.385883854938248, 3.00234639506119, 3.9726110877944643, 5.890513347181405, 1.7525722053733386, 5.550536427675837, 7.191663505513699, 0.938989627782774, 2.4321983973933556, 1.532402775993058, 2.104612743604821, 1.003946233382057, 5.234953762739463, 2.8771482202877303, 1.816250466465309, 1.620516109185061, 1.8410314282783093, 3.159348992936063, 0.6770501285856608, 2.2025142009186354, 3.2960390001924007, 10.0, 2.595055306625316, 2.552215785243268]
APTIDAO: 
25.25262411991401
GEN: 3300
Individuo: 
[1.125575224231577, 2.0950288327885334, 0.3402141285087878, 4.9729698700795355, 1.86330435028807, 0.6826695790899613, 0.6194944872405556, 0.6005575841793548, 0.6386708278272116, 0.10001921832056182, 0.48402663566809323, 0.10965425843483542, 10.711206177784296, 4.063768488751002, 1.5481863885187164, 9.098981005079603, 24.859565462590826, 4.735066083847667, 2.731893427944859, 0.988218044524746, 1.1890292540001715, 1.380362457850124, 1.174750897478929, 0.4848582060788417, 7.385883854938248, 3.00234639506119, 3.9726110877944643, 5.890513347181405, 1.7525722053733386, 5.550536427675837, 7.191663505513699, 0.938989627782774, 2.4321983973933556, 1.532402775993058, 2.104612743604821, 1.003946233382057, 5.234953762739463, 1.282829836230885, 1.4120176880636184, 1.620516109185061, 1.8410314282783093, 3.159348992936063, 1.0908979915192354, 2.2025142009186354, 3.2960390001924007, 10.0, 2.595055306625316, 2.552215785243268]
APTIDAO: 
25.25262411991401
GEN: 3400
Individuo: 
[1.125575224231577, 2.0950288327885334, 0.3402141285087878, 4.9729698700795355, 1.86330435028807, 0.6826695790899613, 0.6194944872405556, 0.6005575841793548, 0.6386708278272116, 0.10001921832056182, 0.48402663566809323, 0.10965425843483542, 10.711206177784296, 4.063768488751002, 1.6481446266921307, 9.098981005079603, 24.859565462590826, 4.735066083847667, 2.731893427944859, 0.988218044524746, 1.1890292540001715, 1.380362457850124, 1.174750897478929, 0.4848582060788417, 7.385883854938248, 3.00234639506119, 3.9726110877944643, 5.890513347181405, 1.7525722053733386, 5.550536427675837, 7.191663505513699, 0.938989627782774, 2.4321983973933556, 1.532402775993058, 2.104612743604821, 1.003946233382057, 5.234953762739463, 1.282829836230885, 1.378284341978135, 1.620516109185061, 1.8410314282783093, 3.159348992936063, 1.0908979915192354, 2.2025142009186354, 3.2960390001924007, 10.0, 2.595055306625316, 2.552215785243268]
APTIDAO: 
25.25262411991401
GEN: 3500
Individuo: 
[1.125575224231577, 2.0950288327885334, 0.3402141285087878, 4.9729698700795355, 1.86330435028807, 0.6826695790899613, 0.6194944872405556, 0.6005575841793548, 0.6386708278272116, 0.10001921832056182, 0.48402663566809323, 0.10965425843483542, 10.980991327009475, 4.063768488751002, 1.1185848742346047, 9.098981005079603, 24.859565462590826, 4.735066083847667, 2.2576932347765344, 0.988218044524746, 1.1890292540001715, 1.380362457850124, 1.174750897478929, 0.4848582060788417, 7.385883854938248, 3.00234639506119, 3.9726110877944643, 5.890513347181405, 1.7525722053733386, 5.550536427675837, 7.191663505513699, 0.938989627782774, 2.4321983973933556, 1.532402775993058, 2.104612743604821, 1.003946233382057, 5.408222105679488, 1.282829836230885, 0.7457424336509166, 1.620516109185061, 1.8410314282783093, 3.159348992936063, 1.2985412022075817, 2.2025142009186354, 3.2960390001924007, 10.0, 2.595055306625316, 2.552215785243268]
APTIDAO: 
25.25262411991401
GEN: 3600
Individuo: 
[1.125575224231577, 2.0950288327885334, 0.3402141285087878, 4.9729698700795355, 1.86330435028807, 0.6826695790899613, 0.6194944872405556, 0.6005575841793548, 0.6386708278272116, 0.10001921832056182, 0.48402663566809323, 0.10965425843483542, 10.980991327009475, 4.063768488751002, 1.1185848742346047, 9.098981005079603, 24.859565462590826, 4.735066083847667, 2.0067427597397702, 0.988218044524746, 1.1890292540001715, 1.380362457850124, 1.174750897478929, 0.4848582060788417, 7.385883854938248, 3.00234639506119, 3.9726110877944643, 5.890513347181405, 1.7525722053733386, 5.550536427675837, 7.191663505513699, 0.938989627782774, 2.4321983973933556, 1.532402775993058, 2.104612743604821, 1.003946233382057, 5.408222105679488, 1.282829836230885, 0.7457424336509166, 1.620516109185061, 1.8410314282783093, 3.159348992936063, 1.0713921775723108, 2.2025142009186354, 3.2960390001924007, 10.0, 2.595055306625316, 2.552215785243268]
APTIDAO: 
25.25262411991401
GEN: 3700
Individuo: 
[1.125575224231577, 2.0950288327885334, 0.3402141285087878, 4.9729698700795355, 1.86330435028807, 0.6826695790899613, 0.6194944872405556, 0.6005575841793548, 0.6386708278272116, 0.10001921832056182, 0.48402663566809323, 0.10965425843483542, 10.980991327009475, 4.063768488751002, 1.313870088000601, 9.098981005079603, 24.859565462590826, 4.629932164185051, 2.0135287331687266, 0.988218044524746, 1.1890292540001715, 1.380362457850124, 1.174750897478929, 0.4848582060788417, 7.385883854938248, 3.00234639506119, 3.9726110877944643, 5.890513347181405, 1.7525722053733386, 5.550536427675837, 7.191663505513699, 0.938989627782774, 2.4321983973933556, 1.532402775993058, 2.104612743604821, 1.003946233382057, 5.408222105679488, 1.282829836230885, 0.8649411830695226, 1.620516109185061, 1.8410314282783093, 1.8662348802423738, 1.2396870006410268, 2.2025142009186354, 3.2960390001924007, 10.0, 2.595055306625316, 2.552215785243268]
APTIDAO: 
25.25262411991401
GEN: 3800
Individuo: 
[1.125575224231577, 2.0950288327885334, 0.3392764732476637, 4.9729698700795355, 1.86330435028807, 0.6902406419038172, 0.6194944872405556, 0.6005575841793548, 0.6386708278272116, 0.1103762592013878, 0.48402663566809323, 0.10140351670644403, 10.980991327009475, 4.33006061815627, 1.2057334560532948, 9.098981005079603, 24.859565462590826, 4.629932164185051, 2.2653694838259986, 0.988218044524746, 1.1909366978074065, 1.380362457850124, 1.1784853918861393, 0.4848582060788417, 7.385883854938248, 3.00234639506119, 4.254563086440533, 5.890513347181405, 1.7525722053733386, 7.264856296442442, 7.191663505513699, 0.938989627782774, 2.4321983973933556, 1.1098388917417097, 2.104612743604821, 0.6021492129081074, 5.408222105679488, 1.74723424159467, 0.8158711548511902, 1.620516109185061, 1.8410314282783093, 1.8662348802423738, 0.9397033540109536, 2.2025142009186354, 2.207238687906219, 10.0, 1.4793374370620034, 2.552215785243268]
APTIDAO: 
25.132502205944352
GEN: 3900
Individuo: 
[1.125575224231577, 2.0955797097374607, 0.3392764732476637, 4.9729698700795355, 1.86330435028807, 0.6902406419038172, 0.6194944872405556, 0.6005575841793548, 0.6386708278272116, 0.10122726831800867, 0.48402663566809323, 0.10140351670644403, 10.980991327009475, 4.33006061815627, 1.505002970619666, 9.238279109401518, 24.859565462590826, 4.629932164185051, 2.2653694838259986, 0.988218044524746, 1.1909366978074065, 1.380362457850124, 1.1784853918861393, 0.4848582060788417, 7.385883854938248, 3.2000534717917457, 4.254563086440533, 5.890513347181405, 1.7525722053733386, 7.264856296442442, 7.191663505513699, 0.938989627782774, 2.4321983973933556, 0.8676825307021351, 2.104612743604821, 0.6021492129081074, 5.408222105679488, 1.74723424159467, 0.8515245029231013, 1.1855225605409077, 1.8410314282783093, 1.8662348802423738, 0.9397033540109536, 2.2025142009186354, 2.207238687906219, 10.0, 1.4793374370620034, 2.552215785243268]
APTIDAO: 
25.13050549638333
GEN: 4000
Individuo: 
[1.125575224231577, 2.0955797097374607, 0.3392764732476637, 4.9729698700795355, 1.86330435028807, 0.6902406419038172, 0.6194944872405556, 0.6005575841793548, 0.6386708278272116, 0.10081518679521048, 0.48402663566809323, 0.10055704386147465, 10.980991327009475, 4.33006061815627, 1.2293110022225469, 9.238279109401518, 24.569754842097346, 4.629932164185051, 2.0555420282320824, 0.988218044524746, 1.1909366978074065, 1.380362457850124, 1.1784853918861393, 0.4848582060788417, 7.385883854938248, 3.2000534717917457, 4.254563086440533, 5.890513347181405, 1.7525722053733386, 7.264856296442442, 7.191663505513699, 0.938989627782774, 2.4321983973933556, 1.4395771368452301, 2.104612743604821, 0.8024121976416846, 5.408222105679488, 1.74723424159467, 1.2800271155620535, 1.1855225605409077, 1.0307733201298175, 1.8662348802423738, 1.3447435351397405, 2.2025142009186354, 2.207238687906219, 10.0, 1.4793374370620034, 2.552215785243268]
APTIDAO: 
25.12980613555374
GEN: 4100
Individuo: 
[1.125575224231577, 2.0955797097374607, 0.3392764732476637, 4.9729698700795355, 1.86330435028807, 0.6902406419038172, 0.6194944872405556, 0.6005575841793548, 0.6386708278272116, 0.10020689789931105, 0.48402663566809323, 0.10055704386147465, 10.980991327009475, 4.33006061815627, 1.514567690870784, 9.238279109401518, 16.57652938784238, 4.629932164185051, 2.0555420282320824, 0.988218044524746, 1.1909366978074065, 1.380362457850124, 1.1784853918861393, 0.4848582060788417, 7.385883854938248, 3.2000534717917457, 4.254563086440533, 5.890513347181405, 1.7525722053733386, 7.264856296442442, 7.191663505513699, 0.938989627782774, 2.4321983973933556, 1.8509775778939292, 2.104612743604821, 0.8024121976416846, 5.408222105679488, 1.74723424159467, 1.4301241223246473, 1.1855225605409077, 0.744457991966563, 1.8662348802423738, 1.3447435351397405, 2.2025142009186354, 2.207238687906219, 10.0, 1.4793374370620034, 2.552215785243268]
APTIDAO: 
25.130755174248513
GEN: 4200
Individuo: 
[1.125575224231577, 2.0955797097374607, 0.3392764732476637, 4.9729698700795355, 1.86330435028807, 0.6902406419038172, 0.6194944872405556, 0.6005575841793548, 0.6386708278272116, 0.10081518679521048, 0.48402663566809323, 0.10111800460443933, 10.980991327009475, 4.33006061815627, 1.9804541015765036, 9.238279109401518, 23.04408977427079, 4.629932164185051, 2.12742846841675, 0.988218044524746, 1.1909366978074065, 1.380362457850124, 1.1784853918861393, 0.4848582060788417, 7.385883854938248, 3.2000534717917457, 4.254563086440533, 5.890513347181405, 1.7525722053733386, 7.264856296442442, 7.191663505513699, 0.938989627782774, 2.4321983973933556, 1.4395771368452301, 2.104612743604821, 0.8705570861695712, 5.408222105679488, 1.74723424159467, 1.1464029837668186, 1.1855225605409077, 1.1261976247554948, 1.8662348802423738, 1.1525186253964725, 2.2025142009186354, 2.207238687906219, 10.0, 1.4793374370620034, 2.552215785243268]
APTIDAO: 
25.12972401586099
GEN: 4300
Individuo: 
[1.125575224231577, 2.0955797097374607, 0.3392764732476637, 4.9729698700795355, 1.86330435028807, 0.6902406419038172, 0.6194944872405556, 0.6005575841793548, 0.6386708278272116, 0.11043855200269707, 0.48402663566809323, 0.10236322402173077, 10.980991327009475, 4.344740485397295, 1.663066163161929, 9.238279109401518, 23.04408977427079, 4.629932164185051, 2.0145257645526815, 0.988218044524746, 1.1909366978074065, 1.380362457850124, 1.1784853918861393, 0.4848582060788417, 7.385883854938248, 3.2000534717917457, 4.254563086440533, 5.890513347181405, 1.7525722053733386, 7.264856296442442, 7.191663505513699, 0.938989627782774, 2.4321983973933556, 1.3201534945922915, 2.104612743604821, 0.5141473437082823, 5.408222105679488, 1.9361230031042886, 1.3630830189934744, 1.1855225605409077, 1.1261976247554948, 1.8662348802423738, 0.961815465232289, 2.2025142009186354, 2.207238687906219, 10.0, 1.4793374370620034, 2.552215785243268]
APTIDAO: 
25.14524529421138
GEN: 4400
Individuo: 
[1.125575224231577, 2.0955797097374607, 0.3392764732476637, 4.9729698700795355, 1.86330435028807, 0.6902406419038172, 0.6194944872405556, 0.6005575841793548, 0.6386708278272116, 0.11503014735546127, 0.48402663566809323, 0.10236322402173077, 10.980991327009475, 4.344740485397295, 1.2035104019459644, 9.238279109401518, 16.831143414668464, 4.629932164185051, 2.0145257645526815, 0.988218044524746, 1.1909366978074065, 1.380362457850124, 1.1784853918861393, 0.4848582060788417, 7.385883854938248, 3.2000534717917457, 4.254563086440533, 5.890513347181405, 1.7525722053733386, 7.264856296442442, 7.191663505513699, 0.938989627782774, 2.4321983973933556, 3.3924251921932225, 2.104612743604821, 0.5141473437082823, 5.408222105679488, 1.9361230031042886, 1.1429631489096204, 1.1855225605409077, 0.7460999926024726, 1.8662348802423738, 0.961815465232289, 2.2025142009186354, 2.207238687906219, 10.0, 1.4793374370620034, 2.552215785243268]
APTIDAO: 
25.143499372827474
GEN: 4500
Individuo: 
[1.125575224231577, 2.0955797097374607, 0.3392764732476637, 4.9729698700795355, 1.86330435028807, 0.6902406419038172, 0.6194944872405556, 0.6005575841793548, 0.6386708278272116, 0.11503014735546127, 0.48402663566809323, 0.10161684238215607, 10.980991327009475, 4.344740485397295, 1.173939634130236, 9.238279109401518, 22.92186084894451, 4.629932164185051, 2.361568650588517, 0.988218044524746, 1.1909366978074065, 1.380362457850124, 1.1784853918861393, 0.4848582060788417, 7.385883854938248, 3.2000534717917457, 4.254563086440533, 5.890513347181405, 1.7525722053733386, 7.264856296442442, 7.191663505513699, 0.938989627782774, 2.4321983973933556, 3.3924251921932225, 2.104612743604821, 0.5250878919444247, 5.408222105679488, 1.9361230031042886, 2.3316631614106007, 1.1855225605409077, 0.9658992195120492, 1.8662348802423738, 0.9274314353722422, 2.2025142009186354, 2.207238687906219, 10.0, 1.4793374370620034, 2.552215785243268]
APTIDAO: 
25.132603209817535
GEN: 4600
Individuo: 
[1.125575224231577, 2.0955797097374607, 0.3392764732476637, 4.80916137246977, 1.86330435028807, 0.6937074168214609, 0.6194944872405556, 0.6162273814288642, 0.6386708278272116, 0.10078942940047889, 0.48402663566809323, 0.11463662889388357, 11.01827742943624, 4.344740485397295, 1.0486487925286454, 9.238279109401518, 22.92186084894451, 4.629932164185051, 2.425810195993515, 0.9585678457432671, 1.2169391904756126, 1.380362457850124, 1.1784853918861393, 0.4848582060788417, 7.385883854938248, 3.2000534717917457, 4.254563086440533, 5.880502455286084, 1.7525722053733386, 10.0, 7.191663505513699, 0.7477481564903583, 2.4321983973933556, 3.530520388236234, 2.104612743604821, 0.7161990575081171, 5.905995201491056, 1.9361230031042886, 1.4625622456357117, 1.1855225605409077, 0.9658992195120492, 1.8662348802423738, 0.9454907817751348, 1.107806478311505, 1.5868853387031914, 10.0, 1.4793374370620034, 2.552215785243268]
APTIDAO: 
25.474974866385836
GEN: 4700
Individuo: 
[1.125575224231577, 2.0955797097374607, 0.3392764732476637, 4.80916137246977, 1.86330435028807, 0.6937074168214609, 0.6194944872405556, 0.6119502059504764, 0.6386708278272116, 0.10036822883818505, 0.48402663566809323, 0.11463662889388357, 11.01827742943624, 4.344740485397295, 1.5739743141402733, 9.238279109401518, 24.238154435798936, 4.629932164185051, 2.734103157943512, 0.9585678457432671, 1.2169391904756126, 1.380362457850124, 1.1784853918861393, 0.4848582060788417, 7.385883854938248, 3.2000534717917457, 4.254563086440533, 5.880502455286084, 1.7525722053733386, 10.0, 7.191663505513699, 0.5115321475817145, 2.4321983973933556, 1.9836008820938582, 2.104612743604821, 0.7161990575081171, 5.905995201491056, 1.9361230031042886, 1.7243827938412348, 1.1855225605409077, 1.270759381785071, 1.8662348802423738, 1.1753385879167855, 1.107806478311505, 1.5868853387031914, 10.0, 1.4793374370620034, 2.552215785243268]
APTIDAO: 
25.433915822923588
GEN: 4800
Individuo: 
[1.125575224231577, 2.0955797097374607, 0.34436581111469927, 4.80916137246977, 1.86330435028807, 0.6937074168214609, 0.6203294603542088, 0.6119502059504764, 0.6386708278272116, 0.10036822883818505, 0.48402663566809323, 0.11463662889388357, 11.01827742943624, 4.344740485397295, 1.5739743141402733, 9.238279109401518, 19.407553962790754, 4.870784701321752, 2.734103157943512, 0.9585678457432671, 1.2169391904756126, 1.380362457850124, 1.182456046133497, 0.4848582060788417, 7.385883854938248, 3.2000534717917457, 3.790352587862382, 5.880502455286084, 1.7525722053733386, 10.0, 9.64531670687787, 0.5115321475817145, 2.4321983973933556, 1.9836008820938582, 2.104612743604821, 0.7161990575081171, 5.905995201491056, 1.9361230031042886, 1.7243827938412348, 1.1855225605409077, 1.1457680617377823, 2.1836962674982328, 1.1753385879167855, 1.107806478311505, 1.5868853387031914, 10.0, 1.3146377346993507, 2.552215785243268]
APTIDAO: 
25.37047278753623
GEN: 4900
Individuo: 
[1.125575224231577, 2.0955797097374607, 0.34436581111469927, 4.80916137246977, 1.86330435028807, 0.6937074168214609, 0.6203294603542088, 0.6119502059504764, 0.6386708278272116, 0.10036822883818505, 0.48402663566809323, 0.11809187456649936, 11.484222978025873, 4.58524720817672, 1.427601226745448, 9.238279109401518, 22.04048343667361, 4.870784701321752, 2.734103157943512, 0.9585678457432671, 1.2169391904756126, 1.380362457850124, 1.182456046133497, 0.4848582060788417, 7.385883854938248, 3.2000534717917457, 3.790352587862382, 5.880502455286084, 1.7525722053733386, 10.0, 9.64531670687787, 0.5115321475817145, 2.4321983973933556, 1.9836008820938582, 2.104612743604821, 1.0567907033936268, 5.728392043977159, 2.233156916726188, 0.8848476297024519, 1.1855225605409077, 1.1006914353915755, 2.1836962674982328, 1.1753385879167855, 1.107806478311505, 1.5868853387031914, 10.0, 1.3146377346993507, 2.552215785243268]
APTIDAO: 
25.333602915752042
GEN: 5000
Individuo: 
[1.125575224231577, 2.0955797097374607, 0.34436581111469927, 4.80916137246977, 1.86330435028807, 0.6937074168214609, 0.6203294603542088, 0.6119502059504764, 0.6386708278272116, 0.10036822883818505, 0.48402663566809323, 0.11851002891061131, 11.484222978025873, 4.58524720817672, 1.551503938920919, 9.238279109401518, 24.466203308739324, 4.870784701321752, 2.2913454901419437, 0.9585678457432671, 1.2169391904756126, 1.380362457850124, 1.182456046133497, 0.4848582060788417, 7.385883854938248, 3.2000534717917457, 3.790352587862382, 5.880502455286084, 1.7525722053733386, 10.0, 9.64531670687787, 0.5115321475817145, 2.4321983973933556, 1.9836008820938582, 2.104612743604821, 0.8203413734848403, 5.728392043977159, 2.233156916726188, 0.5804320788949886, 1.1855225605409077, 0.6210662026815169, 2.1836962674982328, 0.6091686518209108, 1.107806478311505, 1.5868853387031914, 10.0, 1.3146377346993507, 2.552215785243268]
APTIDAO: 
25.33259799436486
GEN: 5100
Individuo: 
[1.125575224231577, 2.0955797097374607, 0.34436581111469927, 4.80916137246977, 1.86330435028807, 0.6937074168214609, 0.6203294603542088, 0.6119502059504764, 0.6383255243130701, 0.10036822883818505, 0.48402663566809323, 0.11851002891061131, 11.550045005402108, 4.58524720817672, 1.1339211388474368, 9.238279109401518, 24.887785965848757, 4.870784701321752, 2.378779834566782, 0.9585678457432671, 1.2169391904756126, 1.380362457850124, 1.182456046133497, 0.4848582060788417, 7.385883854938248, 3.2000534717917457, 3.790352587862382, 5.880502455286084, 1.7525722053733386, 10.0, 9.64531670687787, 0.5115321475817145, 2.8338405050472173, 1.9836008820938582, 2.104612743604821, 0.8203413734848403, 2.6647346469684154, 2.233156916726188, 0.6563867861943459, 1.1855225605409077, 1.0232684116494333, 2.1836962674982328, 0.5835463082544247, 1.107806478311505, 1.5868853387031914, 10.0, 1.3146377346993507, 2.552215785243268]
APTIDAO: 
25.32822581804298
GEN: 5200
Individuo: 
[1.125575224231577, 2.0955797097374607, 0.34436581111469927, 4.80916137246977, 1.86330435028807, 0.6937074168214609, 0.6203294603542088, 0.6119502059504764, 0.6383255243130701, 0.10036822883818505, 0.48402663566809323, 0.11851002891061131, 11.550045005402108, 4.992110998774803, 1.5769834060378929, 9.238279109401518, 24.887785965848757, 4.870784701321752, 2.7150617678789843, 0.9585678457432671, 1.2169391904756126, 1.380362457850124, 1.182456046133497, 0.4848582060788417, 7.385883854938248, 3.2000534717917457, 3.790352587862382, 5.880502455286084, 1.7525722053733386, 10.0, 9.64531670687787, 0.5115321475817145, 2.8338405050472173, 1.9836008820938582, 2.104612743604821, 0.8203413734848403, 2.6647346469684154, 3.432683270424802, 0.7127186789752223, 1.1855225605409077, 1.0232684116494333, 2.1836962674982328, 0.7021953801427793, 1.107806478311505, 1.5868853387031914, 10.0, 1.3146377346993507, 2.552215785243268]
APTIDAO: 
25.32822581804298
GEN: 5300
Individuo: 
[1.125575224231577, 2.0955797097374607, 0.34436581111469927, 4.80916137246977, 1.86330435028807, 0.6937074168214609, 0.6203294603542088, 0.6119502059504764, 0.6383255243130701, 0.10036822883818505, 0.48402663566809323, 0.11854769874834857, 11.550045005402108, 4.58524720817672, 1.8886790363647825, 9.238279109401518, 24.887785965848757, 4.870784701321752, 2.7150617678789843, 0.9585678457432671, 1.2169391904756126, 1.380362457850124, 1.182456046133497, 0.4848582060788417, 7.385883854938248, 3.2000534717917457, 3.790352587862382, 5.880502455286084, 1.7525722053733386, 10.0, 9.64531670687787, 0.5115321475817145, 2.8338405050472173, 1.9836008820938582, 2.104612743604821, 1.176216116969902, 2.6647346469684154, 2.233156916726188, 0.4865721629849462, 1.1855225605409077, 1.0232684116494333, 2.1836962674982328, 0.7021953801427793, 1.107806478311505, 1.5868853387031914, 10.0, 1.3146377346993507, 2.552215785243268]
APTIDAO: 
25.328135386051496
GEN: 5400
Individuo: 
[1.125575224231577, 2.0955797097374607, 0.34436581111469927, 4.810392407307109, 1.86330435028807, 0.6937074168214609, 0.6203294603542088, 0.6119502059504764, 0.6383255243130701, 0.10118742239182821, 0.48402663566809323, 0.11854769874834857, 11.550045005402108, 4.58524720817672, 1.0029223669797531, 9.238279109401518, 24.887785965848757, 4.870784701321752, 2.7150617678789843, 0.9585678457432671, 1.2169391904756126, 1.380362457850124, 1.182456046133497, 0.4848582060788417, 7.385883854938248, 3.2000534717917457, 3.790352587862382, 6.712325296774736, 1.7525722053733386, 10.0, 9.64531670687787, 0.5115321475817145, 2.8338405050472173, 2.1173830174419828, 2.104612743604821, 1.176216116969902, 2.6647346469684154, 2.233156916726188, 0.6341165694227935, 1.1855225605409077, 1.0232684116494333, 2.1836962674982328, 0.7021953801427793, 1.107806478311505, 1.5868853387031914, 10.0, 1.3146377346993507, 2.552215785243268]
APTIDAO: 
25.32574220409145
GEN: 5500
Individuo: 
[1.125575224231577, 2.0955797097374607, 0.346908068242833, 4.810392407307109, 1.86330435028807, 0.6937074168214609, 0.6203294603542088, 0.6119502059504764, 0.6383255243130701, 0.10002532474471987, 0.47805336811121, 0.12352926492010456, 11.550045005402108, 4.883503158337958, 1.0601076101846738, 9.238279109401518, 24.887785965848757, 4.870784701321752, 2.7150617678789843, 0.9585678457432671, 1.2169391904756126, 1.380362457850124, 1.182456046133497, 0.4848582060788417, 7.385883854938248, 3.2000534717917457, 3.4832855709973187, 6.712325296774736, 1.7525722053733386, 10.0, 9.64531670687787, 0.5115321475817145, 2.8338405050472173, 1.451654241291943, 2.3774268092584485, 1.0595415201914307, 2.6647346469684154, 3.377559006840028, 1.0777986626814524, 1.1855225605409077, 1.0232684116494333, 2.1836962674982328, 0.7021953801427793, 1.107806478311505, 1.5868853387031914, 10.0, 1.3146377346993507, 2.552215785243268]
APTIDAO: 
25.188957382965427
GEN: 5600
Individuo: 
[1.125575224231577, 2.0955797097374607, 0.346908068242833, 4.810392407307109, 1.86330435028807, 0.6937074168214609, 0.6203294603542088, 0.6112349760271991, 0.6383255243130701, 0.10002532474471987, 0.47805336811121, 0.12352926492010456, 11.550045005402108, 4.883503158337958, 1.0117512859992692, 9.238279109401518, 24.887785965848757, 4.870784701321752, 2.7150617678789843, 0.9626534145062978, 1.2169391904756126, 1.380362457850124, 1.182456046133497, 0.4848582060788417, 7.385883854938248, 3.2000534717917457, 3.4832855709973187, 6.712325296774736, 1.7525722053733386, 10.0, 9.64531670687787, 0.8734152644713126, 2.8338405050472173, 1.451654241291943, 2.3774268092584485, 1.0595415201914307, 2.6647346469684154, 3.377559006840028, 2.0312164481037462, 1.1855225605409077, 1.0232684116494333, 2.1836962674982328, 0.7021953801427793, 1.4635552415283826, 1.5868853387031914, 10.0, 1.3146377346993507, 2.552215785243268]
APTIDAO: 
25.18418098555577
GEN: 5700
Individuo: 
[1.125575224231577, 2.0955797097374607, 0.346908068242833, 4.810392407307109, 1.86330435028807, 0.6937074168214609, 0.6203294603542088, 0.6112349760271991, 0.6383255243130701, 0.11540892495943629, 0.47805336811121, 0.12503707652636967, 11.550045005402108, 4.883503158337958, 1.6757539218873627, 9.238279109401518, 24.887785965848757, 4.870784701321752, 2.7150617678789843, 0.9626534145062978, 1.2169391904756126, 1.380362457850124, 1.1799487978969116, 0.4848582060788417, 7.385883854938248, 3.2000534717917457, 3.4832855709973187, 6.712325296774736, 1.7525722053733386, 10.0, 9.64531670687787, 0.8734152644713126, 2.8338405050472173, 2.4060891192589433, 2.3774268092584485, 1.4028659276258881, 2.6647346469684154, 3.377559006840028, 2.311991969890697, 1.1855225605409077, 1.0232684116494333, 2.1836962674982328, 0.7021953801427793, 1.4635552415283826, 1.5868853387031914, 10.0, 1.0683247534413562, 2.552215785243268]
APTIDAO: 
25.17760787626602
GEN: 5800
Individuo: 
[1.125575224231577, 2.0955797097374607, 0.346908068242833, 4.810392407307109, 1.86330435028807, 0.6937074168214609, 0.6203294603542088, 0.6112349760271991, 0.6383255243130701, 0.11540892495943629, 0.47805336811121, 0.12503707652636967, 11.550045005402108, 4.883503158337958, 1.6757539218873627, 9.238279109401518, 19.948888514097618, 4.870784701321752, 2.7150617678789843, 0.9626534145062978, 1.2169391904756126, 1.380362457850124, 1.1799487978969116, 0.4848582060788417, 7.385883854938248, 3.2000534717917457, 3.4832855709973187, 6.712325296774736, 1.7525722053733386, 10.0, 9.64531670687787, 0.8734152644713126, 2.8338405050472173, 2.4060891192589433, 2.3774268092584485, 1.4028659276258881, 2.6647346469684154, 3.377559006840028, 2.311991969890697, 1.1855225605409077, 0.9198887450117413, 2.1836962674982328, 0.7021953801427793, 1.4635552415283826, 1.5868853387031914, 10.0, 1.0683247534413562, 2.552215785243268]
APTIDAO: 
25.175701597369688
GEN: 5900
Individuo: 
[1.125575224231577, 2.0955797097374607, 0.346908068242833, 4.810392407307109, 1.86330435028807, 0.6937074168214609, 0.6203294603542088, 0.6112349760271991, 0.6383255243130701, 0.11540892495943629, 0.47805336811121, 0.12503707652636967, 11.550045005402108, 4.663253644955493, 1.6757539218873627, 9.238279109401518, 19.948888514097618, 4.870784701321752, 2.099794612698891, 0.9626534145062978, 1.2169391904756126, 1.380362457850124, 1.1799487978969116, 0.4848582060788417, 7.385883854938248, 3.2000534717917457, 3.4832855709973187, 6.712325296774736, 1.7525722053733386, 10.0, 9.64531670687787, 0.8734152644713126, 2.8338405050472173, 2.4060891192589433, 2.3774268092584485, 1.4028659276258881, 2.6647346469684154, 3.373677924562683, 2.311991969890697, 1.1855225605409077, 0.9198887450117413, 2.1836962674982328, 0.7801956612045806, 1.4635552415283826, 1.5868853387031914, 10.0, 1.0683247534413562, 2.552215785243268]
APTIDAO: 
25.175701597369688
GEN: 6000
Individuo: 
[1.125575224231577, 2.0955797097374607, 0.346908068242833, 4.810392407307109, 1.86330435028807, 0.6937074168214609, 0.6203294603542088, 0.6112349760271991, 0.6383255243130701, 0.11540892495943629, 0.47805336811121, 0.12503707652636967, 11.550045005402108, 4.663253644955493, 1.6757539218873627, 9.031315165122306, 19.948888514097618, 4.870784701321752, 2.3090528720483454, 0.9626534145062978, 1.2169391904756126, 1.380362457850124, 1.1799487978969116, 0.4848582060788417, 7.385883854938248, 3.2000534717917457, 3.4832855709973187, 6.712325296774736, 1.7525722053733386, 10.0, 9.64531670687787, 0.8734152644713126, 2.8338405050472173, 2.4060891192589433, 2.3774268092584485, 1.4028659276258881, 2.6647346469684154, 3.373677924562683, 2.311991969890697, 1.0562959872960862, 0.9198887450117413, 2.1836962674982328, 0.9202010826064011, 1.4635552415283826, 1.5868853387031914, 10.0, 1.0683247534413562, 2.552215785243268]
APTIDAO: 
25.175701597369688
GEN: 6100
Individuo: 
[1.125575224231577, 2.0955797097374607, 0.346908068242833, 4.810392407307109, 1.86330435028807, 0.6937074168214609, 0.6203294603542088, 0.6112349760271991, 0.6383255243130701, 0.11540892495943629, 0.47805336811121, 0.12503707652636967, 11.550045005402108, 4.663253644955493, 1.4095872227889437, 9.031315165122306, 19.948888514097618, 4.064594799463224, 2.3090528720483454, 0.9626534145062978, 1.2169391904756126, 1.380362457850124, 1.1799487978969116, 0.4848582060788417, 7.385883854938248, 3.2000534717917457, 3.4832855709973187, 6.712325296774736, 1.7525722053733386, 10.0, 9.64531670687787, 0.8734152644713126, 2.8338405050472173, 2.4060891192589433, 2.3774268092584485, 1.4028659276258881, 2.6647346469684154, 3.373677924562683, 1.329424326179015, 1.0562959872960862, 0.9198887450117413, 1.9838981926226815, 0.9202010826064011, 1.4635552415283826, 1.5868853387031914, 10.0, 1.0683247534413562, 2.552215785243268]
APTIDAO: 
25.175701597369688
GEN: 6200
Individuo: 
[1.125575224231577, 2.0955797097374607, 0.346908068242833, 4.810392407307109, 1.86330435028807, 0.6937074168214609, 0.6203294603542088, 0.6112349760271991, 0.6383255243130701, 0.11540892495943629, 0.47805336811121, 0.12503707652636967, 11.550045005402108, 4.663253644955493, 1.284523401249417, 9.031315165122306, 19.810759905836345, 4.235309091581898, 2.589709422018495, 0.9626534145062978, 1.2169391904756126, 1.380362457850124, 1.1799487978969116, 0.4848582060788417, 7.385883854938248, 3.2000534717917457, 3.4832855709973187, 6.712325296774736, 1.7525722053733386, 10.0, 9.64531670687787, 0.8734152644713126, 2.8338405050472173, 2.4060891192589433, 2.3774268092584485, 1.4028659276258881, 2.6647346469684154, 3.373677924562683, 0.6755147193808235, 1.0562959872960862, 0.9584962178115857, 1.839815792323836, 1.2199148144196605, 1.4635552415283826, 1.5868853387031914, 10.0, 1.0683247534413562, 2.552215785243268]
APTIDAO: 
25.175701597369688
GEN: 6300
Individuo: 
[1.125575224231577, 2.0955797097374607, 0.346908068242833, 4.810392407307109, 1.86330435028807, 0.6937074168214609, 0.6203294603542088, 0.6112349760271991, 0.6383255243130701, 0.10209748834185062, 0.47805336811121, 0.12431261968922445, 11.550045005402108, 4.663253644955493, 1.040667274749432, 9.031315165122306, 24.790871452520495, 4.235309091581898, 2.589709422018495, 0.9626534145062978, 1.2169391904756126, 1.380362457850124, 1.1799487978969116, 0.4848582060788417, 7.385883854938248, 3.2000534717917457, 3.4832855709973187, 6.712325296774736, 1.7525722053733386, 10.0, 9.64531670687787, 0.8734152644713126, 2.8338405050472173, 1.2731607079212905, 2.3774268092584485, 0.8923101021495097, 2.6647346469684154, 3.373677924562683, 0.9426816357850337, 1.0562959872960862, 0.7875932022715977, 1.839815792323836, 1.2199148144196605, 1.4635552415283826, 1.5868853387031914, 10.0, 1.0683247534413562, 2.552215785243268]
APTIDAO: 
25.173700398690045
GEN: 6400
Individuo: 
[1.125575224231577, 2.0955797097374607, 0.346908068242833, 4.810392407307109, 1.86330435028807, 0.6937074168214609, 0.6203294603542088, 0.6112349760271991, 0.6383255243130701, 0.10209748834185062, 0.47805336811121, 0.1255550748408837, 11.550045005402108, 4.042407294671938, 1.320912279489837, 9.63299904487812, 24.790871452520495, 4.445622463779309, 2.589709422018495, 0.9626534145062978, 1.2169391904756126, 1.380362457850124, 1.18373102822299, 0.4848582060788417, 7.385883854938248, 3.2000534717917457, 3.4832855709973187, 6.712325296774736, 1.7525722053733386, 10.0, 9.64531670687787, 0.8734152644713126, 2.8338405050472173, 1.2731607079212905, 2.3774268092584485, 0.8428271505175132, 2.6647346469684154, 2.6918231855586074, 1.7266300772014125, 0.9180969662077942, 0.7875932022715977, 1.5693338549712366, 1.2199148144196605, 1.4635552415283826, 1.5868853387031914, 10.0, 1.2813191857924182, 2.552215785243268]
APTIDAO: 
25.154247371719276
GEN: 6500
Individuo: 
[1.125575224231577, 2.0955797097374607, 0.346908068242833, 4.810392407307109, 1.86330435028807, 0.6937074168214609, 0.6203294603542088, 0.6112349760271991, 0.6383255243130701, 0.10209748834185062, 0.47805336811121, 0.12559952783475994, 11.055719404031107, 4.271189957180384, 1.320912279489837, 9.63299904487812, 24.790871452520495, 4.445622463779309, 2.589709422018495, 0.9626534145062978, 1.2169391904756126, 1.380362457850124, 1.18373102822299, 0.4848582060788417, 7.385883854938248, 3.2000534717917457, 3.4832855709973187, 6.712325296774736, 1.7525722053733386, 10.0, 9.64531670687787, 0.8734152644713126, 2.8338405050472173, 1.2731607079212905, 2.3774268092584485, 1.2655803420250271, 3.369354183698067, 3.4401892305356387, 1.7266300772014125, 0.9180969662077942, 0.7875932022715977, 1.5693338549712366, 1.2199148144196605, 1.4635552415283826, 1.5868853387031914, 10.0, 1.2813191857924182, 2.552215785243268]
APTIDAO: 
25.154102405256985
GEN: 6600
Individuo: 
[1.125575224231577, 2.0955797097374607, 0.346908068242833, 4.810392407307109, 1.86330435028807, 0.6937074168214609, 0.6203294603542088, 0.6084689944290856, 0.6399471069586913, 0.11924646344052667, 0.4762949648083186, 0.12662136261538806, 11.550045005402108, 4.593744412329487, 1.1628071757193343, 9.63299904487812, 20.121550465249978, 4.445622463779309, 2.589709422018495, 0.9626534145062978, 1.2169391904756126, 1.380362457850124, 1.18373102822299, 0.4848582060788417, 7.385883854938248, 3.2000534717917457, 3.4832855709973187, 6.712325296774736, 1.7525722053733386, 10.0, 9.64531670687787, 0.7980444043853441, 3.1412074331757225, 1.174466244833238, 2.0532438986573545, 1.0192326407862558, 2.6647346469684154, 3.9120406820400615, 2.087267167806548, 0.9180969662077942, 0.6967852654903355, 1.5693338549712366, 1.2199148144196605, 1.4635552415283826, 1.5868853387031914, 10.0, 1.2813191857924182, 2.552215785243268]
APTIDAO: 
25.11649558568807
GEN: 6700
Individuo: 
[1.125575224231577, 2.0955797097374607, 0.346908068242833, 4.810392407307109, 1.86330435028807, 0.6937074168214609, 0.6203294603542088, 0.6084689944290856, 0.6399471069586913, 0.1010659862051763, 0.4757936273793443, 0.12662136261538806, 11.550045005402108, 4.593744412329487, 1.1628071757193343, 9.930859999576507, 24.927001033161126, 4.445622463779309, 2.9233015130686835, 0.9626534145062978, 1.2169391904756126, 1.380362457850124, 1.18373102822299, 0.4848582060788417, 7.385883854938248, 3.2000534717917457, 3.4832855709973187, 6.712325296774736, 1.7525722053733386, 10.0, 9.64531670687787, 0.7980444043853441, 3.1412074331757225, 1.3209374754207515, 1.6138853008437952, 1.0192326407862558, 2.6647346469684154, 3.9120406820400615, 2.087267167806548, 0.6276874640276549, 0.7863795133355681, 1.5693338549712366, 1.2582361299938625, 1.4635552415283826, 1.5868853387031914, 10.0, 1.2813191857924182, 2.552215785243268]
APTIDAO: 
25.10846598873397
GEN: 6800
Individuo: 
[1.125575224231577, 2.0955797097374607, 0.346908068242833, 4.810392407307109, 1.86330435028807, 0.6937074168214609, 0.6225015482364709, 0.6084689944290856, 0.6399471069586913, 0.10069765195972613, 0.4757936273793443, 0.12662136261538806, 11.550045005402108, 4.593744412329487, 1.1628071757193343, 9.930859999576507, 24.927001033161126, 4.507601655302708, 2.9233015130686835, 0.9626534145062978, 1.2169391904756126, 1.380362457850124, 1.18373102822299, 0.4848582060788417, 7.385883854938248, 3.2000534717917457, 3.4832855709973187, 6.712325296774736, 1.7525722053733386, 10.0, 9.081208958575584, 0.7980444043853441, 3.1412074331757225, 1.1113240899081525, 1.6138853008437952, 1.0192326407862558, 2.6647346469684154, 3.9120406820400615, 2.087267167806548, 0.6276874640276549, 0.7863795133355681, 1.8017062619621567, 1.2582361299938625, 1.4635552415283826, 1.5868853387031914, 10.0, 1.2813191857924182, 2.552215785243268]
APTIDAO: 
25.098198472002366
GEN: 6900
Individuo: 
[1.125575224231577, 2.0955797097374607, 0.346908068242833, 4.810392407307109, 1.86330435028807, 0.6937074168214609, 0.6258635161646633, 0.6059339547919781, 0.6399471069586913, 0.10039913252646418, 0.4757936273793443, 0.12662136261538806, 11.550045005402108, 4.593744412329487, 1.7099481310026257, 9.637615430762652, 9.40387150600977, 4.507601655302708, 2.9233015130686835, 0.9626534145062978, 1.2169391904756126, 1.380362457850124, 1.1871980292131061, 0.4848582060788417, 7.385883854938248, 3.2000534717917457, 3.4832855709973187, 6.712325296774736, 1.7525722053733386, 10.0, 5.083755019321052, 1.1214069223393506, 3.1412074331757225, 0.6181429883677987, 1.6138853008437952, 1.0192326407862558, 2.6647346469684154, 3.9120406820400615, 2.6595431302412083, 0.7308147197560798, 0.8464953520476959, 1.8017062619621567, 1.2582361299938625, 1.4635552415283826, 1.5868853387031914, 10.0, 1.0285003725276085, 2.552215785243268]
APTIDAO: 
25.051325135404593
GEN: 7000
Individuo: 
[1.125575224231577, 2.0955797097374607, 0.346908068242833, 4.810392407307109, 1.86330435028807, 0.6937074168214609, 0.6258635161646633, 0.6059339547919781, 0.6399471069586913, 0.10586632844199487, 0.4757936273793443, 0.12662136261538806, 11.550045005402108, 4.593744412329487, 1.6336889553490128, 9.637615430762652, 15.495998924775094, 4.507601655302708, 2.184614180002022, 0.9666596227488334, 1.2169391904756126, 1.380362457850124, 1.1871980292131061, 0.4848582060788417, 7.385883854938248, 3.2000534717917457, 3.4832855709973187, 6.712325296774736, 1.7525722053733386, 10.0, 5.083755019321052, 1.1214069223393506, 3.1412074331757225, 0.691150113634603, 1.6138853008437952, 1.0192326407862558, 2.6647346469684154, 3.9120406820400615, 1.7268690708767576, 0.7308147197560798, 1.0209477088378618, 1.8017062619621567, 1.2649932205185588, 0.808056226415636, 1.5868853387031914, 10.0, 1.0285003725276085, 2.552215785243268]
APTIDAO: 
25.033337794884577
GEN: 7100
Individuo: 
[1.125575224231577, 2.0955797097374607, 0.346908068242833, 4.810392407307109, 1.86330435028807, 0.6937074168214609, 0.6258635161646633, 0.6059339547919781, 0.6399471069586913, 0.10232623097134491, 0.4757936273793443, 0.12662136261538806, 11.550045005402108, 4.593744412329487, 1.7099481310026257, 9.637615430762652, 18.517355576232443, 4.507601655302708, 2.184614180002022, 0.9666596227488334, 1.2169391904756126, 1.380362457850124, 1.1871980292131061, 0.4848582060788417, 7.385883854938248, 3.2000534717917457, 3.4832855709973187, 6.712325296774736, 1.7525722053733386, 10.0, 5.083755019321052, 1.1214069223393506, 3.1412074331757225, 0.9493263502258562, 1.6138853008437952, 1.0192326407862558, 2.6647346469684154, 3.9120406820400615, 2.6595431302412083, 0.7308147197560798, 1.2631022521250055, 1.8017062619621567, 1.2649932205185588, 0.808056226415636, 1.5868853387031914, 10.0, 1.0285003725276085, 2.552215785243268]
APTIDAO: 
25.028725645692667
GEN: 7200
Individuo: 
[1.125575224231577, 2.0955797097374607, 0.34880703171469996, 4.810392407307109, 1.86330435028807, 0.6937074168214609, 0.6258635161646633, 0.6059339547919781, 0.6399471069586913, 0.10232623097134491, 0.4757936273793443, 0.12662136261538806, 11.550045005402108, 4.593744412329487, 1.3807784001775838, 9.709288842494464, 24.313677755342074, 4.507601655302708, 2.184614180002022, 0.9666596227488334, 1.2169391904756126, 1.380362457850124, 1.1871980292131061, 0.4848582060788417, 7.385883854938248, 3.2000534717917457, 3.5437021681184886, 6.712325296774736, 1.7525722053733386, 10.0, 5.083755019321052, 1.1214069223393506, 3.1412074331757225, 0.9493263502258562, 1.6138853008437952, 1.0192326407862558, 2.6647346469684154, 3.9120406820400615, 2.481820207472034, 0.9144337457045333, 1.3526544694223974, 1.8017062619621567, 1.2649932205185588, 0.808056226415636, 1.5868853387031914, 10.0, 1.0285003725276085, 2.552215785243268]
APTIDAO: 
25.006727336403166
GEN: 7300
Individuo: 
[1.125575224231577, 2.0955797097374607, 0.34880703171469996, 4.810392407307109, 1.86330435028807, 0.6937074168214609, 0.6258635161646633, 0.6059339547919781, 0.6399471069586913, 0.1011118799445112, 0.4757936273793443, 0.12662136261538806, 11.550045005402108, 4.593744412329487, 1.3807784001775838, 9.709288842494464, 24.313677755342074, 4.290056600293367, 2.184614180002022, 0.9666596227488334, 1.2169391904756126, 1.380362457850124, 1.1871980292131061, 0.4848582060788417, 7.385883854938248, 3.2000534717917457, 3.5437021681184886, 6.712325296774736, 1.7525722053733386, 10.0, 5.083755019321052, 1.1214069223393506, 3.1412074331757225, 0.5655175676160655, 1.6138853008437952, 1.0192326407862558, 2.6647346469684154, 3.9120406820400615, 2.481820207472034, 0.9144337457045333, 1.3526544694223974, 1.2423884216046628, 1.2649932205185588, 0.808056226415636, 1.5868853387031914, 10.0, 1.0285003725276085, 2.552215785243268]
APTIDAO: 
25.00671333266904
GEN: 7400
Individuo: 
[1.125575224231577, 2.0955797097374607, 0.34880703171469996, 4.810392407307109, 1.86330435028807, 0.6937074168214609, 0.6258635161646633, 0.6059339547919781, 0.6399471069586913, 0.10065789928498245, 0.4757936273793443, 0.12662136261538806, 11.550045005402108, 4.593744412329487, 1.2749955784579394, 9.709288842494464, 24.313677755342074, 4.945355198512554, 2.238198400158934, 0.9666596227488334, 1.2169391904756126, 1.380362457850124, 1.1871980292131061, 0.4848582060788417, 7.385883854938248, 3.2000534717917457, 3.5437021681184886, 6.712325296774736, 1.7525722053733386, 10.0, 5.083755019321052, 1.1214069223393506, 3.1412074331757225, 0.8420218281145679, 1.6138853008437952, 1.0192326407862558, 2.6647346469684154, 3.9120406820400615, 1.777880887863903, 0.9144337457045333, 1.3526544694223974, 2.3994019896496974, 1.846601974008383, 0.808056226415636, 1.5868853387031914, 10.0, 1.0285003725276085, 2.552215785243268]
APTIDAO: 
25.006710501190756
GEN: 7500
Individuo: 
[1.125575224231577, 2.0955797097374607, 0.34880703171469996, 4.810392407307109, 1.86330435028807, 0.6937074168214609, 0.6258635161646633, 0.6059339547919781, 0.6399471069586913, 0.10065789928498245, 0.4757936273793443, 0.12662136261538806, 11.550045005402108, 4.593744412329487, 1.2749955784579394, 9.709288842494464, 24.313677755342074, 4.945355198512554, 2.9128463190601583, 0.9666596227488334, 1.2169391904756126, 1.380362457850124, 1.1871980292131061, 0.4848582060788417, 7.385883854938248, 3.2000534717917457, 3.5437021681184886, 6.712325296774736, 1.7525722053733386, 10.0, 5.083755019321052, 1.1214069223393506, 3.1412074331757225, 0.8420218281145679, 1.6138853008437952, 1.0192326407862558, 2.6647346469684154, 3.9120406820400615, 1.777880887863903, 0.9144337457045333, 1.3526544694223974, 2.3994019896496974, 1.754207279609546, 0.808056226415636, 1.5868853387031914, 10.0, 1.0285003725276085, 2.552215785243268]
APTIDAO: 
25.006710501190756
GEN: 7600
Individuo: 
[1.125575224231577, 2.0955797097374607, 0.34880703171469996, 4.810392407307109, 1.86330435028807, 0.6937074168214609, 0.6258635161646633, 0.6059339547919781, 0.6399471069586913, 0.10065789928498245, 0.4757936273793443, 0.12662136261538806, 11.550045005402108, 4.593744412329487, 1.864893533597631, 9.709288842494464, 24.95323875559629, 4.548470941421813, 2.606329985900983, 0.9666596227488334, 1.2169391904756126, 1.380362457850124, 1.1871980292131061, 0.4848582060788417, 7.385883854938248, 3.2000534717917457, 3.5437021681184886, 6.712325296774736, 1.7525722053733386, 10.0, 5.083755019321052, 1.1214069223393506, 3.1412074331757225, 0.8420218281145679, 1.6138853008437952, 1.0192326407862558, 2.6647346469684154, 3.9120406820400615, 1.3394999897627895, 0.9144337457045333, 2.0298767097938204, 3.5016400404547716, 0.9539159610056523, 0.808056226415636, 1.5868853387031914, 10.0, 1.0285003725276085, 2.552215785243268]
APTIDAO: 
25.006710501190756
GEN: 7700
Individuo: 
[1.125575224231577, 2.0955797097374607, 0.34880703171469996, 4.810392407307109, 1.86330435028807, 0.6937074168214609, 0.6258635161646633, 0.6059339547919781, 0.6399471069586913, 0.10041237783856725, 0.4757936273793443, 0.12662136261538806, 11.550045005402108, 4.601732475405359, 1.9276383176135188, 9.709288842494464, 24.95323875559629, 4.603264723902361, 2.9163465932452484, 0.9666596227488334, 1.2169391904756126, 1.380362457850124, 1.1871980292131061, 0.4848582060788417, 7.385883854938248, 3.2000534717917457, 3.5437021681184886, 6.712325296774736, 1.7525722053733386, 10.0, 5.083755019321052, 1.1214069223393506, 3.1412074331757225, 2.1195863802493995, 1.6138853008437952, 1.0192326407862558, 2.6647346469684154, 3.1608244366119664, 0.8600898536603425, 0.9144337457045333, 2.0298767097938204, 1.9563288007703774, 0.8460454171562071, 0.808056226415636, 1.5868853387031914, 10.0, 1.0285003725276085, 2.552215785243268]
APTIDAO: 
25.006708088810466
GEN: 7800
Individuo: 
[1.125575224231577, 2.0955797097374607, 0.34880703171469996, 4.810392407307109, 1.86330435028807, 0.6937074168214609, 0.6258635161646633, 0.6059339547919781, 0.6399471069586913, 0.10041237783856725, 0.4757936273793443, 0.12662136261538806, 11.550045005402108, 4.601732475405359, 1.1038749916988246, 9.709288842494464, 24.3051661915988, 4.603264723902361, 2.258750700796911, 0.9666596227488334, 1.2169391904756126, 1.380362457850124, 1.1871980292131061, 0.4848582060788417, 7.385883854938248, 3.2000534717917457, 3.5437021681184886, 6.712325296774736, 1.7525722053733386, 10.0, 5.083755019321052, 1.1214069223393506, 3.1412074331757225, 2.1195863802493995, 1.6138853008437952, 1.0192326407862558, 2.6647346469684154, 3.1608244366119664, 0.4311567325757323, 0.9144337457045333, 1.1901568572939922, 1.9563288007703774, 0.8314929496670264, 0.808056226415636, 1.5868853387031914, 10.0, 1.0285003725276085, 2.552215785243268]
APTIDAO: 
25.006708088810466
GEN: 7900
Individuo: 
[1.125575224231577, 2.0955797097374607, 0.34880703171469996, 4.810392407307109, 1.86330435028807, 0.6937074168214609, 0.6258635161646633, 0.6059339547919781, 0.6399471069586913, 0.10041237783856725, 0.4757936273793443, 0.12662136261538806, 11.550045005402108, 4.601732475405359, 1.104189548543825, 9.709288842494464, 24.3051661915988, 4.123214414137666, 2.4506713377092595, 0.9666596227488334, 1.2169391904756126, 1.380362457850124, 1.1871980292131061, 0.4848582060788417, 7.385883854938248, 3.2000534717917457, 3.5437021681184886, 6.712325296774736, 1.7525722053733386, 10.0, 5.083755019321052, 1.1214069223393506, 3.1412074331757225, 2.1195863802493995, 1.6138853008437952, 1.0192326407862558, 2.6647346469684154, 3.1608244366119664, 0.843852585654698, 0.9144337457045333, 1.1901568572939922, 1.698384516899603, 0.7378575958249465, 0.808056226415636, 1.5868853387031914, 10.0, 1.0285003725276085, 2.552215785243268]
APTIDAO: 
25.006708088810466
GEN: 8000
Individuo: 
[1.125575224231577, 2.0955797097374607, 0.3327878316163662, 4.810392407307109, 1.86330435028807, 0.7045273132236922, 0.6258635161646633, 0.6059339547919781, 0.6399471069586913, 0.12090487921478499, 0.4757936273793443, 0.12662136261538806, 11.550045005402108, 4.173987432197727, 1.104189548543825, 9.709288842494464, 24.3051661915988, 3.237684622246833, 2.593266540667499, 0.9666596227488334, 1.2169391904756126, 1.3984350466404238, 1.1871980292131061, 0.5125283088567303, 7.385883854938248, 3.2000534717917457, 1.6714224712729568, 6.712325296774736, 1.7525722053733386, 10.0, 5.083755019321052, 1.1214069223393506, 3.1412074331757225, 1.9020161731324732, 1.6138853008437952, 1.0192326407862558, 2.6647346469684154, 3.6809226143266667, 0.843852585654698, 0.9144337457045333, 1.1901568572939922, 1.0423964490667668, 1.200208297490571, 0.808056226415636, 1.5868853387031914, 10.0, 1.0285003725276085, 2.626597717375064]
APTIDAO: 
24.504494152247883
GEN: 8100
Individuo: 
[1.125575224231577, 2.0955797097374607, 0.3308167864267569, 4.810392407307109, 1.86330435028807, 0.7045273132236922, 0.6258635161646633, 0.6059339547919781, 0.6399471069586913, 0.10777481812975706, 0.4757936273793443, 0.12662136261538806, 12.494273719344198, 4.173987432197727, 1.5560285378191216, 9.709288842494464, 14.788933851077083, 3.482096777907381, 2.593266540667499, 0.9666596227488334, 1.2169391904756126, 1.3984350466404238, 1.1871980292131061, 0.5125283088567303, 7.385883854938248, 3.2000534717917457, 1.4084347456027728, 6.712325296774736, 1.7525722053733386, 10.0, 5.083755019321052, 1.1214069223393506, 3.1412074331757225, 1.9987820376983239, 1.6138853008437952, 1.0192326407862558, 3.2698590442569277, 3.6809226143266667, 0.4524285252067857, 0.9144337457045333, 1.0643360882653705, 1.3350741725831712, 1.200208297490571, 0.808056226415636, 1.5868853387031914, 10.0, 1.0285003725276085, 2.626597717375064]
APTIDAO: 
24.422647013031163
GEN: 8200
Individuo: 
[1.125575224231577, 2.0955797097374607, 0.3328786631178882, 4.810392407307109, 1.86330435028807, 0.7045273132236922, 0.6258635161646633, 0.6059339547919781, 0.6399471069586913, 0.11092436401377034, 0.4757936273793443, 0.12662136261538806, 12.494273719344198, 4.173987432197727, 1.5996446705292051, 9.709288842494464, 24.942231807904054, 3.482096777907381, 2.3813866486464867, 0.9666596227488334, 1.2169391904756126, 1.3984350466404238, 1.1871980292131061, 0.5125283088567303, 7.385883854938248, 3.2000534717917457, 1.252672637584885, 6.712325296774736, 1.7525722053733386, 10.0, 5.083755019321052, 1.1214069223393506, 3.1412074331757225, 1.6523947565062975, 1.6138853008437952, 1.0192326407862558, 3.2698590442569277, 3.6809226143266667, 0.6409130599071668, 0.9144337457045333, 0.9536066090481495, 1.3350741725831712, 1.6027770844079814, 0.808056226415636, 1.5868853387031914, 10.0, 1.0285003725276085, 2.626597717375064]
APTIDAO: 
24.419149410756397
GEN: 8300
Individuo: 
[1.125575224231577, 2.0955797097374607, 0.3328786631178882, 4.810392407307109, 1.86330435028807, 0.7045273132236922, 0.6258635161646633, 0.6059339547919781, 0.6399471069586913, 0.10190031456098013, 0.4757936273793443, 0.1254043549202886, 12.494273719344198, 4.173987432197727, 1.330075179962328, 9.709288842494464, 24.942231807904054, 3.482096777907381, 2.1419259847427448, 0.9666596227488334, 1.2169391904756126, 1.3984350466404238, 1.1871980292131061, 0.5125283088567303, 7.385883854938248, 3.2000534717917457, 1.252672637584885, 6.712325296774736, 1.7525722053733386, 10.0, 5.083755019321052, 1.1214069223393506, 3.1412074331757225, 1.1445112474332244, 1.6138853008437952, 0.7307406441520501, 3.2698590442569277, 3.6809226143266667, 1.0630486140628645, 0.9144337457045333, 0.9536066090481495, 1.3350741725831712, 1.6600924806657702, 0.808056226415636, 1.5868853387031914, 10.0, 1.0285003725276085, 2.626597717375064]
APTIDAO: 
24.409814242104883
GEN: 8400
Individuo: 
[1.125575224231577, 2.10444461461805, 0.3328786631178882, 4.810392407307109, 1.86330435028807, 0.7045273132236922, 0.6282752462217549, 0.6059339547919781, 0.6399471069586913, 0.10190031456098013, 0.4757936273793443, 0.1224141823113242, 12.494273719344198, 4.5638238827468, 1.065480776517996, 9.49068082175471, 13.465950132387839, 3.482096777907381, 2.1419259847427448, 0.9666596227488334, 1.2169391904756126, 1.3984350466404238, 1.1871980292131061, 0.5125283088567303, 7.385883854938248, 3.091871016052409, 1.252672637584885, 6.712325296774736, 1.7525722053733386, 10.0, 3.88813025631717, 1.1214069223393506, 3.1412074331757225, 1.1445112474332244, 1.6138853008437952, 0.7523532264203073, 3.2698590442569277, 3.9204677867744264, 0.3883174249427406, 1.5191379854695424, 0.8392485460228929, 1.3350741725831712, 1.6600924806657702, 0.808056226415636, 1.5868853387031914, 10.0, 1.0285003725276085, 2.626597717375064]
APTIDAO: 
24.36217387218598
GEN: 8500
Individuo: 
[1.125575224231577, 2.10444461461805, 0.32847134574856685, 4.810392407307109, 1.86330435028807, 0.7045273132236922, 0.6287236846044232, 0.6059339547919781, 0.6399471069586913, 0.1016618869477667, 0.4757936273793443, 0.1224141823113242, 12.494273719344198, 4.5638238827468, 1.5483020805408543, 9.310470155925564, 17.895838589445894, 3.482096777907381, 2.0454391680521216, 0.9666596227488334, 1.2169391904756126, 1.3984350466404238, 1.1871980292131061, 0.5125283088567303, 7.385883854938248, 3.091871016052409, 1.2264713831111795, 6.712325296774736, 1.7525722053733386, 10.0, 2.550300833015573, 1.1214069223393506, 3.1412074331757225, 0.5964148724615579, 1.6138853008437952, 0.7523532264203073, 3.2698590442569277, 3.9204677867744264, 1.1207976985721324, 1.6761979097016704, 0.7522344297388012, 1.3350741725831712, 2.868976342722859, 0.808056226415636, 1.5868853387031914, 10.0, 1.0285003725276085, 2.626597717375064]
APTIDAO: 
24.35654575821987
GEN: 8600
Individuo: 
[1.125575224231577, 2.10444461461805, 0.32847134574856685, 4.810392407307109, 1.86330435028807, 0.7045273132236922, 0.6287236846044232, 0.6059339547919781, 0.6399471069586913, 0.10115862103228421, 0.4757936273793443, 0.12095046198894294, 12.494273719344198, 4.5638238827468, 1.538293130199428, 9.310470155925564, 23.006034173816975, 3.482096777907381, 2.0454391680521216, 0.9666596227488334, 1.2169391904756126, 1.3984350466404238, 1.1871980292131061, 0.5125283088567303, 7.385883854938248, 3.091871016052409, 1.2264713831111795, 6.712325296774736, 1.7525722053733386, 10.0, 2.550300833015573, 1.1214069223393506, 3.1412074331757225, 0.8680245756650672, 1.6138853008437952, 1.0433409905540136, 3.2698590442569277, 3.9204677867744264, 1.2923386575200289, 1.6761979097016704, 1.9073057175945083, 1.3350741725831712, 2.868976342722859, 0.808056226415636, 1.5868853387031914, 10.0, 1.0285003725276085, 2.626597717375064]
APTIDAO: 
24.34706838131852
GEN: 8700
Individuo: 
[1.125575224231577, 2.10444461461805, 0.33335783363566723, 4.810392407307109, 1.86330435028807, 0.7045273132236922, 0.6297345508747924, 0.6059339547919781, 0.6399471069586913, 0.10115862103228421, 0.4757936273793443, 0.11928057974331807, 12.494273719344198, 4.29723677571633, 1.2715465767754246, 9.310470155925564, 23.7418334431205, 3.482096777907381, 2.72225072796008, 0.9666596227488334, 1.2169391904756126, 1.3984350466404238, 1.1871980292131061, 0.5125283088567303, 7.385883854938248, 3.091871016052409, 1.3584262375345746, 6.712325296774736, 1.7525722053733386, 10.0, 1.8823522980648553, 1.1214069223393506, 3.1412074331757225, 0.8680245756650672, 1.6138853008437952, 0.7142450037718573, 3.2698590442569277, 4.764828947045292, 0.6229478565518397, 1.6761979097016704, 1.3594721756631885, 1.3350741725831712, 2.031523012173941, 0.808056226415636, 1.5868853387031914, 10.0, 1.0285003725276085, 2.626597717375064]
APTIDAO: 
24.32275655422331
GEN: 8800
Individuo: 
[1.125575224231577, 2.10444461461805, 0.33335783363566723, 4.810392407307109, 1.86330435028807, 0.7045273132236922, 0.6297345508747924, 0.6059339547919781, 0.6399471069586913, 0.10115862103228421, 0.4757936273793443, 0.11928057974331807, 12.592799303278332, 4.29723677571633, 1.1866380253126172, 9.310470155925564, 24.999188226987993, 3.482096777907381, 2.8854237102243383, 0.9666596227488334, 1.2169391904756126, 1.3984350466404238, 1.1853708258872229, 0.5125283088567303, 7.385883854938248, 3.091871016052409, 1.3584262375345746, 6.712325296774736, 1.7525722053733386, 10.0, 1.8823522980648553, 1.1214069223393506, 3.1412074331757225, 0.8680245756650672, 1.6138853008437952, 0.7142450037718573, 2.63415952454757, 4.764828947045292, 0.7138068945597522, 1.6761979097016704, 1.200648072977539, 1.3350741725831712, 1.9735178144746892, 0.808056226415636, 1.5868853387031914, 10.0, 1.6899420062434962, 2.626597717375064]
APTIDAO: 
24.31278458325157
GEN: 8900
Individuo: 
[1.125575224231577, 2.10444461461805, 0.3342520420842794, 4.810392407307109, 1.86330435028807, 0.7045273132236922, 0.6297345508747924, 0.6059339547919781, 0.6399471069586913, 0.10122980120077035, 0.4757936273793443, 0.11928057974331807, 12.432183754495139, 4.29723677571633, 1.0415132962581266, 9.796221708072073, 24.237536164711074, 3.482096777907381, 2.8854237102243383, 0.9666596227488334, 1.2169391904756126, 1.3984350466404238, 1.1853708258872229, 0.5125283088567303, 7.385883854938248, 3.091871016052409, 1.7448451566299656, 6.712325296774736, 1.7525722053733386, 10.0, 1.8823522980648553, 1.1214069223393506, 3.1412074331757225, 0.5350223266088576, 1.6138853008437952, 0.7142450037718573, 3.884503925904835, 4.764828947045292, 0.5536368262057975, 2.427098494921407, 0.774018199188733, 1.3350741725831712, 1.9735178144746892, 0.808056226415636, 1.5868853387031914, 10.0, 1.6899420062434962, 2.626597717375064]
APTIDAO: 
24.3126869145341
GEN: 9000
Individuo: 
[1.125575224231577, 2.10444461461805, 0.3342520420842794, 4.810392407307109, 1.86330435028807, 0.7045273132236922, 0.6297345508747924, 0.6059339547919781, 0.6399471069586913, 0.10163769571754001, 0.4757936273793443, 0.11652464077836235, 12.432183754495139, 4.29723677571633, 1.8044542462751885, 9.796221708072073, 24.237536164711074, 3.482096777907381, 2.2999862312767876, 0.9666596227488334, 1.2169391904756126, 1.3984350466404238, 1.1853708258872229, 0.5125283088567303, 7.385883854938248, 3.091871016052409, 1.7448451566299656, 6.712325296774736, 1.7525722053733386, 10.0, 1.8823522980648553, 1.1214069223393506, 3.1412074331757225, 0.47442870906797735, 1.6138853008437952, 1.0018514128581355, 3.884503925904835, 4.764828947045292, 1.363647406563939, 2.427098494921407, 0.774018199188733, 1.3350741725831712, 1.7708615950587812, 0.808056226415636, 1.5868853387031914, 10.0, 1.6899420062434962, 2.626597717375064]
APTIDAO: 
24.305112338243532
GEN: 9100
Individuo: 
[1.125575224231577, 2.10444461461805, 0.335341152503404, 4.810392407307109, 1.86330435028807, 0.7045273132236922, 0.6297345508747924, 0.6059339547919781, 0.6399471069586913, 0.10163769571754001, 0.4757936273793443, 0.11652464077836235, 12.432183754495139, 4.29723677571633, 1.2039490836414506, 9.796221708072073, 22.74413844821487, 3.890834607617634, 2.2999862312767876, 0.9666596227488334, 1.2169391904756126, 1.3984350466404238, 1.181379956168237, 0.5125283088567303, 7.385883854938248, 3.091871016052409, 2.1632868720933933, 6.712325296774736, 1.7525722053733386, 10.0, 1.8823522980648553, 1.1214069223393506, 3.1412074331757225, 0.47442870906797735, 1.6138853008437952, 1.0018514128581355, 3.884503925904835, 4.764828947045292, 0.8169506367222431, 2.427098494921407, 1.1379128270913084, 1.7769713052473208, 1.7708615950587812, 0.808056226415636, 1.5868853387031914, 10.0, 1.4856109694802648, 2.626597717375064]
APTIDAO: 
24.27056564516624
GEN: 9200
Individuo: 
[1.125575224231577, 2.10444461461805, 0.335341152503404, 4.810392407307109, 1.86330435028807, 0.7045273132236922, 0.6297345508747924, 0.6059339547919781, 0.6399471069586913, 0.1000464126587463, 0.4757936273793443, 0.11652464077836235, 12.432183754495139, 4.29723677571633, 1.1707082546356324, 9.796221708072073, 24.772051183286628, 3.6165232456154772, 2.2999862312767876, 0.9666596227488334, 1.2169391904756126, 1.3984350466404238, 1.181379956168237, 0.5125283088567303, 7.385883854938248, 3.091871016052409, 2.1632868720933933, 6.712325296774736, 1.7525722053733386, 10.0, 1.8823522980648553, 1.1214069223393506, 3.1412074331757225, 0.617802155807274, 1.6138853008437952, 1.0018514128581355, 3.884503925904835, 4.764828947045292, 0.7085224902981636, 2.427098494921407, 0.9861685585670351, 1.62027197497887, 1.7708615950587812, 0.808056226415636, 1.5868853387031914, 10.0, 1.4856109694802648, 2.626597717375064]
APTIDAO: 
24.27052223637682
GEN: 9300
Individuo: 
[1.125575224231577, 2.10444461461805, 0.335341152503404, 4.810392407307109, 1.86330435028807, 0.7045273132236922, 0.6297345508747924, 0.6059339547919781, 0.6399471069586913, 0.104434345387891, 0.4757936273793443, 0.1194423104231846, 12.432183754495139, 4.490906130426748, 1.6583070237856603, 9.796221708072073, 11.435804243131432, 3.6165232456154772, 2.147051368150346, 0.9666596227488334, 1.228357384728631, 1.3984350466404238, 1.181379956168237, 0.5125283088567303, 7.385883854938248, 3.091871016052409, 2.1632868720933933, 6.712325296774736, 1.7525722053733386, 10.0, 1.8823522980648553, 1.1214069223393506, 3.1412074331757225, 0.4918913842367661, 1.6138853008437952, 1.158795544498321, 3.884503925904835, 4.415974263342069, 1.1151033712997624, 2.427098494921407, 1.1864329606514443, 1.62027197497887, 2.9399306598919854, 0.808056226415636, 2.400579096219007, 10.0, 1.4856109694802648, 2.626597717375064]
APTIDAO: 
24.286400215261217
GEN: 9400
Individuo: 
[1.125575224231577, 2.10444461461805, 0.335341152503404, 4.810392407307109, 1.86330435028807, 0.7045273132236922, 0.6297345508747924, 0.6059339547919781, 0.6399471069586913, 0.10029425833294209, 0.4757936273793443, 0.1194423104231846, 12.432183754495139, 4.490906130426748, 1.5353233397383355, 9.796221708072073, 10.448997496332636, 3.6165232456154772, 2.4723502109785676, 0.9671312836542835, 1.228357384728631, 1.3984350466404238, 1.181379956168237, 0.5125283088567303, 7.385883854938248, 3.091871016052409, 2.1632868720933933, 6.712325296774736, 1.7525722053733386, 10.0, 1.8823522980648553, 1.1214069223393506, 3.1412074331757225, 0.581739496229614, 1.6138853008437952, 1.158795544498321, 3.884503925904835, 4.415974263342069, 0.8581924149473159, 2.427098494921407, 0.828527591676193, 1.62027197497887, 3.3995093988647294, 0.6925191174887907, 2.400579096219007, 10.0, 1.4856109694802648, 2.626597717375064]
APTIDAO: 
24.282336038858805
GEN: 9500
Individuo: 
[1.125575224231577, 2.10444461461805, 0.335341152503404, 4.810392407307109, 1.86330435028807, 0.7045273132236922, 0.6297345508747924, 0.6059339547919781, 0.6399471069586913, 0.10029425833294209, 0.4757936273793443, 0.1194423104231846, 12.432183754495139, 4.317857342713342, 1.7180636927056154, 9.796221708072073, 10.448997496332636, 3.6165232456154772, 2.4723502109785676, 0.9671312836542835, 1.228357384728631, 1.3984350466404238, 1.1809505335696815, 0.5125283088567303, 7.385883854938248, 3.091871016052409, 2.1632868720933933, 6.712325296774736, 1.7525722053733386, 10.0, 1.8823522980648553, 1.1214069223393506, 3.1412074331757225, 0.581739496229614, 1.6138853008437952, 1.158795544498321, 3.884503925904835, 2.2444635589712143, 1.6960584588917447, 2.427098494921407, 0.828527591676193, 1.62027197497887, 3.3995093988647294, 0.6925191174887907, 2.400579096219007, 10.0, 1.7918597060049855, 2.626597717375064]
APTIDAO: 
24.281191805532128
GEN: 9600
Individuo: 
[1.125575224231577, 2.10444461461805, 0.335341152503404, 4.810392407307109, 1.86330435028807, 0.7045273132236922, 0.6297345508747924, 0.6059339547919781, 0.6399471069586913, 0.10170708150613215, 0.4757936273793443, 0.1194423104231846, 12.432183754495139, 4.514839999493432, 1.7180636927056154, 9.796221708072073, 10.614005956746201, 3.6165232456154772, 2.4723502109785676, 0.9671312836542835, 1.228357384728631, 1.3984350466404238, 1.1809505335696815, 0.5125283088567303, 7.385883854938248, 3.091871016052409, 2.1632868720933933, 6.712325296774736, 1.7525722053733386, 10.0, 1.8823522980648553, 1.1214069223393506, 3.1412074331757225, 0.6029567713386365, 1.6138853008437952, 1.158795544498321, 3.884503925904835, 2.9740156645163904, 1.6960584588917447, 2.427098494921407, 0.8380366759904376, 1.62027197497887, 3.3995093988647294, 0.6925191174887907, 2.400579096219007, 10.0, 1.7918597060049855, 2.626597717375064]
APTIDAO: 
24.28110271265612
GEN: 9700
Individuo: 
[1.125575224231577, 2.10444461461805, 0.335341152503404, 4.810392407307109, 1.86330435028807, 0.7045273132236922, 0.6297345508747924, 0.6059339547919781, 0.6399471069586913, 0.10074376797173712, 0.4757936273793443, 0.1194423104231846, 12.432183754495139, 4.514839999493432, 1.4507853813461706, 9.796221708072073, 10.572652651918585, 3.6165232456154772, 2.4723502109785676, 0.9671312836542835, 1.228357384728631, 1.3984350466404238, 1.1809505335696815, 0.5125283088567303, 7.385883854938248, 3.091871016052409, 2.1632868720933933, 6.712325296774736, 1.7525722053733386, 10.0, 1.8823522980648553, 1.1214069223393506, 3.1412074331757225, 1.1110672897369105, 1.6138853008437952, 1.158795544498321, 3.884503925904835, 2.9740156645163904, 5.5777467467505994, 2.427098494921407, 0.8903449958546079, 1.62027197497887, 3.3995093988647294, 0.6925191174887907, 2.400579096219007, 10.0, 1.7918597060049855, 2.626597717375064]
APTIDAO: 
24.28116589366247
GEN: 9800
Individuo: 
[1.125575224231577, 2.10444461461805, 0.335341152503404, 4.810392407307109, 1.86330435028807, 0.7045273132236922, 0.6297345508747924, 0.6059339547919781, 0.6399471069586913, 0.10074376797173712, 0.4757936273793443, 0.1194423104231846, 12.432183754495139, 4.514839999493432, 1.584674478441858, 9.796221708072073, 17.397073181391644, 3.6165232456154772, 2.4723502109785676, 0.9671312836542835, 1.228357384728631, 1.3984350466404238, 1.1809505335696815, 0.5125283088567303, 7.385883854938248, 3.091871016052409, 2.1632868720933933, 6.712325296774736, 1.7525722053733386, 10.0, 1.8823522980648553, 1.1214069223393506, 3.1412074331757225, 1.1110672897369105, 1.6138853008437952, 1.158795544498321, 3.884503925904835, 2.9740156645163904, 5.518272504299401, 2.427098494921407, 1.5346415205742396, 1.62027197497887, 3.3995093988647294, 0.6925191174887907, 2.400579096219007, 10.0, 1.7918597060049855, 2.626597717375064]
APTIDAO: 
24.281250245924785
GEN: 9900
Individuo: 
[1.125575224231577, 2.10444461461805, 0.335341152503404, 4.810392407307109, 1.86330435028807, 0.7045273132236922, 0.6297345508747924, 0.6059339547919781, 0.6399471069586913, 0.10074376797173712, 0.4757936273793443, 0.1194423104231846, 12.432183754495139, 4.821610003135702, 1.584674478441858, 9.796221708072073, 10.166963407589733, 3.7998453376175676, 2.4723502109785676, 0.9671312836542835, 1.228357384728631, 1.3984350466404238, 1.1809505335696815, 0.5125283088567303, 7.385883854938248, 3.091871016052409, 2.1632868720933933, 6.712325296774736, 1.7525722053733386, 10.0, 1.8823522980648553, 1.1214069223393506, 3.1412074331757225, 1.1110672897369105, 1.6138853008437952, 1.158795544498321, 3.884503925904835, 1.9890100927503027, 5.518272504299401, 2.427098494921407, 1.221093202411821, 0.7880542841333132, 3.3995093988647294, 0.6925191174887907, 2.400579096219007, 10.0, 1.7918597060049855, 2.626597717375064]
APTIDAO: 
24.28116589366247
GEN: 10000
Individuo: 
[1.125575224231577, 2.10444461461805, 0.335341152503404, 4.810392407307109, 1.86330435028807, 0.7045273132236922, 0.6297345508747924, 0.6059339547919781, 0.6399471069586913, 0.10323654773272647, 0.4757936273793443, 0.1194423104231846, 12.432183754495139, 4.3011563712231204, 1.584674478441858, 9.796221708072073, 10.602813326210912, 3.0382434782389365, 2.4723502109785676, 0.9671312836542835, 1.228357384728631, 1.3984350466404238, 1.1809505335696815, 0.5125283088567303, 7.385883854938248, 3.091871016052409, 2.1632868720933933, 6.712325296774736, 1.7525722053733386, 10.0, 1.8823522980648553, 1.1214069223393506, 3.1412074331757225, 1.921958785199933, 1.6138853008437952, 1.158795544498321, 3.884503925904835, 2.225603868564688, 5.518272504299401, 2.427098494921407, 1.5423410743087396, 1.6768721762361365, 3.3995093988647294, 0.6925191174887907, 2.400579096219007, 10.0, 1.7918597060049855, 2.626597717375064]
APTIDAO: 
24.280964225822295

--- RESULTADO FINAL ---
Erro (norma-1): 24.280964225822295
Parâmetros: [1.125575224231577, 2.10444461461805, 0.335341152503404, 4.810392407307109, 1.86330435028807, 0.7045273132236922, 0.6297345508747924, 0.6059339547919781, 0.6399471069586913, 0.10323654773272647, 0.4757936273793443, 0.1194423104231846, 12.432183754495139, 4.3011563712231204, 1.584674478441858, 9.796221708072073, 10.602813326210912, 3.0382434782389365, 2.4723502109785676, 0.9671312836542835, 1.228357384728631, 1.3984350466404238, 1.1809505335696815, 0.5125283088567303]
Tempo total: 02h 59m 26s
