SEED: 1778578247
BOUNDS: tau=[0.1, 5.0]  K=[0.1, 1.0]  N=[1.0, 25.0]
GEN: 0
Individuo: 
[3.5866733601637724, 2.0682045481002334, 0.872573638394872, 2.967560835521128, 1.2492518623739841, 0.4326901071066389, 0.6017047321132586, 0.6859463568740665, 0.7609151073049237, 0.3509229048803828, 0.2033303923188471, 0.42321734341618733, 6.092357070967004, 16.05172766327875, 20.458577055046664, 19.647703757394712, 13.336135617005993, 13.835061709739545, 5.175850907306892, 1.6395125274118532, 1.5861784048928909, 1.7041983918808592, 1.2758056207403727, 0.7703629865171711, 5.97874714194563, 1.5134386389454106, 1.1347762302265112, 2.8608364438948737, 8.865672148272367, 8.32956406005242, 7.814934107958719, 1.0605959424970426, 0.4776935858322724, 0.9022075470578343, 1.890145604119224, 1.7480963301582964, 5.9257331284377734, 4.129458740590066, 5.944826051993714, 5.296465765231448, 0.9326161362384323, 1.5969424010356412, 9.678634780959609, 7.274090098997661, 7.255777547587758, 9.108194587721364, 0.3142604456438854, 6.31743087959516]
APTIDAO: 
108.02439598093918
GEN: 100
Individuo: 
[3.5866733601637724, 1.7941950488403644, 0.872573638394872, 2.967560835521128, 1.1641267784933933, 0.4326901071066389, 0.6103194502299634, 0.6859463568740665, 0.7609151073049237, 0.40172529399139356, 0.139566746023736, 0.2859265618892511, 14.918326799192366, 11.030817750868428, 20.357464068592233, 7.7063820585961, 4.219846679565991, 1.01844936672123, 5.66355083377059, 1.5197286824728486, 1.2099287413464197, 0.955293392334167, 1.2758056207403727, 0.6048472602546245, 5.97874714194563, 2.0872107356404266, 1.1347762302265112, 2.8608364438948737, 5.970944028116491, 8.32956406005242, 8.936791305836266, 1.0605959424970426, 0.4776935858322724, 1.174080081197561, 1.6466869683297203, 2.7571789623185383, 2.8291533205133224, 4.9999995779334645, 5.660518613018665, 8.140527951002799, 0.804211577422358, 0.7235179139289206, 5.0592146890321725, 8.460407251405487, 10.0, 10.0, 0.3142604456438854, 3.5272678473498926]
APTIDAO: 
46.48539805471627
GEN: 200
Individuo: 
[3.5866733601637724, 1.7941950488403644, 0.872573638394872, 2.967560835521128, 1.1641267784933933, 0.4326901071066389, 0.6199707954288285, 0.19149925662286252, 0.7609151073049237, 0.34045023476629144, 0.20544666411815957, 0.5129437696727353, 15.531379367117705, 11.030817750868428, 2.734452834479212, 6.496748808696625, 4.219846679565991, 1.3049070788138892, 9.188626682951817, 1.5197286824728486, 1.1814225247352752, 0.955293392334167, 1.2758056207403727, 0.6048472602546245, 5.97874714194563, 2.0872107356404266, 1.1347762302265112, 2.8608364438948737, 5.970944028116491, 8.32956406005242, 8.380368267907588, 0.6749619220939197, 0.4776935858322724, 0.714387811017427, 1.9466549898877004, 2.145012891926878, 2.287685805069582, 4.9999995779334645, 0.6984323688506222, 10.0, 0.804211577422358, 1.0357110442568946, 4.97991338848764, 8.460407251405487, 6.574842059150531, 10.0, 0.3142604456438854, 3.5272678473498926]
APTIDAO: 
34.74175587237026
GEN: 300
Individuo: 
[3.5537146771450745, 1.7941950488403644, 0.7944290142062685, 2.967560835521128, 1.1641267784933933, 0.4326901071066389, 0.597803914074696, 0.19685960515204423, 0.7609151073049237, 0.32661599952276826, 0.202729031661292, 0.4905541206221944, 18.639149211715257, 10.510066350011298, 2.173336980419182, 6.449324049685433, 4.219846679565991, 1.026699746070208, 9.188626682951817, 1.506772651773388, 1.0622420864931414, 0.9334709504279884, 1.2758056207403727, 0.6111314226452671, 9.118106584619776, 2.0872107356404266, 1.5450641382661223, 2.8608364438948737, 5.970944028116491, 8.32956406005242, 2.144667151147135, 0.8370720502191143, 0.4776935858322724, 0.5651521107730513, 1.0797636394771097, 1.9328272753506206, 2.5477606396884447, 8.028707832372012, 0.6361443594444514, 9.170927380445052, 0.804211577422358, 1.9258585358344493, 4.97991338848764, 6.113831391276202, 4.199576097811077, 9.974985077523419, 0.3142604456438854, 2.4900972774107903]
APTIDAO: 
28.60604067423657
GEN: 400
Individuo: 
[3.5537146771450745, 1.7941950488403644, 0.7944290142062685, 2.967560835521128, 1.1641267784933933, 0.4326901071066389, 0.597803914074696, 0.19685960515204423, 0.7609151073049237, 0.32661599952276826, 0.202729031661292, 0.4905541206221944, 20.343226329828624, 9.775274407759431, 2.173336980419182, 6.449324049685433, 4.555420616533421, 1.1084208720669777, 9.188626682951817, 1.506772651773388, 1.0622420864931414, 0.9334709504279884, 1.2758056207403727, 0.620971726743444, 9.118106584619776, 2.0872107356404266, 1.5450641382661223, 2.8608364438948737, 5.970944028116491, 8.32956406005242, 2.144667151147135, 0.8370720502191143, 0.4776935858322724, 0.5651521107730513, 1.0797636394771097, 1.9328272753506206, 1.5420312125251925, 9.396492583770636, 0.6361443594444514, 9.170927380445052, 0.8849105870449109, 2.3140621668876054, 4.97991338848764, 6.113831391276202, 4.199576097811077, 9.974985077523419, 0.3142604456438854, 4.0838519166580065]
APTIDAO: 
27.910160363972896
GEN: 500
Individuo: 
[3.5537146771450745, 1.7941950488403644, 0.7944290142062685, 2.967560835521128, 1.1641267784933933, 0.4326901071066389, 0.597803914074696, 0.19927009987683797, 0.7609151073049237, 0.32661599952276826, 0.202729031661292, 0.4905541206221944, 24.295696068337843, 9.775274407759431, 2.121968164886455, 6.449324049685433, 4.846161481751805, 1.5804855140197307, 9.188626682951817, 1.5051309853076122, 1.0390447293592404, 0.9334709504279884, 1.2758056207403727, 0.620971726743444, 9.118106584619776, 2.0872107356404266, 1.5450641382661223, 2.8608364438948737, 5.970944028116491, 8.32956406005242, 2.144667151147135, 0.5545280636757802, 0.4776935858322724, 0.5651521107730513, 1.0797636394771097, 1.9328272753506206, 1.2958101836655789, 9.396492583770636, 0.6920281410342051, 9.170927380445052, 1.0502727974315214, 1.693760558277341, 4.97991338848764, 3.7308681481266905, 2.9045798382672494, 9.974985077523419, 0.3142604456438854, 4.0838519166580065]
APTIDAO: 
27.81978025512426
GEN: 600
Individuo: 
[3.5537146771450745, 1.7941950488403644, 0.7944290142062685, 2.967560835521128, 1.1641267784933933, 0.4326901071066389, 0.597803914074696, 0.19927009987683797, 0.7609151073049237, 0.32661599952276826, 0.20179169624127893, 0.4905541206221944, 23.573204919073426, 9.775274407759431, 2.052275210601182, 6.449324049685433, 4.314094763311691, 1.303970597436323, 9.188626682951817, 1.5051309853076122, 1.0390447293592404, 0.9334709504279884, 1.2758056207403727, 0.620971726743444, 9.118106584619776, 2.0872107356404266, 1.5450641382661223, 2.8608364438948737, 5.970944028116491, 8.32956406005242, 2.144667151147135, 0.5545280636757802, 0.4776935858322724, 0.5651521107730513, 1.8893425722013373, 1.9328272753506206, 1.5294897537086407, 9.396492583770636, 0.7623753054658813, 9.170927380445052, 1.4584657544503865, 1.5878057485951678, 4.97991338848764, 3.7308681481266905, 2.9045798382672494, 9.974985077523419, 0.3142604456438854, 4.0838519166580065]
APTIDAO: 
27.782892542759626
GEN: 700
Individuo: 
[3.5537146771450745, 1.7941950488403644, 0.7944290142062685, 2.967560835521128, 1.1641267784933933, 0.4326901071066389, 0.597803914074696, 0.19938954615523635, 0.7609151073049237, 0.32661599952276826, 0.20179169624127893, 0.4905541206221944, 23.573204919073426, 9.775274407759431, 2.052275210601182, 6.449324049685433, 4.314094763311691, 1.8984142876675563, 9.188626682951817, 1.5051309853076122, 1.0390447293592404, 0.9334709504279884, 1.2758056207403727, 0.620971726743444, 9.118106584619776, 2.0872107356404266, 1.5450641382661223, 2.8608364438948737, 5.970944028116491, 8.32956406005242, 2.144667151147135, 1.0362659626543007, 0.4776935858322724, 0.5651521107730513, 1.8893425722013373, 1.9328272753506206, 1.5294897537086407, 9.396492583770636, 0.7623753054658813, 9.170927380445052, 1.4584657544503865, 1.1127428507626842, 4.97991338848764, 3.7308681481266905, 2.9045798382672494, 9.974985077523419, 0.3142604456438854, 4.0838519166580065]
APTIDAO: 
27.782121182068746
GEN: 800
Individuo: 
[3.5537146771450745, 1.7941950488403644, 0.7944290142062685, 2.967560835521128, 1.1641267784933933, 0.440406731617267, 0.597803914074696, 0.19927009987683797, 0.7609151073049237, 0.32661599952276826, 0.20179169624127893, 0.4661021871222647, 23.573204919073426, 9.775274407759431, 2.8474132121979125, 6.449324049685433, 4.314094763311691, 1.8132996540030693, 9.188626682951817, 1.5051309853076122, 1.0390447293592404, 0.9334709504279884, 1.2758056207403727, 0.620971726743444, 9.118106584619776, 2.0872107356404266, 1.5450641382661223, 2.8608364438948737, 5.970944028116491, 9.250959341051683, 2.144667151147135, 0.5545280636757802, 0.4776935858322724, 0.5651521107730513, 1.8893425722013373, 1.7406017399833866, 1.5294897537086407, 9.396492583770636, 0.6154207096161702, 9.170927380445052, 1.4584657544503865, 1.0263361295816296, 4.97991338848764, 3.7308681481266905, 2.9045798382672494, 9.974985077523419, 0.3142604456438854, 4.0838519166580065]
APTIDAO: 
27.924376124545113
GEN: 900
Individuo: 
[3.5537146771450745, 1.7941950488403644, 0.7264368899597131, 3.2931945929428066, 1.1641267784933933, 0.440406731617267, 0.597803914074696, 0.19927009987683797, 0.7609151073049237, 0.3580287003301663, 0.20179169624127893, 0.4661021871222647, 24.712695262919656, 9.775274407759431, 2.8474132121979125, 6.449324049685433, 4.314094763311691, 1.4289361198346793, 9.188626682951817, 1.5051309853076122, 1.0390447293592404, 0.9334709504279884, 1.2758056207403727, 0.620971726743444, 9.118106584619776, 2.0872107356404266, 1.272484245605154, 3.6364949412937326, 5.970944028116491, 9.250959341051683, 2.144667151147135, 0.5545280636757802, 0.4776935858322724, 0.5222947729762415, 1.8893425722013373, 1.7406017399833866, 1.5050223410268513, 9.396492583770636, 0.6154207096161702, 9.170927380445052, 1.4584657544503865, 1.379297599772389, 4.97991338848764, 3.7308681481266905, 2.9045798382672494, 9.974985077523419, 0.3142604456438854, 4.0838519166580065]
APTIDAO: 
27.55397255446298
GEN: 1000
Individuo: 
[3.5537146771450745, 1.7941950488403644, 0.7264368899597131, 3.282411789183591, 1.1641267784933933, 0.44819227992449207, 0.597803914074696, 0.19927009987683797, 0.7609151073049237, 0.3580287003301663, 0.20179169624127893, 0.4661021871222647, 21.555672581419266, 9.775274407759431, 2.007559093221314, 6.449324049685433, 4.1654321780029155, 1.1156084426257893, 9.188626682951817, 1.5051309853076122, 1.0390447293592404, 0.9334709504279884, 1.2758056207403727, 0.620971726743444, 9.118106584619776, 2.0872107356404266, 1.272484245605154, 6.2178238077656856, 5.970944028116491, 9.048663298496693, 2.144667151147135, 0.5545280636757802, 0.4776935858322724, 0.5222947729762415, 1.8893425722013373, 1.7406017399833866, 1.2197428427261838, 9.396492583770636, 1.8775848263343065, 9.170927380445052, 1.886829226463137, 1.595457194202648, 4.97991338848764, 3.7308681481266905, 2.9045798382672494, 9.974985077523419, 0.3142604456438854, 4.0838519166580065]
APTIDAO: 
27.505280583479987
GEN: 1100
Individuo: 
[3.5537146771450745, 1.7941950488403644, 0.7264368899597131, 3.282411789183591, 1.1641267784933933, 0.44819227992449207, 0.597803914074696, 0.19927009987683797, 0.7609151073049237, 0.3580287003301663, 0.20179169624127893, 0.4661021871222647, 21.555672581419266, 9.27762221029406, 2.007559093221314, 6.449324049685433, 4.629439552691639, 1.8091582313677013, 9.188626682951817, 1.5051309853076122, 1.0390447293592404, 0.9334709504279884, 1.2758056207403727, 0.620971726743444, 9.118106584619776, 2.0872107356404266, 1.272484245605154, 6.2178238077656856, 5.970944028116491, 9.048663298496693, 2.144667151147135, 0.5545280636757802, 0.4776935858322724, 0.5222947729762415, 1.8893425722013373, 1.7406017399833866, 1.2197428427261838, 10.0, 1.8775848263343065, 9.170927380445052, 1.9917623277499212, 1.8534267349104758, 4.97991338848764, 3.7308681481266905, 2.9045798382672494, 9.974985077523419, 0.3142604456438854, 4.0838519166580065]
APTIDAO: 
27.505280583479987
GEN: 1200
Individuo: 
[3.5537146771450745, 1.7941950488403644, 0.7264368899597131, 3.282411789183591, 1.1641267784933933, 0.44819227992449207, 0.597803914074696, 0.19927009987683797, 0.7609151073049237, 0.3580287003301663, 0.20179169624127893, 0.4661021871222647, 21.555672581419266, 9.27762221029406, 2.732073427565247, 6.449324049685433, 4.629439552691639, 1.1043831307215766, 9.536117602443097, 1.5051309853076122, 1.0390447293592404, 0.9334709504279884, 1.2758056207403727, 0.620971726743444, 9.118106584619776, 2.0872107356404266, 1.272484245605154, 6.2178238077656856, 5.970944028116491, 9.048663298496693, 2.144667151147135, 0.5545280636757802, 0.4776935858322724, 0.5222947729762415, 1.8893425722013373, 1.7406017399833866, 1.2197428427261838, 10.0, 1.5135338888979182, 9.170927380445052, 1.9917623277499212, 2.0781616269451577, 4.162536386940295, 3.7308681481266905, 2.9045798382672494, 9.974985077523419, 0.3142604456438854, 4.0838519166580065]
APTIDAO: 
27.505280583479987
GEN: 1300
Individuo: 
[3.5537146771450745, 1.7941950488403644, 0.7264368899597131, 3.279865728328566, 1.1641267784933933, 0.44819227992449207, 0.597803914074696, 0.19927009987683797, 0.7609151073049237, 0.3509874060539046, 0.20179169624127893, 0.4661021871222647, 21.555672581419266, 9.27762221029406, 2.732073427565247, 6.449324049685433, 4.629439552691639, 1.5429589059296909, 9.536117602443097, 1.5051309853076122, 1.0390447293592404, 0.9334709504279884, 1.2758056207403727, 0.620971726743444, 9.118106584619776, 2.0872107356404266, 1.272484245605154, 6.9369535832230795, 5.970944028116491, 9.048663298496693, 2.144667151147135, 0.5545280636757802, 0.4776935858322724, 1.0254062844915048, 1.8893425722013373, 1.7406017399833866, 1.2197428427261838, 10.0, 1.5135338888979182, 9.170927380445052, 1.9917623277499212, 2.675412305287079, 4.162536386940295, 3.7308681481266905, 2.9045798382672494, 9.974985077523419, 0.3142604456438854, 4.0838519166580065]
APTIDAO: 
27.483082950803684
GEN: 1400
Individuo: 
[3.5537146771450745, 1.7941950488403644, 0.7264368899597131, 3.279865728328566, 1.1641267784933933, 0.44819227992449207, 0.597803914074696, 0.19927009987683797, 0.7609151073049237, 0.3509874060539046, 0.20179169624127893, 0.4661021871222647, 21.555672581419266, 9.27762221029406, 2.732073427565247, 6.449324049685433, 4.629439552691639, 1.5429589059296909, 9.536117602443097, 1.5051309853076122, 1.0390447293592404, 0.9334709504279884, 1.2758056207403727, 0.620971726743444, 9.118106584619776, 2.0872107356404266, 1.272484245605154, 6.9369535832230795, 5.970944028116491, 9.048663298496693, 2.144667151147135, 0.5545280636757802, 0.4776935858322724, 1.0254062844915048, 1.8893425722013373, 1.7406017399833866, 1.2197428427261838, 10.0, 1.5135338888979182, 9.170927380445052, 1.9917623277499212, 2.675412305287079, 4.162536386940295, 3.7308681481266905, 2.9045798382672494, 9.974985077523419, 0.3142604456438854, 4.0838519166580065]
APTIDAO: 
27.483082950803684
GEN: 1500
Individuo: 
[3.5537146771450745, 1.7941950488403644, 0.7264368899597131, 3.279865728328566, 1.1641267784933933, 0.44819227992449207, 0.597803914074696, 0.19927009987683797, 0.7609151073049237, 0.3509874060539046, 0.20179169624127893, 0.4661021871222647, 21.555672581419266, 9.27762221029406, 2.7537105930621673, 6.449324049685433, 4.629439552691639, 1.8067355624465116, 9.536117602443097, 1.532127872062876, 1.0390447293592404, 0.9334709504279884, 1.2758056207403727, 0.620971726743444, 9.118106584619776, 2.0872107356404266, 1.272484245605154, 6.9369535832230795, 5.970944028116491, 9.048663298496693, 2.144667151147135, 0.5545280636757802, 0.4776935858322724, 1.0254062844915048, 1.8893425722013373, 1.7406017399833866, 1.2197428427261838, 10.0, 0.9315761933550811, 9.170927380445052, 1.9917623277499212, 3.457528806338648, 4.162536386940295, 2.537389422251121, 2.9045798382672494, 9.974985077523419, 0.3142604456438854, 4.0838519166580065]
APTIDAO: 
28.051031929917006
GEN: 1600
Individuo: 
[3.5537146771450745, 1.7941950488403644, 0.7264368899597131, 3.279865728328566, 1.1641267784933933, 0.44819227992449207, 0.597803914074696, 0.19927009987683797, 0.7609151073049237, 0.3509874060539046, 0.20179169624127893, 0.4661021871222647, 15.07707946337951, 9.27762221029406, 2.7367854007361783, 6.449324049685433, 4.629439552691639, 1.8067355624465116, 9.536117602443097, 1.532127872062876, 1.0390447293592404, 0.9334709504279884, 1.2758056207403727, 0.620971726743444, 9.118106584619776, 2.0872107356404266, 1.272484245605154, 6.9369535832230795, 5.970944028116491, 9.048663298496693, 2.144667151147135, 0.5545280636757802, 0.4776935858322724, 1.0254062844915048, 1.8893425722013373, 1.7406017399833866, 1.1487179280371693, 10.0, 1.171456352034311, 9.170927380445052, 1.9917623277499212, 3.457528806338648, 4.162536386940295, 2.537389422251121, 2.9045798382672494, 9.974985077523419, 0.3142604456438854, 4.0838519166580065]
APTIDAO: 
27.965331765544096
GEN: 1700
Individuo: 
[3.5537146771450745, 1.7941950488403644, 0.7264368899597131, 3.279865728328566, 1.1641267784933933, 0.44135335361771505, 0.597803914074696, 0.19927009987683797, 0.7609151073049237, 0.3509874060539046, 0.20179169624127893, 0.4661021871222647, 22.190319762381566, 9.27762221029406, 2.0267983656934003, 6.121869000381724, 4.629439552691639, 1.315266680135481, 9.536117602443097, 1.532127872062876, 1.0326831818665523, 0.9334709504279884, 1.2758056207403727, 0.620971726743444, 9.118106584619776, 2.0872107356404266, 1.272484245605154, 6.9369535832230795, 5.970944028116491, 9.086252995870792, 2.144667151147135, 0.5545280636757802, 0.4776935858322724, 1.0254062844915048, 1.8893425722013373, 1.7406017399833866, 1.753680271596887, 10.0, 0.5889837968619959, 8.46818309257472, 1.9917623277499212, 2.2367662097803844, 4.162536386940295, 2.537389422251121, 4.040079023260071, 9.974985077523419, 0.3142604456438854, 4.0838519166580065]
APTIDAO: 
27.83053299165289
GEN: 1800
Individuo: 
[3.5537146771450745, 1.7941950488403644, 0.7264368899597131, 3.279865728328566, 1.1641267784933933, 0.44135335361771505, 0.597803914074696, 0.19927009987683797, 0.7609151073049237, 0.3509874060539046, 0.20179169624127893, 0.4661021871222647, 22.190319762381566, 9.597762052481706, 2.6635428499024423, 6.121869000381724, 4.629439552691639, 1.315266680135481, 9.536117602443097, 1.510921897461949, 1.0326831818665523, 0.9334709504279884, 1.2758056207403727, 0.620971726743444, 9.118106584619776, 2.0872107356404266, 1.272484245605154, 6.9369535832230795, 5.970944028116491, 9.086252995870792, 2.144667151147135, 0.5545280636757802, 0.4776935858322724, 1.0254062844915048, 1.8893425722013373, 1.7406017399833866, 1.753680271596887, 10.0, 0.6699439191287442, 8.46818309257472, 1.9917623277499212, 2.2367662097803844, 4.162536386940295, 3.9875499666230234, 4.040079023260071, 9.974985077523419, 0.3142604456438854, 4.0838519166580065]
APTIDAO: 
27.5356111388255
GEN: 1900
Individuo: 
[3.5537146771450745, 1.7941950488403644, 0.7264368899597131, 3.279865728328566, 1.1641267784933933, 0.44135335361771505, 0.597803914074696, 0.19927009987683797, 0.7609151073049237, 0.3509874060539046, 0.20179169624127893, 0.4661021871222647, 23.602961446054636, 9.597762052481706, 2.6635428499024423, 6.121869000381724, 4.629439552691639, 1.315266680135481, 9.536117602443097, 1.510921897461949, 1.0326831818665523, 0.9334709504279884, 1.2758056207403727, 0.620971726743444, 9.118106584619776, 2.0872107356404266, 1.272484245605154, 6.9369535832230795, 5.970944028116491, 9.086252995870792, 2.144667151147135, 0.5545280636757802, 0.4776935858322724, 1.0254062844915048, 1.8893425722013373, 1.7406017399833866, 0.8970090385116515, 10.0, 0.6699439191287442, 8.46818309257472, 1.9917623277499212, 2.2367662097803844, 4.162536386940295, 3.9875499666230234, 4.040079023260071, 9.974985077523419, 0.3142604456438854, 4.0838519166580065]
APTIDAO: 
27.534434514226106
GEN: 2000
Individuo: 
[3.5537146771450745, 1.7941950488403644, 0.7264368899597131, 3.279865728328566, 1.1641267784933933, 0.44135335361771505, 0.597803914074696, 0.19927009987683797, 0.7609151073049237, 0.3509874060539046, 0.20179169624127893, 0.4661021871222647, 20.510499881109656, 9.795239651443518, 2.6635428499024423, 6.121869000381724, 4.629439552691639, 1.4782069032965495, 9.536117602443097, 1.510921897461949, 1.0326831818665523, 0.9303272071526917, 1.2758056207403727, 0.620971726743444, 9.118106584619776, 2.0872107356404266, 1.272484245605154, 6.9369535832230795, 5.970944028116491, 9.086252995870792, 2.144667151147135, 0.5545280636757802, 0.4776935858322724, 1.0254062844915048, 1.8893425722013373, 1.7406017399833866, 1.3137299782988436, 8.781471560161197, 0.6699439191287442, 8.46818309257472, 1.9917623277499212, 1.9142601629063332, 4.162536386940295, 3.9875499666230234, 4.040079023260071, 10.0, 0.3142604456438854, 4.0838519166580065]
APTIDAO: 
27.51594562302624
GEN: 2100
Individuo: 
[3.5537146771450745, 1.7941950488403644, 0.7264368899597131, 3.279865728328566, 1.1641267784933933, 0.44135335361771505, 0.597803914074696, 0.19927009987683797, 0.7609151073049237, 0.3509874060539046, 0.20179169624127893, 0.4661021871222647, 20.510499881109656, 9.795239651443518, 2.6635428499024423, 6.121869000381724, 4.373480464931662, 1.4782069032965495, 9.536117602443097, 1.5126490715479095, 1.0362496100833014, 0.9303272071526917, 1.2758056207403727, 0.620971726743444, 9.118106584619776, 2.0872107356404266, 1.272484245605154, 6.9369535832230795, 5.970944028116491, 9.086252995870792, 2.144667151147135, 0.5545280636757802, 0.4776935858322724, 1.0254062844915048, 1.8893425722013373, 1.7406017399833866, 1.3137299782988436, 8.781471560161197, 0.6699439191287442, 8.46818309257472, 1.6093518330974992, 1.9142601629063332, 4.162536386940295, 2.1183092230498817, 3.4053132051585546, 10.0, 0.3142604456438854, 4.0838519166580065]
APTIDAO: 
27.491026837882526
GEN: 2200
Individuo: 
[3.5537146771450745, 1.7941950488403644, 0.7264368899597131, 3.279865728328566, 1.1641267784933933, 0.44135335361771505, 0.597803914074696, 0.19927009987683797, 0.7609151073049237, 0.3509874060539046, 0.20179169624127893, 0.4661021871222647, 20.510499881109656, 9.795239651443518, 2.6635428499024423, 6.121869000381724, 4.373480464931662, 1.4782069032965495, 9.536117602443097, 1.5126490715479095, 1.0362496100833014, 0.9303272071526917, 1.2758056207403727, 0.620971726743444, 9.118106584619776, 2.0872107356404266, 1.272484245605154, 6.9369535832230795, 5.970944028116491, 9.086252995870792, 2.144667151147135, 0.5545280636757802, 0.4776935858322724, 1.0254062844915048, 1.8893425722013373, 1.7406017399833866, 1.3137299782988436, 8.781471560161197, 0.6699439191287442, 8.46818309257472, 1.6093518330974992, 1.9142601629063332, 4.162536386940295, 2.1183092230498817, 3.4053132051585546, 10.0, 0.3142604456438854, 4.0838519166580065]
APTIDAO: 
27.491026837882526
GEN: 2300
Individuo: 
[3.5537146771450745, 1.7941950488403644, 0.7264368899597131, 3.279865728328566, 1.1641267784933933, 0.4421946807285184, 0.597803914074696, 0.19927009987683797, 0.7609151073049237, 0.3509874060539046, 0.20179169624127893, 0.4661021871222647, 20.510499881109656, 9.795239651443518, 2.3615981442883793, 6.121869000381724, 4.373480464931662, 1.2684427048871807, 9.536117602443097, 1.5126490715479095, 1.0362496100833014, 0.9303272071526917, 1.2758056207403727, 0.620971726743444, 9.118106584619776, 2.0872107356404266, 1.272484245605154, 6.9369535832230795, 5.970944028116491, 5.929117258676296, 2.144667151147135, 0.5545280636757802, 0.4776935858322724, 1.0254062844915048, 1.8893425722013373, 1.7406017399833866, 1.3137299782988436, 8.781471560161197, 0.7505848220402876, 8.46818309257472, 1.6093518330974992, 3.470217471778944, 4.162536386940295, 2.1183092230498817, 3.4053132051585546, 10.0, 0.3142604456438854, 4.0838519166580065]
APTIDAO: 
27.490687597978333
GEN: 2400
Individuo: 
[3.5537146771450745, 1.7941950488403644, 0.7264368899597131, 3.279865728328566, 1.1641267784933933, 0.4421946807285184, 0.597803914074696, 0.19927009987683797, 0.7609151073049237, 0.3509874060539046, 0.20179169624127893, 0.4661021871222647, 19.829977189078424, 9.795239651443518, 2.3615981442883793, 6.121869000381724, 4.339025850256222, 1.2684427048871807, 9.536117602443097, 1.5126490715479095, 1.0362496100833014, 0.9303272071526917, 1.2758056207403727, 0.620971726743444, 9.118106584619776, 2.0872107356404266, 1.272484245605154, 6.9369535832230795, 5.970944028116491, 5.929117258676296, 2.144667151147135, 0.5545280636757802, 0.4776935858322724, 1.0254062844915048, 1.8893425722013373, 1.7406017399833866, 1.0433220876853186, 8.781471560161197, 0.7505848220402876, 8.46818309257472, 2.191098685718743, 3.470217471778944, 4.162536386940295, 2.1183092230498817, 3.4053132051585546, 10.0, 0.3142604456438854, 4.0838519166580065]
APTIDAO: 
27.490318060416154
GEN: 2500
Individuo: 
[3.5537146771450745, 1.7941950488403644, 0.7264368899597131, 3.279865728328566, 1.1641267784933933, 0.4421946807285184, 0.597803914074696, 0.19927009987683797, 0.7609151073049237, 0.3509874060539046, 0.20179169624127893, 0.4661021871222647, 19.829977189078424, 9.795239651443518, 2.7681635984543203, 6.121869000381724, 4.339025850256222, 1.2684427048871807, 9.536117602443097, 1.5126490715479095, 1.0362496100833014, 0.9296420333794028, 1.2758056207403727, 0.620971726743444, 9.118106584619776, 2.0872107356404266, 1.272484245605154, 6.9369535832230795, 5.970944028116491, 5.929117258676296, 2.144667151147135, 0.5545280636757802, 0.4776935858322724, 1.0254062844915048, 1.8893425722013373, 1.7406017399833866, 1.0433220876853186, 8.781471560161197, 1.5672490210687766, 8.46818309257472, 2.191098685718743, 3.470217471778944, 4.162536386940295, 2.1183092230498817, 3.4053132051585546, 10.0, 0.3142604456438854, 4.0838519166580065]
APTIDAO: 
27.48391129591585
GEN: 2600
Individuo: 
[3.5537146771450745, 1.7935376255057276, 0.7264368899597131, 3.279865728328566, 1.1641267784933933, 0.4426517556014479, 0.597803914074696, 0.19927009987683797, 0.7609151073049237, 0.3509874060539046, 0.20179169624127893, 0.4661021871222647, 19.829977189078424, 9.795239651443518, 2.528203760637963, 6.121869000381724, 4.848851143119675, 1.2684427048871807, 9.586666140117542, 1.5126490715479095, 1.0362496100833014, 0.9296420333794028, 1.2758056207403727, 0.620971726743444, 9.118106584619776, 1.2461948227261759, 1.272484245605154, 6.9369535832230795, 5.970944028116491, 6.096696599828223, 2.144667151147135, 0.5545280636757802, 0.4776935858322724, 1.0254062844915048, 1.8893425722013373, 1.7406017399833866, 1.0433220876853186, 8.781471560161197, 1.5564218074017302, 8.46818309257472, 2.9769716075725556, 3.470217471778944, 4.840257472997391, 2.1183092230498817, 3.4053132051585546, 10.0, 0.3142604456438854, 4.0838519166580065]
APTIDAO: 
27.48201896745651
GEN: 2700
Individuo: 
[3.5537146771450745, 1.7935376255057276, 0.7264368899597131, 3.279865728328566, 1.1641267784933933, 0.4426517556014479, 0.597803914074696, 0.19927009987683797, 0.7609151073049237, 0.3509874060539046, 0.20179169624127893, 0.4661021871222647, 19.829977189078424, 9.795239651443518, 2.528203760637963, 6.121869000381724, 4.797990670515728, 1.1215606882520286, 9.586666140117542, 1.5126490715479095, 1.0362496100833014, 0.9296420333794028, 1.2758056207403727, 0.620971726743444, 9.118106584619776, 1.2461948227261759, 1.272484245605154, 6.9369535832230795, 5.970944028116491, 6.096696599828223, 2.144667151147135, 0.5545280636757802, 0.4776935858322724, 1.0254062844915048, 1.8893425722013373, 1.7406017399833866, 1.0433220876853186, 8.781471560161197, 1.5564218074017302, 8.46818309257472, 3.891900055989636, 4.539199639702395, 4.840257472997391, 2.1183092230498817, 3.4053132051585546, 10.0, 0.3142604456438854, 4.0838519166580065]
APTIDAO: 
27.48201896745651
GEN: 2800
Individuo: 
[3.5537146771450745, 1.7935376255057276, 0.7264368899597131, 3.279865728328566, 1.1641267784933933, 0.4426517556014479, 0.597803914074696, 0.19927009987683797, 0.7609151073049237, 0.3509874060539046, 0.20179169624127893, 0.4661021871222647, 19.829977189078424, 9.795239651443518, 2.528203760637963, 6.618365845681277, 4.797990670515728, 1.1215606882520286, 9.586666140117542, 1.5126490715479095, 1.0362496100833014, 0.9296420333794028, 1.2758056207403727, 0.620971726743444, 9.118106584619776, 1.2461948227261759, 1.272484245605154, 6.9369535832230795, 5.970944028116491, 6.096696599828223, 2.144667151147135, 0.5545280636757802, 0.4776935858322724, 1.0254062844915048, 1.8893425722013373, 1.7406017399833866, 1.0433220876853186, 8.781471560161197, 1.5564218074017302, 7.93377703638932, 3.891900055989636, 4.539199639702395, 4.840257472997391, 2.1183092230498817, 3.4053132051585546, 10.0, 0.3142604456438854, 4.0838519166580065]
APTIDAO: 
27.48201896745651
GEN: 2900
Individuo: 
[3.539986167183647, 1.7935376255057276, 0.7264368899597131, 3.279865728328566, 1.1641267784933933, 0.4426517556014479, 0.597803914074696, 0.2009844862718479, 0.7609151073049237, 0.3509874060539046, 0.20179169624127893, 0.4661021871222647, 19.829977189078424, 9.795239651443518, 2.528203760637963, 6.121869000381724, 4.424047500933975, 1.1215606882520286, 9.586666140117542, 1.5126490715479095, 1.0362496100833014, 0.9296420333794028, 1.2758056207403727, 0.620971726743444, 4.800770648272727, 1.2461948227261759, 1.272484245605154, 6.9369535832230795, 5.970944028116491, 6.096696599828223, 2.144667151147135, 0.7037310584174796, 0.4776935858322724, 1.0254062844915048, 1.8893425722013373, 1.7406017399833866, 1.0433220876853186, 8.781471560161197, 1.5564218074017302, 8.46818309257472, 2.9829385526433594, 4.539199639702395, 4.840257472997391, 2.1183092230498817, 3.4053132051585546, 10.0, 0.3142604456438854, 4.0838519166580065]
APTIDAO: 
27.39583331220544
GEN: 3000
Individuo: 
[3.539986167183647, 1.7935376255057276, 0.7264368899597131, 3.279865728328566, 1.1641267784933933, 0.4439606862735828, 0.597803914074696, 0.2009844862718479, 0.7609151073049237, 0.3509874060539046, 0.20179169624127893, 0.4661021871222647, 22.195741526682006, 9.795239651443518, 2.528203760637963, 6.121869000381724, 4.424047500933975, 1.6934585606632138, 9.955796455874697, 1.5036880851787497, 1.0362496100833014, 0.9296420333794028, 1.2758056207403727, 0.620971726743444, 4.800770648272727, 1.2461948227261759, 1.272484245605154, 6.9369535832230795, 5.970944028116491, 4.548687633542602, 2.144667151147135, 0.7037310584174796, 0.4776935858322724, 1.0254062844915048, 1.8893425722013373, 1.7406017399833866, 0.613332676577819, 8.781471560161197, 1.5564218074017302, 8.46818309257472, 2.9829385526433594, 6.418695985270311, 5.345692244631801, 2.3275288550217996, 3.4053132051585546, 10.0, 0.3142604456438854, 4.0838519166580065]
APTIDAO: 
27.351506058753834
GEN: 3100
Individuo: 
[3.539986167183647, 1.7935376255057276, 0.7264368899597131, 3.279865728328566, 1.1641267784933933, 0.4426517556014479, 0.597803914074696, 0.2009844862718479, 0.7609151073049237, 0.3509874060539046, 0.20179169624127893, 0.4661021871222647, 22.195741526682006, 9.648873762909522, 2.528203760637963, 6.121869000381724, 4.424047500933975, 1.9157434090011558, 9.955796455874697, 1.5036880851787497, 1.0362496100833014, 0.9296420333794028, 1.2758056207403727, 0.620971726743444, 4.800770648272727, 1.2461948227261759, 1.272484245605154, 6.9369535832230795, 5.970944028116491, 6.096696599828223, 2.144667151147135, 0.7037310584174796, 0.4776935858322724, 1.0254062844915048, 1.8893425722013373, 1.7406017399833866, 0.613332676577819, 10.0, 1.5564218074017302, 8.46818309257472, 2.9829385526433594, 5.995188774173486, 5.345692244631801, 2.3275288550217996, 3.4053132051585546, 10.0, 0.3142604456438854, 4.0838519166580065]
APTIDAO: 
27.35966973902233
GEN: 3200
Individuo: 
[3.539986167183647, 1.7935376255057276, 0.7264368899597131, 3.279865728328566, 1.1641267784933933, 0.4426517556014479, 0.597803914074696, 0.2009844862718479, 0.7609151073049237, 0.3509874060539046, 0.20179169624127893, 0.4661021871222647, 22.195741526682006, 9.648873762909522, 2.528203760637963, 6.121869000381724, 4.424047500933975, 1.9157434090011558, 9.955796455874697, 1.5036880851787497, 1.0362496100833014, 0.9296420333794028, 1.2758056207403727, 0.620971726743444, 4.800770648272727, 1.2461948227261759, 1.272484245605154, 6.9369535832230795, 5.970944028116491, 6.096696599828223, 2.144667151147135, 0.7037310584174796, 0.4776935858322724, 1.0254062844915048, 1.8893425722013373, 1.7406017399833866, 0.613332676577819, 10.0, 1.5564218074017302, 8.46818309257472, 2.9829385526433594, 5.995188774173486, 5.345692244631801, 2.3275288550217996, 3.4053132051585546, 10.0, 0.3142604456438854, 4.0838519166580065]
APTIDAO: 
27.35966973902233
GEN: 3300
Individuo: 
[3.4873421151702053, 1.7935376255057276, 0.9077485957510688, 3.279865728328566, 1.1641267784933933, 0.4426517556014479, 0.597803914074696, 0.17852446838108763, 0.7609151073049237, 0.3509874060539046, 0.20179169624127893, 0.4661021871222647, 12.63281579998737, 9.648873762909522, 2.528203760637963, 6.121869000381724, 4.147996338559164, 1.9157434090011558, 9.494986114847803, 1.5036880851787497, 1.0362496100833014, 0.9296420333794028, 1.2758056207403727, 0.620971726743444, 5.597738845817728, 1.2461948227261759, 0.9617053977147599, 6.9369535832230795, 5.970944028116491, 6.096696599828223, 2.144667151147135, 0.5408962309781372, 0.4776935858322724, 1.0254062844915048, 1.8893425722013373, 1.7406017399833866, 0.3586836133372644, 10.0, 1.5564218074017302, 8.46818309257472, 3.4364912108545393, 5.995188774173486, 6.487649513685251, 2.3275288550217996, 3.4053132051585546, 10.0, 0.3142604456438854, 4.0838519166580065]
APTIDAO: 
28.314680911075538
GEN: 3400
Individuo: 
[3.4873421151702053, 1.7935376255057276, 0.9077485957510688, 3.2267856297378406, 1.1641267784933933, 0.4426517556014479, 0.597803914074696, 0.18174554164381146, 0.7609151073049237, 0.3509874060539046, 0.20179169624127893, 0.4661021871222647, 12.63281579998737, 9.648873762909522, 2.528203760637963, 6.121869000381724, 4.147996338559164, 1.2510745147952074, 9.494986114847803, 1.5036880851787497, 1.0362496100833014, 0.9296420333794028, 1.2758056207403727, 0.620971726743444, 5.597738845817728, 1.2461948227261759, 0.9617053977147599, 4.452208652357183, 5.970944028116491, 6.096696599828223, 2.144667151147135, 1.1303489766630266, 0.4776935858322724, 1.0254062844915048, 1.8893425722013373, 1.7406017399833866, 0.3586836133372644, 10.0, 1.5564218074017302, 8.46818309257472, 3.4364912108545393, 8.085873875548163, 6.487649513685251, 2.3275288550217996, 3.4053132051585546, 10.0, 0.3142604456438854, 4.0838519166580065]
APTIDAO: 
28.10722096532116
GEN: 3500
Individuo: 
[3.4873421151702053, 1.7935376255057276, 0.9077485957510688, 3.2267856297378406, 1.1641267784933933, 0.4426517556014479, 0.597803914074696, 0.1830188123102883, 0.7609151073049237, 0.3509874060539046, 0.20179169624127893, 0.4661021871222647, 12.63281579998737, 9.648873762909522, 2.528203760637963, 6.121869000381724, 4.201284012111193, 1.2510745147952074, 9.154687496251851, 1.5036880851787497, 1.0362496100833014, 0.9296420333794028, 1.2758056207403727, 0.620971726743444, 5.597738845817728, 1.2461948227261759, 0.9617053977147599, 4.452208652357183, 5.970944028116491, 6.096696599828223, 2.144667151147135, 0.730324794403651, 0.4776935858322724, 1.0254062844915048, 1.8893425722013373, 1.7406017399833866, 0.3586836133372644, 10.0, 1.5564218074017302, 8.46818309257472, 5.473744295511167, 8.085873875548163, 3.9369915390874177, 2.3275288550217996, 3.4053132051585546, 10.0, 0.3142604456438854, 4.0838519166580065]
APTIDAO: 
28.008597208620234
GEN: 3600
Individuo: 
[3.4873421151702053, 1.7935376255057276, 0.3421879652912764, 3.2267856297378406, 1.1641267784933933, 0.4426517556014479, 0.597803914074696, 0.21270970999388658, 0.7609151073049237, 0.3509874060539046, 0.20179169624127893, 0.4661021871222647, 12.040058391160754, 9.648873762909522, 2.708057600077961, 6.121869000381724, 3.9380255981400265, 1.5761609121308324, 9.154687496251851, 1.5036880851787497, 1.0362496100833014, 0.9296420333794028, 1.2758056207403727, 0.620971726743444, 5.597738845817728, 1.2461948227261759, 1.6060053848464018, 4.452208652357183, 5.970944028116491, 6.096696599828223, 2.144667151147135, 0.4339438103793613, 0.4776935858322724, 1.0254062844915048, 1.8893425722013373, 1.7406017399833866, 0.702026675481311, 10.0, 3.1892401084512687, 8.46818309257472, 4.084411451370552, 6.039135772469341, 3.9369915390874177, 2.3275288550217996, 3.4053132051585546, 10.0, 0.3142604456438854, 4.0838519166580065]
APTIDAO: 
27.29068830790248
GEN: 3700
Individuo: 
[3.4873421151702053, 1.8363764655379191, 0.2637060566610736, 3.2267856297378406, 1.1641267784933933, 0.4426517556014479, 0.597803914074696, 0.21270970999388658, 0.7609151073049237, 0.3509874060539046, 0.20179169624127893, 0.4661021871222647, 17.45118740872642, 9.648873762909522, 2.708057600077961, 7.661489492521225, 3.9380255981400265, 1.5761609121308324, 9.154687496251851, 1.5036880851787497, 1.0362496100833014, 0.9296420333794028, 1.2758056207403727, 0.620971726743444, 5.597738845817728, 1.8566014217496725, 1.0777775565395653, 4.452208652357183, 5.970944028116491, 6.096696599828223, 2.144667151147135, 0.4339438103793613, 0.4776935858322724, 1.0254062844915048, 1.8893425722013373, 1.7406017399833866, 1.124285776322898, 10.0, 3.1892401084512687, 8.512642223526337, 4.084411451370552, 6.039135772469341, 3.9369915390874177, 2.3275288550217996, 3.4053132051585546, 10.0, 0.3142604456438854, 4.0838519166580065]
APTIDAO: 
27.04878324532953
GEN: 3800
Individuo: 
[3.4873421151702053, 1.8363764655379191, 0.2637060566610736, 3.2267856297378406, 1.1641267784933933, 0.4426517556014479, 0.5942794250858751, 0.21270970999388658, 0.7609151073049237, 0.3509874060539046, 0.20179169624127893, 0.4661021871222647, 14.917249589508868, 9.648873762909522, 2.2789159952109115, 7.661489492521225, 3.9380255981400265, 1.5761609121308324, 9.19637086405644, 1.5036880851787497, 1.0362496100833014, 0.9296420333794028, 1.2758056207403727, 0.620971726743444, 5.597738845817728, 1.8566014217496725, 1.0777775565395653, 4.452208652357183, 5.970944028116491, 6.096696599828223, 1.7392593911223853, 0.4339438103793613, 0.4776935858322724, 1.0254062844915048, 1.8893425722013373, 1.7406017399833866, 0.9135209552106446, 10.0, 3.186586701516334, 8.512642223526337, 4.084411451370552, 6.039135772469341, 3.5551263195497427, 2.3275288550217996, 3.4053132051585546, 10.0, 0.3142604456438854, 4.0838519166580065]
APTIDAO: 
27.040334587350344
GEN: 3900
Individuo: 
[3.4873421151702053, 1.8363764655379191, 0.2637060566610736, 3.2267856297378406, 1.1641267784933933, 0.4426517556014479, 0.5942794250858751, 0.21270970999388658, 0.7609151073049237, 0.3509874060539046, 0.20179169624127893, 0.4661021871222647, 15.615031683458476, 9.648873762909522, 2.9148122471272964, 7.661489492521225, 3.9380255981400265, 1.0201028089323694, 9.19637086405644, 1.5036880851787497, 1.0362496100833014, 0.9296420333794028, 1.2758056207403727, 0.620971726743444, 5.597738845817728, 1.8566014217496725, 1.0777775565395653, 4.452208652357183, 5.970944028116491, 6.096696599828223, 1.7392593911223853, 0.4339438103793613, 0.4776935858322724, 1.0254062844915048, 1.8893425722013373, 1.7406017399833866, 1.4334197969322857, 10.0, 3.177252880272349, 8.512642223526337, 4.084411451370552, 6.010384234726435, 3.5551263195497427, 2.3275288550217996, 3.4053132051585546, 10.0, 0.3142604456438854, 4.0838519166580065]
APTIDAO: 
27.031375419729606
GEN: 4000
Individuo: 
[3.333082970017782, 1.8363764655379191, 0.2721261627627448, 3.2267856297378406, 1.1641267784933933, 0.4426517556014479, 0.5942794250858751, 0.21270970999388658, 0.7609151073049237, 0.3509874060539046, 0.20179169624127893, 0.4661021871222647, 9.080705333363818, 7.145321486227242, 2.9148122471272964, 7.661489492521225, 3.9380255981400265, 1.1260200967442264, 9.19637086405644, 1.5036880851787497, 1.0362496100833014, 0.9296420333794028, 1.2758056207403727, 0.620971726743444, 6.5266931561592765, 1.8566014217496725, 0.7937482274322226, 4.452208652357183, 5.970944028116491, 6.096696599828223, 1.7392593911223853, 0.4339438103793613, 0.4776935858322724, 1.0254062844915048, 1.8893425722013373, 1.7406017399833866, 1.570103670722974, 10.0, 3.177252880272349, 8.512642223526337, 4.084411451370552, 5.218717737378305, 3.5551263195497427, 2.3275288550217996, 3.4053132051585546, 10.0, 0.3142604456438854, 4.0838519166580065]
APTIDAO: 
26.8631321298294
GEN: 4100
Individuo: 
[3.333082970017782, 1.8363764655379191, 0.2721261627627448, 3.2267856297378406, 1.1641267784933933, 0.4426517556014479, 0.5942794250858751, 0.21270970999388658, 0.7609151073049237, 0.3509874060539046, 0.20179169624127893, 0.4661021871222647, 8.04469002548501, 7.145321486227242, 2.9148122471272964, 7.661489492521225, 3.9380255981400265, 1.1260200967442264, 9.19637086405644, 1.5036880851787497, 1.0362496100833014, 0.9296420333794028, 1.2758056207403727, 0.620971726743444, 6.5266931561592765, 1.8566014217496725, 0.7937482274322226, 4.452208652357183, 5.970944028116491, 6.096696599828223, 1.7392593911223853, 0.4339438103793613, 0.4776935858322724, 1.0254062844915048, 1.8893425722013373, 1.7406017399833866, 1.6362614277986536, 10.0, 3.177252880272349, 8.512642223526337, 4.084411451370552, 5.218717737378305, 3.5551263195497427, 2.3275288550217996, 3.4053132051585546, 10.0, 0.3142604456438854, 4.0838519166580065]
APTIDAO: 
26.85123834289394
GEN: 4200
Individuo: 
[3.333082970017782, 1.8363764655379191, 0.2721261627627448, 3.2267856297378406, 1.1641267784933933, 0.4426517556014479, 0.5942794250858751, 0.21270970999388658, 0.7609151073049237, 0.3606421227965664, 0.20179169624127893, 0.4661021871222647, 9.265286702175063, 7.145321486227242, 2.9148122471272964, 7.661489492521225, 3.9380255981400265, 1.299636141204319, 9.128336577191886, 1.464735474984804, 1.0404920799387574, 0.9296420333794028, 1.2758056207403727, 0.620971726743444, 6.5266931561592765, 1.8566014217496725, 0.7937482274322226, 4.452208652357183, 5.970944028116491, 6.096696599828223, 1.7392593911223853, 0.4339438103793613, 0.4776935858322724, 0.6258725148516687, 1.8893425722013373, 1.7406017399833866, 1.250660786524118, 10.0, 3.177252880272349, 8.512642223526337, 4.084411451370552, 8.20874672137648, 3.2787953411482404, 3.8782500399028157, 2.3159011304763113, 10.0, 0.3142604456438854, 4.0838519166580065]
APTIDAO: 
26.495952920610485
GEN: 4300
Individuo: 
[3.333082970017782, 1.8363764655379191, 0.2721261627627448, 3.2267856297378406, 1.1641267784933933, 0.4426517556014479, 0.5942794250858751, 0.21270970999388658, 0.7609151073049237, 0.3606421227965664, 0.20179169624127893, 0.4661021871222647, 10.682659573281759, 7.145321486227242, 2.9148122471272964, 8.765274631930192, 3.9380255981400265, 1.299636141204319, 9.128336577191886, 1.464735474984804, 1.0428791652079645, 0.9296420333794028, 1.2758056207403727, 0.620971726743444, 6.5266931561592765, 1.8566014217496725, 0.7937482274322226, 4.452208652357183, 5.970944028116491, 6.096696599828223, 1.7392593911223853, 0.4339438103793613, 0.4776935858322724, 0.6258725148516687, 1.8893425722013373, 1.7406017399833866, 1.3682277622472316, 10.0, 3.177252880272349, 10.0, 4.084411451370552, 8.20874672137648, 3.2787953411482404, 3.8782500399028157, 1.3987214980788782, 10.0, 0.3142604456438854, 4.0838519166580065]
APTIDAO: 
26.36413043862875
GEN: 4400
Individuo: 
[3.333082970017782, 1.8363764655379191, 0.2721261627627448, 3.2267856297378406, 1.1641267784933933, 0.4426517556014479, 0.5942794250858751, 0.21270970999388658, 0.7609151073049237, 0.3606421227965664, 0.20179169624127893, 0.4661021871222647, 10.002560007460799, 7.145321486227242, 2.9148122471272964, 8.765274631930192, 3.9380255981400265, 1.299636141204319, 9.128336577191886, 1.464735474984804, 1.0428791652079645, 0.9296420333794028, 1.2758056207403727, 0.620971726743444, 6.5266931561592765, 1.8566014217496725, 0.7937482274322226, 4.452208652357183, 5.970944028116491, 6.096696599828223, 1.7392593911223853, 0.4339438103793613, 0.4776935858322724, 0.6258725148516687, 1.8893425722013373, 1.7406017399833866, 0.9943101374178167, 10.0, 3.177252880272349, 10.0, 4.084411451370552, 8.20874672137648, 3.2787953411482404, 3.8782500399028157, 1.3987214980788782, 10.0, 0.3142604456438854, 4.0838519166580065]
APTIDAO: 
26.36413043862875
GEN: 4500
Individuo: 
[3.333082970017782, 1.8363764655379191, 0.2721261627627448, 3.2267856297378406, 1.1641267784933933, 0.4426517556014479, 0.5942794250858751, 0.2170054655204222, 0.7609151073049237, 0.3606421227965664, 0.20179169624127893, 0.4661021871222647, 10.37295380064679, 7.842821691722144, 2.9148122471272964, 8.705703905223768, 3.2958969398819744, 1.299636141204319, 9.128336577191886, 1.464735474984804, 1.0588700848997068, 0.9296420333794028, 1.2758056207403727, 0.620971726743444, 6.5266931561592765, 1.8566014217496725, 0.7937482274322226, 4.452208652357183, 5.970944028116491, 6.096696599828223, 1.7392593911223853, 0.5086842765187531, 0.4776935858322724, 0.6258725148516687, 1.8893425722013373, 1.7406017399833866, 1.5564674408103376, 6.241489581131651, 3.177252880272349, 7.621381404648163, 1.8980825686747922, 8.20874672137648, 3.2787953411482404, 3.8782500399028157, 1.24560338316254, 10.0, 0.3142604456438854, 4.0838519166580065]
APTIDAO: 
26.15994238093068
GEN: 4600
Individuo: 
[3.333082970017782, 1.8363764655379191, 0.2686464029562077, 3.2267856297378406, 1.1641267784933933, 0.44399866423397216, 0.5942794250858751, 0.2170054655204222, 0.7609151073049237, 0.3606421227965664, 0.20179169624127893, 0.4661021871222647, 11.039569972198823, 7.842821691722144, 2.9148122471272964, 7.550282443255024, 3.2958969398819744, 1.4816386188972879, 9.39196212564016, 1.464735474984804, 1.0746888996799906, 0.9296420333794028, 1.2758056207403727, 0.620971726743444, 6.5266931561592765, 1.8566014217496725, 1.0485154945146649, 4.452208652357183, 5.970944028116491, 3.9501636927027004, 1.7392593911223853, 0.5086842765187531, 0.4776935858322724, 0.6258725148516687, 1.8893425722013373, 1.7406017399833866, 2.192099148187926, 6.241489581131651, 3.177252880272349, 10.0, 1.8980825686747922, 4.524528867471525, 2.207889475833819, 3.8782500399028157, 1.074461657076314, 10.0, 0.3142604456438854, 4.0838519166580065]
APTIDAO: 
26.016705740857358
GEN: 4700
Individuo: 
[3.333082970017782, 1.8363764655379191, 0.2686464029562077, 3.2267856297378406, 1.1641267784933933, 0.44399866423397216, 0.5942794250858751, 0.2170054655204222, 0.7609151073049237, 0.3606421227965664, 0.20179169624127893, 0.4661021871222647, 11.642765189600821, 7.842821691722144, 2.9148122471272964, 7.823851253249349, 3.2958969398819744, 1.4816386188972879, 9.39196212564016, 1.464735474984804, 1.0746888996799906, 0.9296420333794028, 1.2758056207403727, 0.620971726743444, 6.5266931561592765, 1.8566014217496725, 1.0485154945146649, 4.452208652357183, 5.970944028116491, 3.9501636927027004, 1.7392593911223853, 0.5086842765187531, 0.4776935858322724, 0.6258725148516687, 1.8893425722013373, 1.7406017399833866, 0.8826561434807698, 6.241489581131651, 3.177252880272349, 2.4419185239041195, 1.8980825686747922, 4.524528867471525, 2.207889475833819, 3.8782500399028157, 1.074461657076314, 10.0, 0.3142604456438854, 4.0838519166580065]
APTIDAO: 
26.016705740857358
GEN: 4800
Individuo: 
[3.333082970017782, 1.8363764655379191, 0.2686464029562077, 3.2267856297378406, 1.1641267784933933, 0.44399866423397216, 0.5942794250858751, 0.2170054655204222, 0.7609151073049237, 0.3606421227965664, 0.20179169624127893, 0.4661021871222647, 11.642765189600821, 7.842821691722144, 2.9148122471272964, 7.823851253249349, 3.2958969398819744, 1.4816386188972879, 9.39196212564016, 1.464735474984804, 1.0746888996799906, 0.9296420333794028, 1.2758056207403727, 0.620971726743444, 6.5266931561592765, 1.8566014217496725, 1.0485154945146649, 4.452208652357183, 5.970944028116491, 3.9501636927027004, 1.7392593911223853, 0.5086842765187531, 0.4776935858322724, 0.6258725148516687, 1.8893425722013373, 1.7406017399833866, 0.8826561434807698, 6.241489581131651, 3.177252880272349, 2.4419185239041195, 1.8980825686747922, 4.524528867471525, 2.207889475833819, 3.8782500399028157, 1.074461657076314, 10.0, 0.3142604456438854, 4.0838519166580065]
APTIDAO: 
26.016705740857358
GEN: 4900
Individuo: 
[3.333082970017782, 1.8363764655379191, 0.2686464029562077, 3.418748891193792, 1.1641267784933933, 0.45672175648290236, 0.5942794250858751, 0.2234497431626384, 0.7609151073049237, 0.3606421227965664, 0.20179169624127893, 0.4661021871222647, 11.642765189600821, 7.842821691722144, 2.9148122471272964, 7.823851253249349, 3.2958969398819744, 1.3842176780695656, 8.60588481449204, 1.464735474984804, 1.0746888996799906, 0.9296420333794028, 1.2758056207403727, 0.620971726743444, 6.5266931561592765, 1.8566014217496725, 1.0485154945146649, 2.648004290802315, 5.970944028116491, 2.3836292640511245, 1.7392593911223853, 0.5962190815931789, 0.4776935858322724, 0.6258725148516687, 1.8893425722013373, 1.7406017399833866, 0.8826561434807698, 6.241489581131651, 3.177252880272349, 2.4419185239041195, 1.8980825686747922, 2.3794862586080803, 3.032825304405854, 3.8782500399028157, 1.074461657076314, 10.0, 0.3142604456438854, 4.0838519166580065]
APTIDAO: 
25.699165511208825
GEN: 5000
Individuo: 
[3.333082970017782, 1.8363764655379191, 0.2686464029562077, 3.418748891193792, 1.1641267784933933, 0.45237133437926025, 0.5942794250858751, 0.2234497431626384, 0.7609151073049237, 0.3606421227965664, 0.20179169624127893, 0.4661021871222647, 11.642765189600821, 7.842821691722144, 2.9148122471272964, 7.700297814008996, 3.2958969398819744, 1.907461763357608, 8.60588481449204, 1.464735474984804, 1.0746888996799906, 0.9296420333794028, 1.2758056207403727, 0.620971726743444, 6.5266931561592765, 1.8566014217496725, 1.0485154945146649, 2.648004290802315, 5.970944028116491, 3.2059243599352536, 1.7392593911223853, 0.5962190815931789, 0.4776935858322724, 0.6258725148516687, 1.8893425722013373, 1.7406017399833866, 0.8826561434807698, 6.241489581131651, 3.177252880272349, 1.9577345332122498, 1.8980825686747922, 1.5313243018173606, 3.032825304405854, 3.8782500399028157, 1.074461657076314, 10.0, 0.3142604456438854, 4.0838519166580065]
APTIDAO: 
25.675703066881756
GEN: 5100
Individuo: 
[3.333082970017782, 1.8363764655379191, 0.26335818184520515, 3.4574724631233718, 1.1641267784933933, 0.45237133437926025, 0.5942794250858751, 0.2234497431626384, 0.7609151073049237, 0.3521717012737039, 0.20179169624127893, 0.4667667651444539, 13.653023594907172, 7.842821691722144, 2.9148122471272964, 7.700297814008996, 3.2958969398819744, 1.907461763357608, 8.60588481449204, 1.446901441341185, 1.0746888996799906, 0.9296420333794028, 1.2758056207403727, 0.620971726743444, 6.5266931561592765, 1.8566014217496725, 0.7548479729153582, 1.8615111218975553, 5.970944028116491, 3.2059243599352536, 1.7392593911223853, 0.5962190815931789, 0.4776935858322724, 0.4773396017015786, 1.8893425722013373, 1.6336490573053084, 2.4011369173056996, 6.241489581131651, 3.177252880272349, 1.9577345332122498, 1.8980825686747922, 1.5313243018173606, 3.032825304405854, 1.9531211349684552, 1.074461657076314, 10.0, 0.3142604456438854, 4.0838519166580065]
APTIDAO: 
25.56872744115384
GEN: 5200
Individuo: 
[3.333082970017782, 1.8363764655379191, 0.2375068051277177, 3.4574724631233718, 1.1641267784933933, 0.45237133437926025, 0.5942794250858751, 0.22485452834658676, 0.7609151073049237, 0.3521717012737039, 0.20179169624127893, 0.4667667651444539, 16.358271592764915, 7.842821691722144, 2.9148122471272964, 8.831010471613482, 3.24376707013606, 1.907461763357608, 8.60588481449204, 1.4343011832821582, 1.0746888996799906, 0.9296420333794028, 1.2758056207403727, 0.6169620988864376, 6.5266931561592765, 1.8566014217496725, 0.8006788849674675, 1.8615111218975553, 5.970944028116491, 3.2059243599352536, 1.7392593911223853, 0.9958867892684442, 0.4776935858322724, 0.4773396017015786, 1.8893425722013373, 1.6336490573053084, 3.9091078239213584, 6.241489581131651, 3.177252880272349, 1.2235657586065292, 2.5422413153584396, 1.5313243018173606, 3.032825304405854, 1.235401117656673, 1.074461657076314, 10.0, 0.3142604456438854, 4.782093863339789]
APTIDAO: 
25.570302791827096
GEN: 5300
Individuo: 
[3.333082970017782, 1.8363764655379191, 0.23253440539382522, 3.4574724631233718, 1.1641267784933933, 0.45237133437926025, 0.5942794250858751, 0.22485452834658676, 0.7609151073049237, 0.3521717012737039, 0.20179169624127893, 0.4667667651444539, 15.386660446313217, 7.842821691722144, 2.9148122471272964, 8.831010471613482, 3.24376707013606, 1.907461763357608, 8.60588481449204, 1.455310664002499, 1.0746888996799906, 0.9296420333794028, 1.2758056207403727, 0.6169620988864376, 6.5266931561592765, 1.8566014217496725, 0.6254715445959165, 1.8615111218975553, 5.970944028116491, 3.2059243599352536, 1.7392593911223853, 0.9958867892684442, 0.4776935858322724, 0.4773396017015786, 1.8893425722013373, 1.6336490573053084, 5.841186693567955, 6.241489581131651, 3.177252880272349, 1.2235657586065292, 2.5422413153584396, 1.5313243018173606, 3.032825304405854, 1.67628034989436, 1.074461657076314, 10.0, 0.3142604456438854, 4.782093863339789]
APTIDAO: 
25.51929059134859
GEN: 5400
Individuo: 
[3.333082970017782, 1.8363764655379191, 0.23639990855119314, 3.4574724631233718, 1.1641267784933933, 0.45237133437926025, 0.5942794250858751, 0.22485452834658676, 0.7609151073049237, 0.3521717012737039, 0.20179169624127893, 0.4667667651444539, 14.211697714098436, 7.842821691722144, 2.9148122471272964, 8.831010471613482, 3.24376707013606, 1.5436009857215038, 8.60588481449204, 1.455310664002499, 1.0746888996799906, 0.9296420333794028, 1.2758056207403727, 0.6169620988864376, 6.5266931561592765, 1.8566014217496725, 1.4817506944759944, 1.8615111218975553, 5.970944028116491, 3.2059243599352536, 1.7392593911223853, 0.9958867892684442, 0.4776935858322724, 0.4773396017015786, 1.8893425722013373, 1.6336490573053084, 5.6502983369785795, 6.241489581131651, 3.177252880272349, 1.2235657586065292, 2.5422413153584396, 0.8957816871102467, 3.032825304405854, 1.67628034989436, 1.074461657076314, 10.0, 0.3142604456438854, 4.782093863339789]
APTIDAO: 
25.506594164538317
GEN: 5500
Individuo: 
[3.331564546266031, 1.8363764655379191, 0.23639990855119314, 3.4574724631233718, 1.1641267784933933, 0.45428945194683396, 0.5942794250858751, 0.22485452834658676, 0.7609151073049237, 0.3521717012737039, 0.20179169624127893, 0.4667667651444539, 13.417661676941464, 7.842821691722144, 2.9148122471272964, 8.831010471613482, 3.5059225014737483, 1.5436009857215038, 8.102902442918056, 1.455310664002499, 1.0746888996799906, 0.9296420333794028, 1.2758056207403727, 0.6169620988864376, 7.407293929618786, 1.8566014217496725, 1.4817506944759944, 1.8615111218975553, 5.970944028116491, 2.4370551566269105, 1.7392593911223853, 0.9958867892684442, 0.4776935858322724, 0.4773396017015786, 1.8893425722013373, 1.6336490573053084, 4.389775494961764, 6.241489581131651, 3.177252880272349, 1.2235657586065292, 1.7697360934847997, 0.8957816871102467, 4.254405892277615, 1.67628034989436, 1.074461657076314, 10.0, 0.3142604456438854, 4.782093863339789]
APTIDAO: 
25.48586306481771
GEN: 5600
Individuo: 
[3.331564546266031, 1.8363764655379191, 0.23639990855119314, 3.4574724631233718, 1.1641267784933933, 0.45428945194683396, 0.5991258253638773, 0.22485452834658676, 0.7588113955918219, 0.3521717012737039, 0.20179169624127893, 0.4667667651444539, 13.417661676941464, 7.842821691722144, 2.9148122471272964, 8.831010471613482, 3.5059225014737483, 1.7042002069937652, 8.102902442918056, 1.4499376319715902, 1.0746888996799906, 0.9296420333794028, 1.2758056207403727, 0.6169620988864376, 7.407293929618786, 1.8566014217496725, 1.4817506944759944, 1.8615111218975553, 5.970944028116491, 2.4370551566269105, 0.629319419420087, 0.9958867892684442, 0.544478480422387, 0.4773396017015786, 1.8893425722013373, 1.6336490573053084, 4.389775494961764, 6.241489581131651, 3.177252880272349, 1.2235657586065292, 1.7697360934847997, 1.5120441477404944, 4.254405892277615, 0.9809533392547872, 1.074461657076314, 10.0, 0.3142604456438854, 4.782093863339789]
APTIDAO: 
25.42711650381374
GEN: 5700
Individuo: 
[3.328153178212328, 1.8363764655379191, 0.2482119019120511, 3.4574724631233718, 1.1641267784933933, 0.45428945194683396, 0.5991258253638773, 0.22485452834658676, 0.7588113955918219, 0.35181095002089924, 0.20179169624127893, 0.4667667651444539, 15.020223800638417, 7.842821691722144, 2.9148122471272964, 8.831010471613482, 3.5059225014737483, 1.7042002069937652, 8.102902442918056, 1.444834292130864, 1.0746888996799906, 0.9296420333794028, 1.2758056207403727, 0.6169620988864376, 8.966308715675549, 1.8566014217496725, 1.3553363269089078, 1.8615111218975553, 5.970944028116491, 2.4370551566269105, 0.629319419420087, 0.9958867892684442, 0.544478480422387, 0.4712283285029242, 1.8893425722013373, 1.6336490573053084, 9.648801147244463, 6.241489581131651, 3.177252880272349, 1.2235657586065292, 1.7697360934847997, 1.5120441477404944, 4.254405892277615, 0.8450486793344135, 1.074461657076314, 10.0, 0.3142604456438854, 4.782093863339789]
APTIDAO: 
25.32947061111262
GEN: 5800
Individuo: 
[3.328153178212328, 1.8363764655379191, 0.2482119019120511, 3.4574724631233718, 1.1641267784933933, 0.45428945194683396, 0.5991258253638773, 0.22485452834658676, 0.7588113955918219, 0.35181095002089924, 0.20179169624127893, 0.4667667651444539, 15.020223800638417, 7.842821691722144, 2.9148122471272964, 8.831010471613482, 3.5059225014737483, 1.4581022160024963, 8.102902442918056, 1.444834292130864, 1.0746888996799906, 0.9296420333794028, 1.2758056207403727, 0.6169620988864376, 8.966308715675549, 1.8566014217496725, 1.3553363269089078, 1.8615111218975553, 5.970944028116491, 2.4370551566269105, 0.629319419420087, 0.9958867892684442, 0.544478480422387, 0.4712283285029242, 1.8893425722013373, 1.6336490573053084, 9.648801147244463, 6.241489581131651, 3.177252880272349, 1.2235657586065292, 1.7697360934847997, 1.0229331223327607, 4.254405892277615, 0.8450486793344135, 1.074461657076314, 10.0, 0.3142604456438854, 4.782093863339789]
APTIDAO: 
25.32947061111262
GEN: 5900
Individuo: 
[3.328153178212328, 1.8363764655379191, 0.2482119019120511, 3.4574724631233718, 1.1641267784933933, 0.45428945194683396, 0.5991258253638773, 0.22485452834658676, 0.7588113955918219, 0.35181095002089924, 0.20179169624127893, 0.4667667651444539, 15.020223800638417, 7.842821691722144, 2.9148122471272964, 8.831010471613482, 3.1387643784857326, 1.1131574400728967, 8.102902442918056, 1.444834292130864, 1.0746888996799906, 0.9296420333794028, 1.2758056207403727, 0.6169620988864376, 8.966308715675549, 1.8566014217496725, 1.3553363269089078, 1.8615111218975553, 5.970944028116491, 2.4370551566269105, 0.629319419420087, 0.9958867892684442, 0.544478480422387, 0.4712283285029242, 1.8893425722013373, 1.6336490573053084, 9.648801147244463, 6.241489581131651, 3.177252880272349, 1.2235657586065292, 1.4931354375089407, 1.3751809856535047, 4.254405892277615, 0.8450486793344135, 1.074461657076314, 10.0, 0.3142604456438854, 4.782093863339789]
APTIDAO: 
25.32947061111262
GEN: 6000
Individuo: 
[3.328153178212328, 1.8363764655379191, 0.2482119019120511, 3.4574724631233718, 1.1641267784933933, 0.45428945194683396, 0.5991258253638773, 0.22485452834658676, 0.7588113955918219, 0.35181095002089924, 0.20179169624127893, 0.4667667651444539, 15.020223800638417, 7.842821691722144, 2.9148122471272964, 8.831010471613482, 3.9479898262500037, 1.653732804937618, 8.18793728876686, 1.444834292130864, 1.0746888996799906, 0.9296420333794028, 1.2758056207403727, 0.6169620988864376, 8.966308715675549, 1.8566014217496725, 1.3553363269089078, 1.8615111218975553, 5.970944028116491, 2.4370551566269105, 0.629319419420087, 0.9958867892684442, 0.544478480422387, 0.4712283285029242, 1.8893425722013373, 1.6336490573053084, 9.648801147244463, 6.241489581131651, 3.177252880272349, 1.2235657586065292, 1.140341938915743, 2.732151089131372, 2.724486626421827, 0.8450486793344135, 1.074461657076314, 10.0, 0.3142604456438854, 4.782093863339789]
APTIDAO: 
25.32947061111262
GEN: 6100
Individuo: 
[3.328153178212328, 1.8363764655379191, 0.2482119019120511, 3.4574724631233718, 1.1641267784933933, 0.45428945194683396, 0.5991258253638773, 0.22485452834658676, 0.7588113955918219, 0.35181095002089924, 0.20179169624127893, 0.4667667651444539, 15.020223800638417, 7.842821691722144, 2.58708961092567, 8.831010471613482, 3.1387643784857326, 1.3978277219625912, 8.18793728876686, 1.444834292130864, 1.0746888996799906, 0.9296420333794028, 1.2758056207403727, 0.6169620988864376, 8.966308715675549, 1.8566014217496725, 1.3553363269089078, 1.8615111218975553, 5.970944028116491, 2.4370551566269105, 0.629319419420087, 0.9958867892684442, 0.544478480422387, 0.4712283285029242, 1.8893425722013373, 1.6336490573053084, 9.648801147244463, 6.241489581131651, 3.364416582540138, 1.2235657586065292, 1.4931354375089407, 0.7977804362505647, 2.724486626421827, 0.8450486793344135, 1.074461657076314, 10.0, 0.3142604456438854, 4.782093863339789]
APTIDAO: 
25.32947061111262
GEN: 6200
Individuo: 
[3.328153178212328, 1.8363764655379191, 0.2482119019120511, 3.4574724631233718, 1.1641267784933933, 0.45428945194683396, 0.5991258253638773, 0.22485452834658676, 0.7588113955918219, 0.35181095002089924, 0.20179169624127893, 0.4667319597164142, 15.020223800638417, 7.842821691722144, 2.9148122471272964, 8.831010471613482, 3.106446919185203, 1.7264494104195687, 8.049755261116665, 1.444834292130864, 1.0746888996799906, 0.9296420333794028, 1.2758056207403727, 0.6169620988864376, 8.966308715675549, 1.8566014217496725, 1.3553363269089078, 1.8615111218975553, 5.970944028116491, 2.4370551566269105, 0.629319419420087, 0.9958867892684442, 0.544478480422387, 0.4712283285029242, 1.8893425722013373, 1.1791149013021678, 9.648801147244463, 6.241489581131651, 3.177252880272349, 1.2235657586065292, 1.3095531752156673, 1.6472076774781568, 1.61481268332269, 0.8450486793344135, 1.074461657076314, 10.0, 0.3142604456438854, 4.782093863339789]
APTIDAO: 
25.329431791069002
GEN: 6300
Individuo: 
[3.328153178212328, 1.8363764655379191, 0.24790637290821618, 3.4574724631233718, 1.1641267784933933, 0.45428945194683396, 0.5991258253638773, 0.22485452834658676, 0.7588113955918219, 0.35181095002089924, 0.20179169624127893, 0.4667667651444539, 15.020223800638417, 7.842821691722144, 2.493171604580193, 8.831010471613482, 3.958028939496939, 1.7264494104195687, 8.559053007520681, 1.444834292130864, 1.0746888996799906, 0.9296420333794028, 1.2758056207403727, 0.6169620988864376, 8.966308715675549, 1.8566014217496725, 1.3415425594676054, 1.8615111218975553, 5.970944028116491, 2.4370551566269105, 0.629319419420087, 0.9958867892684442, 0.544478480422387, 0.4712283285029242, 1.8893425722013373, 1.6336490573053084, 9.648801147244463, 6.241489581131651, 3.816200487557484, 1.2235657586065292, 2.9531082355548954, 1.6472076774781568, 3.1527340983590713, 0.8450486793344135, 1.074461657076314, 10.0, 0.3142604456438854, 4.782093863339789]
APTIDAO: 
25.32908980263443
GEN: 6400
Individuo: 
[3.328153178212328, 1.8363764655379191, 0.24790637290821618, 3.4574724631233718, 1.1641267784933933, 0.45428945194683396, 0.5991258253638773, 0.22485452834658676, 0.7588113955918219, 0.35181095002089924, 0.20179169624127893, 0.4667667651444539, 15.020223800638417, 7.842821691722144, 2.9148122471272964, 8.831010471613482, 3.958028939496939, 1.79812681325518, 8.559053007520681, 1.444834292130864, 1.0746888996799906, 0.9296420333794028, 1.2762989254568657, 0.6169620988864376, 8.966308715675549, 1.8566014217496725, 1.3415425594676054, 1.8615111218975553, 5.970944028116491, 2.4370551566269105, 0.629319419420087, 0.9958867892684442, 0.544478480422387, 0.4712283285029242, 1.8893425722013373, 1.6336490573053084, 9.648801147244463, 6.241489581131651, 3.177252880272349, 1.2235657586065292, 2.9531082355548954, 3.2985544190351344, 3.1527340983590713, 0.8450486793344135, 1.074461657076314, 10.0, 0.6508119262750256, 4.782093863339789]
APTIDAO: 
25.326195812040066
GEN: 6500
Individuo: 
[3.328153178212328, 1.8363764655379191, 0.24790637290821618, 3.4574724631233718, 1.1641267784933933, 0.4557536154814226, 0.5991258253638773, 0.22485452834658676, 0.7588113955918219, 0.35181095002089924, 0.20179169624127893, 0.4667667651444539, 15.020223800638417, 7.842821691722144, 2.9148122471272964, 8.831010471613482, 3.9055639978324965, 1.79812681325518, 8.559053007520681, 1.444834292130864, 1.0746888996799906, 0.9296420333794028, 1.2762989254568657, 0.6169620988864376, 8.966308715675549, 1.8566014217496725, 1.3415425594676054, 1.8615111218975553, 5.970944028116491, 4.10606591116139, 0.629319419420087, 0.9958867892684442, 0.544478480422387, 0.4712283285029242, 1.8893425722013373, 1.6336490573053084, 9.648801147244463, 6.241489581131651, 3.177252880272349, 1.2235657586065292, 3.9462417261637897, 3.2985544190351344, 3.1527340983590713, 0.8450486793344135, 1.074461657076314, 10.0, 0.6508119262750256, 4.782093863339789]
APTIDAO: 
25.31831677596159
GEN: 6600
Individuo: 
[3.328153178212328, 1.8363764655379191, 0.24790637290821618, 3.4574724631233718, 1.1641267784933933, 0.4557536154814226, 0.5991258253638773, 0.22485452834658676, 0.7588113955918219, 0.35181095002089924, 0.20179169624127893, 0.4667667651444539, 14.778076501307249, 7.842821691722144, 2.9148122471272964, 8.831010471613482, 3.9055639978324965, 1.79812681325518, 8.559053007520681, 1.444834292130864, 1.0746888996799906, 0.9296420333794028, 1.2762989254568657, 0.6169620988864376, 8.966308715675549, 1.8566014217496725, 1.3415425594676054, 1.8615111218975553, 5.970944028116491, 4.10606591116139, 0.629319419420087, 0.9958867892684442, 0.544478480422387, 0.4712283285029242, 1.8893425722013373, 1.6336490573053084, 10.0, 6.241489581131651, 3.177252880272349, 1.2235657586065292, 3.9462417261637897, 3.2985544190351344, 3.1527340983590713, 0.8450486793344135, 1.074461657076314, 10.0, 0.6508119262750256, 4.782093863339789]
APTIDAO: 
25.316716356638036
GEN: 6700
Individuo: 
[3.328153178212328, 1.8363764655379191, 0.24790637290821618, 3.4574724631233718, 1.1641267784933933, 0.4557536154814226, 0.5991258253638773, 0.22485452834658676, 0.7588113955918219, 0.35181095002089924, 0.20179169624127893, 0.4667667651444539, 17.210306723293826, 7.102963567786267, 2.3195224466901183, 8.744650141592967, 3.9055639978324965, 1.79812681325518, 8.559053007520681, 1.444834292130864, 1.0817216936967364, 0.9296420333794028, 1.2762989254568657, 0.6169620988864376, 8.966308715675549, 1.8566014217496725, 1.3415425594676054, 1.8615111218975553, 5.970944028116491, 4.10606591116139, 0.629319419420087, 0.9958867892684442, 0.544478480422387, 0.4712283285029242, 1.8893425722013373, 1.6336490573053084, 7.811478918927754, 3.0221707797096604, 1.9808437131991494, 1.731572087496683, 3.9462417261637897, 3.2985544190351344, 3.1527340983590713, 0.8450486793344135, 1.2938381054689434, 10.0, 0.6508119262750256, 4.782093863339789]
APTIDAO: 
25.299375217509525
GEN: 6800
Individuo: 
[3.328153178212328, 1.8363764655379191, 0.25900746650259615, 3.4574724631233718, 1.1641267784933933, 0.4557536154814226, 0.5991258253638773, 0.22485452834658676, 0.7588113955918219, 0.35181095002089924, 0.20179169624127893, 0.4667667651444539, 13.146960774590655, 7.102963567786267, 2.3195224466901183, 8.744650141592967, 3.9055639978324965, 1.79812681325518, 8.559053007520681, 1.444834292130864, 1.0817216936967364, 0.9296420333794028, 1.2762989254568657, 0.6169620988864376, 8.966308715675549, 1.8566014217496725, 0.9738973931325569, 1.8615111218975553, 5.970944028116491, 4.10606591116139, 0.629319419420087, 0.9958867892684442, 0.544478480422387, 0.4712283285029242, 1.8893425722013373, 1.6336490573053084, 5.053493899170664, 3.0221707797096604, 1.9808437131991494, 1.731572087496683, 3.9462417261637897, 3.2985544190351344, 3.1527340983590713, 0.8450486793344135, 1.2938381054689434, 10.0, 0.6508119262750256, 4.782093863339789]
APTIDAO: 
25.29427488187076
GEN: 6900
Individuo: 
[3.328153178212328, 1.8363764655379191, 0.1224138594910704, 3.8021844225242165, 1.1641267784933933, 0.4557536154814226, 0.5991258253638773, 0.22485452834658676, 0.7588113955918219, 0.36284613227284973, 0.19786545479643813, 0.4667667651444539, 24.23607186742713, 7.102963567786267, 2.3195224466901183, 8.744650141592967, 3.9055639978324965, 1.79812681325518, 8.559053007520681, 1.444834292130864, 1.0817216936967364, 0.9296420333794028, 1.3038510500477674, 0.6169620988864376, 8.966308715675549, 1.8566014217496725, 0.7672880573702273, 2.00544066114639, 5.970944028116491, 4.10606591116139, 0.629319419420087, 0.9958867892684442, 0.544478480422387, 0.33207857699078475, 2.575327954499505, 1.6336490573053084, 9.335734820956311, 3.0221707797096604, 1.9808437131991494, 1.731572087496683, 3.9462417261637897, 3.2985544190351344, 3.1527340983590713, 0.8450486793344135, 1.2938381054689434, 10.0, 0.7450047412295921, 4.782093863339789]
APTIDAO: 
24.975642489030502
GEN: 7000
Individuo: 
[3.328153178212328, 1.8363764655379191, 0.12467484248893967, 3.8021844225242165, 1.1641267784933933, 0.4557536154814226, 0.5991258253638773, 0.22485452834658676, 0.7588113955918219, 0.36284613227284973, 0.19786545479643813, 0.4667667651444539, 24.23607186742713, 7.102963567786267, 2.3195224466901183, 8.216549016918483, 3.9055639978324965, 1.5911854749724144, 8.559053007520681, 1.444834292130864, 1.0817216936967364, 0.9296420333794028, 1.3038510500477674, 0.6169620988864376, 8.966308715675549, 1.8566014217496725, 1.0635404520775151, 2.00544066114639, 5.970944028116491, 4.10606591116139, 0.629319419420087, 0.9958867892684442, 0.544478480422387, 0.33207857699078475, 2.575327954499505, 1.6336490573053084, 9.335734820956311, 3.0221707797096604, 1.9808437131991494, 1.2277846159309003, 3.9462417261637897, 2.744265822771838, 3.1527340983590713, 0.8450486793344135, 1.2938381054689434, 10.0, 0.7450047412295921, 4.782093863339789]
APTIDAO: 
24.969336589741157
GEN: 7100
Individuo: 
[3.328153178212328, 1.8363764655379191, 0.12735629422375586, 3.8021844225242165, 1.1641267784933933, 0.4557536154814226, 0.5991258253638773, 0.22485452834658676, 0.7588113955918219, 0.36284613227284973, 0.19786545479643813, 0.4667667651444539, 24.23607186742713, 7.102963567786267, 2.3195224466901183, 8.216549016918483, 3.9055639978324965, 1.0727277663760924, 8.559053007520681, 1.444834292130864, 1.0817216936967364, 0.9296420333794028, 1.3038510500477674, 0.6169620988864376, 8.966308715675549, 1.8566014217496725, 0.976399312000848, 2.00544066114639, 5.970944028116491, 4.10606591116139, 0.629319419420087, 0.9958867892684442, 0.544478480422387, 0.33207857699078475, 2.575327954499505, 1.6336490573053084, 9.335734820956311, 3.0221707797096604, 1.9808437131991494, 1.2277846159309003, 3.9462417261637897, 2.322925084903404, 3.1527340983590713, 0.8450486793344135, 1.2938381054689434, 10.0, 0.7450047412295921, 4.782093863339789]
APTIDAO: 
24.966513317836164
GEN: 7200
Individuo: 
[3.328153178212328, 1.8363764655379191, 0.12735629422375586, 3.8021844225242165, 1.1641267784933933, 0.4557536154814226, 0.5991258253638773, 0.22485452834658676, 0.7588113955918219, 0.36284613227284973, 0.19786545479643813, 0.4667667651444539, 24.23607186742713, 7.843350409742403, 2.1149155619083633, 8.216549016918483, 3.066405196270827, 1.0727277663760924, 8.559053007520681, 1.444834292130864, 1.0817216936967364, 0.9296420333794028, 1.3038510500477674, 0.6169620988864376, 8.966308715675549, 1.8566014217496725, 0.976399312000848, 2.00544066114639, 5.970944028116491, 4.10606591116139, 0.629319419420087, 0.9958867892684442, 0.544478480422387, 0.33207857699078475, 2.575327954499505, 1.6336490573053084, 9.335734820956311, 2.7238530844726694, 1.6731970317864775, 1.2277846159309003, 3.836943368231825, 2.322925084903404, 3.1527340983590713, 0.8450486793344135, 1.2938381054689434, 10.0, 0.7450047412295921, 4.782093863339789]
APTIDAO: 
24.966513317836164
GEN: 7300
Individuo: 
[3.328153178212328, 1.8363764655379191, 0.1268585863046945, 3.8021844225242165, 1.1641267784933933, 0.4557536154814226, 0.5991258253638773, 0.22485452834658676, 0.7588113955918219, 0.36284613227284973, 0.19786545479643813, 0.4667667651444539, 24.23607186742713, 7.124095683245547, 2.1149155619083633, 8.131791450181439, 3.037939459742672, 1.851945517709203, 8.559053007520681, 1.444834292130864, 1.0817216936967364, 0.9296420333794028, 1.3038510500477674, 0.6169620988864376, 8.966308715675549, 1.8566014217496725, 1.367245014453423, 2.00544066114639, 5.970944028116491, 4.10606591116139, 0.629319419420087, 0.9958867892684442, 0.544478480422387, 0.33207857699078475, 2.575327954499505, 1.6336490573053084, 9.335734820956311, 4.196822084430619, 1.6731970317864775, 1.7469391801839644, 5.398198935071806, 2.8329879695514273, 3.1527340983590713, 0.8450486793344135, 1.2938381054689434, 10.0, 0.7450047412295921, 4.782093863339789]
APTIDAO: 
24.965664289655297
GEN: 7400
Individuo: 
[3.328153178212328, 1.8363764655379191, 0.1268585863046945, 3.8021844225242165, 1.1641267784933933, 0.4557536154814226, 0.5991258253638773, 0.22485452834658676, 0.7588113955918219, 0.36284613227284973, 0.19786545479643813, 0.4667667651444539, 24.23607186742713, 7.124095683245547, 2.1149155619083633, 8.131791450181439, 3.037939459742672, 1.851945517709203, 8.559053007520681, 1.444834292130864, 1.0817216936967364, 0.9296420333794028, 1.3038510500477674, 0.6169620988864376, 8.966308715675549, 1.8566014217496725, 1.367245014453423, 2.00544066114639, 5.970944028116491, 4.10606591116139, 0.629319419420087, 0.9958867892684442, 0.544478480422387, 0.33207857699078475, 2.575327954499505, 1.6336490573053084, 9.335734820956311, 4.196822084430619, 1.6731970317864775, 1.7469391801839644, 5.398198935071806, 2.8329879695514273, 3.1527340983590713, 0.8450486793344135, 1.2938381054689434, 10.0, 0.7450047412295921, 4.782093863339789]
APTIDAO: 
24.965664289655297
GEN: 7500
Individuo: 
[3.328153178212328, 1.8363764655379191, 0.1268585863046945, 3.8021844225242165, 1.1641267784933933, 0.4557536154814226, 0.5991258253638773, 0.22485452834658676, 0.7588113955918219, 0.36284613227284973, 0.19786545479643813, 0.4667667651444539, 24.23607186742713, 7.124095683245547, 2.1149155619083633, 8.131791450181439, 3.037939459742672, 1.851945517709203, 8.559053007520681, 1.444834292130864, 1.0817216936967364, 0.9296420333794028, 1.3059858883228568, 0.6169620988864376, 8.966308715675549, 1.8566014217496725, 1.367245014453423, 2.00544066114639, 5.970944028116491, 4.10606591116139, 0.629319419420087, 0.9958867892684442, 0.544478480422387, 0.33207857699078475, 2.575327954499505, 1.6336490573053084, 9.335734820956311, 4.196822084430619, 1.6731970317864775, 1.7469391801839644, 5.398198935071806, 2.8329879695514273, 3.1527340983590713, 0.8450486793344135, 1.2938381054689434, 10.0, 0.48814192249015154, 4.782093863339789]
APTIDAO: 
24.9622000591692
GEN: 7600
Individuo: 
[3.3252950008950988, 1.8363764655379191, 0.1268585863046945, 3.8032547704311135, 1.1641267784933933, 0.45783885944699315, 0.5991258253638773, 0.22485452834658676, 0.7588113955918219, 0.36284613227284973, 0.19786545479643813, 0.4667667651444539, 24.23607186742713, 7.124095683245547, 2.1149155619083633, 8.131791450181439, 3.037939459742672, 1.851945517709203, 8.559053007520681, 1.444834292130864, 1.0817216936967364, 0.9296420333794028, 1.3059858883228568, 0.6169620988864376, 10.0, 1.8566014217496725, 1.367245014453423, 2.2049524131941434, 5.970944028116491, 3.2674229311252234, 0.629319419420087, 0.9958867892684442, 0.544478480422387, 0.33207857699078475, 2.575327954499505, 1.6336490573053084, 9.335734820956311, 4.196822084430619, 1.6731970317864775, 1.7469391801839644, 5.398198935071806, 2.8329879695514273, 3.1527340983590713, 0.8450486793344135, 1.2938381054689434, 10.0, 0.48814192249015154, 4.782093863339789]
APTIDAO: 
24.926062829287076
GEN: 7700
Individuo: 
[3.3252950008950988, 1.8363764655379191, 0.13006757297882188, 3.8032547704311135, 1.1641267784933933, 0.45783885944699315, 0.5991258253638773, 0.22485452834658676, 0.7588113955918219, 0.36284613227284973, 0.19786545479643813, 0.4667667651444539, 23.893382695233985, 7.124095683245547, 2.7779238861636872, 8.131791450181439, 3.037939459742672, 1.851945517709203, 8.4232838420548, 1.444834292130864, 1.0817216936967364, 0.9296420333794028, 1.3059858883228568, 0.6169620988864376, 10.0, 1.8566014217496725, 0.6494088652475832, 2.2049524131941434, 5.970944028116491, 3.2674229311252234, 0.629319419420087, 0.9958867892684442, 0.544478480422387, 0.33207857699078475, 2.575327954499505, 1.6336490573053084, 6.034754391067642, 4.196822084430619, 3.2347264954092982, 1.7469391801839644, 5.398198935071806, 2.8329879695514273, 4.237773863210921, 0.8450486793344135, 1.2938381054689434, 10.0, 0.48814192249015154, 4.782093863339789]
APTIDAO: 
24.922714621278626
GEN: 7800
Individuo: 
[3.3252950008950988, 1.8363764655379191, 0.13006757297882188, 3.8032547704311135, 1.1641267784933933, 0.45783885944699315, 0.5991258253638773, 0.22485452834658676, 0.7588113955918219, 0.36284613227284973, 0.19786545479643813, 0.4667667651444539, 23.893382695233985, 7.124095683245547, 2.5534753776081724, 8.131791450181439, 3.037939459742672, 1.502701897572972, 8.00466209769299, 1.444834292130864, 1.0817216936967364, 0.9296420333794028, 1.3059858883228568, 0.6169620988864376, 10.0, 1.8566014217496725, 0.6494088652475832, 2.2049524131941434, 5.970944028116491, 3.2674229311252234, 0.629319419420087, 0.9958867892684442, 0.544478480422387, 0.33207857699078475, 2.575327954499505, 1.6336490573053084, 6.034754391067642, 4.196822084430619, 2.130330175869642, 1.7469391801839644, 5.398198935071806, 1.8056471873600135, 2.156352273732586, 0.8450486793344135, 1.2938381054689434, 10.0, 0.48814192249015154, 4.782093863339789]
APTIDAO: 
24.922714621278626
GEN: 7900
Individuo: 
[3.3252950008950988, 1.8363764655379191, 0.13006757297882188, 3.8032547704311135, 1.1641267784933933, 0.45783885944699315, 0.5991258253638773, 0.22494212069669903, 0.7588113955918219, 0.36284613227284973, 0.19786545479643813, 0.4667667651444539, 23.893382695233985, 7.324721353358549, 2.5534753776081724, 8.131791450181439, 3.037939459742672, 1.8695768263743626, 8.145775757988641, 1.444834292130864, 1.0817216936967364, 0.9296420333794028, 1.3059858883228568, 0.6169620988864376, 10.0, 1.8566014217496725, 0.6494088652475832, 2.2049524131941434, 5.970944028116491, 3.2674229311252234, 0.629319419420087, 2.0177399051567035, 0.544478480422387, 0.33207857699078475, 2.575327954499505, 1.6336490573053084, 6.034754391067642, 3.2773091818537483, 2.130330175869642, 1.7469391801839644, 5.398198935071806, 1.6747537144418259, 3.2062269296912684, 0.8450486793344135, 1.2938381054689434, 10.0, 0.48814192249015154, 4.782093863339789]
APTIDAO: 
24.92171205448898
GEN: 8000
Individuo: 
[3.3252950008950988, 1.8363764655379191, 0.13006757297882188, 3.8032547704311135, 1.1641267784933933, 0.45783885944699315, 0.5991258253638773, 0.22494212069669903, 0.7588113955918219, 0.36284613227284973, 0.19786545479643813, 0.4667667651444539, 23.893382695233985, 7.324721353358549, 2.5534753776081724, 8.131791450181439, 3.037939459742672, 1.0026793705295753, 8.145775757988641, 1.444834292130864, 1.0817216936967364, 0.9296420333794028, 1.3059858883228568, 0.6169620988864376, 10.0, 1.8566014217496725, 0.6494088652475832, 2.2049524131941434, 5.970944028116491, 3.2674229311252234, 0.629319419420087, 2.0177399051567035, 0.544478480422387, 0.33207857699078475, 2.575327954499505, 1.6336490573053084, 6.034754391067642, 3.2773091818537483, 2.130330175869642, 1.7469391801839644, 5.398198935071806, 1.7869398161103367, 3.2062269296912684, 0.8450486793344135, 1.2938381054689434, 10.0, 0.48814192249015154, 4.782093863339789]
APTIDAO: 
24.92171205448898
GEN: 8100
Individuo: 
[3.3252950008950988, 1.8363764655379191, 0.13006757297882188, 3.8032547704311135, 1.1641267784933933, 0.45783885944699315, 0.5991258253638773, 0.22494212069669903, 0.7588113955918219, 0.36284613227284973, 0.19786545479643813, 0.4667667651444539, 23.893382695233985, 7.324721353358549, 2.5534753776081724, 8.131791450181439, 3.037939459742672, 1.3232018662132645, 8.145775757988641, 1.444834292130864, 1.0817216936967364, 0.9296420333794028, 1.3059858883228568, 0.6169620988864376, 10.0, 1.8566014217496725, 0.6494088652475832, 2.2049524131941434, 5.970944028116491, 3.2674229311252234, 0.629319419420087, 2.0177399051567035, 0.544478480422387, 0.33207857699078475, 2.575327954499505, 1.6336490573053084, 6.034754391067642, 3.2773091818537483, 2.130330175869642, 1.7469391801839644, 5.398198935071806, 2.077257242878117, 3.2062269296912684, 0.8450486793344135, 1.2938381054689434, 10.0, 0.48814192249015154, 4.782093863339789]
APTIDAO: 
24.92171205448898
GEN: 8200
Individuo: 
[3.3252950008950988, 1.8363764655379191, 0.13006757297882188, 3.8032547704311135, 1.1641267784933933, 0.45783885944699315, 0.5991258253638773, 0.22494212069669903, 0.7588113955918219, 0.36284613227284973, 0.19786545479643813, 0.4667667651444539, 23.893382695233985, 7.324721353358549, 2.5534753776081724, 8.131791450181439, 3.037939459742672, 1.7632237272302325, 8.333607879103175, 1.444834292130864, 1.0817216936967364, 0.9296420333794028, 1.3059858883228568, 0.6169620988864376, 10.0, 1.8566014217496725, 0.6494088652475832, 2.2049524131941434, 5.970944028116491, 3.2674229311252234, 0.629319419420087, 2.0177399051567035, 0.544478480422387, 0.33207857699078475, 2.575327954499505, 1.6336490573053084, 6.034754391067642, 3.2773091818537483, 2.130330175869642, 1.7469391801839644, 5.398198935071806, 1.9048321500829, 2.6301052374931957, 0.8450486793344135, 1.2938381054689434, 10.0, 0.48814192249015154, 4.782093863339789]
APTIDAO: 
24.92171205448898
GEN: 8300
Individuo: 
[3.3252950008950988, 1.8363764655379191, 0.13006757297882188, 3.8032547704311135, 1.1641267784933933, 0.45783885944699315, 0.5991258253638773, 0.22494212069669903, 0.7588113955918219, 0.36284613227284973, 0.19786545479643813, 0.4667667651444539, 23.893382695233985, 7.324721353358549, 2.240028890538683, 8.131791450181439, 3.037939459742672, 1.6778217340990607, 8.199364881437663, 1.444834292130864, 1.0817216936967364, 0.9296420333794028, 1.3059858883228568, 0.6169620988864376, 10.0, 1.8566014217496725, 0.6494088652475832, 2.2049524131941434, 5.970944028116491, 3.2674229311252234, 0.629319419420087, 2.0177399051567035, 0.544478480422387, 0.33207857699078475, 2.575327954499505, 1.6336490573053084, 6.034754391067642, 3.2773091818537483, 1.1180846489358045, 1.7469391801839644, 5.398198935071806, 1.0727577236668004, 2.863031950461528, 0.8450486793344135, 1.2938381054689434, 10.0, 0.48814192249015154, 4.782093863339789]
APTIDAO: 
24.92171205448898
GEN: 8400
Individuo: 
[3.3252950008950988, 1.8363764655379191, 0.13006757297882188, 3.8032547704311135, 1.1641267784933933, 0.45783885944699315, 0.5991258253638773, 0.22494212069669903, 0.7588113955918219, 0.36284613227284973, 0.19786545479643813, 0.4667667651444539, 23.893382695233985, 7.324721353358549, 2.240028890538683, 8.131791450181439, 3.037939459742672, 1.6157499781787408, 8.199364881437663, 1.444834292130864, 1.0817216936967364, 0.9296420333794028, 1.3059858883228568, 0.6169620988864376, 10.0, 1.8566014217496725, 0.6494088652475832, 2.2049524131941434, 5.970944028116491, 3.2674229311252234, 0.629319419420087, 2.0177399051567035, 0.544478480422387, 0.33207857699078475, 2.575327954499505, 1.6336490573053084, 6.034754391067642, 3.2773091818537483, 1.1180846489358045, 1.7469391801839644, 5.398198935071806, 2.4470268601359244, 2.863031950461528, 0.8450486793344135, 1.2938381054689434, 10.0, 0.48814192249015154, 4.782093863339789]
APTIDAO: 
24.92171205448898
GEN: 8500
Individuo: 
[3.3252950008950988, 1.8363764655379191, 0.13006757297882188, 3.8032547704311135, 1.1641267784933933, 0.45783885944699315, 0.5991258253638773, 0.22494212069669903, 0.7588113955918219, 0.36284613227284973, 0.19786545479643813, 0.4667667651444539, 23.893382695233985, 7.324721353358549, 2.742718061737523, 8.131791450181439, 3.037939459742672, 1.53471446114655, 8.199364881437663, 1.444834292130864, 1.0817216936967364, 0.9296420333794028, 1.3059858883228568, 0.6169620988864376, 10.0, 1.8566014217496725, 0.6494088652475832, 2.2049524131941434, 5.970944028116491, 3.2674229311252234, 0.629319419420087, 2.0177399051567035, 0.544478480422387, 0.33207857699078475, 2.575327954499505, 1.6336490573053084, 6.034754391067642, 3.2773091818537483, 1.045079443905851, 1.7469391801839644, 5.398198935071806, 2.44289364402232, 2.863031950461528, 0.8450486793344135, 1.2938381054689434, 10.0, 0.48814192249015154, 4.782093863339789]
APTIDAO: 
24.92171205448898
GEN: 8600
Individuo: 
[3.3252950008950988, 1.8363764655379191, 0.13006757297882188, 3.8032547704311135, 1.1641267784933933, 0.45783885944699315, 0.5991258253638773, 0.22494212069669903, 0.7588113955918219, 0.36284613227284973, 0.19786545479643813, 0.4667667651444539, 23.30379535672109, 7.324721353358549, 2.742718061737523, 8.131791450181439, 3.037939459742672, 1.53471446114655, 8.199364881437663, 1.444834292130864, 1.0817216936967364, 0.9296420333794028, 1.3059858883228568, 0.6169620988864376, 10.0, 1.8566014217496725, 0.6494088652475832, 2.2049524131941434, 5.970944028116491, 3.2674229311252234, 0.629319419420087, 2.0177399051567035, 0.544478480422387, 0.33207857699078475, 2.575327954499505, 1.6336490573053084, 7.546403082958708, 3.2773091818537483, 1.045079443905851, 1.7469391801839644, 5.398198935071806, 2.44289364402232, 2.863031950461528, 0.8450486793344135, 1.2938381054689434, 10.0, 0.48814192249015154, 4.782093863339789]
APTIDAO: 
24.92171205448898
GEN: 8700
Individuo: 
[3.3252950008950988, 1.8363764655379191, 0.13006757297882188, 3.8032547704311135, 1.1641267784933933, 0.4582185739797462, 0.5991258253638773, 0.22494212069669903, 0.7588113955918219, 0.36284613227284973, 0.19786545479643813, 0.4667667651444539, 23.30379535672109, 7.324721353358549, 2.742718061737523, 8.131791450181439, 3.037939459742672, 1.53471446114655, 8.404789705805186, 1.444834292130864, 1.0817216936967364, 0.9296420333794028, 1.3059858883228568, 0.6169620988864376, 10.0, 1.8566014217496725, 0.6494088652475832, 2.2049524131941434, 5.970944028116491, 2.8649329442374927, 0.629319419420087, 2.0177399051567035, 0.544478480422387, 0.33207857699078475, 2.575327954499505, 1.6336490573053084, 7.546403082958708, 3.2773091818537483, 1.045079443905851, 1.7469391801839644, 5.398198935071806, 2.44289364402232, 4.088926860603069, 0.8450486793344135, 1.2938381054689434, 10.0, 0.48814192249015154, 4.782093863339789]
APTIDAO: 
24.92071134851146
GEN: 8800
Individuo: 
[3.3252950008950988, 1.8363764655379191, 0.12849981583005193, 3.8032547704311135, 1.1641267784933933, 0.4582185739797462, 0.5991258253638773, 0.22494212069669903, 0.7588113955918219, 0.36284613227284973, 0.19786545479643813, 0.4667667651444539, 23.30379535672109, 7.324721353358549, 2.191029072872403, 8.131791450181439, 3.037939459742672, 1.6239805746141798, 8.404789705805186, 1.444834292130864, 1.0817216936967364, 0.9296420333794028, 1.3059858883228568, 0.6169620988864376, 10.0, 1.8566014217496725, 0.4877737650410683, 2.2049524131941434, 5.970944028116491, 2.8649329442374927, 0.629319419420087, 2.0177399051567035, 0.544478480422387, 0.33207857699078475, 2.575327954499505, 1.6336490573053084, 7.546403082958708, 3.2773091818537483, 1.1603193983228346, 1.7469391801839644, 5.398198935071806, 2.0282924166848, 4.088926860603069, 0.8450486793344135, 1.2938381054689434, 10.0, 0.48814192249015154, 4.782093863339789]
APTIDAO: 
24.92011504312043
GEN: 8900
Individuo: 
[3.3252950008950988, 1.8363764655379191, 0.1277614019141741, 3.8032547704311135, 1.1641267784933933, 0.4582185739797462, 0.5991258253638773, 0.22494212069669903, 0.7588113955918219, 0.36284613227284973, 0.19786545479643813, 0.4667667651444539, 24.08697085513734, 7.324721353358549, 2.4724699066462628, 8.131791450181439, 3.037939459742672, 1.6239805746141798, 8.404789705805186, 1.444834292130864, 1.0817216936967364, 0.9296420333794028, 1.3059858883228568, 0.6169620988864376, 10.0, 1.8566014217496725, 0.3417685493064242, 2.2049524131941434, 5.970944028116491, 2.8649329442374927, 0.629319419420087, 2.0177399051567035, 0.544478480422387, 0.33207857699078475, 2.575327954499505, 1.6336490573053084, 6.8805806396084845, 3.2773091818537483, 1.0886718703103908, 1.7469391801839644, 5.398198935071806, 2.0282924166848, 4.088926860603069, 0.8450486793344135, 1.2938381054689434, 10.0, 0.48814192249015154, 4.782093863339789]
APTIDAO: 
24.918619848510357
GEN: 9000
Individuo: 
[3.3252950008950988, 1.8363764655379191, 0.1277614019141741, 3.8032547704311135, 1.1641267784933933, 0.4582185739797462, 0.5991258253638773, 0.22494212069669903, 0.7588113955918219, 0.36284613227284973, 0.19786545479643813, 0.4667667651444539, 24.08697085513734, 7.324721353358549, 2.4724699066462628, 8.131791450181439, 3.037939459742672, 1.6239805746141798, 8.404789705805186, 1.444834292130864, 1.0817216936967364, 0.9296420333794028, 1.3059858883228568, 0.6169620988864376, 10.0, 1.8566014217496725, 0.3417685493064242, 2.2049524131941434, 5.970944028116491, 2.8649329442374927, 0.629319419420087, 2.0177399051567035, 0.544478480422387, 0.33207857699078475, 2.575327954499505, 1.6336490573053084, 6.8805806396084845, 3.2773091818537483, 1.0886718703103908, 1.7469391801839644, 5.398198935071806, 2.0282924166848, 4.088926860603069, 0.8450486793344135, 1.2938381054689434, 10.0, 0.48814192249015154, 4.782093863339789]
APTIDAO: 
24.918619848510357
GEN: 9100
Individuo: 
[3.3252950008950988, 1.8363764655379191, 0.1277614019141741, 3.8032547704311135, 1.1641267784933933, 0.4582185739797462, 0.5991258253638773, 0.22494212069669903, 0.7588113955918219, 0.36284613227284973, 0.19786545479643813, 0.4667667651444539, 24.08697085513734, 7.324721353358549, 2.9364946290623735, 8.131791450181439, 3.037939459742672, 1.5664436705511278, 8.404789705805186, 1.444834292130864, 1.0817216936967364, 0.9296420333794028, 1.3059858883228568, 0.6169620988864376, 10.0, 1.8566014217496725, 0.3417685493064242, 2.2049524131941434, 5.970944028116491, 2.8649329442374927, 0.629319419420087, 2.0177399051567035, 0.544478480422387, 0.33207857699078475, 2.575327954499505, 1.6336490573053084, 6.8805806396084845, 3.2773091818537483, 1.2073275721762764, 1.7469391801839644, 5.398198935071806, 2.4104333775381557, 4.088926860603069, 0.8450486793344135, 1.2938381054689434, 10.0, 0.48814192249015154, 4.782093863339789]
APTIDAO: 
24.918619848510357
GEN: 9200
Individuo: 
[3.3252950008950988, 1.8363764655379191, 0.1277614019141741, 3.8032547704311135, 1.1641267784933933, 0.4582185739797462, 0.5991258253638773, 0.22494212069669903, 0.7588113955918219, 0.36284613227284973, 0.19786545479643813, 0.4667667651444539, 24.08697085513734, 7.655272721683757, 2.9364946290623735, 8.131791450181439, 3.037939459742672, 1.5664436705511278, 8.404789705805186, 1.444834292130864, 1.0817216936967364, 0.9296420333794028, 1.3059858883228568, 0.6169620988864376, 10.0, 1.8566014217496725, 0.3417685493064242, 2.2049524131941434, 5.970944028116491, 2.8649329442374927, 0.629319419420087, 2.0177399051567035, 0.544478480422387, 0.33207857699078475, 2.575327954499505, 1.6336490573053084, 6.8805806396084845, 3.882472768432288, 1.2073275721762764, 1.7469391801839644, 5.398198935071806, 2.4104333775381557, 4.088926860603069, 0.8450486793344135, 1.2938381054689434, 10.0, 0.48814192249015154, 4.782093863339789]
APTIDAO: 
24.918619848510357
GEN: 9300
Individuo: 
[3.3252950008950988, 1.8363764655379191, 0.1277614019141741, 3.8032547704311135, 1.1641267784933933, 0.4582185739797462, 0.5991258253638773, 0.22494212069669903, 0.7588113955918219, 0.36284613227284973, 0.19786545479643813, 0.4667667651444539, 24.08697085513734, 7.918931665502746, 2.9364946290623735, 8.131791450181439, 3.037939459742672, 1.4500755611981333, 8.404789705805186, 1.444834292130864, 1.0817216936967364, 0.9296420333794028, 1.3059858883228568, 0.6169620988864376, 10.0, 1.8566014217496725, 0.3417685493064242, 2.2049524131941434, 5.970944028116491, 2.8649329442374927, 0.629319419420087, 2.0177399051567035, 0.544478480422387, 0.33207857699078475, 2.575327954499505, 1.6336490573053084, 6.8805806396084845, 4.045586172830562, 1.2073275721762764, 1.7469391801839644, 5.398198935071806, 2.0417544407483037, 4.088926860603069, 0.8450486793344135, 1.2938381054689434, 10.0, 0.48814192249015154, 4.782093863339789]
APTIDAO: 
24.918619848510357
GEN: 9400
Individuo: 
[3.3252950008950988, 1.8363764655379191, 0.1277614019141741, 3.8032547704311135, 1.1641267784933933, 0.4582185739797462, 0.5991258253638773, 0.22494212069669903, 0.7588113955918219, 0.36284613227284973, 0.19786545479643813, 0.4667667651444539, 24.08697085513734, 7.918931665502746, 2.112013986939019, 8.131791450181439, 3.037939459742672, 1.3270843199758606, 8.78510463487924, 1.444834292130864, 1.0817216936967364, 0.9296420333794028, 1.3059858883228568, 0.6169620988864376, 10.0, 1.8566014217496725, 0.3417685493064242, 2.2049524131941434, 5.970944028116491, 2.8649329442374927, 0.629319419420087, 2.0177399051567035, 0.544478480422387, 0.33207857699078475, 2.575327954499505, 1.6336490573053084, 6.8805806396084845, 4.045586172830562, 0.8930200404469185, 1.7469391801839644, 5.398198935071806, 0.7941741636487897, 3.9324995932515865, 0.8450486793344135, 1.2938381054689434, 10.0, 0.48814192249015154, 4.782093863339789]
APTIDAO: 
24.918619848510357
GEN: 9500
Individuo: 
[3.3252950008950988, 1.8363764655379191, 0.1277614019141741, 3.8032547704311135, 1.1641267784933933, 0.4582185739797462, 0.5991258253638773, 0.22494212069669903, 0.7588113955918219, 0.36284613227284973, 0.19786545479643813, 0.4667667651444539, 24.08697085513734, 7.206675276080991, 2.270379024399896, 8.131791450181439, 3.037939459742672, 1.6193650830312911, 8.78510463487924, 1.444834292130864, 1.0817216936967364, 0.9296420333794028, 1.3059858883228568, 0.6169620988864376, 10.0, 1.8566014217496725, 0.3417685493064242, 2.2049524131941434, 5.970944028116491, 2.8649329442374927, 0.629319419420087, 2.0177399051567035, 0.544478480422387, 0.33207857699078475, 2.575327954499505, 1.6336490573053084, 6.8805806396084845, 3.0750750309989634, 0.8594285073710067, 1.7469391801839644, 5.398198935071806, 0.7246981498625469, 3.9324995932515865, 0.8450486793344135, 1.2938381054689434, 10.0, 0.48814192249015154, 4.782093863339789]
APTIDAO: 
24.918619848510357
GEN: 9600
Individuo: 
[3.3252950008950988, 1.8363764655379191, 0.1277614019141741, 3.8032547704311135, 1.1641267784933933, 0.4582185739797462, 0.5991258253638773, 0.22494212069669903, 0.7588113955918219, 0.36284613227284973, 0.1978534962240482, 0.4667667651444539, 24.08697085513734, 7.206675276080991, 2.510468729156445, 8.131791450181439, 3.3686605407539427, 1.4237563790049235, 8.78510463487924, 1.444834292130864, 1.0817216936967364, 0.9296420333794028, 1.3059858883228568, 0.6169620988864376, 10.0, 1.8566014217496725, 0.3417685493064242, 2.2049524131941434, 5.970944028116491, 2.8649329442374927, 0.629319419420087, 2.0177399051567035, 0.544478480422387, 0.33207857699078475, 3.3396880882678, 1.6336490573053084, 6.8805806396084845, 3.0750750309989634, 0.9293730592894434, 1.7469391801839644, 3.2518295234268755, 0.4605481153666941, 3.9324995932515865, 0.8450486793344135, 1.2938381054689434, 10.0, 0.48814192249015154, 4.782093863339789]
APTIDAO: 
24.91856635216173
GEN: 9700
Individuo: 
[3.3252950008950988, 1.8363764655379191, 0.1277614019141741, 3.8032547704311135, 1.1641267784933933, 0.4582185739797462, 0.5991258253638773, 0.22494212069669903, 0.7588113955918219, 0.36284613227284973, 0.1978534962240482, 0.4667667651444539, 24.08697085513734, 7.206675276080991, 2.510468729156445, 8.131791450181439, 3.3686605407539427, 1.5743676280615146, 8.78510463487924, 1.444834292130864, 1.0817216936967364, 0.9296420333794028, 1.3059858883228568, 0.6169620988864376, 10.0, 1.8566014217496725, 0.3417685493064242, 2.2049524131941434, 5.970944028116491, 2.8649329442374927, 0.629319419420087, 2.0177399051567035, 0.544478480422387, 0.33207857699078475, 3.3396880882678, 1.6336490573053084, 6.8805806396084845, 3.0750750309989634, 0.9293730592894434, 1.7469391801839644, 3.2518295234268755, 0.8185211774288796, 3.9324995932515865, 0.8450486793344135, 1.2938381054689434, 10.0, 0.48814192249015154, 4.782093863339789]
APTIDAO: 
24.91856635216173
GEN: 9800
Individuo: 
[3.3252950008950988, 1.8363764655379191, 0.12627208351540722, 3.8032547704311135, 1.1641267784933933, 0.4582185739797462, 0.6011332289784872, 0.22494212069669903, 0.7588113955918219, 0.36284613227284973, 0.1978534962240482, 0.4667667651444539, 24.08697085513734, 7.206675276080991, 2.2817974906855185, 8.131791450181439, 3.3686605407539427, 1.9563285050504842, 8.78510463487924, 1.444834292130864, 1.0817216936967364, 0.9296420333794028, 1.3059858883228568, 0.6169620988864376, 10.0, 1.8566014217496725, 0.5192739043512024, 2.2049524131941434, 5.970944028116491, 2.8649329442374927, 1.0146293130311954, 2.0177399051567035, 0.544478480422387, 0.33207857699078475, 3.3396880882678, 1.6336490573053084, 6.8805806396084845, 3.0750750309989634, 0.31481131562814263, 1.7469391801839644, 3.2518295234268755, 0.8096901369789923, 3.9324995932515865, 0.8450486793344135, 1.2938381054689434, 10.0, 0.48814192249015154, 4.782093863339789]
APTIDAO: 
24.898642289724645
GEN: 9900
Individuo: 
[3.3252950008950988, 1.8363764655379191, 0.1307810544442041, 3.8032547704311135, 1.1641267784933933, 0.4582185739797462, 0.6011332289784872, 0.22494212069669903, 0.7588113955918219, 0.36284613227284973, 0.1978534962240482, 0.4667667651444539, 22.858364619391573, 7.206675276080991, 2.4922819606271998, 8.131791450181439, 3.3686605407539427, 1.9563285050504842, 8.78510463487924, 1.444834292130864, 1.0817216936967364, 0.9296420333794028, 1.3059858883228568, 0.6169620988864376, 10.0, 1.8566014217496725, 0.7369726874854277, 2.2049524131941434, 5.970944028116491, 2.8649329442374927, 1.0146293130311954, 2.0177399051567035, 0.544478480422387, 0.33207857699078475, 3.3396880882678, 1.6336490573053084, 5.907560626428952, 3.0750750309989634, 0.38877552363366563, 1.7469391801839644, 3.2518295234268755, 0.8096901369789923, 3.9324995932515865, 0.8450486793344135, 1.2938381054689434, 10.0, 0.48814192249015154, 4.782093863339789]
APTIDAO: 
24.903705159025712
GEN: 10000
Individuo: 
[3.3252950008950988, 1.8363764655379191, 0.1307810544442041, 3.8032547704311135, 1.1641267784933933, 0.4582851584032081, 0.6011332289784872, 0.22494212069669903, 0.7588113955918219, 0.36284613227284973, 0.1978534962240482, 0.4667667651444539, 21.948117182909403, 7.206675276080991, 2.4922819606271998, 8.131791450181439, 3.3686605407539427, 1.6769451822433528, 8.78510463487924, 1.444834292130864, 1.0817216936967364, 0.9296420333794028, 1.3059858883228568, 0.6169620988864376, 10.0, 1.8566014217496725, 0.7369726874854277, 2.2049524131941434, 5.970944028116491, 2.026980844677214, 1.0146293130311954, 2.0177399051567035, 0.544478480422387, 0.33207857699078475, 3.3396880882678, 1.6336490573053084, 5.902274241903298, 3.0750750309989634, 0.38877552363366563, 1.7469391801839644, 3.2518295234268755, 1.5694149376020616, 3.9324995932515865, 0.8450486793344135, 1.2938381054689434, 10.0, 0.48814192249015154, 4.782093863339789]
APTIDAO: 
24.902174769533143

--- RESULTADO FINAL ---
Erro (norma-1): 24.902174769533143
Parâmetros: [3.3252950008950988, 1.8363764655379191, 0.1307810544442041, 3.8032547704311135, 1.1641267784933933, 0.4582851584032081, 0.6011332289784872, 0.22494212069669903, 0.7588113955918219, 0.36284613227284973, 0.1978534962240482, 0.4667667651444539, 21.948117182909403, 7.206675276080991, 2.4922819606271998, 8.131791450181439, 3.3686605407539427, 1.6769451822433528, 8.78510463487924, 1.444834292130864, 1.0817216936967364, 0.9296420333794028, 1.3059858883228568, 0.6169620988864376]
Tempo total: 04h 14m 03s
