SEED: 1778837425
BOUNDS: tau=[0.1, 5.0]  K=[0.1, 1.0]  N=[1.0, 25.0]
GEN: 0
Individuo: 
[2.7456964981417786, 0.8644037618982557, 0.47012267244185235, 0.34947685391617694, 2.91643664027065, 0.3853281345865113, 0.5338894358286052, 0.22487590419657844, 0.48970512234959673, 0.6418666564866762, 0.3615972567624335, 0.580298755928555, 15.193380415247063, 24.331236964623827, 8.917944466854468, 20.162675023152794, 14.029089489775254, 16.679024792568335, 4.521192182023868, 1.1394136183112171, 0.6339244563100631, 0.6626298261901409, 0.6766107892819849, 1.9060206426413235, 2.689907419521415, 4.984732085171656, 0.6446705509084686, 1.4685497693946394, 7.919260998579989, 8.831192379574903, 8.663168566272125, 1.6665308985442602, 1.814911055264069, 2.554384348403308, 4.733549857278533, 7.405044352643169, 6.747115513638191, 5.128422745016454, 1.2590665396882468, 6.699220062134075, 6.404854675006178, 9.945861682301079, 2.1780884514288252, 0.36878934314391165, 1.906625260575762, 10.0, 8.991235993214179, 6.940028543628436]
APTIDAO: 
101.91324752743701
GEN: 100
Individuo: 
[2.3346353195223113, 0.8644037618982557, 0.4004499754314321, 0.8140093135407662, 2.91643664027065, 0.6102082305819755, 0.42535052314933236, 0.22487590419657844, 0.48970512234959673, 0.6418666564866762, 0.4427160754803476, 0.5693382868752966, 17.46484352994549, 14.935110717765626, 7.2307581745842056, 23.30703555304415, 14.029089489775254, 19.821667185673736, 4.521192182023868, 1.1338597684698426, 0.6339244563100631, 0.6611593647436199, 0.6766107892819849, 1.0902335842470647, 1.9895631138269472, 4.984732085171656, 0.766936357723251, 1.8973394522393217, 7.919260998579989, 0.9954312945546558, 8.037253292367758, 1.6665308985442602, 1.814911055264069, 2.554384348403308, 4.906495277883846, 3.925820575933502, 2.5515572816561805, 6.400207518248785, 0.5912722331526831, 4.0557339010843565, 6.404854675006178, 10.0, 2.1780884514288252, 0.8197696301199908, 1.906625260575762, 9.745758255978345, 8.991235993214179, 6.932002280906348]
APTIDAO: 
51.549882085012065
GEN: 200
Individuo: 
[2.277191359715856, 0.8480656775758669, 1.3948536619794152, 0.24380679174654438, 2.91643664027065, 0.5803149052588228, 0.42535052314933236, 0.22487590419657844, 0.48970512234959673, 0.6418666564866762, 0.5128463839951273, 0.5693382868752966, 16.127319608055462, 12.693575590136124, 3.7058683722502734, 9.807164328977963, 14.029089489775254, 19.402319288141168, 4.521192182023868, 1.1338597684698426, 0.6339244563100631, 0.6611593647436199, 0.8386192490072863, 1.0902335842470647, 3.7241088277189207, 6.414527324397935, 1.3342719109931178, 3.6056382747992326, 7.919260998579989, 0.8955368606929721, 8.037253292367758, 1.6665308985442602, 1.814911055264069, 2.554384348403308, 8.080564101772097, 3.925820575933502, 1.1159078637121362, 3.3789686317902268, 0.4168885420049117, 5.483671349890336, 6.404854675006178, 10.0, 2.1780884514288252, 0.8197696301199908, 1.906625260575762, 9.745758255978345, 8.715228547229616, 6.932002280906348]
APTIDAO: 
48.18015436245833
GEN: 300
Individuo: 
[2.277191359715856, 0.8480656775758669, 1.435307432944496, 0.15237438838791803, 2.91643664027065, 0.5024682186178657, 0.42535052314933236, 0.22487590419657844, 0.5115260141042414, 0.6418666564866762, 0.5128463839951273, 0.5693382868752966, 16.127319608055462, 9.31921899880772, 3.7058683722502734, 9.807164328977963, 14.029089489775254, 21.48061530267595, 4.521192182023868, 1.1338597684698426, 0.6339244563100631, 0.6611593647436199, 0.8386192490072863, 1.0902335842470647, 3.7241088277189207, 6.414527324397935, 0.8343422573541925, 3.362947237391735, 7.919260998579989, 1.5544859039899968, 8.037253292367758, 1.6665308985442602, 1.6726934860386764, 2.554384348403308, 8.080564101772097, 3.925820575933502, 1.1159078637121362, 3.3894681671702656, 0.4168885420049117, 5.483671349890336, 6.404854675006178, 10.0, 2.1780884514288252, 0.8197696301199908, 1.906625260575762, 9.745758255978345, 8.715228547229616, 6.932002280906348]
APTIDAO: 
47.143830041547766
GEN: 400
Individuo: 
[2.277191359715856, 0.8480656775758669, 1.435307432944496, 0.11875113677949065, 2.91643664027065, 0.5024682186178657, 0.40960344288388856, 0.22487590419657844, 0.5115260141042414, 0.6418666564866762, 0.5290129477812192, 0.5693382868752966, 16.127319608055462, 9.31921899880772, 3.7058683722502734, 6.077994676787932, 14.029089489775254, 21.817562025240157, 4.303943848090677, 1.1338597684698426, 0.6339244563100631, 0.6983047707727724, 0.8386192490072863, 1.0902335842470647, 3.7241088277189207, 6.414527324397935, 0.8343422573541925, 2.427796189854136, 7.919260998579989, 1.5544859039899968, 7.852785537416674, 1.6665308985442602, 1.6726934860386764, 2.554384348403308, 10.0, 3.925820575933502, 1.1159078637121362, 3.3894681671702656, 0.4168885420049117, 5.590608184563505, 6.404854675006178, 7.559447603170371, 1.1793826116530075, 0.8197696301199908, 1.906625260575762, 10.0, 8.715228547229616, 6.932002280906348]
APTIDAO: 
46.08973918811888
GEN: 500
Individuo: 
[2.277191359715856, 0.8470822802167506, 1.435307432944496, 0.10196826659511374, 2.91643664027065, 0.5024682186178657, 0.40960344288388856, 0.22487590419657844, 0.5115260141042414, 0.6418666564866762, 0.5290129477812192, 0.5693382868752966, 16.127319608055462, 9.31921899880772, 3.7058683722502734, 6.077994676787932, 14.029089489775254, 19.253357910314715, 4.303943848090677, 1.1338597684698426, 0.6339244563100631, 0.6983047707727724, 0.8386192490072863, 1.0902335842470647, 3.7241088277189207, 6.322587199531853, 0.8343422573541925, 2.493464361765715, 7.919260998579989, 1.5544859039899968, 7.852785537416674, 1.6665308985442602, 1.6726934860386764, 2.554384348403308, 10.0, 3.925820575933502, 1.1159078637121362, 3.3894681671702656, 0.4168885420049117, 5.590608184563505, 6.404854675006178, 7.764741319329878, 1.1793826116530075, 0.8197696301199908, 1.906625260575762, 10.0, 8.715228547229616, 6.932002280906348]
APTIDAO: 
46.01137315046661
GEN: 600
Individuo: 
[2.277191359715856, 0.8470822802167506, 1.435307432944496, 0.10196826659511374, 2.91643664027065, 0.5024682186178657, 0.40960344288388856, 0.24118375906380674, 0.5115260141042414, 0.6418666564866762, 0.5290129477812192, 0.5693382868752966, 14.522211216021985, 9.31921899880772, 3.7058683722502734, 6.077994676787932, 14.029089489775254, 19.253357910314715, 4.936054015692278, 1.1340892053526597, 0.6339244563100631, 0.6983047707727724, 0.8386192490072863, 1.0902335842470647, 3.7241088277189207, 6.322587199531853, 0.8343422573541925, 2.493464361765715, 7.919260998579989, 1.5544859039899968, 7.852785537416674, 1.3466722885377833, 1.6726934860386764, 2.554384348403308, 10.0, 3.925820575933502, 1.3566408970726087, 3.3894681671702656, 0.4168885420049117, 5.590608184563505, 6.404854675006178, 7.764741319329878, 1.1583313764847993, 1.2123214821960444, 1.906625260575762, 10.0, 8.715228547229616, 6.932002280906348]
APTIDAO: 
45.894234138631575
GEN: 700
Individuo: 
[2.277191359715856, 0.8470822802167506, 1.435307432944496, 0.10196826659511374, 2.91643664027065, 0.5024682186178657, 0.4029379150935718, 0.24118375906380674, 0.5115260141042414, 0.6418666564866762, 0.5290129477812192, 0.5693382868752966, 14.62142584060963, 9.31921899880772, 3.7058683722502734, 8.095233882941155, 13.344527070035197, 20.963165442868785, 4.936054015692278, 1.1340892053526597, 0.6339244563100631, 0.6983047707727724, 0.8386192490072863, 1.0506533769028423, 3.7241088277189207, 6.322587199531853, 0.8343422573541925, 2.493464361765715, 7.919260998579989, 1.5544859039899968, 9.11122869930132, 1.3466722885377833, 1.6726934860386764, 2.554384348403308, 10.0, 3.925820575933502, 2.6701682993903595, 3.3894681671702656, 0.4168885420049117, 10.0, 3.6708745692874385, 7.933013326725037, 1.1583313764847993, 1.2123214821960444, 1.906625260575762, 10.0, 8.715228547229616, 7.624166059849756]
APTIDAO: 
45.439953655913136
GEN: 800
Individuo: 
[2.277191359715856, 0.8470822802167506, 1.0450753045404766, 0.10196826659511374, 2.91643664027065, 0.5024682186178657, 0.377393606648791, 0.11090523124678053, 0.5115260141042414, 0.6418666564866762, 0.5290129477812192, 0.5693382868752966, 14.62142584060963, 9.383047089513232, 1.4913521335282076, 8.095233882941155, 13.879662564512806, 20.963165442868785, 4.936054015692278, 1.1340892053526597, 0.6339244563100631, 0.6983047707727724, 0.8386192490072863, 1.0506533769028423, 3.7241088277189207, 6.322587199531853, 2.1508782720710267, 2.493464361765715, 7.919260998579989, 1.5544859039899968, 9.40250909149064, 1.744187688395163, 1.6726934860386764, 2.554384348403308, 10.0, 3.925820575933502, 2.6701682993903595, 3.705843358164106, 0.722196171054051, 10.0, 4.768788893132805, 7.933013326725037, 1.1583313764847993, 1.2123214821960444, 1.906625260575762, 10.0, 8.715228547229616, 7.624166059849756]
APTIDAO: 
44.55706153385945
GEN: 900
Individuo: 
[2.277191359715856, 0.8470822802167506, 1.742359450080472, 0.10047481955150692, 2.91643664027065, 0.5024682186178657, 0.377393606648791, 0.11090523124678053, 0.5115260141042414, 0.22849998481319964, 0.6215652102081156, 0.5693382868752966, 23.35222269966125, 9.383047089513232, 1.7475370613776602, 8.095233882941155, 4.81912803648813, 10.6095552087076, 4.936054015692278, 1.1347125874982031, 0.6339244563100631, 0.6983047707727724, 0.8366320176285491, 1.0506533769028423, 3.7241088277189207, 6.322587199531853, 2.6351145723783147, 3.165591546888845, 7.919260998579989, 1.5544859039899968, 9.40250909149064, 1.744187688395163, 1.6726934860386764, 2.1435135237872713, 7.993080825628773, 3.925820575933502, 2.7030190639343576, 3.705843358164106, 0.6463541250987298, 10.0, 1.3798006056836085, 6.717709865346385, 1.1583313764847993, 1.5840348546476775, 1.906625260575762, 10.0, 6.365583376797922, 7.624166059849756]
APTIDAO: 
44.157186236855026
GEN: 1000
Individuo: 
[2.277191359715856, 0.8470822802167506, 1.742359450080472, 0.10047481955150692, 2.91643664027065, 0.5024682186178657, 0.377393606648791, 0.11090523124678053, 0.5115260141042414, 0.18866477375731738, 0.6215652102081156, 0.5624278244377244, 14.828036453059257, 9.383047089513232, 1.2297174206607109, 8.095233882941155, 23.324168508232383, 9.48142807288841, 4.936054015692278, 1.1347125874982031, 0.6339244563100631, 0.6983047707727724, 0.8366320176285491, 1.0605782033532563, 3.7241088277189207, 6.322587199531853, 2.6351145723783147, 3.165591546888845, 7.919260998579989, 1.5544859039899968, 9.40250909149064, 1.744187688395163, 1.6726934860386764, 1.9624684601277163, 7.993080825628773, 1.8713097170245856, 1.3943313951348613, 3.705843358164106, 0.4003693239601335, 10.0, 1.9335474297040631, 10.0, 1.1583313764847993, 1.5840348546476775, 1.906625260575762, 10.0, 6.365583376797922, 6.309294805619213]
APTIDAO: 
43.406980683487724
GEN: 1100
Individuo: 
[2.277191359715856, 0.8470822802167506, 1.742359450080472, 0.10047481955150692, 2.91643664027065, 0.5024682186178657, 0.377393606648791, 0.11090523124678053, 0.5115260141042414, 0.14709067855435512, 0.6215652102081156, 0.5624278244377244, 14.828036453059257, 8.736019480099902, 1.3530190978557752, 8.095233882941155, 4.7090007506252585, 12.669590280630889, 4.936054015692278, 1.1347125874982031, 0.6339244563100631, 0.6983047707727724, 0.8366320176285491, 1.0605782033532563, 3.7241088277189207, 6.322587199531853, 2.6351145723783147, 3.165591546888845, 7.919260998579989, 1.5544859039899968, 9.40250909149064, 1.744187688395163, 1.6726934860386764, 1.8911009163972354, 7.993080825628773, 1.8713097170245856, 1.3943313951348613, 6.645651284949407, 0.5525309221902817, 10.0, 0.826077170564245, 9.311106565210762, 1.1583313764847993, 1.5840348546476775, 1.906625260575762, 10.0, 6.365583376797922, 6.309294805619213]
APTIDAO: 
43.10488255423327
GEN: 1200
Individuo: 
[2.277191359715856, 1.1724571149562961, 1.742359450080472, 0.10047481955150692, 2.91643664027065, 0.5024682186178657, 0.377393606648791, 0.11090523124678053, 0.5115260141042414, 0.10961066037889852, 0.6215652102081156, 0.5624278244377244, 14.828036453059257, 8.736019480099902, 1.0076930003022748, 8.095233882941155, 22.930062780384006, 12.669590280630889, 2.608383565245905, 1.1347125874982031, 0.6339244563100631, 0.6983047707727724, 0.8366320176285491, 1.0605782033532563, 3.7241088277189207, 5.572428165354358, 2.6351145723783147, 3.165591546888845, 7.919260998579989, 1.5544859039899968, 9.40250909149064, 1.744187688395163, 1.6726934860386764, 1.213410935142864, 7.993080825628773, 1.8713097170245856, 1.3943313951348613, 6.645651284949407, 0.4207860531885049, 10.0, 1.5117388943369303, 9.311106565210762, 2.607684305206199, 1.5840348546476775, 1.906625260575762, 10.0, 6.365583376797922, 6.309294805619213]
APTIDAO: 
42.03313103042068
GEN: 1300
Individuo: 
[2.277191359715856, 1.1494112416158087, 1.742359450080472, 0.10047481955150692, 2.91643664027065, 0.5024682186178657, 0.377393606648791, 0.11090523124678053, 0.5115260141042414, 0.19913489235545984, 0.6215652102081156, 0.5624278244377244, 14.828036453059257, 8.736019480099902, 1.0227656983915716, 8.095233882941155, 8.550231454557629, 14.18471574011589, 2.608383565245905, 1.1688050094897084, 0.6339244563100631, 0.6983047707727724, 0.8366320176285491, 1.079133181906941, 3.7241088277189207, 2.218808187137839, 2.6351145723783147, 3.165591546888845, 7.919260998579989, 1.5544859039899968, 9.40250909149064, 1.744187688395163, 1.6726934860386764, 2.0111398416778705, 7.993080825628773, 1.8713097170245856, 1.3943313951348613, 6.645651284949407, 0.8841171122797848, 10.0, 1.7148105633110862, 4.760534913267872, 2.607684305206199, 3.39758960518125, 1.906625260575762, 10.0, 6.365583376797922, 10.0]
APTIDAO: 
41.246969931884216
GEN: 1400
Individuo: 
[2.277191359715856, 1.1494112416158087, 1.742359450080472, 0.10015598796297849, 2.91643664027065, 0.5024682186178657, 0.377393606648791, 0.11090523124678053, 0.5115260141042414, 0.19543192226925027, 0.6215652102081156, 0.5624278244377244, 14.828036453059257, 8.736019480099902, 1.0681989943895651, 8.095233882941155, 8.550231454557629, 14.24698159023812, 2.081576609292168, 1.1688050094897084, 0.6339244563100631, 0.6983047707727724, 0.8366320176285491, 1.079133181906941, 3.7241088277189207, 2.218808187137839, 2.6351145723783147, 4.878807752809161, 7.919260998579989, 1.5544859039899968, 9.40250909149064, 1.744187688395163, 1.6726934860386764, 2.9857497038474192, 7.993080825628773, 1.8713097170245856, 1.3943313951348613, 6.645651284949407, 0.9390745932006469, 10.0, 1.7148105633110862, 8.624009692830844, 1.4324262808741552, 3.39758960518125, 1.906625260575762, 10.0, 6.365583376797922, 10.0]
APTIDAO: 
41.24636385382738
GEN: 1500
Individuo: 
[2.277191359715856, 1.1494112416158087, 1.742359450080472, 0.10015598796297849, 2.9241050317413246, 0.5024682186178657, 0.377393606648791, 0.11090523124678053, 0.5115260141042414, 0.12993298805152273, 0.6215652102081156, 0.5624278244377244, 14.648407568060543, 8.736019480099902, 1.2917979412136669, 8.095233882941155, 10.402921682371286, 14.24698159023812, 2.081576609292168, 1.1688050094897084, 0.6385291197314454, 0.6983047707727724, 0.8366320176285491, 1.079133181906941, 3.7241088277189207, 2.218808187137839, 2.6351145723783147, 4.878807752809161, 5.703008258821139, 1.5544859039899968, 9.40250909149064, 1.744187688395163, 1.6726934860386764, 3.629096171047989, 7.993080825628773, 1.8713097170245856, 1.3487416216668542, 6.645651284949407, 0.8557288965183946, 10.0, 2.664950462172742, 8.624009692830844, 1.4324262808741552, 3.39758960518125, 2.062420900118737, 10.0, 6.365583376797922, 10.0]
APTIDAO: 
40.817372524265174
GEN: 1600
Individuo: 
[2.277191359715856, 1.1494112416158087, 1.7292026697672116, 0.4363489909445373, 2.9241050317413246, 0.5024682186178657, 0.377393606648791, 0.11090523124678053, 0.5115260141042414, 0.12993298805152273, 0.6215652102081156, 0.5592294803770629, 14.648407568060543, 8.736019480099902, 1.0452420081037583, 8.095233882941155, 10.484270711980788, 14.27456269374139, 1.5745184850362117, 1.1688050094897084, 0.6385291197314454, 0.6983047707727724, 0.8366320176285491, 1.079133181906941, 3.7241088277189207, 2.218808187137839, 2.4273203111480206, 5.4800505577999585, 5.703008258821139, 1.5544859039899968, 9.40250909149064, 1.744187688395163, 1.6726934860386764, 3.629096171047989, 7.993080825628773, 1.601392277109986, 1.3487416216668542, 6.645651284949407, 0.526820617928338, 10.0, 0.7075162320178573, 8.608125866907194, 1.7351472254517704, 3.39758960518125, 2.062420900118737, 10.0, 6.365583376797922, 10.0]
APTIDAO: 
40.61656413721061
GEN: 1700
Individuo: 
[2.277191359715856, 1.1494112416158087, 1.7292026697672116, 0.4363489909445373, 2.9241050317413246, 0.5151875229094105, 0.377393606648791, 0.11090523124678053, 0.5115260141042414, 0.11498296902027857, 0.6215652102081156, 0.5592294803770629, 14.648407568060543, 8.128191825565754, 1.8536197264577925, 8.095233882941155, 6.896571961073069, 14.27456269374139, 1.3994603167463973, 1.1688050094897084, 0.6385291197314454, 0.6983047707727724, 0.8366320176285491, 1.079133181906941, 3.7241088277189207, 2.218808187137839, 2.4273203111480206, 5.4800505577999585, 5.703008258821139, 1.2587790601626734, 9.40250909149064, 1.744187688395163, 1.6726934860386764, 1.4934780809469315, 7.993080825628773, 1.601392277109986, 1.3487416216668542, 10.0, 1.4767724332672785, 10.0, 1.4422480694231208, 8.608125866907194, 0.8813674785092181, 3.39758960518125, 2.062420900118737, 10.0, 6.365583376797922, 10.0]
APTIDAO: 
40.50077989361611
GEN: 1800
Individuo: 
[2.277191359715856, 1.1494112416158087, 1.7292026697672116, 0.4363489909445373, 2.9241050317413246, 0.5439416065393303, 0.37537072358449336, 0.11013466821356752, 0.5115260141042414, 0.21031418328421797, 0.6215652102081156, 0.5387580773085648, 11.635957725075633, 8.736019480099902, 1.8536197264577925, 8.05292394129201, 9.292383689701703, 14.27456269374139, 1.3043623352113831, 1.1688050094897084, 0.6442802840180127, 0.6983047707727724, 0.8366320176285491, 1.079133181906941, 3.7241088277189207, 2.218808187137839, 2.4273203111480206, 5.4800505577999585, 5.703008258821139, 1.1738019344134267, 6.486345035495261, 1.5667344530389051, 1.6726934860386764, 0.5944804039525845, 7.993080825628773, 1.9860475978135603, 1.2653239713703182, 6.645651284949407, 1.4767724332672785, 10.0, 2.473483365559489, 8.608125866907194, 1.0499699773451747, 3.39758960518125, 1.9255262125982937, 10.0, 6.365583376797922, 10.0]
APTIDAO: 
39.93854569172121
GEN: 1900
Individuo: 
[2.275524729274001, 1.1494112416158087, 1.7292026697672116, 0.4363489909445373, 2.9241050317413246, 0.5439416065393303, 0.37537072358449336, 0.11013466821356752, 0.5115260141042414, 0.16277343773282904, 0.6275170469240081, 0.35814468219099754, 11.635957725075633, 8.939793994668848, 1.796719571899717, 8.05292394129201, 19.968740798108882, 20.06728894284431, 1.3622559586483634, 1.2020751762922004, 0.7464726181116456, 0.6983047707727724, 0.8366320176285491, 0.8158591974055717, 3.6471278576955357, 2.218808187137839, 2.4273203111480206, 5.4800505577999585, 5.703008258821139, 1.1738019344134267, 6.486345035495261, 1.5667344530389051, 1.6726934860386764, 1.6251492208040363, 9.573622374798797, 1.0593520972975008, 1.2653239713703182, 6.759866087945963, 1.2579910849982616, 10.0, 3.748154422747356, 7.152084150444895, 1.1672650451812505, 4.035935012254508, 2.320302379002577, 10.0, 6.365583376797922, 6.242791768691167]
APTIDAO: 
37.9099671268662
GEN: 2000
Individuo: 
[2.275524729274001, 1.1658440910023649, 1.7292026697672116, 0.4363489909445373, 2.9241050317413246, 0.5418925053675114, 0.37537072358449336, 0.10981030522313315, 0.5115260141042414, 0.10938384627846742, 0.6278209958341032, 0.3009096907040911, 9.13908303079193, 6.290952304076705, 1.796719571899717, 8.743994178683113, 12.35942288985007, 18.8326180099862, 1.3622559586483634, 1.2020751762922004, 0.7464726181116456, 0.6983047707727724, 0.8366320176285491, 0.8437510793003675, 3.6471278576955357, 1.4329082598769498, 2.4273203111480206, 5.4800505577999585, 5.703008258821139, 1.1634344633284628, 6.486345035495261, 1.0623182587685869, 1.6726934860386764, 2.7176465190049774, 7.835646179718624, 2.129157411476208, 0.9267643226239869, 7.025652202198596, 1.2579910849982616, 8.224520698373025, 2.1606570114569315, 9.971891714603911, 1.1672650451812505, 4.035935012254508, 2.320302379002577, 10.0, 6.365583376797922, 6.4639899113648625]
APTIDAO: 
36.87694697355567
GEN: 2100
Individuo: 
[2.275524729274001, 1.1735967153144338, 1.7346660540005259, 0.4363489909445373, 2.9241050317413246, 0.5220428685638732, 0.37537072358449336, 0.10981030522313315, 0.5115260141042414, 0.11030283468718335, 0.6278209958341032, 0.44551412660485856, 9.13908303079193, 6.290952304076705, 1.796719571899717, 8.743994178683113, 24.68166725665166, 18.44134538201759, 1.4718645336467444, 1.2020751762922004, 0.7862986443653632, 0.6983047707727724, 0.8366320176285491, 0.8527559053458378, 3.6471278576955357, 1.5152689752791118, 2.0299485046488823, 5.4800505577999585, 5.703008258821139, 0.9109727985677861, 6.486345035495261, 1.0623182587685869, 1.6726934860386764, 3.4664516588895014, 7.835646179718624, 2.8391114405076814, 0.9267643226239869, 7.025652202198596, 1.2579910849982616, 8.224520698373025, 1.6710518377504395, 6.5601115649994775, 0.6888793383632138, 4.035935012254508, 2.213794913937074, 10.0, 6.365583376797922, 6.533502120568736]
APTIDAO: 
36.34794835014076
GEN: 2200
Individuo: 
[2.275524729274001, 1.1735967153144338, 1.7346660540005259, 0.4430194732700886, 2.9241050317413246, 0.5220428685638732, 0.37537072358449336, 0.10961325624771033, 0.5115260141042414, 0.10700285003074066, 0.6278209958341032, 0.44551412660485856, 9.815018483092354, 5.12286389780011, 1.1630959050023535, 8.743994178683113, 24.68166725665166, 18.44134538201759, 1.3191941664106623, 1.2132322011137089, 0.7862986443653632, 0.6983047707727724, 0.8366320176285491, 0.8527559053458378, 3.6471278576955357, 1.5152689752791118, 2.0299485046488823, 2.9106309199769553, 5.703008258821139, 0.9109727985677861, 6.486345035495261, 1.1679807480965902, 1.6726934860386764, 2.002402616342522, 7.835646179718624, 2.8391114405076814, 1.1153988014272773, 4.9237976247186115, 1.3082517269892207, 8.224520698373025, 1.6710518377504395, 6.5601115649994775, 0.7968912510480621, 4.358641563050878, 2.213794913937074, 10.0, 6.365583376797922, 6.533502120568736]
APTIDAO: 
35.9220759531081
GEN: 2300
Individuo: 
[2.275524729274001, 1.1735967153144338, 1.7346660540005259, 0.4430194732700886, 2.9241050317413246, 0.5220428685638732, 0.38277431194360256, 0.10961325624771033, 0.5115260141042414, 0.16412458078214093, 0.6278209958341032, 0.44551412660485856, 8.885474708309738, 5.12286389780011, 1.4619382213359924, 8.743994178683113, 15.84033746311174, 18.44134538201759, 1.3118239524171738, 1.2132322011137089, 0.7862986443653632, 0.6983047707727724, 0.8366320176285491, 0.8753406928196973, 3.6471278576955357, 1.5152689752791118, 2.0299485046488823, 2.9106309199769553, 5.703008258821139, 0.9109727985677861, 6.8294476204598595, 1.1679807480965902, 1.6726934860386764, 1.538040358204708, 7.835646179718624, 2.8391114405076814, 0.8420611196451062, 4.9237976247186115, 2.5320068570149425, 8.224520698373025, 1.2184117133577956, 6.5601115649994775, 0.8720540754214744, 4.358641563050878, 2.213794913937074, 10.0, 6.365583376797922, 4.923505242941206]
APTIDAO: 
35.70379932872474
GEN: 2400
Individuo: 
[2.275524729274001, 1.1735967153144338, 1.7346660540005259, 0.4430194732700886, 2.9241050317413246, 0.5138716041459985, 0.38277431194360256, 0.10961325624771033, 0.5115260141042414, 0.12089030078166511, 0.6278209958341032, 0.44551412660485856, 8.885474708309738, 5.12286389780011, 1.4619382213359924, 8.743994178683113, 13.54353827060146, 17.454173383606335, 1.429731539171063, 1.2132322011137089, 0.7862986443653632, 0.6983047707727724, 0.8366320176285491, 0.8773257973208285, 3.6471278576955357, 1.5152689752791118, 2.0299485046488823, 2.9106309199769553, 5.703008258821139, 1.3715008585001227, 6.8294476204598595, 1.1679807480965902, 1.6726934860386764, 4.020363391246402, 7.835646179718624, 2.8391114405076814, 0.8420611196451062, 4.9237976247186115, 2.5320068570149425, 8.224520698373025, 0.45908750978705315, 4.6629667851761765, 0.4533486065894476, 4.358641563050878, 2.213794913937074, 10.0, 6.365583376797922, 6.660897145416363]
APTIDAO: 
35.65845521855278
GEN: 2500
Individuo: 
[2.275524729274001, 1.1735967153144338, 1.7346660540005259, 0.4430194732700886, 2.9241050317413246, 0.5138716041459985, 0.38277431194360256, 0.10946651687304658, 0.5115260141042414, 0.1048670052462348, 0.6278209958341032, 0.44551412660485856, 8.885474708309738, 5.12286389780011, 1.7304988710831364, 8.743994178683113, 16.250776908173126, 17.454173383606335, 1.0203714289991532, 1.2132322011137089, 0.7862986443653632, 0.6983047707727724, 0.8366320176285491, 0.8773257973208285, 3.6471278576955357, 1.5152689752791118, 2.0299485046488823, 2.9106309199769553, 5.703008258821139, 1.3715008585001227, 6.8294476204598595, 1.488561683319019, 1.6726934860386764, 3.636933622560027, 7.835646179718624, 2.8391114405076814, 0.8420611196451062, 4.9237976247186115, 4.853653021437929, 8.224520698373025, 2.45911689588444, 4.6629667851761765, 0.7041332773400175, 4.358641563050878, 2.213794913937074, 10.0, 6.365583376797922, 6.660897145416363]
APTIDAO: 
35.653712356253884
GEN: 2600
Individuo: 
[2.275524729274001, 1.1829483023033696, 1.7346660540005259, 0.4430194732700886, 2.9241050317413246, 0.5138716041459985, 0.38277431194360256, 0.10946651687304658, 0.5562030829871351, 0.10071916345249453, 0.6278209958341032, 0.44551412660485856, 8.885474708309738, 4.902834748053066, 1.7304988710831364, 8.556440162043536, 24.869266876507677, 18.16134956482106, 1.0006605659344514, 1.2309222475341126, 0.7862986443653632, 0.7617404090499078, 0.8366320176285491, 0.8773257973208285, 3.6471278576955357, 1.9843361687865568, 2.0299485046488823, 2.9106309199769553, 5.703008258821139, 1.3715008585001227, 6.8294476204598595, 1.488561683319019, 1.3369391417875207, 4.385901183839597, 7.835646179718624, 2.8391114405076814, 0.8420611196451062, 2.61206916461887, 4.853653021437929, 9.499664719400926, 3.9141720533213125, 1.9737026352247746, 0.7869841727729695, 4.554657784075263, 2.213794913937074, 10.0, 6.365583376797922, 6.660897145416363]
APTIDAO: 
35.32991820262757
GEN: 2700
Individuo: 
[2.275524729274001, 1.1829483023033696, 1.7346660540005259, 0.4681870263591267, 2.9241050317413246, 0.5138716041459985, 0.38277431194360256, 0.10946651687304658, 0.5562030829871351, 0.12182592648745966, 0.6278209958341032, 0.44551412660485856, 8.885474708309738, 4.902834748053066, 1.1545688478188236, 8.657241614934366, 24.869266876507677, 18.16134956482106, 1.0006605659344514, 1.2309222475341126, 0.7979642378854005, 0.7617404090499078, 0.8366320176285491, 0.8773257973208285, 3.6471278576955357, 1.9843361687865568, 2.0299485046488823, 2.51507435318007, 5.703008258821139, 1.3715008585001227, 6.8294476204598595, 1.488561683319019, 1.3369391417875207, 6.084468412738437, 7.835646179718624, 2.8391114405076814, 0.8420611196451062, 2.61206916461887, 4.577536854053662, 9.083262977839155, 3.9141720533213125, 1.9737026352247746, 0.7869841727729695, 4.554657784075263, 2.770771221669627, 10.0, 6.365583376797922, 6.660897145416363]
APTIDAO: 
35.113883568374405
GEN: 2800
Individuo: 
[2.275524729274001, 1.1829483023033696, 1.7346660540005259, 0.4633944473303632, 2.9241050317413246, 0.49407811036733346, 0.38277431194360256, 0.10946651687304658, 0.5562030829871351, 0.20747483685118315, 0.6278209958341032, 0.4841203339140529, 8.885474708309738, 4.902834748053066, 1.1545688478188236, 8.657241614934366, 10.721277664228642, 18.16134956482106, 1.6460239972353603, 1.2309222475341126, 0.7979642378854005, 0.7617404090499078, 0.8366320176285491, 0.8773257973208285, 3.6471278576955357, 1.9843361687865568, 2.0299485046488823, 2.389491080854672, 5.703008258821139, 1.724649111206067, 6.8294476204598595, 1.488561683319019, 1.3369391417875207, 7.26553179636975, 7.835646179718624, 4.195987762272408, 0.8420611196451062, 2.61206916461887, 4.577536854053662, 9.083262977839155, 2.7078912063438754, 1.9737026352247746, 1.1048604800820754, 4.554657784075263, 2.770771221669627, 10.0, 6.365583376797922, 6.660897145416363]
APTIDAO: 
35.05667726373343
GEN: 2900
Individuo: 
[2.275524729274001, 1.1829483023033696, 1.7346660540005259, 0.4633944473303632, 2.9241050317413246, 0.49407811036733346, 0.3865314274910053, 0.10946651687304658, 0.5562030829871351, 0.20747483685118315, 0.6278209958341032, 0.5187066119961202, 8.885474708309738, 4.902834748053066, 1.1545688478188236, 8.657241614934366, 9.486284816545554, 18.16134956482106, 1.6460239972353603, 1.2309222475341126, 0.7979642378854005, 0.7617404090499078, 0.8366320176285491, 0.8773257973208285, 3.6471278576955357, 1.9843361687865568, 2.0299485046488823, 2.389491080854672, 5.703008258821139, 1.724649111206067, 3.643164011014105, 1.488561683319019, 1.3369391417875207, 7.26553179636975, 7.835646179718624, 6.463623540679461, 0.8420611196451062, 2.61206916461887, 4.577536854053662, 9.083262977839155, 1.5891083156491483, 1.9737026352247746, 1.1048604800820754, 4.554657784075263, 2.770771221669627, 10.0, 6.365583376797922, 6.660897145416363]
APTIDAO: 
34.977979565969804
GEN: 3000
Individuo: 
[2.275524729274001, 1.1829483023033696, 1.7346660540005259, 0.4633944473303632, 2.9241050317413246, 0.49407811036733346, 0.3865314274910053, 0.10946651687304658, 0.5562030829871351, 0.20747483685118315, 0.6278209958341032, 0.5187066119961202, 8.885474708309738, 4.902834748053066, 1.1545688478188236, 8.657241614934366, 11.094115827823703, 18.16134956482106, 1.485245783918079, 1.2309222475341126, 0.7979642378854005, 0.7617404090499078, 0.8366320176285491, 0.8773257973208285, 3.6471278576955357, 1.9843361687865568, 2.0299485046488823, 2.389491080854672, 5.703008258821139, 1.724649111206067, 3.643164011014105, 1.488561683319019, 1.3369391417875207, 7.26553179636975, 7.835646179718624, 6.463623540679461, 0.8420611196451062, 2.61206916461887, 4.577536854053662, 9.083262977839155, 0.6733719342271305, 1.9737026352247746, 0.7076838526515057, 4.554657784075263, 2.770771221669627, 10.0, 6.365583376797922, 6.660897145416363]
APTIDAO: 
34.97263965474992
GEN: 3100
Individuo: 
[2.275524729274001, 1.1829483023033696, 1.7346660540005259, 0.4633944473303632, 2.9241050317413246, 0.49407811036733346, 0.3865314274910053, 0.10946651687304658, 0.5562030829871351, 0.13307414338850115, 0.6278209958341032, 0.5187066119961202, 8.885474708309738, 4.902834748053066, 1.1545688478188236, 8.657241614934366, 8.466740959466101, 19.504189090184592, 1.3309680135899975, 1.2309222475341126, 0.7979642378854005, 0.7617404090499078, 0.8366320176285491, 0.8773257973208285, 3.6471278576955357, 1.9843361687865568, 2.0299485046488823, 2.389491080854672, 5.703008258821139, 1.724649111206067, 3.643164011014105, 1.488561683319019, 1.3369391417875207, 3.2550697055345803, 7.835646179718624, 6.463623540679461, 0.8420611196451062, 2.61206916461887, 4.577536854053662, 9.083262977839155, 1.851351456573912, 2.995898282082272, 1.0370167322407813, 4.554657784075263, 2.770771221669627, 10.0, 6.365583376797922, 6.660897145416363]
APTIDAO: 
34.95297292749467
GEN: 3200
Individuo: 
[2.275524729274001, 1.1829483023033696, 1.7346660540005259, 0.4633944473303632, 2.9241050317413246, 0.49407811036733346, 0.3865314274910053, 0.10946651687304658, 0.5562030829871351, 0.13074347710430376, 0.6278209958341032, 0.5187066119961202, 8.885474708309738, 4.902834748053066, 1.1545688478188236, 8.657241614934366, 8.466740959466101, 19.504189090184592, 1.7800114149523416, 1.2309222475341126, 0.7979642378854005, 0.7617404090499078, 0.8366320176285491, 0.8773257973208285, 3.6471278576955357, 1.9843361687865568, 2.0299485046488823, 2.389491080854672, 5.703008258821139, 1.724649111206067, 3.643164011014105, 1.488561683319019, 1.3369391417875207, 1.4163388017802436, 7.835646179718624, 6.463623540679461, 0.8420611196451062, 2.61206916461887, 4.577536854053662, 9.083262977839155, 1.851351456573912, 2.995898282082272, 1.0261636966761056, 4.554657784075263, 2.770771221669627, 10.0, 6.365583376797922, 6.660897145416363]
APTIDAO: 
34.95287251704217
GEN: 3300
Individuo: 
[2.275524729274001, 1.1829483023033696, 1.7346660540005259, 0.4633944473303632, 2.9241050317413246, 0.49407811036733346, 0.3865314274910053, 0.10946651687304658, 0.5562030829871351, 0.13074347710430376, 0.6278209958341032, 0.5187066119961202, 8.885474708309738, 4.902834748053066, 1.8868580437155182, 8.657241614934366, 9.593932033458588, 19.504189090184592, 1.7800114149523416, 1.2309222475341126, 0.7979642378854005, 0.7617404090499078, 0.8366320176285491, 0.8773257973208285, 3.6471278576955357, 1.9843361687865568, 2.0299485046488823, 2.389491080854672, 5.703008258821139, 1.724649111206067, 3.643164011014105, 1.488561683319019, 1.3369391417875207, 1.4163388017802436, 7.835646179718624, 6.463623540679461, 0.8420611196451062, 2.61206916461887, 3.515989014803054, 9.083262977839155, 1.0684240940182999, 2.995898282082272, 1.0261636966761056, 4.554657784075263, 2.770771221669627, 10.0, 6.365583376797922, 6.660897145416363]
APTIDAO: 
34.953158653533876
GEN: 3400
Individuo: 
[2.275524729274001, 1.1829483023033696, 1.7346660540005259, 0.4633944473303632, 2.9241050317413246, 0.49407811036733346, 0.3865314274910053, 0.10946651687304658, 0.5562030829871351, 0.11576112756354379, 0.6278209958341032, 0.6618295335265248, 8.885474708309738, 4.902834748053066, 1.5429796536497322, 8.657241614934366, 3.301466032056138, 16.808907460878814, 1.0985527560403174, 1.2309222475341126, 0.7979642378854005, 0.7617404090499078, 0.8366320176285491, 0.9442374734436654, 3.6471278576955357, 1.9843361687865568, 2.0299485046488823, 2.389491080854672, 5.703008258821139, 1.724649111206067, 3.643164011014105, 1.488561683319019, 1.3369391417875207, 3.055496439287994, 7.835646179718624, 10.0, 0.8420611196451062, 2.61206916461887, 4.546123347360203, 9.083262977839155, 2.3125026296887534, 2.52544186072371, 0.6048611471083183, 4.554657784075263, 2.770771221669627, 10.0, 6.365583376797922, 10.0]
APTIDAO: 
34.982838154189295
GEN: 3500
Individuo: 
[2.275524729274001, 1.1829483023033696, 1.7346660540005259, 0.4633944473303632, 2.9241050317413246, 0.5072633754964447, 0.3865314274910053, 0.10946651687304658, 0.5562030829871351, 0.11576112756354379, 0.6278209958341032, 0.6618295335265248, 8.885474708309738, 4.902834748053066, 1.5581662914792427, 8.657241614934366, 3.1289031726829464, 16.808907460878814, 1.1743851660626445, 1.2309222475341126, 0.7979642378854005, 0.7617404090499078, 0.8366320176285491, 0.9442374734436654, 3.6471278576955357, 1.9843361687865568, 2.0299485046488823, 2.389491080854672, 5.703008258821139, 1.7366972076903457, 3.643164011014105, 1.488561683319019, 1.3369391417875207, 3.055496439287994, 7.835646179718624, 10.0, 0.8420611196451062, 2.61206916461887, 2.5414276360157597, 9.083262977839155, 3.64487161584317, 2.52544186072371, 0.5970949378143559, 4.554657784075263, 2.770771221669627, 10.0, 6.365583376797922, 10.0]
APTIDAO: 
34.93871486253634
GEN: 3600
Individuo: 
[2.275524729274001, 1.1829483023033696, 1.7346660540005259, 0.4633944473303632, 2.9241050317413246, 0.5060520540700841, 0.3865314274910053, 0.10946651687304658, 0.5562030829871351, 0.11576112756354379, 0.6278209958341032, 0.6618295335265248, 8.885474708309738, 4.902834748053066, 1.2102578745423922, 8.508196768421143, 3.1289031726829464, 16.808907460878814, 1.0061245453599326, 1.2309222475341126, 0.7979642378854005, 0.7617404090499078, 0.8366320176285491, 0.9442374734436654, 3.6471278576955357, 1.9843361687865568, 2.0299485046488823, 2.389491080854672, 5.703008258821139, 2.520363895812746, 3.643164011014105, 1.488561683319019, 1.3369391417875207, 3.055496439287994, 7.835646179718624, 10.0, 0.8420611196451062, 2.61206916461887, 1.9975369639582132, 8.058440915423706, 3.64487161584317, 2.52544186072371, 0.6752642250331566, 4.554657784075263, 2.770771221669627, 10.0, 6.365583376797922, 10.0]
APTIDAO: 
34.93418650770933
GEN: 3700
Individuo: 
[2.275524729274001, 1.1829483023033696, 1.7346660540005259, 0.4633944473303632, 2.9241050317413246, 0.5060520540700841, 0.39199244271607625, 0.11021149636601027, 0.5562030829871351, 0.11576112756354379, 0.6278209958341032, 0.6765381270409948, 8.885474708309738, 4.902834748053066, 1.0850616397174697, 8.508196768421143, 21.53435763902661, 16.808907460878814, 1.3899419622268685, 1.2309222475341126, 0.809620263024749, 0.7617404090499078, 0.8366320176285491, 0.9442374734436654, 3.6471278576955357, 1.9843361687865568, 2.0299485046488823, 2.389491080854672, 5.703008258821139, 2.520363895812746, 2.13711990854637, 1.848397882105264, 1.3369391417875207, 3.055496439287994, 7.835646179718624, 10.0, 0.8420611196451062, 2.61206916461887, 3.3666265989393294, 8.058440915423706, 5.6530564718449705, 2.52544186072371, 0.73172334146787, 4.554657784075263, 1.8151823024192775, 10.0, 6.365583376797922, 10.0]
APTIDAO: 
34.692526208204974
GEN: 3800
Individuo: 
[2.275524729274001, 1.1829483023033696, 1.7346660540005259, 0.4633944473303632, 2.9241050317413246, 0.5060520540700841, 0.39199244271607625, 0.11021149636601027, 0.5562030829871351, 0.12460376758482103, 0.6278209958341032, 0.6765381270409948, 8.885474708309738, 4.902834748053066, 1.0850616397174697, 8.508196768421143, 6.457545289123036, 16.808907460878814, 1.3899419622268685, 1.2309222475341126, 0.809620263024749, 0.7617404090499078, 0.8366320176285491, 0.9386316919637724, 3.6471278576955357, 1.9843361687865568, 2.0299485046488823, 2.389491080854672, 5.703008258821139, 2.520363895812746, 2.13711990854637, 1.848397882105264, 1.3369391417875207, 2.3666718471277965, 7.835646179718624, 10.0, 0.8420611196451062, 2.61206916461887, 3.3666265989393294, 8.058440915423706, 5.351696461794745, 2.52544186072371, 0.73172334146787, 4.554657784075263, 1.8151823024192775, 10.0, 6.365583376797922, 10.0]
APTIDAO: 
34.68664180838824
GEN: 3900
Individuo: 
[2.275524729274001, 1.1829483023033696, 1.7346660540005259, 0.4633944473303632, 2.9241050317413246, 0.5060520540700841, 0.39199244271607625, 0.11021149636601027, 0.5562030829871351, 0.12460376758482103, 0.6278209958341032, 0.6765381270409948, 8.885474708309738, 4.902834748053066, 1.2581264230511646, 8.089009656580842, 6.457545289123036, 16.808907460878814, 1.6915514786219121, 1.2309222475341126, 0.809620263024749, 0.7617404090499078, 0.8366320176285491, 0.9386316919637724, 3.6471278576955357, 1.9843361687865568, 2.0299485046488823, 2.389491080854672, 5.703008258821139, 2.520363895812746, 2.13711990854637, 1.848397882105264, 1.3369391417875207, 2.3666718471277965, 7.835646179718624, 10.0, 0.8420611196451062, 2.61206916461887, 3.113456586999607, 3.2191726457956786, 5.351696461794745, 2.52544186072371, 0.5217109597127998, 4.554657784075263, 1.8151823024192775, 10.0, 6.365583376797922, 10.0]
APTIDAO: 
34.68664180838824
GEN: 4000
Individuo: 
[2.275524729274001, 1.1829483023033696, 1.7346660540005259, 0.4633944473303632, 2.9241050317413246, 0.5060520540700841, 0.39199244271607625, 0.11021149636601027, 0.5562030829871351, 0.12460376758482103, 0.6278209958341032, 0.6765381270409948, 8.885474708309738, 4.902834748053066, 1.089622857607018, 8.089009656580842, 6.760168747651115, 16.808907460878814, 1.5451517149979213, 1.2309222475341126, 0.809620263024749, 0.7617404090499078, 0.8366320176285491, 0.9386316919637724, 3.6471278576955357, 1.9843361687865568, 2.0299485046488823, 2.389491080854672, 5.703008258821139, 2.520363895812746, 2.13711990854637, 1.848397882105264, 1.3369391417875207, 2.3666718471277965, 7.835646179718624, 10.0, 0.8420611196451062, 2.61206916461887, 3.0281251773200006, 3.2191726457956786, 5.737326342687648, 2.52544186072371, 0.8113336122218744, 4.554657784075263, 1.8151823024192775, 10.0, 6.365583376797922, 10.0]
APTIDAO: 
34.68664180838824
GEN: 4100
Individuo: 
[2.275524729274001, 1.1829483023033696, 1.7346660540005259, 0.4633944473303632, 2.9241050317413246, 0.5060520540700841, 0.39199244271607625, 0.11043345629910471, 0.5562030829871351, 0.1251973032740576, 0.6278209958341032, 0.6765381270409948, 8.885474708309738, 4.902834748053066, 1.3781199244802556, 8.089009656580842, 6.760168747651115, 16.808907460878814, 1.892958293070616, 1.2309222475341126, 0.809620263024749, 0.7617404090499078, 0.8366320176285491, 0.9386316919637724, 3.6471278576955357, 1.9843361687865568, 2.0299485046488823, 2.389491080854672, 5.703008258821139, 2.520363895812746, 2.13711990854637, 1.9896638969009712, 1.3369391417875207, 2.7719686648831146, 7.835646179718624, 10.0, 0.8420611196451062, 2.61206916461887, 4.814214166930977, 3.2191726457956786, 5.737326342687648, 2.52544186072371, 1.6241362650845168, 4.554657784075263, 1.8151823024192775, 10.0, 6.365583376797922, 10.0]
APTIDAO: 
34.68278612533004
GEN: 4200
Individuo: 
[2.275524729274001, 1.1829483023033696, 1.7346660540005259, 0.4633944473303632, 2.9241050317413246, 0.507044693569722, 0.39199244271607625, 0.11043345629910471, 0.5562030829871351, 0.1251973032740576, 0.6278209958341032, 0.6765381270409948, 8.050987976765175, 4.902834748053066, 1.3781199244802556, 8.014793873985695, 7.156963041326174, 16.808907460878814, 1.892958293070616, 1.2309222475341126, 0.8121606240990722, 0.7617404090499078, 0.8366320176285491, 0.9386316919637724, 3.6471278576955357, 1.9843361687865568, 2.0299485046488823, 2.389491080854672, 5.703008258821139, 1.6323692714246463, 2.13711990854637, 1.9896638969009712, 1.3369391417875207, 2.7719686648831146, 7.835646179718624, 10.0, 0.9567182517335451, 2.61206916461887, 4.814214166930977, 3.115175647449894, 6.821370460540946, 2.52544186072371, 1.6241362650845168, 4.554657784075263, 2.6341866727099217, 10.0, 6.365583376797922, 10.0]
APTIDAO: 
34.663300067411484
GEN: 4300
Individuo: 
[2.275524729274001, 1.1829483023033696, 1.7346660540005259, 0.4633944473303632, 2.9241050317413246, 0.507044693569722, 0.39199244271607625, 0.11043345629910471, 0.5562030829871351, 0.1251973032740576, 0.6278209958341032, 0.6765381270409948, 8.050987976765175, 4.902834748053066, 1.227294828083017, 8.014793873985695, 14.00794443879234, 16.808907460878814, 1.6393706733885802, 1.2309222475341126, 0.8130461600819513, 0.7617404090499078, 0.8366320176285491, 0.9386316919637724, 3.6471278576955357, 1.9843361687865568, 2.0299485046488823, 2.389491080854672, 5.703008258821139, 1.6323692714246463, 2.13711990854637, 1.9896638969009712, 1.3369391417875207, 2.7719686648831146, 7.835646179718624, 10.0, 0.9567182517335451, 2.61206916461887, 5.58945194364051, 3.115175647449894, 4.092933175460883, 2.52544186072371, 1.0452904798563576, 4.554657784075263, 4.157030547955616, 10.0, 6.365583376797922, 10.0]
APTIDAO: 
34.658084490002445
GEN: 4400
Individuo: 
[2.275524729274001, 1.1829483023033696, 1.7359053270505425, 0.4633944473303632, 2.9241050317413246, 0.507044693569722, 0.3997176158650157, 0.11043345629910471, 0.5562030829871351, 0.10426026954516346, 0.6278209958341032, 0.6765381270409948, 8.050987976765175, 4.902834748053066, 1.227294828083017, 8.014793873985695, 22.506840852028827, 16.808907460878814, 1.6393706733885802, 1.2309222475341126, 0.8130461600819513, 0.7617404090499078, 0.8366320176285491, 0.9386316919637724, 3.6471278576955357, 1.9843361687865568, 1.8212123676564174, 2.389491080854672, 5.703008258821139, 1.6323692714246463, 2.932577236187117, 1.9896638969009712, 1.3369391417875207, 1.7913635887211048, 7.835646179718624, 10.0, 0.9567182517335451, 2.61206916461887, 5.58945194364051, 3.115175647449894, 6.869407492181965, 2.52544186072371, 1.0452904798563576, 4.554657784075263, 4.157030547955616, 10.0, 6.365583376797922, 10.0]
APTIDAO: 
34.540004950238654
GEN: 4500
Individuo: 
[2.275524729274001, 1.1829483023033696, 1.7359053270505425, 0.4672141196860269, 2.9241050317413246, 0.507044693569722, 0.3997176158650157, 0.11043345629910471, 0.5562030829871351, 0.12960926770938508, 0.6278209958341032, 0.7123004838274287, 8.050987976765175, 4.902834748053066, 1.3113699351308512, 8.249306732900859, 23.21082650443573, 16.808907460878814, 1.6393706733885802, 1.2309222475341126, 0.8202190966029034, 0.7617404090499078, 0.8366320176285491, 0.9386316919637724, 3.6471278576955357, 1.9843361687865568, 1.8212123676564174, 2.565218799523211, 5.703008258821139, 1.6323692714246463, 2.932577236187117, 1.9896638969009712, 1.3369391417875207, 1.2517773192391373, 7.835646179718624, 10.0, 0.9567182517335451, 2.61206916461887, 6.347930248126842, 3.195192523657158, 4.540819421266853, 2.52544186072371, 1.0452904798563576, 4.554657784075263, 3.7931407274096247, 10.0, 6.365583376797922, 10.0]
APTIDAO: 
34.458631075408526
GEN: 4600
Individuo: 
[2.275524729274001, 1.1889783410988448, 1.7359053270505425, 0.4672141196860269, 2.9241050317413246, 0.507044693569722, 0.3997176158650157, 0.11070461888422455, 0.5562030829871351, 0.1016926150329401, 0.6278209958341032, 0.7123004838274287, 8.214339015470182, 4.902834748053066, 1.3113699351308512, 8.249306732900859, 23.21082650443573, 16.808907460878814, 1.6393706733885802, 1.2309222475341126, 0.8330501106392304, 0.7617404090499078, 0.8366320176285491, 0.9241210638995246, 3.6471278576955357, 1.6908700439482993, 1.8212123676564174, 2.565218799523211, 5.703008258821139, 1.6323692714246463, 2.932577236187117, 1.3407292719897075, 1.3369391417875207, 1.121709058759334, 7.835646179718624, 10.0, 1.1911219354457316, 2.61206916461887, 6.347930248126842, 3.195192523657158, 4.540819421266853, 2.52544186072371, 1.0452904798563576, 4.554657784075263, 2.2369784856652957, 10.0, 6.365583376797922, 10.0]
APTIDAO: 
34.32180531098373
GEN: 4700
Individuo: 
[2.275524729274001, 1.191665886951909, 1.7359053270505425, 0.4672141196860269, 2.9241050317413246, 0.507044693569722, 0.3997176158650157, 0.11070461888422455, 0.5562030829871351, 0.1129637861919163, 0.6278209958341032, 0.7793219185884406, 8.214339015470182, 4.902834748053066, 1.4352461632707063, 8.249306732900859, 24.517604553698515, 15.562965838265004, 1.9937595812580569, 1.2309222475341126, 0.8540172650926497, 0.7617404090499078, 0.8366320176285491, 0.9386316919637724, 3.6471278576955357, 2.27150683641469, 1.8212123676564174, 2.565218799523211, 5.703008258821139, 1.6323692714246463, 2.932577236187117, 1.3407292719897075, 1.3369391417875207, 1.1557756049398233, 7.835646179718624, 10.0, 1.1911219354457316, 2.61206916461887, 4.0508561275919055, 3.195192523657158, 2.8560528201007953, 1.7280109378661592, 1.950651113587416, 4.554657784075263, 1.9604616690848145, 10.0, 6.365583376797922, 10.0]
APTIDAO: 
34.18476830531983
GEN: 4800
Individuo: 
[2.275524729274001, 1.191665886951909, 1.7359053270505425, 0.4672141196860269, 2.9241050317413246, 0.507044693569722, 0.3997176158650157, 0.11070461888422455, 0.5562030829871351, 0.10206288740690139, 0.6278209958341032, 0.7793219185884406, 8.214339015470182, 4.902834748053066, 1.4352461632707063, 8.249306732900859, 21.78104784218196, 15.562965838265004, 1.9937595812580569, 1.2309222475341126, 0.8540172650926497, 0.7617404090499078, 0.8366320176285491, 0.9386316919637724, 3.6471278576955357, 2.27150683641469, 1.8212123676564174, 2.565218799523211, 5.703008258821139, 1.6323692714246463, 2.932577236187117, 1.3407292719897075, 1.3369391417875207, 1.9523157099677286, 7.835646179718624, 10.0, 1.1911219354457316, 2.61206916461887, 4.0508561275919055, 3.195192523657158, 5.060286750207898, 1.7280109378661592, 1.950651113587416, 4.554657784075263, 1.9604616690848145, 10.0, 6.365583376797922, 10.0]
APTIDAO: 
34.18476788437988
GEN: 4900
Individuo: 
[2.275524729274001, 1.191665886951909, 1.7359053270505425, 0.4672141196860269, 2.9241050317413246, 0.507044693569722, 0.3997176158650157, 0.11070461888422455, 0.5562030829871351, 0.10206288740690139, 0.6278209958341032, 0.7793219185884406, 8.214339015470182, 4.902834748053066, 1.4352461632707063, 8.249306732900859, 24.63205596917065, 15.562965838265004, 1.9937595812580569, 1.2309222475341126, 0.8540172650926497, 0.7617404090499078, 0.8366320176285491, 0.9386316919637724, 3.6471278576955357, 2.27150683641469, 1.8212123676564174, 2.565218799523211, 5.703008258821139, 1.6323692714246463, 2.932577236187117, 1.3407292719897075, 1.3369391417875207, 1.9523157099677286, 7.835646179718624, 10.0, 1.1911219354457316, 2.61206916461887, 4.0508561275919055, 3.195192523657158, 3.430858260864554, 1.7280109378661592, 1.950651113587416, 4.554657784075263, 1.9604616690848145, 10.0, 6.365583376797922, 10.0]
APTIDAO: 
34.18476773669872
GEN: 5000
Individuo: 
[2.275524729274001, 1.191665886951909, 1.7359053270505425, 0.4672141196860269, 2.9241050317413246, 0.5101954469841473, 0.39979569690674865, 0.11070461888422455, 0.5562030829871351, 0.1183714761120586, 0.6278209958341032, 0.7793219185884406, 8.584193683727086, 4.902834748053066, 1.4352461632707063, 8.249306732900859, 24.508874799424873, 15.562965838265004, 1.3902651820198653, 1.2309222475341126, 0.8540172650926497, 0.7617404090499078, 0.8366320176285491, 0.9386316919637724, 3.6471278576955357, 2.27150683641469, 1.8212123676564174, 2.565218799523211, 5.703008258821139, 1.6200499503745196, 1.9038929787143175, 1.3407292719897075, 1.3369391417875207, 2.1878484487712644, 7.835646179718624, 10.0, 1.0649559653616085, 2.61206916461887, 4.0508561275919055, 3.195192523657158, 2.801612294796383, 1.7280109378661592, 1.899204123789791, 4.554657784075263, 1.9604616690848145, 10.0, 6.365583376797922, 10.0]
APTIDAO: 
34.167221015977695
GEN: 5100
Individuo: 
[2.275524729274001, 1.2176776259159316, 1.7359053270505425, 0.4672141196860269, 2.9241050317413246, 0.5101954469841473, 0.4134736606757095, 0.11070461888422455, 0.5562030829871351, 0.19077907272753525, 0.6278209958341032, 0.7580807952258193, 8.584193683727086, 4.902834748053066, 1.3895516746012528, 8.999662468646932, 13.31250380229722, 14.664879002611965, 1.091169468106398, 1.2309222475341126, 0.8540172650926497, 0.7617404090499078, 0.8366320176285491, 0.9386316919637724, 3.6471278576955357, 4.245467906310938, 1.8212123676564174, 2.565218799523211, 5.703008258821139, 1.6200499503745196, 1.4718502658226995, 1.3407292719897075, 1.3369391417875207, 2.0664655269319416, 7.835646179718624, 3.6781437373538477, 1.0649559653616085, 2.61206916461887, 2.615056507142409, 2.287632237861228, 1.998091814514099, 1.5907729134673212, 2.801126633831037, 4.554657784075263, 1.9604616690848145, 10.0, 6.365583376797922, 10.0]
APTIDAO: 
33.994771929992474
GEN: 5200
Individuo: 
[2.275524729274001, 1.2176776259159316, 1.7520507249576713, 0.5076814281186564, 2.9241050317413246, 0.5101954469841473, 0.4461449484381006, 0.11070461888422455, 0.5562030829871351, 0.11761442873860962, 0.6278209958341032, 0.7580807952258193, 8.567814217236771, 4.27989361719409, 1.7202691800315837, 8.999662468646932, 15.242261902672633, 14.981653853601086, 1.7486005691237902, 1.2309222475341126, 0.892715288510151, 0.7617404090499078, 0.8366320176285491, 0.9386316919637724, 3.6471278576955357, 4.245467906310938, 1.0259238093131113, 1.4873685681959539, 5.703008258821139, 1.6200499503745196, 1.7575725784419836, 1.3407292719897075, 1.3369391417875207, 0.5578786662009334, 7.835646179718624, 3.6781437373538477, 0.5647655518834462, 1.8379696964771843, 1.700099988935475, 2.287632237861228, 2.074005756339953, 1.2321531637704004, 1.9551809183390694, 4.554657784075263, 1.4383771906300478, 10.0, 6.365583376797922, 10.0]
APTIDAO: 
32.9866408273396
GEN: 5300
Individuo: 
[2.2956840054644148, 1.2176776259159316, 1.7520507249576713, 0.5051107308796474, 2.9241050317413246, 0.5101954469841473, 0.4418282913899942, 0.11070461888422455, 0.5562030829871351, 0.14692511269391748, 0.6278209958341032, 0.6914482846361536, 8.567814217236771, 4.27989361719409, 1.7202691800315837, 8.999662468646932, 6.767846396044775, 14.981653853601086, 1.2129555726337182, 1.2309222475341126, 0.892715288510151, 0.7617404090499078, 0.8366320176285491, 0.9386316919637724, 2.593756294957465, 4.245467906310938, 1.0259238093131113, 2.67510792687651, 5.703008258821139, 1.6200499503745196, 0.7010743183819492, 1.3407292719897075, 1.3369391417875207, 0.7097860657163144, 7.835646179718624, 3.879838205641396, 0.5647655518834462, 1.8379696964771843, 1.700099988935475, 2.287632237861228, 3.0062710328340594, 1.2321531637704004, 2.0768728190092003, 4.554657784075263, 1.4383771906300478, 10.0, 6.365583376797922, 10.0]
APTIDAO: 
32.808443932716905
GEN: 5400
Individuo: 
[2.2956840054644148, 1.2176776259159316, 1.7520507249576713, 0.5051107308796474, 2.925639937334685, 0.5101954469841473, 0.4418282913899942, 0.11070461888422455, 0.5562030829871351, 0.15968750355695405, 0.6278209958341032, 0.6914482846361536, 8.567814217236771, 4.659109599229071, 1.267180755421446, 8.999662468646932, 6.767846396044775, 14.981653853601086, 1.2129555726337182, 1.2309222475341126, 0.892715288510151, 0.7617404090499078, 0.8366320176285491, 0.9386316919637724, 2.593756294957465, 4.245467906310938, 1.0259238093131113, 2.67510792687651, 4.92310809124897, 1.6200499503745196, 0.7010743183819492, 1.3407292719897075, 1.3369391417875207, 1.077667424968485, 7.835646179718624, 3.879838205641396, 0.5647655518834462, 1.2572938106640525, 1.9926253922251065, 2.287632237861228, 3.0062710328340594, 1.2321531637704004, 2.0768728190092003, 4.554657784075263, 1.4383771906300478, 10.0, 6.365583376797922, 10.0]
APTIDAO: 
32.805645307039484
GEN: 5500
Individuo: 
[2.2956840054644148, 1.2176776259159316, 1.7520507249576713, 0.5051107308796474, 2.925639937334685, 0.5101954469841473, 0.4418282913899942, 0.11070461888422455, 0.5562030829871351, 0.15968750355695405, 0.6278209958341032, 0.6914482846361536, 8.567814217236771, 4.659109599229071, 1.5884310979990341, 8.999662468646932, 6.38571524199516, 14.981653853601086, 1.2129555726337182, 1.2309222475341126, 0.892715288510151, 0.7617404090499078, 0.8366320176285491, 0.9386316919637724, 2.593756294957465, 4.245467906310938, 1.0259238093131113, 2.67510792687651, 4.92310809124897, 1.6200499503745196, 0.7010743183819492, 1.3407292719897075, 1.3369391417875207, 1.077667424968485, 7.835646179718624, 3.879838205641396, 0.5647655518834462, 1.2572938106640525, 2.10287069620427, 2.287632237861228, 3.071597834496073, 1.2321531637704004, 2.0768728190092003, 4.554657784075263, 1.4383771906300478, 10.0, 6.365583376797922, 10.0]
APTIDAO: 
32.805645307039484
GEN: 5600
Individuo: 
[2.2956840054644148, 1.2176776259159316, 1.7520507249576713, 0.5051107308796474, 2.925639937334685, 0.5101954469841473, 0.4418282913899942, 0.11070461888422455, 0.5562030829871351, 0.13834599475682297, 0.6278209958341032, 0.6914482846361536, 8.567814217236771, 4.281882805565282, 1.709616299301205, 8.999662468646932, 5.454904860278387, 14.981653853601086, 1.2639606702101134, 1.2309222475341126, 0.892715288510151, 0.7617404090499078, 0.8366320176285491, 0.9386316919637724, 2.593756294957465, 4.245467906310938, 1.0259238093131113, 2.67510792687651, 4.92310809124897, 1.6200499503745196, 0.7010743183819492, 1.3407292719897075, 1.3369391417875207, 0.5065246476430023, 7.835646179718624, 3.879838205641396, 0.5647655518834462, 0.9726703875233985, 1.4807363537571119, 2.287632237861228, 8.010010261407949, 1.2321531637704004, 1.406955500623686, 4.554657784075263, 1.4383771906300478, 10.0, 6.365583376797922, 10.0]
APTIDAO: 
32.805207800844464
GEN: 5700
Individuo: 
[2.2956840054644148, 1.2176776259159316, 1.7520507249576713, 0.5051107308796474, 2.925639937334685, 0.5101954469841473, 0.4418282913899942, 0.11070461888422455, 0.5562030829871351, 0.14449531253850662, 0.6278209958341032, 0.6914482846361536, 8.567814217236771, 4.281882805565282, 1.4116833364922803, 8.999662468646932, 5.454904860278387, 14.915787821614398, 1.1487138577474576, 1.2309222475341126, 0.892715288510151, 0.7617404090499078, 0.8366320176285491, 0.9386316919637724, 2.593756294957465, 4.245467906310938, 1.0259238093131113, 2.67510792687651, 4.92310809124897, 1.6200499503745196, 0.7010743183819492, 1.3407292719897075, 1.3369391417875207, 0.5238657667989816, 7.835646179718624, 3.879838205641396, 0.5647655518834462, 0.9726703875233985, 1.8097118283433085, 2.287632237861228, 8.010010261407949, 1.1015958054349637, 1.2305620012125476, 4.554657784075263, 1.4383771906300478, 10.0, 6.365583376797922, 10.0]
APTIDAO: 
32.803250386645
GEN: 5800
Individuo: 
[2.2956840054644148, 1.2176776259159316, 1.7520507249576713, 0.5051107308796474, 2.925639937334685, 0.5101954469841473, 0.4418282913899942, 0.11070461888422455, 0.5562030829871351, 0.14449531253850662, 0.6278209958341032, 0.6914482846361536, 8.567814217236771, 4.328436553326268, 1.9667206416857863, 8.999662468646932, 5.454904860278387, 14.915787821614398, 1.5875787753042934, 1.2309222475341126, 0.892715288510151, 0.7617404090499078, 0.8366320176285491, 0.9386316919637724, 2.593756294957465, 4.245467906310938, 1.0259238093131113, 2.67510792687651, 4.92310809124897, 1.6200499503745196, 0.7010743183819492, 1.3407292719897075, 1.3369391417875207, 0.5238657667989816, 7.835646179718624, 3.879838205641396, 0.5647655518834462, 0.8379870138900761, 0.915581663177983, 2.287632237861228, 8.010010261407949, 1.1015958054349637, 0.8993622603585145, 4.554657784075263, 1.4383771906300478, 10.0, 6.365583376797922, 10.0]
APTIDAO: 
32.803250386645
GEN: 5900
Individuo: 
[2.2956840054644148, 1.2176776259159316, 1.7520507249576713, 0.5051107308796474, 2.925639937334685, 0.5101954469841473, 0.4418282913899942, 0.11070461888422455, 0.5562030829871351, 0.14449531253850662, 0.6278209958341032, 0.6914482846361536, 8.567814217236771, 4.328436553326268, 1.3609723675102987, 8.999662468646932, 5.454904860278387, 14.423193794347155, 1.4531264508419242, 1.2309222475341126, 0.892715288510151, 0.7617404090499078, 0.8366320176285491, 0.9386316919637724, 2.593756294957465, 4.245467906310938, 1.0259238093131113, 2.67510792687651, 4.92310809124897, 1.6200499503745196, 0.7010743183819492, 1.3407292719897075, 1.3369391417875207, 0.5238657667989816, 7.835646179718624, 3.879838205641396, 0.5647655518834462, 0.8379870138900761, 0.8185331036866088, 2.287632237861228, 8.010010261407949, 1.1489383945960425, 0.4021518458621358, 4.554657784075263, 1.4383771906300478, 10.0, 6.365583376797922, 10.0]
APTIDAO: 
32.803250386645
GEN: 6000
Individuo: 
[2.2956840054644148, 1.2176776259159316, 1.7520507249576713, 0.5051107308796474, 2.925639937334685, 0.5101954469841473, 0.4431296918887147, 0.11070461888422455, 0.5562030829871351, 0.11377144664020689, 0.6278209958341032, 0.6651696725274668, 8.567814217236771, 4.328436553326268, 1.786081742100458, 8.999662468646932, 4.09826810822087, 14.423193794347155, 1.921916273653469, 1.2309222475341126, 0.892715288510151, 0.7617404090499078, 0.8366320176285491, 0.9386316919637724, 2.593756294957465, 4.245467906310938, 1.0259238093131113, 2.67510792687651, 4.92310809124897, 1.6200499503745196, 0.8783624462497381, 1.3407292719897075, 1.3369391417875207, 0.776813028425339, 7.835646179718624, 4.600969296198401, 0.5647655518834462, 0.8379870138900761, 1.445686402905253, 2.287632237861228, 10.0, 1.1489383945960425, 1.0265007179137933, 4.554657784075263, 1.4383771906300478, 10.0, 6.365583376797922, 10.0]
APTIDAO: 
32.78751237094862
GEN: 6100
Individuo: 
[2.2956840054644148, 1.2176776259159316, 1.7520507249576713, 0.5051107308796474, 2.925639937334685, 0.5101954469841473, 0.4431296918887147, 0.11120715981551557, 0.5562030829871351, 0.11341646402688572, 0.6278209958341032, 0.6651696725274668, 8.567814217236771, 4.328436553326268, 1.0927958069249553, 8.999662468646932, 5.203226097357479, 14.423193794347155, 1.342057775605479, 1.2309222475341126, 0.9018037757198832, 0.7617404090499078, 0.8366320176285491, 0.9386316919637724, 2.593756294957465, 4.245467906310938, 1.0259238093131113, 2.67510792687651, 4.92310809124897, 1.6200499503745196, 0.8783624462497381, 2.66455877974672, 1.3369391417875207, 0.7422127493823956, 7.835646179718624, 4.600969296198401, 0.5647655518834462, 0.8379870138900761, 1.339982677475879, 2.287632237861228, 3.8437792683509127, 1.1489383945960425, 0.6393326851574908, 4.554657784075263, 2.2885372424793244, 10.0, 6.365583376797922, 10.0]
APTIDAO: 
32.71290366086962
GEN: 6200
Individuo: 
[2.2956840054644148, 1.2176776259159316, 1.7520507249576713, 0.5051107308796474, 2.925639937334685, 0.5101954469841473, 0.4431296918887147, 0.11120715981551557, 0.5562030829871351, 0.11718929813609208, 0.6278209958341032, 0.6651696725274668, 8.567814217236771, 4.328436553326268, 1.1129165114623667, 8.613387427818308, 5.203226097357479, 14.423193794347155, 1.1053768615157122, 1.2309222475341126, 0.9018037757198832, 0.7617404090499078, 0.8366320176285491, 0.9386316919637724, 2.593756294957465, 4.245467906310938, 1.0259238093131113, 2.67510792687651, 4.92310809124897, 1.6200499503745196, 0.8783624462497381, 2.66455877974672, 1.3369391417875207, 0.7433119300047166, 7.835646179718624, 4.600969296198401, 0.5647655518834462, 0.8379870138900761, 0.35009064779714016, 2.8044418172272256, 3.8437792683509127, 1.1489383945960425, 0.35919024227237506, 4.554657784075263, 2.2885372424793244, 10.0, 6.365583376797922, 10.0]
APTIDAO: 
32.712537455864535
GEN: 6300
Individuo: 
[2.304589805741962, 1.2176776259159316, 1.7520507249576713, 0.5051107308796474, 2.925639937334685, 0.5101954469841473, 0.45389043725870803, 0.11120715981551557, 0.5562030829871351, 0.11718929813609208, 0.6278209958341032, 0.6651696725274668, 8.567814217236771, 4.402287920955696, 1.8039299330736016, 8.934966485392197, 22.250619911784984, 14.423193794347155, 1.3545140480812017, 1.2309222475341126, 0.9018037757198832, 0.7617404090499078, 0.8366320176285491, 0.9386316919637724, 2.1488993223151343, 4.245467906310938, 1.0259238093131113, 2.67510792687651, 4.92310809124897, 1.6200499503745196, 0.6157783626831702, 2.66455877974672, 1.3369391417875207, 0.7433119300047166, 7.835646179718624, 4.600969296198401, 0.5647655518834462, 0.8546019166636913, 0.6201726513517686, 2.507307315934754, 3.4275394977433074, 1.1489383945960425, 0.8011618051384304, 4.554657784075263, 2.2885372424793244, 10.0, 6.365583376797922, 10.0]
APTIDAO: 
32.609305356595954
GEN: 6400
Individuo: 
[2.304589805741962, 1.2176776259159316, 1.7520507249576713, 0.5051107308796474, 2.936326573737123, 0.5010711720418884, 0.45389043725870803, 0.11120715981551557, 0.5562030829871351, 0.10197644921980263, 0.6278209958341032, 0.661914566671096, 8.567814217236771, 4.402287920955696, 1.0123335080601674, 8.934966485392197, 24.188179836641122, 14.423193794347155, 1.2844191606523871, 1.2309222475341126, 0.9018037757198832, 0.7617404090499078, 0.8366320176285491, 0.9386316919637724, 2.1488993223151343, 4.245467906310938, 1.0259238093131113, 2.67510792687651, 8.959119889591003, 2.0838459326348793, 0.6157783626831702, 2.66455877974672, 1.3369391417875207, 0.656234308847198, 7.835646179718624, 5.317714839190825, 0.5647655518834462, 0.8546019166636913, 0.6124224093603463, 2.507307315934754, 4.820891588062883, 1.1489383945960425, 1.2265089294558587, 4.554657784075263, 2.2885372424793244, 10.0, 6.365583376797922, 10.0]
APTIDAO: 
32.56637538374636
GEN: 6500
Individuo: 
[2.304589805741962, 1.2176776259159316, 1.7520507249576713, 0.5051107308796474, 2.936326573737123, 0.5010711720418884, 0.45389043725870803, 0.11120715981551557, 0.5562030829871351, 0.10197644921980263, 0.6278209958341032, 0.661914566671096, 8.285982350729295, 4.402287920955696, 1.532320431918793, 8.934966485392197, 24.188179836641122, 14.960303437439528, 1.6867793656444516, 1.2300921841804466, 0.9018037757198832, 0.7617404090499078, 0.8366320176285491, 0.9386316919637724, 2.1488993223151343, 4.245467906310938, 1.0259238093131113, 2.67510792687651, 8.959119889591003, 2.0838459326348793, 0.6157783626831702, 2.66455877974672, 1.3369391417875207, 0.656234308847198, 7.835646179718624, 5.317714839190825, 0.4705528999865978, 0.8546019166636913, 2.032219095137229, 2.507307315934754, 4.820891588062883, 1.0761817919838916, 0.8867321664216793, 4.244615601023597, 2.2885372424793244, 10.0, 6.365583376797922, 10.0]
APTIDAO: 
32.56258836831586
GEN: 6600
Individuo: 
[2.304589805741962, 1.2176776259159316, 1.7520507249576713, 0.5051107308796474, 2.936326573737123, 0.5049178023560215, 0.45389043725870803, 0.11120715981551557, 0.5562030829871351, 0.10197644921980263, 0.6278209958341032, 0.661914566671096, 8.285982350729295, 4.538576213823143, 1.532320431918793, 8.934966485392197, 24.188179836641122, 14.960303437439528, 1.5243716699071501, 1.2300921841804466, 0.9018037757198832, 0.7617404090499078, 0.8366320176285491, 0.9386316919637724, 2.1488993223151343, 4.245467906310938, 1.0259238093131113, 2.67510792687651, 8.959119889591003, 2.7751806204943446, 0.6157783626831702, 2.66455877974672, 1.3369391417875207, 0.656234308847198, 7.835646179718624, 5.317714839190825, 0.4705528999865978, 1.5937505317684366, 2.032219095137229, 2.507307315934754, 4.820891588062883, 1.0761817919838916, 0.7993749275170129, 4.244615601023597, 2.2885372424793244, 10.0, 6.365583376797922, 10.0]
APTIDAO: 
32.55008518797636
GEN: 6700
Individuo: 
[2.304589805741962, 1.2176776259159316, 1.7520507249576713, 0.5051107308796474, 2.936326573737123, 0.5049178023560215, 0.45389043725870803, 0.11120715981551557, 0.5562030829871351, 0.10197644921980263, 0.6278209958341032, 0.661914566671096, 8.285982350729295, 4.538576213823143, 1.532320431918793, 8.934966485392197, 22.24212937706148, 13.538112801898752, 1.4927805362231206, 1.2300921841804466, 0.9156449913207622, 0.7617404090499078, 0.8366320176285491, 0.9386316919637724, 2.1488993223151343, 4.245467906310938, 1.0259238093131113, 2.67510792687651, 8.959119889591003, 2.7751806204943446, 0.6157783626831702, 2.66455877974672, 1.3369391417875207, 0.656234308847198, 7.835646179718624, 5.317714839190825, 0.4705528999865978, 1.5937505317684366, 2.032219095137229, 2.507307315934754, 3.24509024692006, 1.0081305966827856, 0.45131934984719985, 4.244615601023597, 2.601277209630851, 10.0, 6.365583376797922, 10.0]
APTIDAO: 
32.44121496871895
GEN: 6800
Individuo: 
[2.304589805741962, 1.2176776259159316, 1.7520507249576713, 0.5051107308796474, 2.936326573737123, 0.5049178023560215, 0.45389043725870803, 0.11120715981551557, 0.5562030829871351, 0.10197644921980263, 0.6278209958341032, 0.661914566671096, 8.285982350729295, 4.528347893296609, 1.140059105887932, 8.934966485392197, 23.19217677134695, 13.538112801898752, 1.0148962528159224, 1.2300921841804466, 0.9156449913207622, 0.7617404090499078, 0.8366320176285491, 0.9386316919637724, 2.1488993223151343, 4.245467906310938, 1.0259238093131113, 2.67510792687651, 8.959119889591003, 2.7751806204943446, 0.6157783626831702, 2.66455877974672, 1.3369391417875207, 0.656234308847198, 7.835646179718624, 5.317714839190825, 0.4705528999865978, 1.021806246743828, 1.6464546973346847, 2.507307315934754, 1.5225885342868553, 1.0081305966827856, 0.7366592418045541, 4.244615601023597, 2.601277209630851, 10.0, 6.365583376797922, 10.0]
APTIDAO: 
32.441214712596164
GEN: 6900
Individuo: 
[2.304589805741962, 1.232483563667328, 1.7520507249576713, 0.5051107308796474, 2.936326573737123, 0.5049178023560215, 0.45389043725870803, 0.11120715981551557, 0.5562030829871351, 0.13034489215123904, 0.6278209958341032, 0.661914566671096, 8.285982350729295, 4.528347893296609, 1.3232974760012108, 8.934966485392197, 5.412323913457455, 13.538112801898752, 1.0416021236647823, 1.2300921841804466, 0.9320334871205004, 0.7617404090499078, 0.8366320176285491, 0.9386316919637724, 2.1488993223151343, 2.4681533911229336, 1.0259238093131113, 2.67510792687651, 8.959119889591003, 2.7751806204943446, 0.6157783626831702, 2.66455877974672, 1.3369391417875207, 0.6525792381787661, 7.835646179718624, 5.317714839190825, 0.4705528999865978, 1.021806246743828, 1.1124322545689913, 2.507307315934754, 1.2277009789279798, 1.0081305966827856, 0.40219089781779893, 4.244615601023597, 2.8303283581110246, 10.0, 6.365583376797922, 10.0]
APTIDAO: 
32.32265661243853
GEN: 7000
Individuo: 
[2.304589805741962, 1.232483563667328, 1.7520507249576713, 0.5091176706768569, 2.936326573737123, 0.507256398078515, 0.473984597718531, 0.11120715981551557, 0.5562030829871351, 0.10090016760435976, 0.6278209958341032, 0.661914566671096, 8.285982350729295, 4.554004212423997, 1.279384647696953, 8.934966485392197, 9.497403298404544, 13.538112801898752, 1.0416021236647823, 1.2300921841804466, 0.9320334871205004, 0.7617404090499078, 0.8366320176285491, 0.9386316919637724, 2.1488993223151343, 2.4681533911229336, 1.0259238093131113, 1.4573104034261573, 8.959119889591003, 2.039236165737687, 0.903188991202188, 2.66455877974672, 1.3369391417875207, 0.5675525270636643, 7.835646179718624, 5.317714839190825, 0.4705528999865978, 1.370101306824576, 1.2273312034628256, 2.507307315934754, 2.0396024557430614, 1.0081305966827856, 0.40219089781779893, 4.244615601023597, 2.8303283581110246, 10.0, 6.365583376797922, 10.0]
APTIDAO: 
32.12277093774278
GEN: 7100
Individuo: 
[2.304589805741962, 1.232483563667328, 1.7610650314544152, 0.5091176706768569, 2.936326573737123, 0.507256398078515, 0.473984597718531, 0.11120715981551557, 0.5562030829871351, 0.11718299009683836, 0.6278209958341032, 0.6287840990267177, 8.285982350729295, 4.554004212423997, 1.7598381310711269, 8.934966485392197, 13.33896493648204, 13.538112801898752, 1.0429044229734001, 1.2300921841804466, 0.9320334871205004, 0.7617404090499078, 0.8366320176285491, 0.9386316919637724, 2.1488993223151343, 2.4681533911229336, 0.84719458081057, 1.4573104034261573, 8.959119889591003, 2.039236165737687, 0.903188991202188, 2.66455877974672, 1.3369391417875207, 0.8462968480594394, 7.835646179718624, 4.199432126644964, 0.4705528999865978, 1.370101306824576, 1.7697822304332422, 2.507307315934754, 1.3697895988085758, 1.0081305966827856, 0.6299849671224568, 4.244615601023597, 2.8303283581110246, 10.0, 6.365583376797922, 10.0]
APTIDAO: 
32.06010351428436
GEN: 7200
Individuo: 
[2.304589805741962, 1.232483563667328, 1.7610650314544152, 0.5091176706768569, 2.936326573737123, 0.5242099664420576, 0.473984597718531, 0.11120715981551557, 0.5562030829871351, 0.10057465053648124, 0.6278209958341032, 0.6287840990267177, 8.285982350729295, 4.554004212423997, 1.5884942963649815, 8.934966485392197, 22.402479765029604, 13.411857489540926, 1.7942292570823637, 1.2300921841804466, 0.9599130698126921, 0.7617404090499078, 0.8366320176285491, 0.9386316919637724, 2.1488993223151343, 2.4681533911229336, 0.84719458081057, 1.4573104034261573, 8.959119889591003, 1.291949577349966, 0.903188991202188, 2.66455877974672, 1.3369391417875207, 1.2503561031315058, 7.835646179718624, 4.199432126644964, 0.4705528999865978, 1.370101306824576, 1.0354078229383108, 2.507307315934754, 1.2162518619670522, 0.8264731981476623, 2.354383929826932, 4.244615601023597, 2.743586610860524, 10.0, 6.365583376797922, 10.0]
APTIDAO: 
31.91746004635634
GEN: 7300
Individuo: 
[2.304589805741962, 1.232483563667328, 1.7610650314544152, 0.5091176706768569, 2.936326573737123, 0.5242099664420576, 0.473984597718531, 0.11030837971414371, 0.5562030829871351, 0.18118113930412658, 0.6278209958341032, 0.6601441557419139, 8.285982350729295, 4.554004212423997, 1.558302716115037, 8.934966485392197, 16.454144131423785, 12.903981122104257, 1.7942292570823637, 1.2300921841804466, 0.9599130698126921, 0.7617404090499078, 0.8366320176285491, 0.9386316919637724, 2.1488993223151343, 2.4681533911229336, 0.84719458081057, 1.4573104034261573, 8.959119889591003, 1.291949577349966, 0.903188991202188, 1.5708425678504037, 1.3369391417875207, 2.8323034640588753, 7.835646179718624, 2.6037516474215603, 0.4705528999865978, 1.370101306824576, 1.314481911948142, 2.507307315934754, 1.2545572581915956, 1.2862864799184004, 2.354383929826932, 4.244615601023597, 2.743586610860524, 10.0, 6.365583376797922, 10.0]
APTIDAO: 
31.870971559682015
GEN: 7400
Individuo: 
[2.304589805741962, 1.232483563667328, 1.7767883098495139, 0.5091176706768569, 2.936326573737123, 0.5242099664420576, 0.4830694219788553, 0.11030837971414371, 0.5562030829871351, 0.18118113930412658, 0.6278209958341032, 0.6601441557419139, 8.285982350729295, 4.554004212423997, 1.9100556377564835, 8.934966485392197, 17.619962413914767, 12.903981122104257, 1.7942292570823637, 1.2300921841804466, 0.9801030677464087, 0.7617404090499078, 0.8366320176285491, 0.9386316919637724, 2.1488993223151343, 2.4681533911229336, 1.2354708289767056, 1.4573104034261573, 8.959119889591003, 1.291949577349966, 0.7657879834603976, 1.5708425678504037, 1.3369391417875207, 2.8323034640588753, 7.835646179718624, 2.6037516474215603, 0.4705528999865978, 1.370101306824576, 1.3229299942951156, 2.507307315934754, 1.0376919957785977, 1.2862864799184004, 2.354383929826932, 4.244615601023597, 2.8858226591189187, 10.0, 6.365583376797922, 10.0]
APTIDAO: 
31.67442445633648
GEN: 7500
Individuo: 
[2.304589805741962, 1.232483563667328, 1.7767883098495139, 0.5091176706768569, 2.936326573737123, 0.5242099664420576, 0.4830694219788553, 0.11030837971414371, 0.5562030829871351, 0.18118113930412658, 0.6278209958341032, 0.6601441557419139, 8.285982350729295, 4.554004212423997, 1.5136736889235027, 8.934966485392197, 17.619962413914767, 12.903981122104257, 1.7942292570823637, 1.2188197398700498, 0.9801030677464087, 0.7617404090499078, 0.8366320176285491, 0.9386316919637724, 2.1488993223151343, 2.4681533911229336, 1.2354708289767056, 1.4573104034261573, 8.959119889591003, 1.291949577349966, 0.7657879834603976, 1.5708425678504037, 1.3369391417875207, 2.8323034640588753, 7.835646179718624, 2.6037516474215603, 0.4705528999865978, 1.370101306824576, 1.0521666156018168, 2.507307315934754, 1.0376919957785977, 1.2862864799184004, 2.354383929826932, 3.909177509544769, 2.8858226591189187, 10.0, 6.365583376797922, 10.0]
APTIDAO: 
31.643237290992317
GEN: 7600
Individuo: 
[2.304589805741962, 1.232483563667328, 1.7767883098495139, 0.5091176706768569, 2.936326573737123, 0.5242099664420576, 0.4830694219788553, 0.11030837971414371, 0.5562030829871351, 0.18118113930412658, 0.6278209958341032, 0.6601441557419139, 8.285982350729295, 4.554004212423997, 1.4009440316576092, 8.934966485392197, 23.262386935767342, 12.903981122104257, 1.6912857069885676, 1.2188197398700498, 0.9801030677464087, 0.7617404090499078, 0.8366320176285491, 0.9386316919637724, 2.1488993223151343, 2.4681533911229336, 1.2354708289767056, 1.4573104034261573, 8.959119889591003, 1.291949577349966, 0.7657879834603976, 1.5708425678504037, 1.3369391417875207, 2.8323034640588753, 7.835646179718624, 2.6037516474215603, 0.4705528999865978, 1.370101306824576, 1.0515832333764727, 2.507307315934754, 1.1317167287593328, 1.2862864799184004, 1.86129353709756, 3.909177509544769, 2.8858226591189187, 10.0, 6.365583376797922, 10.0]
APTIDAO: 
31.640259961759668
GEN: 7700
Individuo: 
[2.304589805741962, 1.232483563667328, 1.7767883098495139, 0.5091176706768569, 2.936326573737123, 0.5268291088617374, 0.4830694219788553, 0.11030837971414371, 0.5562030829871351, 0.18118113930412658, 0.6278209958341032, 0.6601441557419139, 8.285982350729295, 4.554004212423997, 1.9800666084357634, 8.220999763004015, 19.531839548620994, 12.903981122104257, 1.6912857069885676, 1.2188197398700498, 0.9801030677464087, 0.7617404090499078, 0.8366320176285491, 0.9386316919637724, 2.1488993223151343, 2.4681533911229336, 1.2354708289767056, 1.4573104034261573, 8.959119889591003, 0.7837109534549963, 0.7657879834603976, 1.5708425678504037, 1.3369391417875207, 2.8323034640588753, 7.835646179718624, 2.6037516474215603, 0.4705528999865978, 1.370101306824576, 1.6658833278686034, 1.6412587093352597, 1.3787057649634142, 1.2862864799184004, 1.86129353709756, 3.909177509544769, 2.8858226591189187, 10.0, 6.365583376797922, 10.0]
APTIDAO: 
31.63504706193304
GEN: 7800
Individuo: 
[2.304589805741962, 1.232483563667328, 1.7767883098495139, 0.5091176706768569, 2.936326573737123, 0.5268291088617374, 0.4830694219788553, 0.11030837971414371, 0.5562030829871351, 0.18118113930412658, 0.6278209958341032, 0.6601441557419139, 8.285982350729295, 4.554004212423997, 1.2217010581868506, 8.220999763004015, 19.531839548620994, 12.742232446086268, 1.6912857069885676, 1.2188197398700498, 0.9801030677464087, 0.7617404090499078, 0.8366320176285491, 0.9386316919637724, 2.1488993223151343, 2.4681533911229336, 1.2354708289767056, 1.4573104034261573, 8.959119889591003, 0.7837109534549963, 0.7657879834603976, 1.5708425678504037, 1.3369391417875207, 2.8323034640588753, 7.835646179718624, 2.6037516474215603, 0.4705528999865978, 1.370101306824576, 1.4274818359984511, 1.6412587093352597, 1.3787057649634142, 1.4639998665926026, 1.86129353709756, 3.909177509544769, 2.8858226591189187, 10.0, 6.365583376797922, 10.0]
APTIDAO: 
31.63504706193304
GEN: 7900
Individuo: 
[2.304589805741962, 1.232483563667328, 1.7767883098495139, 0.5091176706768569, 2.936326573737123, 0.5268291088617374, 0.5011057048126174, 0.11030837971414371, 0.5562030829871351, 0.15827469352650927, 0.6278209958341032, 0.6601441557419139, 8.285982350729295, 4.554004212423997, 1.1670807351114216, 8.220999763004015, 20.310848911296084, 12.39228325715811, 1.5599454559498311, 1.2188197398700498, 1.0037802541925431, 0.7617404090499078, 0.8366320176285491, 0.9386316919637724, 2.1488993223151343, 2.4681533911229336, 1.2354708289767056, 1.4573104034261573, 8.959119889591003, 0.7837109534549963, 1.0121072972611855, 1.5708425678504037, 1.3369391417875207, 2.080282041488306, 7.835646179718624, 2.6037516474215603, 0.4705528999865978, 1.370101306824576, 1.995030898173025, 1.6412587093352597, 1.4215231123152572, 1.2977003050990377, 2.5798204822212547, 3.909177509544769, 2.2033468186918443, 10.0, 6.365583376797922, 10.0]
APTIDAO: 
31.50137024728362
GEN: 8000
Individuo: 
[2.304589805741962, 1.232483563667328, 1.7767883098495139, 0.5091176706768569, 2.936326573737123, 0.5276477196967607, 0.498266370179073, 0.11030837971414371, 0.5562030829871351, 0.1043997214705936, 0.6278209958341032, 0.6971302316195509, 8.285982350729295, 4.554004212423997, 1.715315003154306, 8.220999763004015, 24.592070191846112, 12.39228325715811, 1.6202668939178235, 1.2188197398700498, 1.0037802541925431, 0.7617404090499078, 0.8366320176285491, 0.9386316919637724, 2.1488993223151343, 2.4681533911229336, 1.2354708289767056, 1.4573104034261573, 8.959119889591003, 1.0994074103716045, 1.1920128618972037, 1.5708425678504037, 1.3369391417875207, 2.4063597993004993, 7.835646179718624, 4.0713775175995455, 0.4705528999865978, 1.370101306824576, 2.6111016673330747, 1.6412587093352597, 1.800791585362873, 1.2977003050990377, 5.386257984849209, 3.909177509544769, 2.2033468186918443, 10.0, 6.365583376797922, 10.0]
APTIDAO: 
31.43645089405732
GEN: 8100
Individuo: 
[2.304589805741962, 1.232483563667328, 1.7767883098495139, 0.5091176706768569, 2.948373339826952, 0.5276477196967607, 0.498266370179073, 0.10748976252338538, 0.5562030829871351, 0.1043997214705936, 0.6278209958341032, 0.6971302316195509, 8.285982350729295, 4.554004212423997, 1.0363904141039324, 8.220999763004015, 5.592277869328407, 11.775932729053482, 1.6202668939178235, 1.2188197398700498, 1.0037802541925431, 0.7617404090499078, 0.8366320176285491, 0.9386316919637724, 2.1488993223151343, 2.4681533911229336, 1.2354708289767056, 1.4573104034261573, 8.234751315715965, 1.0994074103716045, 1.1920128618972037, 1.1105888913517528, 1.3369391417875207, 2.4063597993004993, 7.835646179718624, 4.0713775175995455, 0.4705528999865978, 1.370101306824576, 1.2084748515501944, 1.6412587093352597, 0.9655842870137464, 1.4062136715648168, 5.386257984849209, 3.909177509544769, 2.2033468186918443, 10.0, 6.365583376797922, 10.0]
APTIDAO: 
31.435426131563556
GEN: 8200
Individuo: 
[2.304589805741962, 1.232483563667328, 1.7767883098495139, 0.5151771221311158, 2.948373339826952, 0.5276477196967607, 0.498266370179073, 0.10748976252338538, 0.5562030829871351, 0.10905378823873099, 0.6278209958341032, 0.6959299292114163, 8.285982350729295, 4.554004212423997, 1.6576436144491644, 8.220999763004015, 5.592277869328407, 11.775932729053482, 1.6202668939178235, 1.2188197398700498, 1.0037802541925431, 0.7617404090499078, 0.8366320176285491, 0.9386316919637724, 2.1488993223151343, 2.4681533911229336, 1.2354708289767056, 1.1798169027758576, 8.234751315715965, 1.0994074103716045, 1.1920128618972037, 1.1105888913517528, 1.3369391417875207, 2.183941346204813, 7.835646179718624, 3.4052389721321363, 0.4705528999865978, 1.370101306824576, 2.145778333063323, 1.6412587093352597, 0.9655842870137464, 1.4062136715648168, 5.386257984849209, 3.909177509544769, 2.2033468186918443, 10.0, 6.365583376797922, 10.0]
APTIDAO: 
31.409575682615916
GEN: 8300
Individuo: 
[2.304589805741962, 1.232483563667328, 1.7767883098495139, 0.5151771221311158, 2.948373339826952, 0.5276477196967607, 0.5072719880022017, 0.10748976252338538, 0.5562030829871351, 0.10285366030101079, 0.6278209958341032, 0.6825780078471997, 8.285982350729295, 4.554004212423997, 1.2519070612521819, 8.220999763004015, 11.969925270585243, 11.775932729053482, 1.748614337812311, 1.2188197398700498, 1.008301732490966, 0.7617404090499078, 0.8366320176285491, 0.9386316919637724, 2.1488993223151343, 2.4681533911229336, 1.2354708289767056, 1.1798169027758576, 8.234751315715965, 1.0994074103716045, 1.340270824987976, 1.1105888913517528, 1.3369391417875207, 1.521562177746009, 7.835646179718624, 2.021312033017868, 0.4705528999865978, 1.370101306824576, 1.878723906820729, 1.6412587093352597, 0.9009094641622938, 1.4062136715648168, 6.533943936707118, 3.909177509544769, 1.177475095281572, 10.0, 6.365583376797922, 10.0]
APTIDAO: 
31.30991044784097
GEN: 8400
Individuo: 
[2.304589805741962, 1.333074279849964, 1.7864310240485948, 0.5365479550136218, 2.67851980675846, 0.5298382478839975, 0.5072719880022017, 0.1117123126270319, 0.5562030829871351, 0.10852660132894898, 0.6278209958341032, 0.6825780078471997, 8.285982350729295, 4.554004212423997, 1.6576436144491644, 8.220999763004015, 20.439563904290775, 11.775932729053482, 1.748614337812311, 1.2188197398700498, 1.0382376884809053, 0.7617404090499078, 0.8366320176285491, 0.9386316919637724, 2.1488993223151343, 1.0842708635891138, 0.8636580990597341, 0.9611487971761877, 5.187226822841846, 1.6281548008837186, 1.340270824987976, 0.8255824462119551, 1.3369391417875207, 2.4051965854477104, 7.835646179718624, 2.021312033017868, 0.4705528999865978, 1.370101306824576, 2.145778333063323, 1.6412587093352597, 1.302683180141569, 1.4062136715648168, 6.533943936707118, 3.909177509544769, 2.7354157994217045, 10.0, 6.365583376797922, 10.0]
APTIDAO: 
31.136130897968062
GEN: 8500
Individuo: 
[2.304589805741962, 1.333074279849964, 1.7864310240485948, 0.5365479550136218, 2.67851980675846, 0.5298382478839975, 0.5072719880022017, 0.1117123126270319, 0.5562030829871351, 0.1074502863908652, 0.6278209958341032, 0.6765109373653077, 8.285982350729295, 4.554004212423997, 1.6576436144491644, 8.220999763004015, 24.967594909943877, 11.775932729053482, 1.9481287054489778, 1.2188197398700498, 1.0382376884809053, 0.7617404090499078, 0.8366320176285491, 0.9386316919637724, 2.1488993223151343, 1.0842708635891138, 0.8636580990597341, 0.9611487971761877, 5.187226822841846, 1.6281548008837186, 1.340270824987976, 0.8255824462119551, 1.3369391417875207, 1.8960678796707249, 7.835646179718624, 0.9875590753270886, 0.4705528999865978, 1.370101306824576, 2.145778333063323, 1.6412587093352597, 1.0161807798532296, 1.4062136715648168, 4.589871766739265, 3.909177509544769, 2.7354157994217045, 10.0, 6.365583376797922, 10.0]
APTIDAO: 
31.13061997292826
GEN: 8600
Individuo: 
[2.304589805741962, 1.333074279849964, 1.7864310240485948, 0.5484283758464862, 2.67851980675846, 0.5262700300024088, 0.5124198430736581, 0.1117123126270319, 0.5562030829871351, 0.10658757547213403, 0.6278209958341032, 0.6765109373653077, 8.600552950818583, 4.554004212423997, 1.6576436144491644, 8.220999763004015, 24.967594909943877, 11.775932729053482, 1.9481287054489778, 1.2188197398700498, 1.0382376884809053, 0.7617404090499078, 0.8366320176285491, 0.9386316919637724, 2.1488993223151343, 1.0842708635891138, 0.8636580990597341, 1.400407269774706, 5.187226822841846, 1.5182207532303087, 1.5895362463041192, 0.8255824462119551, 1.3369391417875207, 3.3190738906632187, 7.835646179718624, 0.9875590753270886, 0.5914022539534622, 1.370101306824576, 2.145778333063323, 1.6412587093352597, 1.0161807798532296, 1.4062136715648168, 4.589871766739265, 3.909177509544769, 2.7354157994217045, 10.0, 6.365583376797922, 10.0]
APTIDAO: 
31.02501225262795
GEN: 8700
Individuo: 
[2.304589805741962, 1.333074279849964, 1.7864310240485948, 0.5484283758464862, 2.6883505372627083, 0.5262700300024088, 0.5124198430736581, 0.1117123126270319, 0.5562030829871351, 0.10328203036853704, 0.6278209958341032, 0.6698871578548988, 8.600552950818583, 4.554004212423997, 1.6576436144491644, 8.220999763004015, 24.967594909943877, 11.775932729053482, 1.9481287054489778, 1.2188197398700498, 1.0382376884809053, 0.7617404090499078, 0.8366320176285491, 0.9386316919637724, 2.1488993223151343, 1.0842708635891138, 0.8636580990597341, 1.400407269774706, 3.8002226466671893, 1.5182207532303087, 1.5895362463041192, 0.8255824462119551, 1.3369391417875207, 1.9007222355848166, 7.835646179718624, 1.5860251964231329, 0.5914022539534622, 1.370101306824576, 2.145778333063323, 1.6412587093352597, 1.0161807798532296, 1.4062136715648168, 4.589871766739265, 3.909177509544769, 2.7354157994217045, 10.0, 6.365583376797922, 10.0]
APTIDAO: 
30.990218759245856
GEN: 8800
Individuo: 
[2.304589805741962, 1.333074279849964, 1.7864310240485948, 0.5500794520891312, 2.6883505372627083, 0.5262700300024088, 0.5124198430736581, 0.10553953713265593, 0.5562030829871351, 0.10328203036853704, 0.6278209958341032, 0.6698871578548988, 8.600552950818583, 4.554004212423997, 1.8813595536059478, 8.220999763004015, 24.967594909943877, 9.601941377580207, 1.9481287054489778, 1.2188197398700498, 1.0382376884809053, 0.7617404090499078, 0.8366320176285491, 0.9386316919637724, 2.1488993223151343, 1.0842708635891138, 0.8636580990597341, 0.6779510446500684, 3.8002226466671893, 1.5182207532303087, 1.5895362463041192, 0.7520461165819957, 1.3369391417875207, 1.9007222355848166, 7.835646179718624, 1.5860251964231329, 0.5914022539534622, 1.370101306824576, 1.1323798671209877, 1.6412587093352597, 1.0161807798532296, 1.9398108064168138, 4.589871766739265, 3.909177509544769, 2.7354157994217045, 10.0, 6.365583376797922, 10.0]
APTIDAO: 
30.938207294932194
GEN: 8900
Individuo: 
[2.304589805741962, 1.333074279849964, 1.7864310240485948, 0.5500794520891312, 2.6883505372627083, 0.5264004537399632, 0.5231135557684115, 0.10621292581345496, 0.5562030829871351, 0.10328203036853704, 0.6278209958341032, 0.6698871578548988, 8.600552950818583, 4.709641721492627, 1.1266927511295595, 8.571238285331752, 19.186347479620594, 9.601941377580207, 1.9481287054489778, 1.2188197398700498, 1.0382376884809053, 0.7617404090499078, 0.8366320176285491, 0.9386316919637724, 2.1488993223151343, 1.0842708635891138, 0.8636580990597341, 0.6779510446500684, 3.8002226466671893, 1.8003319037464474, 1.4723217628816616, 0.7372410932963578, 1.3369391417875207, 1.9007222355848166, 7.835646179718624, 1.5860251964231329, 0.5914022539534622, 1.518009449051881, 1.2010790038160895, 1.6342706958693496, 1.1385940339221252, 1.9398108064168138, 4.589871766739265, 3.909177509544769, 2.7354157994217045, 10.0, 6.365583376797922, 10.0]
APTIDAO: 
30.789021123857157
GEN: 9000
Individuo: 
[2.304589805741962, 1.512304927034018, 1.710392975347543, 0.5862318501560535, 2.6883505372627083, 0.5264004537399632, 0.5231135557684115, 0.10621292581345496, 0.5562030829871351, 0.2551523918001141, 0.6278209958341032, 0.5255017400064379, 8.600552950818583, 4.709641721492627, 1.1207182991256162, 8.571238285331752, 6.1850666814882045, 9.601941377580207, 1.9481287054489778, 1.2188197398700498, 1.0382376884809053, 0.7617404090499078, 0.8366320176285491, 0.9386316919637724, 2.1488993223151343, 1.0655559359135078, 0.9986593367425323, 0.7623458083402163, 3.8002226466671893, 1.8003319037464474, 1.4723217628816616, 0.7372410932963578, 1.3369391417875207, 3.297800063158578, 7.835646179718624, 0.9826187387169701, 0.5914022539534622, 1.518009449051881, 0.7085788844902088, 1.6342706958693496, 1.039511175943389, 1.9398108064168138, 4.589871766739265, 3.909177509544769, 2.7354157994217045, 10.0, 6.365583376797922, 10.0]
APTIDAO: 
29.934552080867974
GEN: 9100
Individuo: 
[2.4364143983202227, 1.5213378505070707, 1.710392975347543, 0.5862318501560535, 2.679164050468388, 0.5264004537399632, 0.5231135557684115, 0.10621292581345496, 0.5562030829871351, 0.2551523918001141, 0.6278209958341032, 0.5255017400064379, 16.492096047386134, 4.709641721492627, 1.07340109601534, 8.571238285331752, 5.805809070173532, 9.601941377580207, 1.9481287054489778, 1.2188197398700498, 1.0382376884809053, 0.7617404090499078, 0.8366320176285491, 0.9386316919637724, 2.0288366274474825, 0.8383731570797481, 0.9986593367425323, 0.7623458083402163, 2.4621790758158375, 1.8003319037464474, 1.4723217628816616, 0.7372410932963578, 1.3369391417875207, 3.297800063158578, 7.835646179718624, 0.9826187387169701, 1.1371445739204775, 1.518009449051881, 0.8050226137874821, 1.6342706958693496, 0.675935150315465, 1.9398108064168138, 4.589871766739265, 3.909177509544769, 2.7354157994217045, 10.0, 6.365583376797922, 10.0]
APTIDAO: 
30.100547451749872
GEN: 9200
Individuo: 
[2.4364143983202227, 1.5213378505070707, 1.710392975347543, 0.5862318501560535, 2.679164050468388, 0.5264004537399632, 0.5263654390495913, 0.10621292581345496, 0.5562030829871351, 0.2551523918001141, 0.6278209958341032, 0.5255017400064379, 13.590532361895164, 4.1220063087498, 1.5239839624039022, 8.571238285331752, 4.9777426509854665, 9.124134266174531, 1.2297326725195168, 1.2188197398700498, 1.0582609691374778, 0.7628688991046559, 0.8366320176285491, 0.9386316919637724, 2.0288366274474825, 0.8383731570797481, 0.9986593367425323, 0.7623458083402163, 2.4621790758158375, 1.8003319037464474, 2.423806482324559, 0.7372410932963578, 1.3369391417875207, 3.297800063158578, 7.835646179718624, 0.9826187387169701, 1.599928594860424, 1.4116141452830928, 0.9742847920730914, 1.6342706958693496, 0.6247223334942817, 1.7656856285511207, 6.672408892999511, 3.909177509544769, 4.447190312066331, 8.797357805027255, 6.365583376797922, 10.0]
APTIDAO: 
29.809452296380876
GEN: 9300
Individuo: 
[2.4364143983202227, 1.5213378505070707, 1.710392975347543, 0.5862318501560535, 2.679164050468388, 0.5264004537399632, 0.5263654390495913, 0.10621292581345496, 0.5562030829871351, 0.2551523918001141, 0.6278209958341032, 0.39931717391027605, 12.23114449560084, 4.16228916021084, 1.072160732344476, 8.571238285331752, 2.198161942207094, 9.151137387633892, 1.0413021785305583, 1.2239523400255685, 1.0676185520989083, 0.7628688991046559, 0.8366320176285491, 0.9386316919637724, 2.0288366274474825, 0.8383731570797481, 0.9986593367425323, 0.7623458083402163, 2.4621790758158375, 1.8003319037464474, 2.423806482324559, 0.7372410932963578, 1.3369391417875207, 3.297800063158578, 7.835646179718624, 0.7805523363494956, 1.742670626127575, 1.6089371442908695, 0.552713412033599, 1.6342706958693496, 0.5188549590522246, 0.8628868087755288, 3.94502026714716, 2.8498452747445997, 1.7283462985481712, 8.797357805027255, 6.365583376797922, 10.0]
APTIDAO: 
29.63008241777132
GEN: 9400
Individuo: 
[2.3539937335392884, 1.5213378505070707, 1.710392975347543, 0.6133309184852155, 2.679164050468388, 0.5400755532086231, 0.5282872905584579, 0.10621292581345496, 0.5562030829871351, 0.24942470464099925, 0.6269056260321911, 0.30670720077620256, 12.23114449560084, 4.16228916021084, 1.715378689580061, 8.571238285331752, 1.3430179975716825, 9.151137387633892, 1.0413021785305583, 1.2324353327678417, 1.0676185520989083, 0.7628688991046559, 0.8366320176285491, 0.9912810365454586, 0.8483837655064136, 0.8383731570797481, 0.9986593367425323, 0.8191691568518665, 2.4621790758158375, 2.171336049694716, 1.1937386461431152, 0.7372410932963578, 1.3369391417875207, 2.642590419149459, 10.0, 0.8148600937328173, 1.742670626127575, 1.6089371442908695, 0.7612289565024115, 1.6342706958693496, 0.8562295499879949, 0.8628868087755288, 3.94502026714716, 2.205693171327925, 1.7283462985481712, 8.797357805027255, 6.365583376797922, 10.0]
APTIDAO: 
29.70532382058096
GEN: 9500
Individuo: 
[2.4364143983202227, 1.5213378505070707, 1.710392975347543, 0.6133309184852155, 2.679164050468388, 0.5603068142440938, 0.5282872905584579, 0.10621292581345496, 0.5562030829871351, 0.24942470464099925, 0.6269056260321911, 0.39931717391027605, 14.166645277479393, 4.16228916021084, 1.645447451367538, 8.571238285331752, 2.839473954319695, 7.876896647983349, 1.0539475097245854, 1.2324353327678417, 1.0676185520989083, 0.7628688991046559, 0.8366320176285491, 0.9912810365454586, 2.0288366274474825, 0.8383731570797481, 0.9986593367425323, 0.8191691568518665, 2.4621790758158375, 2.5445632861893834, 1.1937386461431152, 0.7372410932963578, 1.3369391417875207, 2.642590419149459, 10.0, 0.7805523363494956, 1.5411815368357369, 1.6089371442908695, 1.0220618507553425, 1.6342706958693496, 0.8167313145786684, 0.8300957934074515, 0.9533153082622405, 2.205693171327925, 1.7283462985481712, 8.797357805027255, 6.365583376797922, 10.0]
APTIDAO: 
29.13945906854889
GEN: 9600
Individuo: 
[2.4364143983202227, 1.541166127390652, 1.710392975347543, 0.5822814527512052, 2.679164050468388, 0.561077914010816, 0.5282872905584579, 0.10621292581345496, 0.5562030829871351, 0.24942470464099925, 0.6269056260321911, 0.39931717391027605, 14.166645277479393, 4.16228916021084, 1.056017579742917, 8.148866142312025, 2.839473954319695, 7.876896647983349, 1.0884891931303429, 1.2324353327678417, 1.0676185520989083, 0.7628688991046559, 0.8366320176285491, 0.9912810365454586, 2.0288366274474825, 1.0621824217476612, 0.9986593367425323, 0.4548609552032423, 2.4621790758158375, 1.206738321408988, 1.1937386461431152, 0.7372410932963578, 1.3369391417875207, 2.642590419149459, 10.0, 0.7805523363494956, 1.5411815368357369, 1.6089371442908695, 1.5682273164010556, 1.016463767256965, 0.8167313145786684, 0.8300957934074515, 0.7640359397832496, 2.205693171327925, 1.7283462985481712, 8.797357805027255, 6.365583376797922, 10.0]
APTIDAO: 
29.12063578671922
GEN: 9700
Individuo: 
[2.4364143983202227, 1.541166127390652, 1.710392975347543, 0.5822814527512052, 2.679164050468388, 0.561077914010816, 0.5282872905584579, 0.10621292581345496, 0.5562030829871351, 0.24942470464099925, 0.6269056260321911, 0.4077349475601765, 14.166645277479393, 4.16228916021084, 1.554349825074976, 8.148866142312025, 2.839473954319695, 7.462334238133857, 1.0415911070949713, 1.2324353327678417, 1.0676185520989083, 0.7628688991046559, 0.8366320176285491, 0.9912810365454586, 2.0288366274474825, 1.0621824217476612, 0.9986593367425323, 0.4548609552032423, 2.4621790758158375, 1.206738321408988, 1.1937386461431152, 0.7372410932963578, 1.3369391417875207, 2.642590419149459, 10.0, 0.6941167790918479, 1.5411815368357369, 1.6089371442908695, 1.3446774142666233, 1.016463767256965, 0.8167313145786684, 1.0979145988858343, 1.502965856428379, 2.205693171327925, 1.7283462985481712, 8.797357805027255, 6.365583376797922, 10.0]
APTIDAO: 
29.116397477117506
GEN: 9800
Individuo: 
[2.4364143983202227, 1.541166127390652, 1.710392975347543, 0.5822814527512052, 2.679164050468388, 0.561077914010816, 0.5282872905584579, 0.10575976072925537, 0.5562030829871351, 0.24606128222361023, 0.6269056260321911, 0.4077349475601765, 14.166645277479393, 4.16228916021084, 1.658369307467205, 8.148866142312025, 2.839473954319695, 7.876896647983349, 1.0535402644826182, 1.2324353327678417, 1.0676185520989083, 0.7628688991046559, 0.8366320176285491, 0.9912810365454586, 2.0288366274474825, 1.0621824217476612, 0.9986593367425323, 0.4548609552032423, 2.4621790758158375, 1.206738321408988, 1.1937386461431152, 0.9433655926928106, 1.3369391417875207, 2.390591886091127, 10.0, 0.6941167790918479, 1.5411815368357369, 1.6089371442908695, 1.3665730560695903, 1.016463767256965, 0.8167313145786684, 0.8300957934074515, 1.1715390683533622, 2.205693171327925, 1.7283462985481712, 8.797357805027255, 6.365583376797922, 10.0]
APTIDAO: 
29.11401181233037
GEN: 9900
Individuo: 
[2.4364143983202227, 1.541166127390652, 1.710392975347543, 0.5822814527512052, 2.679164050468388, 0.561077914010816, 0.5282872905584579, 0.10575976072925537, 0.5562030829871351, 0.24731419222531664, 0.6269056260321911, 0.4077349475601765, 14.165557733387697, 4.5491558909164205, 1.5609995023967622, 8.31942197880789, 2.839473954319695, 7.876896647983349, 1.293859234154783, 1.2324353327678417, 1.0676185520989083, 0.7628688991046559, 0.8366320176285491, 0.9912810365454586, 2.0288366274474825, 1.0621824217476612, 0.9986593367425323, 0.4548609552032423, 2.4621790758158375, 1.206738321408988, 1.1937386461431152, 0.9433655926928106, 1.3369391417875207, 1.9534744023327704, 10.0, 0.6941167790918479, 1.505045223412568, 1.0706609588695866, 2.1583230359265917, 1.2580288640946597, 0.8167313145786684, 0.8300957934074515, 1.567788442730155, 2.205693171327925, 1.7283462985481712, 8.797357805027255, 6.365583376797922, 10.0]
APTIDAO: 
29.113432461763423
GEN: 10000
Individuo: 
[2.4364143983202227, 1.541166127390652, 1.710392975347543, 0.5822814527512052, 2.679164050468388, 0.561077914010816, 0.5282872905584579, 0.10575976072925537, 0.5562030829871351, 0.24731419222531664, 0.6269056260321911, 0.4077349475601765, 14.165557733387697, 4.5491558909164205, 1.5609995023967622, 8.31942197880789, 2.839473954319695, 7.876896647983349, 1.1840659752559382, 1.229814305860499, 1.0676185520989083, 0.7628688991046559, 0.8366320176285491, 0.9912810365454586, 2.0288366274474825, 1.0621824217476612, 0.9986593367425323, 0.4548609552032423, 2.4621790758158375, 1.206738321408988, 1.1937386461431152, 0.9433655926928106, 1.3369391417875207, 1.9534744023327704, 10.0, 0.6941167790918479, 1.505045223412568, 1.0706609588695866, 2.1583230359265917, 1.2580288640946597, 0.8167313145786684, 0.8300957934074515, 1.9688904852494067, 2.689788217844367, 1.7283462985481712, 8.797357805027255, 6.365583376797922, 10.0]
APTIDAO: 
29.111153293478047

--- RESULTADO FINAL ---
Erro (norma-1): 29.111153293478047
Parâmetros: [2.4364143983202227, 1.541166127390652, 1.710392975347543, 0.5822814527512052, 2.679164050468388, 0.561077914010816, 0.5282872905584579, 0.10575976072925537, 0.5562030829871351, 0.24731419222531664, 0.6269056260321911, 0.4077349475601765, 14.165557733387697, 4.5491558909164205, 1.5609995023967622, 8.31942197880789, 2.839473954319695, 7.876896647983349, 1.1840659752559382, 1.229814305860499, 1.0676185520989083, 0.7628688991046559, 0.8366320176285491, 0.9912810365454586]
Tempo total: 03h 17m 05s
