SEED: 1778323310
BOUNDS: tau=[0.1, 5.0]  K=[0.1, 1.0]  N=[1.0, 25.0]
GEN: 0
Individuo: 
[0.5354531586079906, 2.998644427875576, 2.1657397762981807, 0.8994942052792538, 4.9374552547892465, 0.19912387474881038, 0.4966782885092724, 0.7086364301069717, 0.4074752561060545, 0.607136526682818, 0.17692435054086159, 0.768143083728325, 11.901131104502587, 19.323972653076638, 21.8796825319653, 17.716650171017417, 4.868865250162769, 4.521752427888467, 14.643066583730487, 6.7068634044238005, 9.14989237671811, 1.4731033619636176, 6.417412548262993, 2.5029547697999694, 3.8383579872269347, 7.44324117881921, 6.914973298265134, 3.063573825748155, 1.5408383835082804, 9.354367365314149, 0.29301810800737227, 1.026673083527693, 1.1632266490032641, 0.4779352019440941, 1.0196720784333746, 9.158598865812143, 8.02238180112434, 7.212819860154994]
APTIDAO: 
124.05340675472586
GEN: 100
Individuo: 
[0.45366608479739834, 2.106116597421121, 1.5645208928586603, 3.840044970391285, 3.6096607555800673, 0.5619116223511039, 0.41189785474981944, 0.8414845815712613, 0.1764205813904876, 0.3484958581583825, 0.307348358370755, 0.6435392288135511, 2.987324492589252, 21.30597953893861, 23.70128107685447, 5.5222886748520965, 14.360090257912455, 2.8447479777027054, 1.6507200786777834, 2.2887317054023555, 10.0, 4.122108641457297, 5.736640321804111, 6.066126193098019, 3.076584137537973, 5.527269185097316, 8.7993951081999, 4.294652101493857, 2.5622400723248897, 0.32453497712375345, 5.220604942864519, 2.1862995229979836, 6.976415578387226, 5.378715933892897, 2.8406867679979193, 0.2140197556741556, 2.87154632061284, 1.6497352534396021]
APTIDAO: 
51.19419528756708
GEN: 200
Individuo: 
[0.45366608479739834, 2.106116597421121, 1.5645208928586603, 3.840044970391285, 3.6096607555800673, 0.5619116223511039, 0.41189785474981944, 0.8414845815712613, 0.1586748114114661, 0.3507654588170419, 0.3114259802797517, 0.6435392288135511, 2.987324492589252, 20.167678713330716, 24.75617935588873, 3.498765763683867, 14.360090257912455, 2.6691095747080396, 1.1466442280448084, 2.2887317054023555, 10.0, 4.122108641457297, 5.736640321804111, 6.066126193098019, 3.076584137537973, 5.527269185097316, 8.7993951081999, 3.8920870680632578, 2.3328065822405817, 0.6465676599635236, 5.220604942864519, 2.1862995229979836, 4.179087039905682, 4.408372608908949, 1.6804894609807126, 0.2140197556741556, 2.39513112882244, 1.2610508118563626]
APTIDAO: 
50.79867039786996
GEN: 300
Individuo: 
[1.127803407755579, 2.1030932567111225, 1.5645208928586603, 3.7637498541543284, 1.6027942224266236, 0.5619116223511039, 0.41189785474981944, 0.8414845815712613, 0.1341420554675407, 0.3507654588170419, 0.3114259802797517, 0.6435392288135511, 2.987324492589252, 23.29706700397906, 24.75617935588873, 4.164693318947407, 14.360090257912455, 3.043698858242991, 2.3006991214912613, 1.3937697860989493, 5.100071431196671, 4.122108641457297, 8.569943453006902, 9.60232067609681, 3.076584137537973, 5.527269185097316, 8.7993951081999, 3.406198520740935, 2.3328065822405817, 0.6465676599635236, 5.220604942864519, 2.1862995229979836, 3.234234802954588, 4.408372608908949, 1.0242073910753153, 0.2140197556741556, 0.7159107932518328, 1.3415159908289953]
APTIDAO: 
44.90333367225377
GEN: 400
Individuo: 
[1.127803407755579, 2.1030932567111225, 1.5645208928586603, 3.775495812244962, 1.6027942224266236, 0.5619116223511039, 0.41189785474981944, 0.840112913149785, 0.12621312809383453, 0.3507654588170419, 0.3114259802797517, 0.6435392288135511, 2.987324492589252, 24.444995230750948, 24.75617935588873, 2.8488822506096634, 14.360090257912455, 2.8302648732628866, 2.5222312673133893, 1.3937697860989493, 5.100071431196671, 4.122108641457297, 10.0, 9.60232067609681, 3.076584137537973, 5.527269185097316, 9.554176833585208, 7.0510616351239594, 2.3328065822405817, 0.6465676599635236, 5.220604942864519, 2.1862995229979836, 2.3284956602193385, 4.408372608908949, 1.4549268616228963, 0.2140197556741556, 0.8309708145441523, 0.9878415881829545]
APTIDAO: 
44.66136365806627
GEN: 500
Individuo: 
[1.127803407755579, 2.1030932567111225, 1.5645208928586603, 3.775495812244962, 1.6027942224266236, 0.5478847660294954, 0.39512160632340254, 0.840112913149785, 0.12621312809383453, 0.3507654588170419, 0.3114259802797517, 0.6432853915722053, 2.987324492589252, 24.493065410853852, 24.75617935588873, 2.607187285760468, 14.360090257912455, 2.57030923101483, 2.3006991214912613, 1.3937697860989493, 5.100071431196671, 4.122108641457297, 10.0, 9.60232067609681, 3.387293512999365, 4.645304345371143, 9.554176833585208, 7.0510616351239594, 2.3328065822405817, 0.6465676599635236, 6.908599590834415, 2.1862995229979836, 2.163591259587399, 4.408372608908949, 2.149937465380085, 0.2140197556741556, 0.8181255393369327, 1.3415159908289953]
APTIDAO: 
44.4459828096414
GEN: 600
Individuo: 
[1.1334888186592305, 2.090822614173039, 1.4106316436599848, 3.775495812244962, 1.6027942224266236, 0.5497815836275541, 0.39512160632340254, 0.8271837572010589, 0.12621312809383453, 0.3507654588170419, 0.3114259802797517, 0.6432853915722053, 2.987324492589252, 16.815492967828384, 24.75617935588873, 2.607187285760468, 3.4416046725694596, 2.57030923101483, 2.610298959188624, 1.0686471516545457, 4.460528063291885, 2.593023838089329, 10.0, 9.60232067609681, 3.857104609733756, 4.645304345371143, 5.137065660430805, 7.0510616351239594, 2.3328065822405817, 0.6465676599635236, 6.908599590834415, 2.1862995229979836, 1.977289220269672, 4.408372608908949, 2.149937465380085, 0.19576360626544956, 0.8181255393369327, 0.936460775160929]
APTIDAO: 
43.35959133067331
GEN: 700
Individuo: 
[1.1334888186592305, 2.090822614173039, 1.4106316436599848, 3.775495812244962, 1.6027942224266236, 0.5549481924755089, 0.39512160632340254, 0.8271837572010589, 0.1309769190286438, 0.29956382019963107, 0.3114259802797517, 0.6432853915722053, 2.987324492589252, 19.817014660593546, 24.75617935588873, 2.607187285760468, 3.4416046725694596, 2.6272156176259407, 1.1448646642068614, 1.0686471516545457, 4.460528063291885, 2.593023838089329, 10.0, 9.60232067609681, 5.206629108619069, 4.645304345371143, 5.137065660430805, 5.457858002864135, 3.927082102659883, 0.6465676599635236, 6.908599590834415, 2.1862995229979836, 1.5907640277277126, 4.408372608908949, 2.149937465380085, 0.19576360626544956, 0.9028450280140484, 1.420235006178567]
APTIDAO: 
43.108163069360074
GEN: 800
Individuo: 
[1.1334888186592305, 2.090822614173039, 1.4106316436599848, 3.7693005881297372, 1.6027942224266236, 0.5549481924755089, 0.39512160632340254, 0.8271837572010589, 0.12817371383517828, 0.29956382019963107, 0.3114259802797517, 0.6432853915722053, 2.987324492589252, 19.817014660593546, 24.75617935588873, 2.690503864879611, 3.4416046725694596, 2.6272156176259407, 1.110606483502772, 1.0686471516545457, 4.460528063291885, 2.593023838089329, 5.678416845087214, 9.60232067609681, 5.206629108619069, 4.645304345371143, 5.137065660430805, 5.878776185990158, 3.927082102659883, 0.6465676599635236, 6.908599590834415, 2.1862995229979836, 1.5907640277277126, 4.408372608908949, 0.9322038876033593, 0.19576360626544956, 0.9028450280140484, 2.3127675114814568]
APTIDAO: 
43.08777933887699
GEN: 900
Individuo: 
[1.1334888186592305, 2.090822614173039, 1.4106316436599848, 3.7693005881297372, 1.6027942224266236, 0.5549481924755089, 0.39512160632340254, 0.8271837572010589, 0.12817371383517828, 0.29956382019963107, 0.3114259802797517, 0.6432853915722053, 2.987324492589252, 18.300895435941136, 24.75617935588873, 2.690503864879611, 3.4416046725694596, 2.6272156176259407, 1.110606483502772, 1.0686471516545457, 4.460528063291885, 2.593023838089329, 5.678416845087214, 9.60232067609681, 5.206629108619069, 4.645304345371143, 5.137065660430805, 5.878776185990158, 3.927082102659883, 0.6465676599635236, 6.908599590834415, 2.1862995229979836, 1.0184867633367223, 4.408372608908949, 0.9322038876033593, 0.19576360626544956, 0.9028450280140484, 2.3127675114814568]
APTIDAO: 
43.08516479882348
GEN: 1000
Individuo: 
[1.137896594068481, 2.090822614173039, 1.4106316436599848, 3.758837789494715, 1.6027942224266236, 0.5549481924755089, 0.39512160632340254, 0.8271837572010589, 0.12817371383517828, 0.29956382019963107, 0.3114259802797517, 0.6432853915722053, 2.987324492589252, 21.009105431717632, 24.75617935588873, 2.690503864879611, 3.4416046725694596, 2.6272156176259407, 1.0500730498927944, 0.9318770322219052, 4.460528063291885, 2.593023838089329, 5.129488801839584, 9.60232067609681, 5.206629108619069, 4.645304345371143, 5.137065660430805, 5.878776185990158, 3.927082102659883, 0.6465676599635236, 6.908599590834415, 2.1862995229979836, 1.713949296347723, 4.408372608908949, 0.9322038876033593, 0.19576360626544956, 0.9028450280140484, 2.342505772754348]
APTIDAO: 
43.04261519418358
GEN: 1100
Individuo: 
[1.1386546245679534, 2.090822614173039, 1.4083018379245116, 3.758837789494715, 1.6027942224266236, 0.5549481924755089, 0.39512160632340254, 0.8271837572010589, 0.12817371383517828, 0.29956382019963107, 0.3114259802797517, 0.6446411804030318, 2.9882060232920633, 20.29449967070121, 24.924038419362788, 2.690503864879611, 3.4416046725694596, 2.6272156176259407, 1.0500730498927944, 1.5303318625483984, 4.460528063291885, 3.5556272456160904, 5.129488801839584, 9.60232067609681, 5.206629108619069, 4.645304345371143, 5.137065660430805, 5.878776185990158, 3.927082102659883, 0.6465676599635236, 8.70976713071996, 1.5312383830458072, 1.6851317767920972, 2.9541249487218564, 0.9322038876033593, 0.19576360626544956, 0.9028450280140484, 2.342505772754348]
APTIDAO: 
43.02215184238572
GEN: 1200
Individuo: 
[1.1386546245679534, 2.090822614173039, 1.4083018379245116, 3.758837789494715, 1.6027942224266236, 0.5549481924755089, 0.39512160632340254, 0.8271837572010589, 0.12817371383517828, 0.29956382019963107, 0.3114259802797517, 0.6446411804030318, 2.9882060232920633, 18.78162125545047, 24.924038419362788, 2.813865888915815, 3.4416046725694596, 2.6272156176259407, 1.0500730498927944, 1.5303318625483984, 4.460528063291885, 3.5556272456160904, 5.129488801839584, 9.60232067609681, 5.206629108619069, 4.645304345371143, 5.137065660430805, 5.878776185990158, 3.927082102659883, 0.6465676599635236, 8.70976713071996, 1.5312383830458072, 1.4501215370897502, 2.9541249487218564, 1.2171243422271947, 0.19576360626544956, 0.9028450280140484, 2.342505772754348]
APTIDAO: 
43.01945176997089
GEN: 1300
Individuo: 
[1.1386546245679534, 2.090822614173039, 1.4083018379245116, 3.758837789494715, 1.6027942224266236, 0.5549481924755089, 0.39512160632340254, 0.8271837572010589, 0.12817371383517828, 0.29956382019963107, 0.3127030863711986, 0.6446411804030318, 2.99368044991611, 18.620038941417885, 24.924038419362788, 2.813865888915815, 3.4416046725694596, 2.6272156176259407, 1.0500730498927944, 1.5303318625483984, 4.460528063291885, 3.5556272456160904, 5.129488801839584, 9.60232067609681, 5.206629108619069, 4.645304345371143, 5.137065660430805, 5.878776185990158, 3.927082102659883, 0.7318802877651269, 8.70976713071996, 0.8988987339518748, 1.333588297122159, 2.9541249487218564, 1.2171243422271947, 0.19576360626544956, 0.9028450280140484, 2.342505772754348]
APTIDAO: 
43.015876852814785
GEN: 1400
Individuo: 
[1.1386546245679534, 2.090822614173039, 1.4083018379245116, 3.758837789494715, 1.6027942224266236, 0.5549481924755089, 0.39512160632340254, 0.8271837572010589, 0.12817371383517828, 0.29956382019963107, 0.3127030863711986, 0.6446411804030318, 2.99368044991611, 19.327472569941097, 24.924038419362788, 2.813865888915815, 3.4416046725694596, 2.6324936412136917, 1.0500730498927944, 1.5303318625483984, 4.460528063291885, 3.5556272456160904, 5.129488801839584, 9.60232067609681, 5.206629108619069, 4.645304345371143, 5.137065660430805, 5.878776185990158, 3.927082102659883, 0.7318802877651269, 8.70976713071996, 0.8988987339518748, 0.8037386646252731, 2.9541249487218564, 1.2171243422271947, 0.19576360626544956, 0.9415926343238447, 2.342505772754348]
APTIDAO: 
43.01188210702748
GEN: 1500
Individuo: 
[1.1386546245679534, 2.090822614173039, 1.4083018379245116, 3.758837789494715, 1.6027942224266236, 0.5549747209966518, 0.39512160632340254, 0.8271837572010589, 0.12817371383517828, 0.29956382019963107, 0.3127030863711986, 0.6446411804030318, 2.99368044991611, 19.327472569941097, 24.924038419362788, 2.821004009731772, 3.4416046725694596, 2.6324936412136917, 1.0500730498927944, 1.5303318625483984, 4.460528063291885, 3.5556272456160904, 5.129488801839584, 9.60232067609681, 10.0, 4.645304345371143, 5.137065660430805, 5.878776185990158, 3.927082102659883, 0.7318802877651269, 8.70976713071996, 0.8988987339518748, 0.8037386646252731, 2.9541249487218564, 1.1386497030591345, 0.19576360626544956, 0.9415926343238447, 2.342505772754348]
APTIDAO: 
43.01164197467051
GEN: 1600
Individuo: 
[1.1386546245679534, 2.090822614173039, 1.4083018379245116, 3.758837789494715, 1.6027942224266236, 0.5549747209966518, 0.39512160632340254, 0.8271837572010589, 0.12817371383517828, 0.29956382019963107, 0.3127030863711986, 0.6446411804030318, 2.99368044991611, 19.327472569941097, 24.924038419362788, 2.821004009731772, 3.4416046725694596, 2.6324936412136917, 1.036461295567431, 1.5303318625483984, 4.460528063291885, 3.5556272456160904, 5.129488801839584, 9.60232067609681, 10.0, 4.645304345371143, 5.137065660430805, 5.878776185990158, 3.927082102659883, 0.7318802877651269, 8.70976713071996, 0.8988987339518748, 0.8037386646252731, 2.9541249487218564, 1.1386497030591345, 0.19576360626544956, 0.9415926343238447, 2.8360291906180284]
APTIDAO: 
43.011149344573994
GEN: 1700
Individuo: 
[1.1386546245679534, 2.090822614173039, 1.4083018379245116, 3.758837789494715, 1.6027942224266236, 0.5549747209966518, 0.39512160632340254, 0.8255667829246941, 0.12817371383517828, 0.29956382019963107, 0.3127030863711986, 0.6503123327735141, 2.99368044991611, 18.09934800647013, 24.924038419362788, 2.821004009731772, 3.4416046725694596, 2.6324936412136917, 1.3445195071008416, 1.5303318625483984, 4.460528063291885, 3.5556272456160904, 5.129488801839584, 9.60232067609681, 10.0, 4.645304345371143, 6.4698134899536885, 5.878776185990158, 3.927082102659883, 0.7318802877651269, 4.730579706193877, 0.8988987339518748, 0.5675090150520555, 2.9541249487218564, 1.1386497030591345, 0.19576360626544956, 0.9415926343238447, 2.973801655780302]
APTIDAO: 
42.91169882571938
GEN: 1800
Individuo: 
[1.1386546245679534, 2.090822614173039, 1.4083018379245116, 3.758837789494715, 1.6027942224266236, 0.5549747209966518, 0.39512160632340254, 0.8253118006764328, 0.12817371383517828, 0.29956382019963107, 0.3127030863711986, 0.6503123327735141, 2.99368044991611, 18.09934800647013, 24.924038419362788, 2.6687394511355227, 3.4416046725694596, 2.6324936412136917, 1.3445195071008416, 1.5303318625483984, 4.460528063291885, 3.5556272456160904, 5.129488801839584, 9.60232067609681, 10.0, 4.645304345371143, 10.0, 5.878776185990158, 3.927082102659883, 0.7318802877651269, 4.730579706193877, 0.8988987339518748, 0.5675090150520555, 2.9541249487218564, 1.7947397436586954, 0.19576360626544956, 0.9415926343238447, 2.973801655780302]
APTIDAO: 
42.89131394950804
GEN: 1900
Individuo: 
[1.1386546245679534, 2.090822614173039, 1.4059664902537872, 3.758837789494715, 1.6027942224266236, 0.5560848071173047, 0.39512160632340254, 0.8253118006764328, 0.12817371383517828, 0.30150712796532464, 0.3127030863711986, 0.6503123327735141, 2.99368044991611, 18.643937386689068, 24.96333431486398, 2.6687394511355227, 3.4416046725694596, 2.6324936412136917, 1.3445195071008416, 1.5303318625483984, 4.460528063291885, 2.5199980370457284, 5.129488801839584, 9.60232067609681, 8.953523664871705, 4.645304345371143, 10.0, 5.878776185990158, 2.3549247020867314, 0.7318802877651269, 4.730579706193877, 0.8988987339518748, 0.7790594652519157, 4.656089324325363, 1.7947397436586954, 0.19576360626544956, 0.9415926343238447, 2.973801655780302]
APTIDAO: 
42.877808679208336
GEN: 2000
Individuo: 
[1.1386546245679534, 2.090822614173039, 1.4059664902537872, 3.758837789494715, 1.6027942224266236, 0.5560848071173047, 0.39512160632340254, 0.8253118006764328, 0.12817371383517828, 0.30150712796532464, 0.3127030863711986, 0.6503123327735141, 2.99368044991611, 18.643937386689068, 24.96333431486398, 2.6445046838081914, 3.4416046725694596, 2.6324936412136917, 1.3445195071008416, 1.5303318625483984, 4.460528063291885, 2.5199980370457284, 5.129488801839584, 9.60232067609681, 8.953523664871705, 4.645304345371143, 10.0, 5.878776185990158, 2.3549247020867314, 0.7318802877651269, 4.730579706193877, 0.8988987339518748, 0.7790594652519157, 4.656089324325363, 0.7135042506298547, 0.19576360626544956, 0.9415926343238447, 2.973801655780302]
APTIDAO: 
42.87669432328134
GEN: 2100
Individuo: 
[1.1386546245679534, 2.090822614173039, 1.4059664902537872, 3.758837789494715, 1.6027942224266236, 0.5560848071173047, 0.39512160632340254, 0.8253118006764328, 0.12817371383517828, 0.30150712796532464, 0.3127030863711986, 0.6503123327735141, 2.99368044991611, 18.643937386689068, 24.96333431486398, 2.636466396373634, 3.4416046725694596, 2.6324936412136917, 1.3445195071008416, 1.5303318625483984, 4.460528063291885, 2.5199980370457284, 5.129488801839584, 9.60232067609681, 8.953523664871705, 4.645304345371143, 10.0, 5.878776185990158, 2.3549247020867314, 0.7318802877651269, 4.730579706193877, 0.8988987339518748, 0.7790594652519157, 4.656089324325363, 0.9121590716910292, 0.19576360626544956, 0.9415926343238447, 2.973801655780302]
APTIDAO: 
42.876602206749276
GEN: 2200
Individuo: 
[1.1422061647701127, 2.090822614173039, 1.4059664902537872, 3.758837789494715, 1.6027942224266236, 0.5560848071173047, 0.39512160632340254, 0.8253118006764328, 0.12817371383517828, 0.30150712796532464, 0.3127030863711986, 0.6503123327735141, 2.99368044991611, 19.12243285718562, 24.96333431486398, 2.8171555378872406, 3.4416046725694596, 2.6324936412136917, 1.3445195071008416, 2.269672428329828, 4.460528063291885, 2.5199980370457284, 5.129488801839584, 9.60232067609681, 8.953523664871705, 4.645304345371143, 10.0, 5.878776185990158, 2.3549247020867314, 0.7318802877651269, 4.730579706193877, 0.8988987339518748, 0.9415668778809592, 4.656089324325363, 0.5287045897044003, 0.19576360626544956, 0.9415926343238447, 2.973801655780302]
APTIDAO: 
42.85175229931794
GEN: 2300
Individuo: 
[1.1422061647701127, 2.090822614173039, 1.4059664902537872, 3.758837789494715, 1.6027942224266236, 0.5560848071173047, 0.39512160632340254, 0.8253118006764328, 0.12817371383517828, 0.30150712796532464, 0.3127030863711986, 0.6503123327735141, 2.99368044991611, 19.12243285718562, 24.96333431486398, 2.8171555378872406, 3.4416046725694596, 2.6324936412136917, 1.280319030109004, 2.269672428329828, 4.460528063291885, 2.5199980370457284, 5.129488801839584, 9.60232067609681, 8.953523664871705, 4.645304345371143, 10.0, 5.878776185990158, 2.3549247020867314, 0.7318802877651269, 4.730579706193877, 0.8988987339518748, 0.9415668778809592, 4.656089324325363, 0.5287045897044003, 0.19576360626544956, 0.9415926343238447, 2.2448238163929646]
APTIDAO: 
42.84919165442151
GEN: 2400
Individuo: 
[1.1422061647701127, 2.090822614173039, 1.4059664902537872, 3.758837789494715, 1.6027942224266236, 0.5560848071173047, 0.39512160632340254, 0.8253118006764328, 0.12817371383517828, 0.30150712796532464, 0.3127030863711986, 0.6577029961021397, 2.99368044991611, 19.12243285718562, 24.96333431486398, 2.5539775753617313, 3.4416046725694596, 2.6324936412136917, 1.289987037886822, 2.269672428329828, 4.460528063291885, 2.5199980370457284, 5.129488801839584, 9.60232067609681, 8.953523664871705, 4.645304345371143, 10.0, 5.878776185990158, 2.3549247020867314, 0.7318802877651269, 7.238405614402095, 0.8988987339518748, 0.9415668778809592, 4.656089324325363, 0.6352368810737438, 0.19576360626544956, 0.9415926343238447, 1.8903211976444538]
APTIDAO: 
42.84428273069587
GEN: 2500
Individuo: 
[1.2493611623632026, 2.090822614173039, 1.4059664902537872, 3.758837789494715, 1.6027942224266236, 0.5305807397133548, 0.39512160632340254, 0.8225426720924162, 0.12850655705141747, 0.30150712796532464, 0.3127030863711986, 0.8482138782902493, 2.99368044991611, 19.12243285718562, 24.96333431486398, 2.5539775753617313, 3.4416046725694596, 2.6324936412136917, 1.1955714585292467, 3.39660646453639, 4.460528063291885, 2.5199980370457284, 5.129488801839584, 9.60232067609681, 6.043458143424615, 4.645304345371143, 7.29389493479669, 4.126500075408766, 2.3549247020867314, 0.7318802877651269, 10.0, 0.8988987339518748, 0.9415668778809592, 4.656089324325363, 0.6352368810737438, 0.19576360626544956, 0.9415926343238447, 1.7088095723917889]
APTIDAO: 
41.99914386624642
GEN: 2600
Individuo: 
[1.2500770288605842, 2.090822614173039, 1.4059664902537872, 3.758837789494715, 1.6027942224266236, 0.5305807397133548, 0.39512160632340254, 0.8225426720924162, 0.12850655705141747, 0.30150712796532464, 0.3127030863711986, 0.8482138782902493, 2.99368044991611, 18.59737641351022, 24.96333431486398, 2.5539775753617313, 3.4416046725694596, 2.6324936412136917, 1.1955714585292467, 3.5765999279875027, 4.460528063291885, 2.5199980370457284, 5.129488801839584, 9.60232067609681, 6.043458143424615, 4.645304345371143, 7.29389493479669, 4.126500075408766, 2.3549247020867314, 0.7318802877651269, 10.0, 0.8988987339518748, 1.7876462534875133, 4.656089324325363, 0.6352368810737438, 0.19576360626544956, 0.9415926343238447, 1.7088095723917889]
APTIDAO: 
41.9891411439139
GEN: 2700
Individuo: 
[1.2500770288605842, 2.090822614173039, 1.4059664902537872, 3.7806363726018786, 1.6027942224266236, 0.5305807397133548, 0.39512160632340254, 0.8221201597200342, 0.12850655705141747, 0.30150712796532464, 0.3127030863711986, 0.8482138782902493, 2.99368044991611, 18.379877572060067, 24.96333431486398, 2.621737408192676, 3.4416046725694596, 2.671204804354857, 1.1955714585292467, 3.5765999279875027, 4.460528063291885, 2.5199980370457284, 5.93017665031707, 9.60232067609681, 6.043458143424615, 4.645304345371143, 5.050137528226229, 4.126500075408766, 2.3549247020867314, 0.7318802877651269, 10.0, 0.8988987339518748, 1.6923207059687353, 4.656089324325363, 0.8748006557903981, 0.19576360626544956, 0.8464788733448119, 1.7088095723917889]
APTIDAO: 
41.96048117616339
GEN: 2800
Individuo: 
[1.2500770288605842, 2.090822614173039, 1.4059664902537872, 3.7806363726018786, 1.6027942224266236, 0.5322284341387918, 0.39512160632340254, 0.8221201597200342, 0.12850655705141747, 0.30138117301068973, 0.3127030863711986, 0.8482138782902493, 2.99368044991611, 17.47905192047078, 24.96333431486398, 2.8045418646672378, 3.4416046725694596, 2.706276918388277, 1.1955714585292467, 3.5765999279875027, 4.460528063291885, 2.5199980370457284, 5.93017665031707, 9.60232067609681, 4.938640948023731, 4.645304345371143, 5.050137528226229, 4.126500075408766, 1.6781846545193884, 0.7318802877651269, 10.0, 0.8988987339518748, 1.8789544906876272, 4.656089324325363, 0.934023527898493, 0.19576360626544956, 0.9504217078433473, 1.7088095723917889]
APTIDAO: 
41.938964655891255
GEN: 2900
Individuo: 
[1.2500770288605842, 2.090822614173039, 1.4059664902537872, 3.7806363726018786, 1.6027942224266236, 0.5322284341387918, 0.39512160632340254, 0.8200785140469967, 0.12850655705141747, 0.30138117301068973, 0.3127030863711986, 0.8482138782902493, 2.99368044991611, 17.47905192047078, 24.96333431486398, 2.8045418646672378, 3.4416046725694596, 2.706276918388277, 1.141383187338135, 3.5765999279875027, 4.460528063291885, 2.5199980370457284, 5.93017665031707, 9.60232067609681, 4.938640948023731, 4.645304345371143, 2.9499214145220036, 4.126500075408766, 1.6781846545193884, 0.7318802877651269, 10.0, 0.8988987339518748, 1.8789544906876272, 4.656089324325363, 0.934023527898493, 0.19576360626544956, 0.9504217078433473, 1.5849761650152394]
APTIDAO: 
41.88438267006562
GEN: 3000
Individuo: 
[1.2500770288605842, 2.090822614173039, 1.4059664902537872, 3.7806363726018786, 1.6027942224266236, 0.5322284341387918, 0.39512160632340254, 0.8200756601795984, 0.12850655705141747, 0.30138117301068973, 0.3127030863711986, 0.8398665083925126, 2.99368044991611, 17.47905192047078, 24.96333431486398, 2.4890499393151755, 3.4416046725694596, 2.706276918388277, 1.141383187338135, 3.5765999279875027, 4.460528063291885, 2.5199980370457284, 5.93017665031707, 9.60232067609681, 4.938640948023731, 4.645304345371143, 2.3462061950913764, 4.126500075408766, 1.6781846545193884, 0.7318802877651269, 8.461472946374476, 0.8988987339518748, 1.8789544906876272, 4.656089324325363, 1.0275110804659549, 0.19576360626544956, 0.9504217078433473, 1.5849761650152394]
APTIDAO: 
41.80233268762902
GEN: 3100
Individuo: 
[1.2500770288605842, 2.090822614173039, 1.4059664902537872, 3.7806363726018786, 1.6027942224266236, 0.5322284341387918, 0.39512160632340254, 0.8200756601795984, 0.12870351349516518, 0.29762960451364684, 0.3127030863711986, 0.8398665083925126, 2.99368044991611, 17.47905192047078, 24.96333431486398, 2.7349355560733546, 3.4416046725694596, 2.706276918388277, 1.2250494635342324, 3.5765999279875027, 4.460528063291885, 2.5199980370457284, 5.93017665031707, 9.60232067609681, 4.938640948023731, 4.645304345371143, 2.3462061950913764, 5.302871562627825, 2.3390819259343325, 0.7318802877651269, 8.461472946374476, 0.8988987339518748, 1.8789544906876272, 4.656089324325363, 1.0743931497139705, 0.19576360626544956, 0.9504217078433473, 1.9016300527015615]
APTIDAO: 
41.78645652353411
GEN: 3200
Individuo: 
[1.2500770288605842, 2.090822614173039, 1.4059664902537872, 3.7806363726018786, 1.6027942224266236, 0.5322284341387918, 0.39512160632340254, 0.8200756601795984, 0.12870351349516518, 0.29762960451364684, 0.3127030863711986, 0.8398665083925126, 2.99368044991611, 17.47905192047078, 24.96333431486398, 2.795573933233655, 3.4416046725694596, 2.706276918388277, 1.1698210744848334, 3.5765999279875027, 4.460528063291885, 2.5199980370457284, 5.93017665031707, 9.60232067609681, 4.938640948023731, 4.645304345371143, 2.3462061950913764, 5.302871562627825, 2.3390819259343325, 0.7318802877651269, 8.461472946374476, 0.8988987339518748, 1.8789544906876272, 4.656089324325363, 0.6153955218588519, 0.19576360626544956, 0.9504217078433473, 2.0504983702074666]
APTIDAO: 
41.78269470467686
GEN: 3300
Individuo: 
[1.2500770288605842, 2.090822614173039, 1.4059664902537872, 3.7806363726018786, 1.6027942224266236, 0.5322284341387918, 0.39465895968402454, 0.8200756601795984, 0.12870351349516518, 0.29762960451364684, 0.3127030863711986, 0.8398665083925126, 2.99368044991611, 17.47905192047078, 24.96333431486398, 2.7771905126592533, 3.4416046725694596, 2.706276918388277, 1.2014290623333639, 3.5765999279875027, 4.460528063291885, 2.5199980370457284, 5.93017665031707, 9.60232067609681, 4.938640948023731, 2.8942674788176332, 2.3462061950913764, 5.302871562627825, 2.3390819259343325, 0.7318802877651269, 8.461472946374476, 0.8988987339518748, 1.8789544906876272, 4.656089324325363, 0.7747553764402356, 0.19576360626544956, 0.9504217078433473, 1.4671357843025543]
APTIDAO: 
41.77827713447579
GEN: 3400
Individuo: 
[1.2500770288605842, 2.090822614173039, 1.4059664902537872, 3.7806363726018786, 1.6027942224266236, 0.5322284341387918, 0.39465895968402454, 0.8200756601795984, 0.12870351349516518, 0.29762960451364684, 0.3127030863711986, 0.8398665083925126, 2.99368044991611, 17.07112261022913, 24.96333431486398, 2.7771905126592533, 3.4416046725694596, 2.706276918388277, 1.2014290623333639, 3.5765999279875027, 4.460528063291885, 2.5199980370457284, 5.93017665031707, 9.60232067609681, 4.938640948023731, 2.8942674788176332, 2.3462061950913764, 5.302871562627825, 2.3390819259343325, 0.7318802877651269, 8.461472946374476, 0.8988987339518748, 1.7574405021764987, 4.656089324325363, 0.7747553764402356, 0.19576360626544956, 0.9504217078433473, 1.4671357843025543]
APTIDAO: 
41.778209180607305
GEN: 3500
Individuo: 
[1.2500770288605842, 2.090822614173039, 1.4059664902537872, 3.7806363726018786, 1.6027942224266236, 0.5322284341387918, 0.39465895968402454, 0.8200756601795984, 0.12870351349516518, 0.29762960451364684, 0.3127030863711986, 0.8398665083925126, 2.99368044991611, 17.215217269263405, 24.96333431486398, 2.7771905126592533, 3.4416046725694596, 2.6978040140965276, 1.2014290623333639, 3.5765999279875027, 4.460528063291885, 2.5199980370457284, 5.93017665031707, 9.60232067609681, 4.938640948023731, 2.8942674788176332, 2.3462061950913764, 5.302871562627825, 2.3390819259343325, 0.7318802877651269, 8.461472946374476, 0.8988987339518748, 1.6626598757504945, 4.656089324325363, 0.7747553764402356, 0.19576360626544956, 0.8811326578382983, 1.4671357843025543]
APTIDAO: 
41.776200856187934
GEN: 3600
Individuo: 
[1.2500770288605842, 2.090822614173039, 1.4059664902537872, 3.7806363726018786, 1.6027942224266236, 0.5322284341387918, 0.39465895968402454, 0.8200756601795984, 0.12870351349516518, 0.29762960451364684, 0.3127030863711986, 0.8398665083925126, 2.99368044991611, 17.215217269263405, 24.96333431486398, 2.7771905126592533, 3.4416046725694596, 2.6978040140965276, 1.2091666004186075, 3.5765999279875027, 4.460528063291885, 2.5199980370457284, 5.93017665031707, 9.60232067609681, 4.938640948023731, 2.8942674788176332, 2.3462061950913764, 5.302871562627825, 2.3390819259343325, 0.7318802877651269, 8.461472946374476, 0.8988987339518748, 1.6626598757504945, 4.656089324325363, 0.7747553764402356, 0.19576360626544956, 0.8811326578382983, 0.4916648893642203]
APTIDAO: 
41.77619697943533
