SEED: 1778523358
BOUNDS: tau=[0.1, 5.0]  v2=[0.01, 1.5]  J=[0.001, 0.99]
GEN: 0
Individuo: 
[4.245220503154197, 2.793822437621236, 0.7571583870895149, 2.279492482743478, 0.5766885433931653, 0.695870018986296, 1.1209770449793959, 0.08987386987486715, 0.2616055219482036, 0.6382049446181868, 1.0271103984687686, 0.7337722020751836, 0.7599917781089272, 0.5055389213116045, 0.49932612684251804, 0.8663320845980318, 0.5306806585317184, 0.10870716651384184, 0.44554876649959374, 0.5345099694687564, 0.3791777335843696, 0.3003629276984157, 0.442258758471048, 0.7201257491237469, 0.6622253567383357, 0.7062846453461169, 4.055103237152336, 3.4348375502010606, 3.475267595022565, 2.713979146552229, 0.6374389108074585, 8.009611500731788, 0.5105308244960131, 4.243305318059662, 8.518705603963076, 5.285892055353825, 8.116066459216256, 4.683575506625537, 3.064620546108858, 4.966368221889868, 4.224841726857555, 3.9890070467967007, 8.877277119259139, 5.1167155069961785, 3.370560301812469, 7.647045616953753, 8.32030157790137, 4.319031384312853, 0.49941725757824335, 5.273097121900524, 1.13491155729612, 7.124499709686239]
APTIDAO: 
123.45563103253262
GEN: 100
Individuo: 
[3.475521869551658, 2.638715936834351, 0.7571583870895149, 1.1577230395028617, 0.8657043414916448, 0.6556284857721747, 1.0029554483259553, 0.21320182051960143, 0.2616055219482036, 0.6520388332579263, 0.35406951321679797, 0.7337722020751836, 0.052379458943126254, 0.18448192381690684, 0.0010306253857004487, 0.6257775679584799, 0.5996240332024516, 0.07271645208323395, 0.9390300442644057, 0.06659503153728437, 0.11708270773214535, 0.6475726680471323, 0.5285457578979703, 0.17145708003747664, 0.15421193198334607, 0.7062846453461169, 5.216945239196919, 1.8973868389983837, 3.475267595022565, 2.892550207832199, 0.5737764379236473, 5.387991693935185, 0.5022950442290257, 7.967106272717845, 8.518705603963076, 3.095000027312502, 9.990179275098594, 4.683575506625537, 6.101844492058298, 4.827907016799995, 0.9280968277862969, 2.974870976174588, 5.916361962979472, 4.082977439247934, 2.5332652408289076, 3.243461610287907, 10.0, 9.136654173626361, 0.9918663619296562, 7.3654821684641805, 1.0506241393241307, 7.124499709686239]
APTIDAO: 
58.43821718543725
GEN: 200
Individuo: 
[0.8873106184682212, 2.8874482235045615, 0.4216010060418374, 1.1577230395028617, 4.481589880178623, 0.594135024273264, 1.0029554483259553, 0.21320182051960143, 0.2616055219482036, 0.6520388332579263, 0.35406951321679797, 0.9004794288733139, 0.052379458943126254, 0.014388189432328634, 0.005798887967848116, 0.4347807605058416, 0.5996240332024516, 0.07271645208323395, 0.9356477587795801, 0.13626796790096618, 0.16548148659770162, 0.709098398729048, 0.5285457578979703, 0.13605374345343033, 0.16379766621087882, 0.8628149235656744, 4.084606014144204, 1.4423957776463903, 3.1288359305893496, 2.892550207832199, 3.0036055752558677, 5.078860976067102, 0.5022950442290257, 7.967106272717845, 8.518705603963076, 3.095000027312502, 9.990179275098594, 3.5046164154724844, 6.101844492058298, 3.1891981227469417, 1.4268231266485398, 2.439323700092996, 5.916361962979472, 4.082977439247934, 2.7398596985269608, 2.2501833950295134, 10.0, 5.497864519415123, 0.9918663619296562, 7.05541845725109, 1.4808009146070988, 5.432242814768474]
APTIDAO: 
36.4603879762596
GEN: 300
Individuo: 
[1.6787705052740949, 2.8874482235045615, 0.42870258925038035, 1.1577230395028617, 2.1154063332904705, 0.594135024273264, 1.0029554483259553, 0.21320182051960143, 0.24372024926254807, 0.6520388332579263, 0.35406951321679797, 0.9999561657554861, 0.0302835005922487, 0.0037288691951326137, 0.0012857973286844499, 0.4347807605058416, 0.5996240332024516, 0.08139656036028114, 0.9356477587795801, 0.13626796790096618, 0.19335329335086407, 0.56858406052404, 0.5285457578979703, 0.13605374345343033, 0.16888678556554976, 0.8351584741248824, 4.094430262967893, 1.4423957776463903, 3.132855258025172, 2.892550207832199, 2.820725268524512, 5.078860976067102, 0.5022950442290257, 7.967106272717845, 6.651137590023705, 3.095000027312502, 9.990179275098594, 4.279214484602403, 4.392658071806149, 2.6230337267388575, 0.4244085122481666, 2.439323700092996, 5.916361962979472, 3.0924985276844787, 2.7398596985269608, 2.2501833950295134, 8.505705809110552, 2.915952799301066, 0.9918663619296562, 7.05541845725109, 0.9677008374897216, 2.671444730995624]
APTIDAO: 
31.170235366158742
GEN: 400
Individuo: 
[1.6787705052740949, 2.8874482235045615, 0.4756687340438877, 1.1577230395028617, 2.1154063332904705, 0.5960599583131169, 1.0029554483259553, 0.21669554314075917, 0.24464188571225226, 0.6016292819758615, 0.35406951321679797, 0.9999561657554861, 0.026882917831155907, 0.0012686548919456553, 0.0010201212600464246, 0.3712260034127995, 0.5295449423464531, 0.07917310118618226, 0.9356477587795801, 0.13626796790096618, 0.19335329335086407, 0.56858406052404, 0.5285457578979703, 0.13605374345343033, 0.23294735704420932, 0.8619205145765662, 4.094430262967893, 1.4423957776463903, 3.8994606281465214, 2.892550207832199, 2.820725268524512, 4.773840134724374, 0.5022950442290257, 10.0, 6.724975069044045, 2.0419213828487277, 9.990179275098594, 4.279214484602403, 6.687371680268748, 2.190995567974088, 0.4700609787319129, 1.8134674473276686, 3.7857560881291143, 2.4473026380048943, 2.7398596985269608, 2.2501833950295134, 8.505705809110552, 2.915952799301066, 0.9918663619296562, 7.05541845725109, 1.6610534628859963, 2.59466976223333]
APTIDAO: 
30.44771545644514
GEN: 500
Individuo: 
[1.6787705052740949, 2.8874482235045615, 0.47844699631380755, 1.1577230395028617, 2.1154063332904705, 0.5960599583131169, 1.0029554483259553, 0.21669554314075917, 0.24464188571225226, 0.6016292819758615, 0.35406951321679797, 0.9999561657554861, 0.026882917831155907, 0.0012686548919456553, 0.0010100191770628952, 0.3712260034127995, 0.5295449423464531, 0.09049808071731759, 0.9356477587795801, 0.13926926349581226, 0.19335329335086407, 0.56858406052404, 0.5285457578979703, 0.13605374345343033, 0.23294735704420932, 0.8619205145765662, 4.094430262967893, 1.4423957776463903, 3.1998302491132686, 2.892550207832199, 2.820725268524512, 4.773840134724374, 0.5022950442290257, 10.0, 6.724975069044045, 2.0419213828487277, 9.990179275098594, 4.279214484602403, 6.687371680268748, 2.190995567974088, 0.5039283164689616, 1.8134674473276686, 3.7857560881291143, 1.7149855490464998, 2.7398596985269608, 3.276976521286103, 8.505705809110552, 2.915952799301066, 0.9918663619296562, 7.05541845725109, 1.6610534628859963, 2.59466976223333]
APTIDAO: 
30.42478735083728
GEN: 600
Individuo: 
[1.6787705052740949, 2.8874482235045615, 0.47844699631380755, 1.1577230395028617, 2.1154063332904705, 0.5960599583131169, 1.0029554483259553, 0.21669554314075917, 0.24464188571225226, 0.6016292819758615, 0.35406951321679797, 0.9999561657554861, 0.026882917831155907, 0.0010495580852484057, 0.0010359271822900098, 0.3712260034127995, 0.5295449423464531, 0.09049808071731759, 0.9356477587795801, 0.13989743758070333, 0.19335329335086407, 0.56858406052404, 0.5285457578979703, 0.13605374345343033, 0.23294735704420932, 0.8619205145765662, 4.094430262967893, 1.4423957776463903, 3.1998302491132686, 2.892550207832199, 2.820725268524512, 4.773840134724374, 0.5022950442290257, 10.0, 6.724975069044045, 2.0419213828487277, 9.990179275098594, 4.279214484602403, 6.687371680268748, 1.9360273389765075, 0.6547483467514315, 1.8134674473276686, 3.7857560881291143, 1.7149855490464998, 2.7398596985269608, 3.4237252568232313, 8.505705809110552, 2.915952799301066, 0.9918663619296562, 7.05541845725109, 1.6610534628859963, 2.59466976223333]
APTIDAO: 
30.404590529067132
GEN: 700
Individuo: 
[1.6787705052740949, 2.795574671923822, 0.47844699631380755, 1.1577230395028617, 2.1154063332904705, 0.5960599583131169, 1.0029554483259553, 0.21669554314075917, 0.24464188571225226, 0.6016292819758615, 0.35406951321679797, 0.9999561657554861, 0.02797908329786208, 0.0010495580852484057, 0.0016135769348672596, 0.3712260034127995, 0.6484456926101997, 0.12312776018104003, 0.9356477587795801, 0.17907564539416174, 0.33969768074085055, 0.9437951437049672, 0.5285457578979703, 0.13605374345343033, 0.23294735704420932, 0.8619205145765662, 4.094430262967893, 1.1947463931279998, 3.1998302491132686, 2.892550207832199, 2.820725268524512, 4.773840134724374, 0.5022950442290257, 10.0, 6.724975069044045, 2.0419213828487277, 9.990179275098594, 4.279214484602403, 6.1917280569462285, 1.9360273389765075, 1.0746646364960701, 1.8134674473276686, 3.106499807841449, 1.18830946239216, 2.7398596985269608, 1.0716848705663533, 6.7933864699407485, 3.8953839331826257, 0.9918663619296562, 7.05541845725109, 1.6610534628859963, 2.59466976223333]
APTIDAO: 
29.845022505773066
GEN: 800
Individuo: 
[1.6787705052740949, 1.7421666248660233, 1.9367326358028347, 1.1577230395028617, 2.1154063332904705, 0.5960599583131169, 1.0029554483259553, 0.21669554314075917, 0.24464188571225226, 0.6016292819758615, 0.35406951321679797, 0.9999561657554861, 0.02797908329786208, 0.0010126428201727722, 0.0010372721888439204, 0.3712260034127995, 0.5870464449767833, 0.12312776018104003, 0.967171295582885, 0.1926029861294619, 0.33969768074085055, 0.9437951437049672, 0.5285457578979703, 0.13605374345343033, 0.23294735704420932, 0.8619377567858778, 4.094430262967893, 1.2749976973193318, 3.8277869587802713, 2.892550207832199, 2.820725268524512, 4.773840134724374, 0.5022950442290257, 10.0, 6.724975069044045, 2.0419213828487277, 9.990179275098594, 4.279214484602403, 6.1917280569462285, 1.0792263508986488, 0.9494437266850585, 1.8134674473276686, 3.580247178666854, 1.18830946239216, 2.11951982717745, 1.3080096711901013, 6.7933864699407485, 3.8953839331826257, 0.9918663619296562, 7.05541845725109, 1.6610534628859963, 1.9562025353627686]
APTIDAO: 
27.022326385066524
GEN: 900
Individuo: 
[1.6787705052740949, 1.7421666248660233, 1.9367326358028347, 1.294544401905943, 2.1154063332904705, 0.5960599583131169, 1.0771430177870396, 0.21669554314075917, 0.24464188571225226, 0.6016292819758615, 0.35406951321679797, 0.9999561657554861, 0.02797908329786208, 0.0010238072134564479, 0.0010372721888439204, 0.3712260034127995, 0.5870464449767833, 0.12666132482642906, 0.967171295582885, 0.23771335284592598, 0.33969768074085055, 0.9757959074111681, 0.5285457578979703, 0.13605374345343033, 0.2278898759678532, 0.8619377567858778, 4.094430262967893, 1.2749976973193318, 3.8277869587802713, 1.9815533231057207, 2.820725268524512, 4.773840134724374, 0.7252643988192601, 10.0, 6.724975069044045, 2.0419213828487277, 9.990179275098594, 4.279214484602403, 6.1917280569462285, 1.1487659076547743, 0.9494437266850585, 1.8134674473276686, 3.580247178666854, 1.3136928833928987, 2.11951982717745, 1.5890863995297704, 6.7933864699407485, 5.229726639673926, 0.9918663619296562, 7.05541845725109, 2.5560229397204863, 1.9562025353627686]
APTIDAO: 
24.271148514442295
GEN: 1000
Individuo: 
[1.6787705052740949, 1.7421666248660233, 1.9367326358028347, 1.294544401905943, 2.1154063332904705, 0.5960599583131169, 1.0771430177870396, 0.21669554314075917, 0.24464188571225226, 0.6016292819758615, 0.35406951321679797, 0.9999561657554861, 0.0312806733243006, 0.0011107669773262707, 0.001014656281304741, 0.3847799162372151, 0.5870464449767833, 0.12312776018104003, 0.967171295582885, 0.2442715544872044, 0.33969768074085055, 0.9549981251034707, 0.5285457578979703, 0.13605374345343033, 0.2278898759678532, 0.8777686873583304, 4.094430262967893, 1.2749976973193318, 3.8277869587802713, 1.9815533231057207, 2.820725268524512, 4.773840134724374, 0.7252643988192601, 10.0, 6.724975069044045, 2.0419213828487277, 9.990179275098594, 4.279214484602403, 5.286254407512117, 1.1739006823491631, 0.9486471788147679, 1.0138139279117517, 3.580247178666854, 1.18830946239216, 2.11951982717745, 0.9588984032891765, 6.7933864699407485, 2.8041321608779683, 0.9918663619296562, 7.05541845725109, 2.5560229397204863, 1.1820667159791844]
APTIDAO: 
24.05719084716195
GEN: 1100
Individuo: 
[1.6787705052740949, 1.7421666248660233, 1.9367326358028347, 1.294544401905943, 2.1154063332904705, 0.5960599583131169, 1.0771430177870396, 0.21669554314075917, 0.24464188571225226, 0.6016292819758615, 0.35406951321679797, 0.9999561657554861, 0.0312806733243006, 0.0010914682090341977, 0.0014453465007347342, 0.3847799162372151, 0.5870464449767833, 0.12312776018104003, 0.967171295582885, 0.24228535518727942, 0.33969768074085055, 0.8191081012878911, 0.5285457578979703, 0.13605374345343033, 0.22279858590347965, 0.8951842862334392, 4.094430262967893, 1.2749976973193318, 3.8277869587802713, 1.9815533231057207, 2.820725268524512, 4.773840134724374, 0.7252643988192601, 10.0, 6.724975069044045, 2.0419213828487277, 9.990179275098594, 4.279214484602403, 5.286254407512117, 1.989294971279816, 0.8729197648980687, 1.0138139279117517, 3.580247178666854, 1.18830946239216, 2.11951982717745, 1.2618051294978496, 6.7933864699407485, 1.7164647632902055, 0.9918663619296562, 7.05541845725109, 2.262441895756102, 1.078125443526737]
APTIDAO: 
24.416455202644254
GEN: 1200
Individuo: 
[1.6787705052740949, 1.7421666248660233, 1.9494510179478002, 1.294544401905943, 2.1154063332904705, 0.6119321291571641, 1.0771430177870396, 0.21669554314075917, 0.24464188571225226, 0.6363615451159859, 0.35406951321679797, 0.9999561657554861, 0.0312806733243006, 0.0010910747305851035, 0.001142776414480031, 0.3847799162372151, 0.5813854228258792, 0.12312776018104003, 0.967171295582885, 0.24228535518727942, 0.33191950022939654, 0.899972785424718, 0.5285457578979703, 0.13605374345343033, 0.1820426676711448, 0.8951842862334392, 4.094430262967893, 1.2749976973193318, 3.9551191115390125, 1.9815533231057207, 2.820725268524512, 3.089795348276265, 0.7252643988192601, 10.0, 6.724975069044045, 1.1616805878972476, 9.990179275098594, 4.279214484602403, 5.286254407512117, 1.220936757721568, 1.2329763420246491, 1.0138139279117517, 5.164049307128231, 1.18830946239216, 2.11951982717745, 1.2618051294978496, 5.997261657817483, 1.44880825836717, 0.9918663619296562, 7.05541845725109, 1.891088937305228, 1.078125443526737]
APTIDAO: 
23.860299485900924
GEN: 1300
Individuo: 
[1.6787705052740949, 1.7421666248660233, 1.9494510179478002, 1.294544401905943, 2.1154063332904705, 0.6119321291571641, 1.0771430177870396, 0.21669554314075917, 0.24464188571225226, 0.6363615451159859, 0.35406951321679797, 0.9999561657554861, 0.0312806733243006, 0.0010910747305851035, 0.0010834056743366561, 0.3875419090465387, 0.5747671341143344, 0.12312776018104003, 0.967171295582885, 0.24228535518727942, 0.32887258195003777, 0.9118361779836686, 0.5285457578979703, 0.13605374345343033, 0.1847144772103435, 0.8951842862334392, 4.094430262967893, 1.2749976973193318, 3.9551191115390125, 1.9815533231057207, 2.820725268524512, 3.089795348276265, 0.7252643988192601, 10.0, 6.724975069044045, 1.1616805878972476, 9.990179275098594, 4.279214484602403, 5.286254407512117, 1.220936757721568, 1.3954500308692204, 0.7078799170413382, 3.565111508502001, 1.18830946239216, 2.11951982717745, 1.2618051294978496, 3.8483806039744244, 1.5091020074551416, 0.9918663619296562, 7.05541845725109, 1.214179069694181, 1.078125443526737]
APTIDAO: 
23.794507249250394
GEN: 1400
Individuo: 
[1.6787705052740949, 1.7421666248660233, 1.9494510179478002, 1.294544401905943, 2.1154063332904705, 0.6119321291571641, 1.0771430177870396, 0.21669554314075917, 0.24464188571225226, 0.6363615451159859, 0.35406951321679797, 0.9999561657554861, 0.0312806733243006, 0.001016541490021761, 0.0012385659302063758, 0.3875419090465387, 0.5707262971535871, 0.12312776018104003, 0.967171295582885, 0.24228535518727942, 0.32887258195003777, 0.9118361779836686, 0.5285457578979703, 0.13605374345343033, 0.1847144772103435, 0.8951842862334392, 4.094430262967893, 1.2749976973193318, 3.9551191115390125, 1.9815533231057207, 2.820725268524512, 3.089795348276265, 0.7252643988192601, 10.0, 6.724975069044045, 1.1616805878972476, 9.990179275098594, 4.279214484602403, 5.286254407512117, 0.4949269018213168, 1.3994662930583752, 0.7078799170413382, 2.9387057349822494, 1.18830946239216, 2.11951982717745, 1.2618051294978496, 3.8483806039744244, 1.5091020074551416, 0.9918663619296562, 7.05541845725109, 1.214179069694181, 1.078125443526737]
APTIDAO: 
23.802659294284904
GEN: 1500
Individuo: 
[1.6787705052740949, 1.7421666248660233, 1.9494510179478002, 1.294544401905943, 2.1154063332904705, 0.6119321291571641, 1.044178124765373, 0.21669554314075917, 0.24464188571225226, 0.6363615451159859, 0.35406951321679797, 1.0998178576543602, 0.02625308302265697, 0.0010157472498659116, 0.0012604837528380943, 0.3875419090465387, 0.5791385322690453, 0.12796094183302428, 0.9534083466526625, 0.2284890707984731, 0.32887258195003777, 0.9118361779836686, 0.5285457578979703, 0.13605374345343033, 0.16122748858285907, 0.8951842862334392, 4.094430262967893, 1.2749976973193318, 3.9551191115390125, 1.9815533231057207, 2.820725268524512, 3.089795348276265, 0.8075782086217336, 10.0, 6.724975069044045, 1.1616805878972476, 9.990179275098594, 3.491723995016967, 4.2912780583362204, 0.6896234290689744, 1.512854222418502, 0.7078799170413382, 2.8183179130396137, 0.9034096178169281, 1.407517710890738, 0.8999641892809234, 3.8483806039744244, 1.5091020074551416, 0.9918663619296562, 7.05541845725109, 0.995424326218305, 1.078125443526737]
APTIDAO: 
23.739277237791164
GEN: 1600
Individuo: 
[1.6787705052740949, 1.7421666248660233, 1.9494510179478002, 1.294544401905943, 2.1154063332904705, 0.6119321291571641, 1.044178124765373, 0.21669554314075917, 0.24464188571225226, 0.6363615451159859, 0.35406951321679797, 1.0998178576543602, 0.02625308302265697, 0.0010756269872456083, 0.0012604837528380943, 0.3875419090465387, 0.5627883841808673, 0.12796094183302428, 0.967171295582885, 0.2284890707984731, 0.32887258195003777, 0.9118361779836686, 0.5285457578979703, 0.13605374345343033, 0.16834729040155275, 0.8951842862334392, 4.094430262967893, 1.2749976973193318, 3.9551191115390125, 1.9815533231057207, 2.820725268524512, 3.089795348276265, 0.8075782086217336, 10.0, 6.724975069044045, 1.1616805878972476, 9.990179275098594, 3.491723995016967, 4.2912780583362204, 0.451352777792415, 1.512854222418502, 0.7078799170413382, 3.8700951852432173, 0.9034096178169281, 2.11951982717745, 0.8999641892809234, 3.8483806039744244, 1.5091020074551416, 0.9918663619296562, 7.05541845725109, 0.4130371284727789, 1.078125443526737]
APTIDAO: 
23.742642836142807
GEN: 1700
Individuo: 
[1.6787705052740949, 1.7421666248660233, 1.9494510179478002, 1.294544401905943, 2.1154063332904705, 0.6119321291571641, 1.1015114749700505, 0.21669554314075917, 0.24464188571225226, 0.6363615451159859, 0.35406951321679797, 1.0998178576543602, 0.02625308302265697, 0.0010756269872456083, 0.0025705372903998235, 0.40499743622910434, 0.48767009417231977, 0.12796094183302428, 0.967171295582885, 0.2284890707984731, 0.32887258195003777, 0.8600207419548852, 0.5285457578979703, 0.13605374345343033, 0.1622048632205343, 0.8951842862334392, 4.094430262967893, 1.2749976973193318, 3.9551191115390125, 1.9815533231057207, 2.820725268524512, 3.089795348276265, 0.6861092469108834, 10.0, 6.724975069044045, 1.1616805878972476, 9.990179275098594, 3.491723995016967, 4.2912780583362204, 0.451352777792415, 2.23548900897698, 0.6757475148935793, 2.8464018034810086, 0.9034096178169281, 2.11951982717745, 0.8999641892809234, 3.8483806039744244, 1.0866946066276713, 0.9918663619296562, 7.05541845725109, 0.4583254146915692, 1.078125443526737]
APTIDAO: 
24.17671594174188
GEN: 1800
Individuo: 
[1.6787705052740949, 1.7421666248660233, 1.9494510179478002, 1.2582263020332554, 2.1154063332904705, 0.6119321291571641, 1.1015114749700505, 0.21669554314075917, 0.24464188571225226, 0.6363615451159859, 0.35406951321679797, 1.0998178576543602, 0.02625308302265697, 0.0010005336840190773, 0.0010607940706104087, 0.40499743622910434, 0.5088749320907292, 0.11923057583541095, 0.967171295582885, 0.2284890707984731, 0.32311819723796187, 0.9576045060898697, 0.5285457578979703, 0.13605374345343033, 0.1622048632205343, 0.8951842862334392, 4.094430262967893, 1.2749976973193318, 3.9551191115390125, 1.3461966391798166, 2.820725268524512, 3.089795348276265, 0.6861092469108834, 10.0, 6.724975069044045, 1.1616805878972476, 9.990179275098594, 3.491723995016967, 4.2912780583362204, 0.6609371379197079, 2.9932562322034637, 0.6757475148935793, 2.4136893183854062, 0.7644648895045896, 2.11951982717745, 0.8999641892809234, 3.866355938942812, 0.6734172247463303, 0.9918663619296562, 7.05541845725109, 0.4583254146915692, 1.078125443526737]
APTIDAO: 
24.078001398701364
GEN: 1900
Individuo: 
[1.6787705052740949, 1.7421666248660233, 1.9494510179478002, 1.2582263020332554, 2.1154063332904705, 0.6119321291571641, 1.1015114749700505, 0.21669554314075917, 0.24464188571225226, 0.6363615451159859, 0.35406951321679797, 1.0998178576543602, 0.02625308302265697, 0.0010005336840190773, 0.0010607940706104087, 0.40499743622910434, 0.5093502803216746, 0.11923057583541095, 0.967171295582885, 0.2284890707984731, 0.31151855328588196, 0.8690108290155173, 0.5285457578979703, 0.13605374345343033, 0.16142314535848917, 0.8951842862334392, 4.094430262967893, 1.2749976973193318, 3.9551191115390125, 1.3461966391798166, 2.820725268524512, 3.089795348276265, 0.6861092469108834, 10.0, 6.724975069044045, 1.1616805878972476, 9.990179275098594, 3.491723995016967, 4.2912780583362204, 0.6609371379197079, 2.9932562322034637, 0.6757475148935793, 2.3605560370841467, 0.7644648895045896, 2.11951982717745, 0.8999641892809234, 4.552762428758479, 1.1467498596808459, 0.9918663619296562, 7.05541845725109, 0.3857983177244991, 1.078125443526737]
APTIDAO: 
23.82615667610297
GEN: 2000
Individuo: 
[1.6787705052740949, 1.7421666248660233, 1.9494510179478002, 1.2582263020332554, 2.1154063332904705, 0.6119321291571641, 1.1015114749700505, 0.21669554314075917, 0.24464188571225226, 0.6363615451159859, 0.35406951321679797, 1.0998178576543602, 0.02625308302265697, 0.0010031914471869614, 0.0010607940706104087, 0.40499743622910434, 0.5093502803216746, 0.11622899972677612, 0.967171295582885, 0.2284890707984731, 0.32603892564738773, 0.8690108290155173, 0.5285457578979703, 0.13605374345343033, 0.16142314535848917, 0.8951842862334392, 4.094430262967893, 1.2749976973193318, 3.9551191115390125, 1.3461966391798166, 2.820725268524512, 3.089795348276265, 0.6861092469108834, 10.0, 6.724975069044045, 1.1616805878972476, 9.990179275098594, 3.491723995016967, 4.2912780583362204, 0.6125660384017848, 2.9932562322034637, 0.6757475148935793, 2.3605560370841467, 1.4277558451960186, 2.11951982717745, 0.8999641892809234, 2.865091354001918, 1.1467498596808459, 0.9918663619296562, 7.05541845725109, 0.3857983177244991, 1.078125443526737]
APTIDAO: 
23.811597492879542
GEN: 2100
Individuo: 
[1.6787705052740949, 1.7421666248660233, 1.9494510179478002, 1.2582263020332554, 2.1154063332904705, 0.6119321291571641, 1.0843265555772623, 0.21669554314075917, 0.24464188571225226, 0.6363615451159859, 0.35406951321679797, 1.0998178576543602, 0.02625308302265697, 0.0010067666055106408, 0.0010346710388806416, 0.40499743622910434, 0.5093502803216746, 0.11622899972677612, 0.967171295582885, 0.2284890707984731, 0.32603892564738773, 0.8690108290155173, 0.5285457578979703, 0.13605374345343033, 0.15924802222974696, 0.8639617970875829, 4.094430262967893, 1.2749976973193318, 3.9551191115390125, 1.3461966391798166, 2.820725268524512, 3.089795348276265, 1.1910703692471554, 10.0, 6.724975069044045, 1.1616805878972476, 9.990179275098594, 3.491723995016967, 4.2912780583362204, 0.6088917199504018, 2.6891843375491984, 0.6757475148935793, 2.3605560370841467, 1.4277558451960186, 2.11951982717745, 0.8999641892809234, 2.865091354001918, 1.1467498596808459, 0.9918663619296562, 7.05541845725109, 0.41635944728323665, 0.8372057445413943]
APTIDAO: 
23.735561127169596
GEN: 2200
Individuo: 
[1.6787705052740949, 1.7421666248660233, 1.9494510179478002, 1.2582263020332554, 2.1154063332904705, 0.6119321291571641, 1.0843265555772623, 0.21669554314075917, 0.24464188571225226, 0.6363615451159859, 0.35406951321679797, 1.0998178576543602, 0.02625308302265697, 0.0010067666055106408, 0.0023448668385672253, 0.40499743622910434, 0.5093502803216746, 0.11729819021164989, 0.9338698575695179, 0.2284890707984731, 0.32603892564738773, 0.9128604025685092, 0.5285457578979703, 0.13605374345343033, 0.15924802222974696, 0.8639617970875829, 4.094430262967893, 1.2749976973193318, 3.9551191115390125, 1.3461966391798166, 2.820725268524512, 3.089795348276265, 1.1910703692471554, 10.0, 6.724975069044045, 1.1616805878972476, 9.990179275098594, 3.491723995016967, 4.2912780583362204, 0.6088917199504018, 2.8392716330377232, 0.6757475148935793, 2.3605560370841467, 1.2366140277754027, 3.5112838385959355, 0.8999641892809234, 2.865091354001918, 1.464093733791822, 0.9918663619296562, 7.05541845725109, 0.41635944728323665, 0.8372057445413943]
APTIDAO: 
24.019741506008245
GEN: 2300
Individuo: 
[1.6787705052740949, 1.7154682142443092, 1.9494510179478002, 1.2582263020332554, 2.1154063332904705, 0.6119321291571641, 1.0843265555772623, 0.21870964321037636, 0.24464188571225226, 0.6363615451159859, 0.35406951321679797, 1.0998178576543602, 0.03319960071273433, 0.0010763821388414254, 0.0015995597176126925, 0.40499743622910434, 0.5093502803216746, 0.11667028719200018, 0.9338698575695179, 0.2284890707984731, 0.32603892564738773, 0.9128604025685092, 0.5298360521768897, 0.13605374345343033, 0.1663647102663966, 0.8574044068251756, 4.094430262967893, 1.1457945021523255, 3.9551191115390125, 1.3461966391798166, 2.820725268524512, 3.089795348276265, 1.1910703692471554, 8.181620252760078, 6.724975069044045, 1.1616805878972476, 9.990179275098594, 3.491723995016967, 2.321654083127272, 0.5936655635928128, 1.9080199245170495, 0.6757475148935793, 2.3605560370841467, 1.4503823059755279, 3.5112838385959355, 0.8999641892809234, 2.865091354001918, 1.464093733791822, 1.2379547246979223, 7.05541845725109, 0.43014587491645867, 0.6432641055414786]
APTIDAO: 
23.721571886125876
GEN: 2400
Individuo: 
[1.6787705052740949, 1.7154682142443092, 1.9494510179478002, 1.2582263020332554, 2.1154063332904705, 0.6119321291571641, 1.0843265555772623, 0.21870964321037636, 0.5984808626186887, 0.6363615451159859, 0.35406951321679797, 1.0998178576543602, 0.03441612430333337, 0.0010194676558066488, 0.0010377587738496037, 0.40499743622910434, 0.5093502803216746, 0.1354554473985589, 0.18291433992483647, 0.2284890707984731, 0.32603892564738773, 0.905462563446696, 0.5285457578979703, 0.13605374345343033, 0.1663647102663966, 0.8574044068251756, 4.094430262967893, 1.1457945021523255, 3.9551191115390125, 1.3461966391798166, 2.820725268524512, 3.089795348276265, 1.1910703692471554, 8.181620252760078, 8.245695657414458, 1.1616805878972476, 9.990179275098594, 3.491723995016967, 2.6860753810312286, 0.5929786904937004, 1.312419641717571, 0.6757475148935793, 2.3605560370841467, 1.791840111518626, 3.653850883263828, 0.8999641892809234, 2.865091354001918, 1.9435944954543987, 0.9918663619296562, 7.05541845725109, 0.43014587491645867, 0.6432641055414786]
APTIDAO: 
23.148674155740274
GEN: 2500
Individuo: 
[1.6787705052740949, 1.7154682142443092, 1.9494510179478002, 1.265955539080238, 2.1154063332904705, 0.6119321291571641, 1.0843265555772623, 0.21880223703240986, 0.5984808626186887, 0.6363615451159859, 0.35406951321679797, 1.0998178576543602, 0.03441612430333337, 0.0010194676558066488, 0.001016913772860712, 0.40499743622910434, 0.5093502803216746, 0.1354554473985589, 0.18291433992483647, 0.2284890707984731, 0.32603892564738773, 0.9014430734570333, 0.5285457578979703, 0.13605374345343033, 0.1663647102663966, 0.8574044068251756, 4.094430262967893, 1.1457945021523255, 3.9551191115390125, 1.1372415576333996, 2.820725268524512, 3.089795348276265, 1.1910703692471554, 9.67890720237863, 8.245695657414458, 1.1616805878972476, 9.990179275098594, 3.491723995016967, 2.6860753810312286, 0.5929786904937004, 1.5408376235946255, 0.6757475148935793, 2.3605560370841467, 1.791840111518626, 3.653850883263828, 0.8999641892809234, 2.865091354001918, 2.789728977360422, 0.9918663619296562, 7.05541845725109, 0.43014587491645867, 0.6432641055414786]
APTIDAO: 
23.13331027413236
GEN: 2600
Individuo: 
[1.6787705052740949, 1.7154682142443092, 1.9494510179478002, 1.265955539080238, 2.1154063332904705, 0.6119321291571641, 1.0843265555772623, 0.21880223703240986, 0.5984808626186887, 0.6363615451159859, 0.35406951321679797, 1.0998178576543602, 0.03441612430333337, 0.001009184525350931, 0.001016913772860712, 0.40499743622910434, 0.5093502803216746, 0.1354554473985589, 0.18291433992483647, 0.2284890707984731, 0.32603892564738773, 0.9014430734570333, 0.5285457578979703, 0.13605374345343033, 0.1663647102663966, 0.8574044068251756, 4.094430262967893, 1.1457945021523255, 3.9551191115390125, 1.1372415576333996, 2.820725268524512, 3.089795348276265, 1.1910703692471554, 9.67890720237863, 8.245695657414458, 1.1616805878972476, 9.990179275098594, 3.491723995016967, 2.6860753810312286, 0.5845366851653448, 1.5408376235946255, 0.6757475148935793, 2.3605560370841467, 1.791840111518626, 3.653850883263828, 0.8999641892809234, 2.865091354001918, 2.789728977360422, 0.9918663619296562, 7.05541845725109, 0.43014587491645867, 0.6432641055414786]
APTIDAO: 
23.133210888298052
GEN: 2700
Individuo: 
[1.6787705052740949, 1.7154682142443092, 1.9494510179478002, 1.265955539080238, 2.1154063332904705, 0.6119321291571641, 1.0843265555772623, 0.21880223703240986, 0.5984808626186887, 0.6363615451159859, 0.35406951321679797, 1.0998178576543602, 0.03441612430333337, 0.0010007716173868926, 0.001016913772860712, 0.40499743622910434, 0.5093502803216746, 0.1473964157620666, 0.18291433992483647, 0.2284890707984731, 0.32603892564738773, 0.8776541903916729, 0.5285457578979703, 0.13605374345343033, 0.1663647102663966, 0.8574044068251756, 4.094430262967893, 1.1457945021523255, 3.9551191115390125, 1.1372415576333996, 2.820725268524512, 3.089795348276265, 1.1910703692471554, 9.67890720237863, 8.245695657414458, 1.1616805878972476, 9.990179275098594, 3.491723995016967, 2.6860753810312286, 0.6722304467912249, 1.5408376235946255, 0.6757475148935793, 2.3605560370841467, 1.88896688515502, 3.653850883263828, 0.8999641892809234, 2.865091354001918, 1.7117457163552985, 0.9918663619296562, 7.05541845725109, 0.43014587491645867, 0.6432641055414786]
APTIDAO: 
23.129006497197402
GEN: 2800
Individuo: 
[1.6787705052740949, 1.7154682142443092, 1.9494510179478002, 1.265955539080238, 2.1154063332904705, 0.6119321291571641, 1.087106114218568, 0.21880223703240986, 0.5984808626186887, 0.6363615451159859, 0.35406951321679797, 1.0998178576543602, 0.03441612430333337, 0.001121304476097841, 0.001016913772860712, 0.40499743622910434, 0.5093502803216746, 0.1473964157620666, 0.18291433992483647, 0.2284890707984731, 0.32603892564738773, 0.8776541903916729, 0.5285457578979703, 0.13605374345343033, 0.1663647102663966, 0.8574044068251756, 4.094430262967893, 1.1457945021523255, 3.9551191115390125, 1.1372415576333996, 2.820725268524512, 3.089795348276265, 1.5818021949770629, 9.67890720237863, 8.245695657414458, 1.1616805878972476, 9.990179275098594, 3.491723995016967, 2.6860753810312286, 1.2329735019957095, 1.5408376235946255, 0.6757475148935793, 2.3605560370841467, 1.88896688515502, 3.653850883263828, 0.8999641892809234, 2.865091354001918, 1.7117457163552985, 0.9918663619296562, 7.05541845725109, 0.43014587491645867, 0.6432641055414786]
APTIDAO: 
23.12339862950886
GEN: 2900
Individuo: 
[1.6787705052740949, 1.7154682142443092, 1.9494510179478002, 1.265955539080238, 2.1154063332904705, 0.6119321291571641, 1.087106114218568, 0.21880223703240986, 0.5984808626186887, 0.6363615451159859, 0.35406951321679797, 1.0998178576543602, 0.03441612430333337, 0.001270543491536399, 0.001016913772860712, 0.40499743622910434, 0.5128677648541042, 0.1473964157620666, 0.18291433992483647, 0.22852668321760833, 0.32603892564738773, 0.8776541903916729, 0.5285457578979703, 0.13605374345343033, 0.1663647102663966, 0.8574044068251756, 4.094430262967893, 1.1457945021523255, 3.9551191115390125, 1.1372415576333996, 2.820725268524512, 3.089795348276265, 1.5818021949770629, 9.67890720237863, 8.245695657414458, 1.1616805878972476, 9.990179275098594, 3.491723995016967, 2.6860753810312286, 1.2077316327828693, 1.5408376235946255, 0.6757475148935793, 1.3166464585324453, 1.88896688515502, 3.653850883263828, 0.9798556627519305, 2.865091354001918, 1.7117457163552985, 0.9918663619296562, 7.05541845725109, 0.43014587491645867, 0.6432641055414786]
APTIDAO: 
23.11839896792321
GEN: 3000
Individuo: 
[1.6787705052740949, 1.7154682142443092, 1.9587177128841817, 1.265955539080238, 2.1154063332904705, 0.61566743523407, 1.087106114218568, 0.21880223703240986, 0.5984808626186887, 0.6363615451159859, 0.35406951321679797, 1.0998178576543602, 0.03201801169265943, 0.0010104566106355936, 0.001016913772860712, 0.40499743622910434, 0.5128677648541042, 0.1473964157620666, 0.181759622889251, 0.22852668321760833, 0.32603892564738773, 0.8776541903916729, 0.5285457578979703, 0.13605374345343033, 0.1663647102663966, 0.8574044068251756, 4.094430262967893, 1.1457945021523255, 3.9708835065390247, 1.1372415576333996, 2.820725268524512, 3.2145005014279286, 1.5818021949770629, 9.67890720237863, 8.245695657414458, 1.1616805878972476, 9.990179275098594, 3.491723995016967, 2.765818758698468, 0.6971669829586311, 1.5408376235946255, 0.6757475148935793, 1.3166464585324453, 1.88896688515502, 3.955936065479143, 0.9798556627519305, 2.865091354001918, 1.7117457163552985, 0.9918663619296562, 7.05541845725109, 0.43014587491645867, 0.6432641055414786]
APTIDAO: 
23.07066907663178
GEN: 3100
Individuo: 
[1.6787705052740949, 1.7154682142443092, 1.9587177128841817, 1.265955539080238, 2.1154063332904705, 0.61566743523407, 1.087106114218568, 0.21880223703240986, 0.5984808626186887, 0.6363615451159859, 0.35406951321679797, 1.0998178576543602, 0.03201801169265943, 0.0011264178944757988, 0.001099827019176652, 0.40499743622910434, 0.5359637315475962, 0.1621208598745594, 0.181759622889251, 0.22852668321760833, 0.32603892564738773, 0.8776541903916729, 0.5285457578979703, 0.13605374345343033, 0.1663647102663966, 0.8574044068251756, 4.094430262967893, 1.1457945021523255, 3.9708835065390247, 1.1372415576333996, 2.820725268524512, 3.2145005014279286, 1.5818021949770629, 9.67890720237863, 8.245695657414458, 1.1616805878972476, 9.990179275098594, 3.491723995016967, 2.765818758698468, 0.73972125344815, 1.919172095272829, 0.6757475148935793, 0.8597800200496752, 1.716065521529821, 3.955936065479143, 0.9798556627519305, 2.865091354001918, 1.7117457163552985, 0.9918663619296562, 7.05541845725109, 0.43014587491645867, 0.6432641055414786]
APTIDAO: 
23.04241677248306
GEN: 3200
Individuo: 
[1.6787705052740949, 1.7154682142443092, 1.9587177128841817, 1.265955539080238, 2.1154063332904705, 0.61566743523407, 1.087106114218568, 0.21880223703240986, 0.5984808626186887, 0.6363615451159859, 0.35406951321679797, 1.0998178576543602, 0.03201801169265943, 0.0017009814578605354, 0.0012922485457308374, 0.40499743622910434, 0.5359637315475962, 0.1438430289313964, 0.181759622889251, 0.23635602605733472, 0.32603892564738773, 0.8776541903916729, 0.5285457578979703, 0.13605374345343033, 0.1663647102663966, 0.8574044068251756, 4.094430262967893, 1.1457945021523255, 3.9708835065390247, 1.1372415576333996, 2.820725268524512, 3.2145005014279286, 1.5818021949770629, 9.67890720237863, 8.245695657414458, 1.1616805878972476, 9.990179275098594, 3.491723995016967, 2.765818758698468, 0.9507659730216841, 1.9694281310539896, 0.6757475148935793, 0.8597800200496752, 1.6453220247463174, 3.955936065479143, 0.9163687424627509, 2.865091354001918, 1.7117457163552985, 0.9918663619296562, 7.05541845725109, 0.43014587491645867, 0.6432641055414786]
APTIDAO: 
23.014293175866644
GEN: 3300
Individuo: 
[1.6787705052740949, 1.7407856655552734, 1.9587177128841817, 1.265955539080238, 2.1154063332904705, 0.61566743523407, 1.087106114218568, 0.21880223703240986, 0.5984808626186887, 0.6363615451159859, 0.35406951321679797, 1.0998178576543602, 0.03201801169265943, 0.0010331802616378198, 0.003462337538578568, 0.40499743622910434, 0.5359637315475962, 0.1438430289313964, 0.17663665580932458, 0.24077657280413758, 0.32603892564738773, 0.8776541903916729, 0.6434231092791947, 0.31567763090623213, 0.1663647102663966, 0.6024000659158869, 4.094430262967893, 1.2853837094978149, 3.9708835065390247, 1.1372415576333996, 2.820725268524512, 3.2145005014279286, 1.5818021949770629, 9.67890720237863, 8.245695657414458, 1.1616805878972476, 9.990179275098594, 3.491723995016967, 2.765818758698468, 1.0914565918330976, 2.230719297098841, 0.6757475148935793, 0.8597800200496752, 1.6453220247463174, 2.479541748835572, 1.0681533319731893, 2.865091354001918, 1.7117457163552985, 0.6104580726433827, 6.140461316568094, 0.43014587491645867, 0.9226888787570556]
APTIDAO: 
22.643642971383642
GEN: 3400
Individuo: 
[1.6787705052740949, 1.7407856655552734, 1.9587177128841817, 1.265955539080238, 2.1154063332904705, 0.61566743523407, 1.087106114218568, 0.21880223703240986, 0.5984808626186887, 0.6363615451159859, 0.35406951321679797, 1.0998178576543602, 0.03300298174109907, 0.0010331802616378198, 0.0016802016270805896, 0.40499743622910434, 0.5359637315475962, 0.1438430289313964, 0.17663665580932458, 0.24077657280413758, 0.32603892564738773, 0.8776541903916729, 0.6434231092791947, 0.31567763090623213, 0.1663647102663966, 0.5984560538960277, 4.094430262967893, 1.2853837094978149, 3.9708835065390247, 1.1372415576333996, 2.820725268524512, 3.2145005014279286, 1.5818021949770629, 9.67890720237863, 8.245695657414458, 1.1616805878972476, 9.990179275098594, 3.491723995016967, 4.963454433863993, 1.0914565918330976, 3.2276966748411735, 0.6757475148935793, 0.8597800200496752, 1.6453220247463174, 2.479541748835572, 1.0681533319731893, 2.865091354001918, 1.7117457163552985, 0.6104580726433827, 6.140461316568094, 0.43014587491645867, 1.025602209643272]
APTIDAO: 
22.49769155569944
GEN: 3500
Individuo: 
[1.6787705052740949, 1.7493344731395248, 1.9587177128841817, 1.265955539080238, 2.1154063332904705, 0.6054193968293942, 1.087106114218568, 0.21880223703240986, 0.5984808626186887, 0.6363615451159859, 0.35406951321679797, 1.0998178576543602, 0.03300298174109907, 0.0010767965187420026, 0.001401568276805375, 0.40499743622910434, 0.5359637315475962, 0.1438430289313964, 0.17663665580932458, 0.24077657280413758, 0.32603892564738773, 0.8776541903916729, 0.6434231092791947, 0.31567763090623213, 0.1663647102663966, 0.5514349433612836, 4.094430262967893, 0.8156551723693315, 3.9708835065390247, 1.1372415576333996, 2.820725268524512, 2.362985290205544, 1.5818021949770629, 9.67890720237863, 8.245695657414458, 1.1616805878972476, 9.990179275098594, 3.491723995016967, 4.963454433863993, 0.8693823197681261, 3.434334498633339, 0.6757475148935793, 0.8597800200496752, 1.6453220247463174, 2.479541748835572, 1.0681533319731893, 2.865091354001918, 1.7117457163552985, 0.6104580726433827, 6.140461316568094, 0.43014587491645867, 0.7599702369030867]
APTIDAO: 
22.62972821938244
GEN: 3600
Individuo: 
[1.6787705052740949, 1.7493344731395248, 1.9587177128841817, 1.287386821442392, 2.1154063332904705, 0.6054193968293942, 1.087106114218568, 0.21880223703240986, 0.5984808626186887, 0.6363615451159859, 0.35406951321679797, 1.0998178576543602, 0.03300298174109907, 0.0010658824827196175, 0.0010359826383310837, 0.40499743622910434, 0.5359637315475962, 0.1438430289313964, 0.17663665580932458, 0.24077657280413758, 0.32603892564738773, 0.8776541903916729, 0.6434231092791947, 0.31567763090623213, 0.1663647102663966, 0.5613792055606752, 4.094430262967893, 0.8156551723693315, 3.9708835065390247, 0.7765753874239741, 2.820725268524512, 2.362985290205544, 1.5818021949770629, 9.67890720237863, 8.245695657414458, 1.1616805878972476, 9.990179275098594, 3.491723995016967, 4.963454433863993, 0.7951126670163315, 1.6511978986987565, 0.6757475148935793, 0.8597800200496752, 1.6453220247463174, 2.479541748835572, 1.0681533319731893, 2.865091354001918, 1.7117457163552985, 0.6104580726433827, 6.140461316568094, 0.43014587491645867, 0.4866718647077218]
APTIDAO: 
22.570326754395378
GEN: 3700
Individuo: 
[1.6787705052740949, 1.7493344731395248, 1.9761208381847633, 1.287386821442392, 2.1154063332904705, 0.6054193968293942, 1.087106114218568, 0.21880223703240986, 0.5984808626186887, 0.6363615451159859, 0.35406951321679797, 1.0998178576543602, 0.03300298174109907, 0.0010840779893291923, 0.0010359826383310837, 0.40499743622910434, 0.5359637315475962, 0.1438430289313964, 0.17663665580932458, 0.23769924080852953, 0.32603892564738773, 0.860445987611026, 0.6434231092791947, 0.3231413870253871, 0.1663647102663966, 0.5613792055606752, 4.094430262967893, 0.8156551723693315, 3.9942073452637503, 0.7765753874239741, 2.820725268524512, 2.362985290205544, 1.5818021949770629, 9.67890720237863, 8.245695657414458, 1.1616805878972476, 9.990179275098594, 3.491723995016967, 4.963454433863993, 0.8292977211586778, 1.6511978986987565, 0.6757475148935793, 0.8597800200496752, 1.6453220247463174, 2.479541748835572, 1.3623567799177136, 2.865091354001918, 2.4977260928010696, 0.6104580726433827, 6.681511496201474, 0.43014587491645867, 0.4866718647077218]
APTIDAO: 
22.550398855676296
